0.4184651687236123	-3.93451614819945	-2.044252513733978
0.6749127736616348	-3.493753604540004	-1.7351412629984209
0.39977825475706574	-3.5045138456827134	-1.865511587093697
0.7791482025106853	-3.0346831505632967	-2.0766990832860346
0.956799899463024	-2.772551582151113	-2.0187010555975755
1.4895420765557899	-2.4939169269987214	-1.708699649181735
1.4860933237263958	-2.523555660201992	-1.3998132073470206
1.6418611594005088	-2.812836645648731	-1.236019463104303
1.892449721341817	-2.336538421553932	-0.8681197546569804
2.166063759635202	-2.199791660493691	-0.6061709713095333
2.4511508980622794	-1.949625391074358	-0.6450597590152711
2.0693074364717727	-1.9289501012048416	0.039520362476113235
2.267131920451834	-1.6894117210348227	-0.2878459494268908
2.3562341079844726	-1.103043792381396	-0.1787883729503667
2.259945571526924	-1.4826379335990056	-0.0796369714918288
2.341665976133502	-0.55233233220906	0.12211132170679813
2.4154061429791143	-0.8777938053685523	1.2571094411322543
2.6934664078159005	-0.6377598282468873	0.6220341371142676
2.760484131595367	-0.6091534693206978	1.6744040094427834
2.965277433768834	-0.049415912339492385	1.3677300405222677
3.324186687155211	0.06941487464545365	1.8065547101432422
3.252134664834349	0.29254783825607195	1.9671586645321395
3.5421308654199417	0.4153788941496505	1.7719347470589821
2.9318257369369487	0.9069394847557091	2.2615063064255887
3.1596492101943836	1.3348116210919447	2.3583100424062184
3.486078530706579	1.5871041197682385	1.9659795285797026
2.984747413056965	1.7292102690681639	2.4941400028664376
2.9251150890524977	1.883272672011592	2.410285650463869
3.650289565110751	2.246077238109392	1.7885434327902052
2.9093890036335384	2.9389466827666784	2.4009773193923176
2.866057891577683	2.6568878649046757	2.093226955136429
2.655095898507542	2.9762476112043594	2.2266784802739785
2.6615355880631713	3.1710421991415494	1.9164074815901713
2.589595190192495	3.9829155690480724	1.8523012340336003
2.418176997129419	3.777214923539573	1.9461441338486982
2.4767923996644994	4.468107597406197	1.7858233408436432
2.19765153997487	4.801183764301463	1.4481050124379142
1.7168492064975989	4.763297318818925	1.630893862154684
1.9532423562086505	4.642465414490966	1.2443567438447896
1.826674760129471	4.863707366861839	1.1690556980649782
1.2526026443514113	4.824607801170458	0.7491633482698221
0.9591829982267518	5.28148091286183	0.8861544304922166
0.8177255949467204	4.899312263434046	0.09662797076412534
1.2753177307554016	5.104182862795105	-0.06375213040035245
0.767467900817741	5.005055187548573	-0.13223737284317594
0.5667572865231774	4.96950535635168	0.20056385103180985
0.03335179199770366	5.109958852416428	-0.3660747121756348
-0.10478222093534634	5.17357478422966	-0.34201747437444197
0.10157096983713332	4.580206208040314	-1.0195770353282896
-0.12508549920746226	4.800766664900943	-0.7889053130075326
-1.0324187669605385	4.984080737622554	-1.186860375188505
-0.8919344649002646	4.108124931203923	-0.8558565432330415
-1.2774283074676926	3.971941405632492	-1.1748991289886654
-1.1461556225344434	4.379014407762754	-1.5895905339861662
-0.9895292482264633	3.649546678140199	-1.6739750146737749
-1.6624659876540837	3.6642533640151833	-1.5799784077422179
-1.6943623794342322	3.1392423387895696	-1.9113487739608486
-1.9590601943461277	2.987126353970641	-1.5961977973473844
-1.669777211817575	3.063861547144552	-1.89556681769128
-2.0725734941544807	2.070958032819708	-1.8536270632725507
-1.839855027455473	1.7916165117651146	-1.4628652903482755
-2.302957948231837	1.6119943719163123	-1.8152277739945388
-2.3008783481215285	1.3609575155282587	-1.730897516117079
-2.197560820544789	0.886311379679107	-2.05678564723506
-2.1245744118061087	0.9353883073108603	-1.7236815544491302
-1.864534965452743	0.5333417598584095	-1.7398804634785598
-1.8104340918355826	0.5795923993092214	-1.6143326762031462
-2.007551742682643	0.6724895382480797	-1.4381961180511753
-1.6151727931880513	0.05074615252760439	-1.2033996504610756
-1.98060676254042	-0.35682818577575415	-1.0678265235667763
-1.4766634459983563	-0.478159224136686	-0.4773206364584405
-1.7403732581861335	-0.4497637873035615	-0.6553353849942594
-1.4262049157501329	-1.0413765751220372	-0.3702227978464592
-1.140297066612599	-0.9884555923453038	-0.13763179520792623
-1.4203402220588135	-1.2118617536963674	0.3196828950328746
-0.7220818036062014	-1.491298739804274	0.10345029479735152
-0.9046865865419111	-1.9735897127181075	1.0912334989849604
-1.053392744908364	-1.916275993623713	0.6906216299261487
-0.8036750629609548	-1.840250289218504	0.8546896274203802
-0.18366138722975234	-2.281653141798019	1.2063575347323234
-0.47615845464266116	-2.031177631626287	1.389464899919665
-0.4476214990089652	-2.833412115729469	1.362865134373507
-0.04216880630243003	-2.69411738477826	1.336279331072876
0.30926011059542	-3.100983305260998	2.0957363061403043
0.6766482266948408	-3.0789731236462945	1.627606955368271
0.9509906553401808	-3.747399323374341	1.9972466240408102
0.5586519871080478	-3.2839114701365473	1.9556273822938859
0.7967694628123425	-3.5905675513206075	2.526547487584818
1.588012412906853	-3.519844361496646	2.1980662682226564
1.6974371931736905	-3.7271118478438083	2.174847711354476
2.077166549257176	-3.9787942943716654	2.218484211897393
2.175274700597583	-4.1107910901031115	1.84085251459602
2.687340759867183	-4.219585571520946	2.5713309064692487
2.9235167404400624	-4.254809155287535	2.0535340058971934
3.13205378559788	-4.060467430268675	1.890858831141206
3.1191627342363013	-4.482100224764722	2.422422470119182
3.7818148050658977	-4.172289687526428	2.122590144422957
4.216149630220854	-4.214645437726956	1.7369843297136485
3.8533136269355506	-3.742345322609978	1.6940774286501221
4.288162075375991	-3.6376123240338183	1.4154041725697026
4.5914923268240555	-3.7186417744441975	1.0987193164815925
4.898229182088341	-3.9716723250753057	1.1832473069171483
5.190629570781733	-3.4848063399082974	0.6432087477778441
5.256277311981686	-3.0972955298415474	0.4650511242048436
5.8684236484222705	-3.6259117312205777	0.5437703302636232
6.05487180840287	-3.4442598211728557	0.1290279148659824
5.37621593859579	-2.813737080676174	0.4506587916354303
5.637540076953888	-3.122867094042673	-0.15621286818292623
5.677704242370507	-2.525249771600764	-0.1911409367677802
5.7805589865877005	-1.8503686531693968	-0.6943331312143632
6.166490745207351	-2.4295523755166846	-0.24936300857710159
5.953146268323798	-2.0554188830833384	-1.152325760725256
5.600093153022286	-1.3959769456563573	-0.8310185542249807
5.995107102374205	-1.234249352152808	-1.3531861238293081
5.9511996749432114	-1.5705748542742584	-0.9904551450177359
5.390397509422655	-0.5434240811024735	-1.306331748299649
5.630400224736526	-0.5224065974005508	-1.6530228202321298
5.605630975533621	-0.6809397689784707	-1.5130154209120468
5.426292219617702	-0.5876751850073937	-1.3685222055143078
5.043410857709632	0.27994991838903527	-2.007018648669071
5.119910304842415	-0.03938204130829631	-1.4975966663604132
4.905641062242839	0.2777831930440037	-1.7293793761471332
4.172125471184136	1.1682749842670628	-2.249709178006599
4.158825653761341	0.5931266005137108	-2.09693830135406
3.8525337842709524	1.4507975439658765	-2.2362720286354376
3.687912670361369	1.027631826489752	-1.471962995313647
3.3808805571052516	1.265103872322343	-2.0275336575247893
3.5679677650332757	1.141480101612751	-1.85790834347404
2.904880276797421	1.4698042920166121	-1.9491544885804273
2.8439836281900854	1.254305405076491	-1.1331394217536621
2.358507929312166	1.9437832680398908	-1.6036656086768861
2.5351022089965443	1.4507585898703732	-1.0701738055792802
1.9159760866855606	1.3935005174748016	-0.8062606016482952
1.718447959901447	1.3992962255440053	-0.8778561496969265
1.6404524041936437	1.7423909656186911	-0.34737376119042007
1.9075871479466668	1.4424797049623543	-0.8509406248681732
0.885325964246131	1.7945891435013968	-0.32656836326537264
0.8698141834868066	1.5927912343879522	0.02518597512920223
1.0211942203216926	1.9370597423156077	0.015133940120897332
0.36914886638778205	1.37824760227547	0.8930234763978045
0.1551879787809259	1.5155254672932048	1.1525161402324566
0.12953481727301402	1.5313819105227484	1.0541104104965386
-0.5044027229919963	1.400617781158389	1.461646362821765
-0.28011446701452325	1.4764871954771475	1.051171657303673
-0.8725964292728866	1.8795347688283008	1.489648162515447
-0.6637747251762717	1.717199439287067	1.4522904394782992
-1.39654333585315	1.5664813692176216	2.188847751260774
-1.2639432386216174	1.3207226114621182	1.6087839571488176
-1.4064182459535606	1.4485633707696899	1.825936128112769
-2.1501200394278555	0.9076201633497393	1.901097300305008
-2.0390942268472227	0.8791200213179251	1.9013541519682886
-2.479192409726961	0.8367113063536236	2.234290415888254
-3.100329836049952	1.030875337805545	2.277680612989789
-3.4228867877253295	0.9936874126803059	2.210499147832386
-3.3000235169808976	0.4228655651942302	2.5058103569366916
-3.390913181507937	0.21605908804914561	2.236438190209745
-3.4788669655917213	0.179350856603942	1.9430855477795144
