-0.25578980816193253	-3.8398505659286237	-1.7104862514202681
0.6789924692854302	-3.6051710113917976	-2.0064214254828623
1.2800057752790277	-3.210309342574132	-2.0418166196274017
1.5619942192267566	-2.9749826265649792	-1.0263083638797519
2.1299977286250926	-2.592497153643599	-1.0077669709809507
1.8262562360459695	-2.1303976219236533	-0.06340540998574284
2.1664927995016394	-1.8239619014631763	0.37286132700504404
2.2041603632572544	-1.4536098839236906	0.17856089460194735
3.044095359298673	-0.9510226666225015	0.566239373485443
2.801419629870084	-0.4115439459106711	1.437987301430287
3.4849448868073596	-0.08123833616412995	1.1910668335805719
2.918327523121095	0.2736468637850948	1.9510579036294202
3.842272996714215	0.8059192989418502	1.7883401310375244
3.4505296645212393	1.4153443186967551	2.449385566507061
3.4472691444739794	2.7568817089475437	2.0206874826132895
3.3507298288781153	2.715011573838593	2.0515122794673086
2.7036064056524305	3.477528700998644	2.129340129071504
2.4246281211209064	3.9386568390180314	2.0858218940174926
2.033435764836334	4.290000447921244	1.3250725742094343
2.240977626482853	4.8628624220767485	0.9037218830383669
1.8567880135695363	4.708207174481899	0.9570100078029491
1.2018347596225771	5.258639819937983	0.17985268716951197
0.40452055031496775	5.093841435220121	-0.25382011743434574
-0.0022652438221069104	4.827623376789283	-0.5924610461138303
-0.31167035540229715	5.426623209599814	-0.8898526539386689
-0.8814335300376464	4.698390061194002	-1.0774862428152567
-1.2654152700952503	3.953618205166261	-1.5452771945241848
-0.8383447098366938	3.734918625964776	-1.8164714227420813
-1.483420079805525	3.26618608396895	-1.780816281467124
-1.656817445185	2.893934348347728	-2.141780280510453
-1.8187161958647522	1.9890585316109637	-1.7529667436988063
-2.0263391145402476	1.2829822420366135	-1.6040590020058794
-2.077130579233134	0.8048705084316462	-1.7161922621306633
-1.8237710219659733	0.301509003193959	-1.445222009254742
-1.8035185885358	-0.20817661038373736	-1.451232431736952
-1.3786905488581351	-0.391171306277459	-0.5023805593275275
-1.5942211257009824	-0.8103620649318329	-0.44179119996962035
-1.1865477780828635	-1.0853000070150416	-0.16916991759219946
-0.8826682788950276	-1.8829869289044443	0.8810694084123019
-0.9740619128568226	-1.819630396441699	1.2215183170354047
0.004353732876779537	-2.8898172827010606	1.4931214132837325
-0.2768307210602753	-2.3353736529925744	1.5717471112188712
0.5489035969485778	-2.9520082352341235	1.7018579224426438
0.5906413815682484	-3.6031909139040654	1.7996448445945479
1.0575806985406508	-3.2497468396901974	1.9292132772182264
2.099310224064028	-3.783129144809623	1.9665036603541788
2.3155577438131085	-3.724042913170515	2.2641541849453213
3.3771830863547136	-4.206485463753422	1.7446481925575001
3.338078031697601	-3.9130217777790026	1.4776055570967646
4.095451907205073	-4.0213512160002365	1.2449534915981453
4.376352529145352	-4.157384634036256	1.8296023582720429
5.4114567597268985	-3.7920085460091806	1.1145883549487001
5.101094889067671	-3.7805483393131984	0.30441179933479745
5.99745644460496	-3.188844859262633	0.037691663170989514
5.529464294125884	-3.0033750865079933	0.11367022805813987
5.711719614717192	-1.946452235245375	-0.6929401767589899
6.041356774227029	-1.9779560514700254	-0.7432942900632917
5.8716352111573915	-1.13157214353184	-1.033980427640552
5.369364948530513	-0.16127481024424395	-1.7778995570759084
5.803117881755696	-0.4347585336337727	-1.7040328341681146
4.621073670990849	0.022493153464280213	-1.6479603861489183
4.5741984081009885	0.723915897154729	-2.302016835369051
3.7092820382533054	1.0134630295640266	-2.211731693020761
3.5810355668953404	1.2841512165442075	-1.4355565721912091
2.791375857278749	1.6738929739390018	-1.4927088818226877
2.551519287482999	1.6496263463556116	-1.7622147610981465
1.7635345544729082	1.6746548792160754	-0.7604315150164453
1.2342453635961241	2.054040154702063	-0.4857194268072461
0.7528285464982961	1.7671420220738427	-0.16591616062307857
0.8637317738476188	1.4641556870833314	-0.09335726756635351
0.47121992796972445	1.3723202604836486	0.4593443919047902
-0.5939703755402342	1.7247597331311286	1.0222053131126834
-0.6339817949585692	1.7412672631175425	1.773550891695205
-1.3236730810996105	1.581729520320546	2.1829290968768724
-2.1361780052411747	1.1313650812557974	2.2776575103838232
-2.603123341108782	0.8275381866732157	2.02031511077676
-2.3686493568688434	0.7241316018548034	2.188020200154624
-3.191643808431328	0.07539719996316445	2.441543517480876
-3.5605252999746746	-0.23950132826635862	1.8100355041266598
