-0.1532494829367731	-3.719810335771275	-2.3248262294747595
0.207255969739199	-3.562922568497701	-1.6239675498536807
0.8562151807169947	-3.534023725145005	-1.6978729943480602
0.5463333300301585	-3.2243677191456674	-1.9520072100688917
1.2966691894636466	-3.3433917583949158	-1.2897057631659479
1.1373115533604983	-2.855165285078798	-1.8760206190401871
1.4838978852686233	-2.942409412361596	-1.24819685273192
2.1561650394693395	-2.887673192764622	-1.5127587179090458
2.0545790119548437	-2.0389729544456	-1.2556097829726283
1.6336451196980877	-1.8361657233151973	-0.759264739990151
1.837228314022933	-2.2719999993240485	-0.6171250325184559
2.6692189022205373	-1.7565487372459114	-0.6848795501242507
2.091784725747979	-1.4206565393027926	0.14519124815889084
2.9470747994655215	-1.5753824318395817	0.12481825709265276
2.513895947680404	-1.1678930399685523	0.7057316119254999
2.7207408352423266	-1.3132952524956236	0.4507038572656238
3.112739084117166	-0.6378249884287566	0.3643155430116147
2.4989683723720026	-0.056004071697575264	0.6136060214254498
2.737454549408419	-0.560698304585357	0.8010389587021159
2.708904333459101	0.05127439096496467	1.3205140912179778
3.460782613190683	0.05146647647565844	1.4056847471249057
3.4801241830199237	0.16916927513190544	1.3831544316141509
2.855237585453675	0.7209679940745839	1.7472711553501674
3.401811502596585	0.6268765850290084	2.0994788925631496
3.0288012490532448	1.734565850674008	1.9149769678979098
2.952823875622936	1.2646651049277566	2.6256488273032015
3.2448879843052056	1.8732618518003474	2.37447619738908
3.5955998269879643	1.976777972345542	1.9591419647569273
3.1064362929632505	2.1222052505981566	2.1901133273351445
3.2369840742000884	2.5325015618841604	2.282185600044767
2.9909775624933705	2.7141586134646567	2.36582123856522
2.760679072210773	3.396188819488156	2.164460504036991
3.1524200650484846	3.5156468316724374	2.1864734274442763
2.568354471529716	4.275626560907541	1.5048834924884775
2.612604748732989	3.8620901184031204	2.096653309448975
2.722529083131163	3.8949571159892167	1.8279153381546647
1.9458661774387855	4.201985137398072	1.4917971425975685
2.243756644339254	4.573596245473382	1.196431902255058
1.8039456187909766	4.444160869430173	1.5507301292654252
1.3433816680575166	5.284957678736769	0.9783899090497261
1.6096165719887177	5.1613541092452175	0.7253391992112179
0.9192911967049564	5.285364177213859	0.8845559543869042
0.848306761394567	5.0012057514792145	0.18514099901088177
0.5883038773657772	4.873232782428515	0.7564316615063215
0.6650342495185092	5.438742460361244	0.07711084792379186
0.6165620079334041	5.124461229312837	-0.12328626429327205
0.061756580658745897	4.984050999465497	-0.30389598044905
0.1129504379562995	4.764378319204372	-0.6061674278496781
-0.09234091815434509	4.805541485574547	-0.5565568279480753
-0.7811292422764261	4.420071067137412	-0.6540535169919675
-0.6666069607832771	4.746948774130214	-0.8080596640917316
-0.3816177104670818	4.154968101498562	-1.168603075450477
-1.3966753785662052	4.299938426187208	-1.4674325706310554
-1.473398638450292	4.158683575620534	-1.4865555816261662
-1.0452233882258821	3.7533746888312023	-1.9253235295916031
-1.5363053999032767	3.9657347026489473	-1.880790030118206
-1.4173895277786723	3.185231560138162	-1.7332391073670195
-1.5643378947199535	2.6474414941104385	-1.5616011029645227
-1.9605318282629338	2.9495502466841588	-1.5621503771105216
-1.9415706559481996	2.7228541126248897	-2.139861204075387
-1.8708265870617589	2.350440485118345	-2.2444133501748684
-2.1180144295609153	1.7136297489409253	-2.084730072003267
-2.2348517351962123	1.4123358443055527	-1.2926124139106046
-1.977625830239519	1.3144632023581866	-1.454474731751032
-1.4953033692612392	0.9345202346731497	-1.8828105485363353
-2.1680558518971487	1.2051651162892756	-1.8140985878471856
-2.1351329310657357	0.5498081771653089	-1.527870772330152
-1.8464870435502407	0.6549255284989753	-1.5482466041739031
-1.995578040052453	-0.3117066429950436	-0.5829174790653134
-1.9529280995070706	-0.17321012419877102	-1.0510600271415167
-1.68528474933182	-0.8908034401354454	-0.2335757781504363
-1.2639549106286474	-1.0671205057971007	-0.3901733561079209
-1.6052864838984349	-1.2911531992726843	-0.5008986220059122
-0.9822443944609448	-0.8794314224042469	-0.15275728343085415
-1.152960159681705	-1.288573402610581	0.03567419421787599
-0.91127718436779	-1.6675263780132403	0.3247388068995913
-0.6955066460408095	-1.4666097995868284	0.3689137289112933
-0.6219366149160025	-1.6878885957247154	0.7391333833537241
-1.0034595815247243	-2.003097547453323	1.4746104198184624
-0.6547089662128559	-2.716082677256146	1.0923951918523265
-0.21353924844114813	-2.2710853402088853	1.3658028857045468
0.08778023000015744	-2.9164192088843985	1.501903144212176
0.09725615670684262	-3.0812214818918755	2.110322346016162
0.17388768081073294	-3.243012191393701	2.2201385701398886
0.2476563631249571	-2.8832649299969804	1.731982942524882
0.4213514807620469	-2.8420188916339617	1.9019984604632418
0.6595430269929508	-3.7036120443211185	2.586346388573231
1.2478384316581446	-3.864728699307686	1.8951533548790969
1.6123029153322883	-3.7304200347505954	2.203402883532608
1.8896863203755516	-3.7702846901371427	2.4581202174633225
1.7031330972306105	-4.29483507534738	2.069958069676347
2.1061607999950476	-3.7988155630315172	1.8557961841743644
2.5723899248687694	-4.369134009356617	2.6345559925611672
2.6701269760378734	-4.522539033213663	2.6773193936901354
2.9511968419972225	-4.154019984940882	2.048242217384991
3.498767387405159	-3.9921677232340524	2.126530100721663
3.6411608752031017	-4.570825613928472	1.650409670373002
3.7865540022611635	-4.212361050647976	2.058695797071913
4.035838478480292	-4.150635734001575	1.5390574194905342
4.951017715182206	-4.333216900646235	1.469793290643175
4.637297642198679	-4.042069714451149	1.3535988794489215
4.836126522901806	-3.7124624142107354	1.2047390597267176
5.125407614208291	-3.6477435609252495	1.2367538644088483
5.209635425044374	-3.600109408257014	0.5849334788625549
5.524595984487913	-3.7888382832151257	0.3503219324224114
5.745480031795578	-2.8913885263607626	0.15239375175458622
5.551762045645838	-3.3428248877747997	0.37690288425329144
5.810642929951999	-2.964726127031051	-0.018781192169465832
5.894723531187821	-2.174219550774806	-0.36235839598050534
6.3111252924667465	-2.746727242327665	-0.5229955292769197
6.183148259309534	-2.1970546532088977	-0.49481773584276567
5.95448759762902	-2.2773496415095265	-0.35449032340873987
5.759049207713274	-1.2348316529995724	-1.2406078952754425
6.124800513478049	-1.2610094411270407	-1.0050329870942005
5.956086759269065	-1.3459560196260658	-0.9473352196015625
5.68188719526432	-1.1541244519914668	-1.1343321087510738
6.087971734706312	-0.7168314885600227	-1.8432903700400343
5.770576137511263	-0.6909398124460356	-1.4237541034796548
5.280628455915635	0.02719670732102697	-1.8729147418300254
5.01496068065511	0.2373399290291074	-1.8694927500998264
4.6684002552364525	0.3140852974376777	-1.8147661498121828
4.707476001581744	0.6135877845868675	-2.164645268354557
4.471137828857635	0.8820914703971071	-1.994875149962684
4.191030692746417	0.423643722964913	-1.7859591627403304
3.859741210208397	0.5656325016426658	-1.9790671401257807
3.9985551115812	0.8293453601846297	-2.0617902484536668
3.839530842892858	1.2237192785544142	-1.9495817242020559
3.490343434496053	1.4688990304343865	-1.6901509123228358
2.798955947544961	1.7484817518817297	-2.000754856039781
2.8928988663611235	1.6830472030224959	-1.844284221127253
2.152181026715644	1.9092776027618044	-1.4767430814025797
2.1985965320897884	1.6318955166978544	-1.16866885722163
2.0984385837741524	1.3746913155394402	-0.6431515909164403
1.6635814017881156	1.4368032946978757	-0.9000419643319526
1.6861784834566405	1.7996624076534924	-0.9258631274579147
0.9873455040217864	1.8604805016080463	-0.5823966955465872
0.8481624052762744	1.406551429826842	0.15068921572573934
1.1665623816258583	1.4993508634743782	0.0805637453050751
0.6081646539475313	2.086959284323741	-0.15936114785035668
0.49000746174944326	1.522641165829222	0.13848785836642472
0.16916989097150678	1.7993168129158517	0.30454672984000236
0.12125229078354044	1.3475856115236042	1.023730532244422
0.13789337459961415	1.4625700025793997	0.7365111594366109
-0.8366429204627222	2.0469092741099475	1.141552968887571
-1.0189471062100313	2.1098520645071486	1.1713819409775126
-1.143356032805084	1.8070775215456731	1.6554971576079966
-1.3316610571796224	1.688164734406582	1.8484486315495618
-1.6576011878164256	1.667067047662675	1.8704648636846346
-2.0725170035650264	1.2555083856516198	1.6877635887254099
-1.8238673601203494	1.412059156896193	1.9258790226864138
-2.2615527283704964	0.7756709631311488	1.9520041316779602
-2.5875660409958123	1.316225952547105	2.0609537344168265
-2.816071423297757	0.8197648389744061	2.3952199184342358
-3.303146128627245	0.8871758697002087	2.011837456754018
-3.6151437368137493	0.35068730358265693	1.866170956810184
-3.5892717047382354	0.6048793302585964	2.2969519641982683
-4.0168230845728505	0.2914653663596175	2.506490543573218
