0.1711608031117472	-3.446188915450459	-1.9575201660414323
0.24015177178719	-3.5719287933530626	-1.650127268269875
0.7591050677077849	-3.57680290606544	-1.9320237081726994
0.35534771461524584	-2.923027997448129	-1.933101028639882
0.40681409880010067	-3.133112012450598	-1.3620891052332107
0.5890753241562522	-3.263881227961849	-1.3338924087360557
1.3377271776138775	-2.9767982416883134	-1.8000983523530487
1.3385466044533212	-3.089323213165603	-1.6705899568372296
1.055112023945429	-2.8770616736886168	-1.2925780661131359
1.3787720687246308	-2.7456923276499534	-1.5851835012480988
1.5184707093949663	-2.965280792080241	-1.332547883007194
1.4935311141919971	-2.7620930533192887	-0.8174364821719082
1.8049590253801118	-2.1310204607907743	-0.9236970081571477
2.174381099984768	-2.3761256813053246	-0.6218437983532559
1.7657376529383033	-2.3172445899422804	-0.9775820193355053
2.029903046533322	-1.8495189257055973	-0.4264888651141038
2.208959397206814	-1.574615957943901	-0.3275621235568804
2.4170238770274834	-1.3572636871044634	-0.4884825893477469
2.0813610247765038	-1.3864135337457895	0.09026721127006732
2.3131467230023377	-1.2908726768547738	-0.19898543227391485
2.662018316865803	-1.6298076253284686	-0.13369509234412164
2.7424857379793997	-1.2739260328008681	0.5948227405671851
2.786527539355159	-1.2756130946041147	0.6045663780203112
2.61944536794585	-0.9014501861765509	0.668376820752713
2.518270853150576	-1.1209867552899377	0.610827027521641
2.9859076583285717	-0.5340277279634542	1.1379395777978698
2.868163052224242	-0.887603246742688	1.2115421373454882
2.595428586846768	-0.6865864166808496	1.0363544447527273
3.159756850793273	-0.5823835691832326	1.5436140997249348
2.7375293746724307	0.424605132327296	1.2320255966185512
3.152031393775709	0.29038956170835434	1.4281995071742852
3.3110050484752924	0.1644121996691202	1.4307628944368962
2.868827988120853	0.45932269917985435	1.8898903474882207
3.101116993301167	0.5132930194911387	1.844701946589371
3.364813978815363	0.7436125829865907	1.508528449656781
3.582918330994478	0.9663800215559277	1.581524540342138
3.531090639597612	1.2608892176667883	1.6271759149769476
3.6907267149622367	1.404240871493407	1.775367718924023
3.760831392795238	1.3287930654527356	2.0603592126455705
3.0621251188224505	1.6844771838001076	2.070685073545887
3.457796403446705	1.6165491433358354	1.8909373009127688
3.030593927830925	2.2316657059697644	2.3946474579464696
3.5312232318031063	2.02638038197387	1.7856079916000611
3.1945919109479517	2.4162320991529707	2.2002314386517066
3.458194100400336	2.566727710828584	2.0977518353554143
3.0764785155868255	2.6372614015713296	2.260175093791556
3.0317741285646336	3.330009330958155	2.3561020365300642
2.8910412698649535	3.0800119381428526	1.9783222813822978
2.5619115232279475	3.8724672609058195	1.670290071457263
2.54793804029621	4.138027657174469	1.8777666849845787
2.3050926660806734	3.6723644283179016	1.734037763012473
2.6597307497374127	4.219703026417265	1.7128112813625358
2.5169215739391113	3.7551443701629807	1.4648454711742436
2.0252722747830854	4.449686374814997	1.567302150716102
1.943280663853558	4.063155587297006	2.139964565780442
1.9759730167922553	4.387504466520128	1.2316707136495146
2.0934136698796553	4.445446908522862	1.4804276929037432
1.93394900624262	4.581910731348651	1.2090250818488697
1.3755723698090099	4.896441988221859	1.0748015712445262
1.4638066560190375	4.648379481761238	0.6562495088360776
1.6638813775039232	5.376630899818119	0.6007780366831053
1.023719436820672	4.857536695100415	0.9108688722736987
1.6126200781166387	4.727433664790052	0.7822982734845402
0.9801351673271114	5.120660810688406	0.5045599684398218
0.7551770431022296	4.91562600772535	0.26597007598064587
0.812733485763864	5.396779692570663	0.1591722468698268
0.22914362956014941	5.599131246378019	-0.0032509106894494932
0.22162355601273181	5.168516145701882	0.15906594085953135
0.01971976614989719	5.098670153939633	0.2353752358212059
0.7436836001402303	4.77037264995371	-0.6752528704886822
-0.360729343117588	4.994312254148769	-0.41518891760995147
0.0663235255469462	5.137732851627692	-0.8738101135077865
-0.1609000000500448	5.340475711981664	-0.9458601904736056
0.09601780067696819	4.816337108447422	-1.1081530218100104
-0.33717342393098715	4.622178786846702	-0.6037007082816678
-0.5972174611477747	4.839622534280942	-1.2542321598652337
-0.5772220979847962	4.516740317420691	-1.309969010562516
-1.0753399289473595	4.585902468184181	-1.2011098777319393
-1.1779426959703354	4.385726577524307	-1.2155329505599188
-1.4350331219161743	3.7385649246633665	-1.025929075573168
-0.7510963199345644	3.9279589211700436	-1.830404059789644
-1.5839422535674375	4.362435058035899	-1.8954930293113446
-1.8082321722958907	4.149442432170904	-1.958028751152841
-1.6031965992217585	3.3396421649856576	-1.4455089136305483
-1.0586456665873947	3.071924488831307	-2.113519786228565
-1.5944987422435346	3.0029125539388573	-1.8710526959112295
-1.7132694764203733	3.277163792377562	-2.106575387238288
-1.8081286991706302	2.833773796838576	-2.045797667821288
-1.9580018194261972	2.5042877672111894	-1.8768245871394933
-1.4242215114311016	2.308064738898852	-2.0010444590783782
-1.8137693392176424	1.8799818358994407	-1.5621808276711118
-2.044574851356349	1.8515028410765781	-2.0008140805021393
-2.0369978172958216	2.136918953465317	-2.0556288725047
-1.6605370956695338	1.4346297259256764	-1.5401129199830967
-1.6644349831688243	1.3305332253666275	-1.7448538103894604
-2.017148104827494	0.8478491254151502	-1.278412023886125
-1.6096795191793725	0.7857237050865854	-1.5463431252906248
-2.2737894703287767	0.7037053616303555	-1.6159911522760289
-2.2394576436639784	0.6171487227995542	-1.5256126365471414
-1.7057523612480332	0.07890995956947885	-0.9080220037559327
-1.901270522768936	0.22773644408658636	-1.139099524527006
-1.7862337503712329	0.15471622075713232	-1.457157797053664
-1.9907697159363154	-0.3460338120787243	-1.238408122330037
-1.805425067807163	-0.4034530685792619	-0.9643513253024222
-1.9151551547779324	-0.4523096876724674	-0.940911167080034
-1.8540853410762206	-0.5634779529210094	-0.540352872856048
-1.4731527657761587	-0.3654020687730878	-0.6334125485990592
-1.6131069158619735	-0.7000810728510676	-0.04291929882582679
-1.523684039839019	-1.056396451485536	-0.5788050303953659
-1.5303252722758738	-1.2307869760090964	0.1603879109654084
-1.0933038021787227	-1.575531999825626	-0.09344412086730558
-1.3495190566948096	-0.767971190320827	-0.18937650756528956
-1.2942516149712047	-1.3300143669787263	0.692917619788934
-0.7932366029967549	-1.7400230274637782	0.4284448872630003
-1.1277805937899763	-1.9994273474019901	0.8415870045762401
-1.1298025580531763	-1.8446934338425722	0.713290218607689
-0.986874046125842	-2.009844568933916	0.9321904996289198
-0.41875933980223456	-2.4034057135080977	0.7207532724608936
-0.8307152750819337	-2.6441751093315267	1.338592065696672
-0.6260739507463494	-2.7446086323956287	1.0691261504285112
-0.5410648621444752	-1.977938435770763	1.2572309924736507
-0.14744785840678187	-3.004456870617741	1.6316650489785025
0.4183335518923055	-2.932755035942992	1.3587580268666097
0.10561781574086504	-2.7136104985260525	1.4227449784733186
-0.05348015804454728	-3.1085156826917446	1.5627363609661442
0.11247711206622614	-2.82889408704714	1.826753088077243
0.5204543860505957	-3.0566828540708384	1.8261002688167303
0.570467867797643	-3.341050042749104	2.114087935105384
0.49428608503402927	-2.968537119320314	1.8992814036192713
0.8232790854933512	-3.080574649520006	1.946402737723544
1.0259512111028015	-3.469015135633702	2.020953832612602
1.2175062291974863	-3.948088394813591	1.9346755424139521
1.3644233798353538	-3.5578842001054456	2.271395695015703
1.3769980192039661	-4.026997774639451	2.653009735678082
1.720829957242281	-4.197229429236273	2.383361778807499
2.0244114302200495	-3.8661325888043616	2.2099205299940947
2.5492656002643184	-4.406883335145553	2.335247943347062
2.0584316911176996	-4.326987634942133	2.560117736492368
2.665646322671612	-4.34017621678022	2.494968653643356
2.935394290807551	-4.347803071558337	2.055993012902435
2.6386887275971356	-4.590112589157608	1.9912199864022748
2.9583493173262885	-4.264936529149071	2.5543871625579917
3.295904880787154	-4.105319211950247	1.8442044495398158
3.5579228915033334	-4.108374589075419	1.6671943692581872
3.614513921544167	-4.03406317149825	2.1002932361561273
4.137744934473141	-4.162442421120312	1.5429848566475215
3.7048556749432433	-4.3644547268466125	1.5872181488028145
4.128081390497803	-4.208462331245782	1.7305137733971634
4.720016202992299	-4.345584330895234	1.3790341471496637
4.763693711567642	-4.26852211028836	1.0976758937057511
4.767796727270459	-4.149757515337557	1.2530135873782857
4.942912715751042	-3.9812965702859535	1.121101407027596
4.895387960576359	-3.3571615515910125	0.8246475561827677
5.167405215239533	-4.014271512105403	1.3173298357913792
5.344012401191954	-3.34938093802096	0.6450467077078397
5.141805267666171	-3.6537119688657382	0.7159565829400931
5.949844243479836	-3.6866022219247228	0.659439728802849
5.714893377320424	-3.4257367251790987	0.11882644066109516
5.296306532293982	-3.0666866000917987	0.7770863951225343
5.728218370874384	-3.3191164778369955	0.27839194763598907
5.545351424172879	-2.749570370308999	-0.03266460119397202
6.321598631354255	-2.8909403655932406	-0.36759532685670604
5.871888057251594	-2.437042263936883	-0.591847780227063
5.72897349251845	-2.8622438464304056	-0.1564791374892659
5.8528667810440815	-2.1115436494950792	-0.312259337123858
5.6548730006799035	-1.927679314790302	-0.7826386620896593
5.821203125350034	-1.7094293232421127	-0.5279587919023058
6.364753989638868	-2.227032323863986	-0.9848936642820515
5.661671516625841	-1.6480050392796102	-0.9304068941406918
5.773588481698069	-1.376946259905278	-1.4243862753722598
6.0499388399235166	-1.4864137640888542	-1.146987776159721
5.672076968892746	-0.8697860832383083	-1.2915868069073515
6.1988045836625325	-1.2838537080135417	-1.2505587040637804
5.516851442172078	-0.9527170420580695	-0.9734268800096912
5.444930560561132	-0.7472162945188338	-1.5403151646934417
5.433919284195621	-0.4534439881291401	-1.5153464267748245
5.227459839496351	-0.14982067171984825	-2.017315889115368
5.624477691023816	0.030505089891380788	-2.036902567228168
5.645553234883927	-0.295877619057148	-1.7875976651089178
4.809287390759062	0.4507512332158251	-1.8660978427919614
4.921665545906603	0.11122589104793884	-2.276072964172795
4.469681729506422	-0.02680513072373715	-1.8904627797850084
4.497800828015071	0.5846549759181396	-1.7885857463021055
4.25850787480697	0.9373856918274286	-1.9257245491484278
4.793894242617718	0.5095291308666787	-2.135529328635232
4.230010558626695	0.8096017664523774	-1.9588454644366928
3.933476428280334	1.1475640807925291	-1.778390495825478
3.5334252354940032	1.510171897539888	-1.829402188341073
3.9858343355301056	1.2609859758733193	-2.2185309761681715
3.9888112521207346	0.9476243388415195	-1.8795463711117706
3.2275067599081657	1.4627758016382733	-2.1622935227529108
3.2506465141574115	1.1547053102223435	-2.076971904031667
2.8222269703484666	1.5825625059980641	-1.7584142861510923
3.006900196265068	1.6744489250717973	-1.5787581534133852
2.7568403375251145	1.7880114806043594	-1.3434444897659497
2.4342050842191947	1.816107614252422	-1.1224405836865103
2.0698786234582722	1.2533214323992492	-1.3709689160497978
2.1034187034637575	1.6309370534813672	-0.8843000084476454
2.481481244916445	1.5010647589734534	-1.4669718248086707
1.5709915839386492	1.6469520750700872	-0.5830420834238264
1.5222593514017924	1.591577414548406	-0.8489260631874684
1.1719843035903368	1.993895636356359	-0.6523267767500216
1.0066362021519568	2.0718777033181275	-0.8610195418097628
1.3595367793126278	1.9188409275326228	-0.22577181419441728
0.8404641249624549	2.2041090323303307	-0.17697917713932043
0.5471040114646685	1.9240719601811032	-0.193012611825098
0.7821340674216175	1.603800446959145	0.23781098224376085
0.72902230128178	1.7755292980522404	0.12330437945216446
0.6170589825911483	1.8709888714616028	0.5260033955893856
0.018263548674189653	1.491312310466316	0.5173506713477154
0.43156225701537143	1.6595219644251198	0.4654566842123156
0.11350688364380895	1.885943538540358	0.47005625329808925
-0.37129011249329813	1.6390961502324206	1.2838128335511394
-0.23859750653770728	1.997139826891135	0.9214961441795693
-0.6811795361083841	1.9804068029844135	0.9423953234302355
-0.16085433949292738	1.620289964021941	1.1019635062312274
-0.6003915954473271	1.4019180180089994	1.328643916305892
-1.013462889098418	2.0141966920765584	1.513338816491444
-1.1007361092302512	1.6333106947563767	2.0438218559740964
-1.5063132358557139	1.247286710303905	2.253989010494739
-1.7820109741378878	1.1299562036032342	1.9972459683489847
-1.7009368727721124	1.743278275502313	1.5531091652962399
-2.065993797595234	1.4588672781096705	2.232339660275746
-2.15267918575279	1.6033865976208344	2.206381226769271
-2.076616551262558	1.480243147463332	1.9969646901209583
-2.3722906394908367	0.8446812509348286	2.39399629586551
-2.27261560960712	1.1823667957401867	2.3339907807125537
-2.529843152995801	0.7857652224019852	2.2003146371437867
-2.704489117776331	1.1340879605969971	2.3129682141797367
-2.6126125353500242	0.4674262937270152	1.9336137983272643
-3.2967708955362225	0.47184805477144964	2.6792373901331836
-3.548971791578406	0.5289568173974478	2.3437523228277524
-2.9848272098023725	-0.045033526799227064	1.8552070041110396
-3.8662832647350838	0.6299382736112378	1.799313823111965
-4.066114652181728	-0.1881268592285028	2.4993547797084905
