0.014993570256900624	-3.9832917958440586	-2.0844964509902475
0.2995812931936977	-3.901121654912441	-1.881504107830946
0.599066118732776	-3.082821330597835	-1.8445680494185754
0.5744011482636262	-3.1305567471551847	-2.066310867465086
1.1706800228920713	-3.0998865149770483	-1.3900010950030914
1.4945517840476432	-2.585120121433195	-1.479517816887196
1.1167052892696359	-3.0103687829712515	-1.1720285921199616
1.73207328173277	-2.853192002659962	-1.2496271453656642
1.604269996865515	-2.311329640043821	-1.0048286706456762
1.6361349495463633	-2.3159313105106976	-0.45509250953580715
1.8156104359809557	-2.231703591752174	-0.9915146108481232
1.8920808370957056	-2.0072358997416986	-0.6285486895172095
2.1336408275614716	-1.3571598586901217	-0.23888278030935817
2.6019622336803665	-1.6345722946413035	0.37309179303542045
2.4112529533235394	-0.7429862725404176	0.24295867832833395
2.480842642213614	-1.3417949957605866	0.4958222635825682
2.576259981035107	-1.0571611725934256	1.2204971784986696
2.7237443685877127	-0.7002563326352194	0.8711072867890584
3.3456692375748736	-0.6683993521609581	1.224144101265237
3.0962474503019366	-0.013523291943742022	1.244254355875958
3.5759599680122007	0.24434770661278288	1.2699486850432415
3.1705550370651823	0.19280391848628292	1.2790233911048459
3.469755258935113	0.48608004441177693	1.467462897341578
3.2697301162945736	0.6027157284258354	2.3521329865064744
3.6815382904040628	1.0156228247075583	2.1896103529270867
3.352293909403848	1.4175718321570567	2.4379986790748234
3.3600826620277746	1.747498900789654	2.0215851044415345
3.268911927810686	2.3130530325242695	2.281533305785902
2.959272056512244	2.9514760003603815	1.9218799760082128
3.0810671112756953	3.095837322195545	1.9546597627452882
2.924694193515822	2.820554658273526	2.1420285950992337
3.2450475696648744	3.1920009986714177	1.7545317812848351
3.096866305444856	3.128463768259235	1.7121632967485028
2.8644336028442363	3.3590403019384962	1.6178608497652642
2.729935509712691	3.6336150256832314	1.406616421324331
2.876760365977355	3.89380969934046	1.6723691794513942
2.039816435925863	4.179483321116553	1.7713030285292457
2.2792779948643584	4.628481242386435	1.1556996490625189
1.7261392676201512	4.962639919265835	1.3642406826160305
1.7275438791823883	5.344997183802727	0.6987797734023699
1.279652588171133	4.925557814390949	0.8524979834583077
0.9058168238888943	5.421541907354197	0.8990104865852466
1.2323296338703547	5.16654169825402	0.567946897816178
0.8758356126453157	5.204593496917919	0.10424615434625949
0.4866661693951254	4.996574959230479	0.22836749884260243
0.4594055697684981	5.286150562265149	0.06320093833592366
0.2287402954158052	5.0211349775254135	-0.2229536330561036
-0.3763756627898924	5.305775129385946	-0.4898872348324087
-0.4259829913100489	4.919481043186892	-0.901460930903601
-0.788541079865144	4.670707947927989	-0.42413356880900344
-0.4446606275161009	4.361907471721475	-1.1825472539959943
-1.1470948361677467	4.187493507643061	-1.1662037532681915
-1.412703913520647	4.141417532518777	-0.8037168415516244
-1.4704906773696802	3.8904754283605314	-1.2619598673338497
-1.6316525239549096	3.8197004082021175	-1.1106592467367227
-1.8563303246712843	3.5688298691907647	-2.0133805340749453
-1.9233673245734773	3.4891809625225387	-1.7874430746555132
-1.6796985279201322	2.8026709386609396	-1.412299322306406
-1.4992272589874571	2.593299585905599	-1.772017054394093
-1.7015950624081508	2.5027746281529986	-2.073072584691049
-2.298926421405485	2.3785272332533283	-1.8380324030486528
-2.0071159212110734	1.768941457872149	-1.7547648901886397
-1.7049396940129067	1.236112376554411	-1.56350081584003
-2.1341638807471957	0.9425955279790987	-1.1616839758541193
-2.2014513410038385	1.2793107795088492	-1.654615385297468
-2.084565760348179	0.5058362196938101	-1.4474500959401855
-1.7139008475819915	0.08233251868526512	-1.6437193995789712
-1.2234094635122128	-0.16104921179848067	-1.5781069675050405
-1.6285662401281464	-0.18730888564523396	-0.8675197718323981
-1.0882767828337239	-0.6711119846290102	-1.0547967438065453
-1.892969758289956	-0.8715830078414109	-0.40038442826765597
-1.5499256959944674	-0.7403154893884402	-0.6837006450850505
-1.4882638388159197	-1.2074151734196592	-0.019811352308298558
-1.2671419856689279	-1.2581818528921822	0.2121060918182881
-1.3391953974515545	-1.3552933507986205	0.622061917476051
-0.7910626560006594	-1.5559962296443197	0.2690553579198223
-1.0309034938318566	-1.9513753178160693	0.6533133876364344
-0.7268025193894976	-2.0457962265819125	0.9050460920454084
-0.4681076995753968	-2.435585391034694	1.248475647377512
-0.2655143191652386	-2.6504046232154774	1.0897261979552582
0.004794186109518761	-2.8867562874181942	1.216802626475658
0.09845866962374983	-2.6660646966088573	1.5304378775175802
-0.20532315686209646	-2.5178578215980174	1.4801354684719141
-0.030336675637129468	-2.597102995892704	1.7734245090402438
0.4018020008238852	-3.36769218494711	1.6883761440229934
0.6192404928082049	-3.4564698086423356	2.34721931919632
0.5910526166216342	-3.5813524053948855	1.9628885183351652
0.895807017006949	-3.637851027150613	2.5439308033930734
1.491718075806489	-3.5857742625152405	2.3233500271123404
1.8075874351525623	-3.9384050748404147	2.434317284474579
1.8879959098922094	-3.8086441581669366	2.223329126625611
2.040297362315247	-4.48383679034629	2.0542002416097906
2.2698017086188957	-4.127871323274802	2.044036812466695
2.916291976462613	-3.7708607821962143	1.9378951033532346
3.1079129665092973	-3.9431280428542648	2.2406310799782347
3.3482876889181794	-4.078411965523003	1.7276512167742961
4.0686316711599	-4.030625324643406	1.7203501336564997
4.247676488548471	-3.9366974928453926	1.37775555559749
4.455508490976009	-4.437682721354994	1.8842406333802106
4.103093936108805	-3.5959718481345364	1.2802092622853292
4.496820273722763	-4.292508117971984	1.400272493385207
4.618431134017036	-3.8305973585331663	1.1098606703684892
4.7650128009774955	-4.06203630143773	0.9355032636623476
5.040925322953389	-3.1138835730726804	0.6056959437240167
5.456616202459836	-3.392979146466331	0.6164599950825884
5.4569418556659555	-3.004932825096442	0.07369151054582675
5.464001311559535	-3.258248665885073	0.48186917814939223
6.143295582595628	-3.003159115303615	0.14104118958183198
5.891527606615788	-2.48889054204757	-0.21405310423006274
5.945498147798942	-2.558366124006344	-0.46637301682525156
5.883148962548354	-2.4159601763071223	-0.8275237618595255
5.658805927866927	-1.7359306053285657	-1.061128119307701
5.956926555640051	-2.0672697582854482	-0.44253687295285205
6.135732998251209	-1.2904626088495839	-1.1259422302538384
5.634464993821526	-1.4399425321460144	-1.075601531798934
5.919835103129642	-1.3106383783107218	-1.6449580833524093
5.784696957053968	-0.3596211705178953	-1.8809607874951126
5.230023849255355	0.037855784814309956	-1.900324239504359
5.155476921355466	-0.4904336397710114	-1.5548793470525455
5.174581522227633	-0.14543549645133325	-1.5771414906647125
4.832890580876659	0.07730965729589273	-1.9018261025245762
4.928183906289355	0.21524960505057064	-1.6096980960578593
4.425695919250828	0.8804194725480046	-2.1320595979277237
4.499320392060592	1.127634028294816	-2.0294303910299893
3.699791991548033	1.067827000376845	-2.175135599246878
3.7666715887516933	1.0787550593613622	-2.2490212354038683
3.3836046332052865	1.7531157707501563	-2.002449196005035
3.0235867631101305	1.7279788130084714	-1.7133288166443839
2.652884351447483	1.0740871522830195	-1.2428199536037128
2.9617660485322315	1.3519123102771313	-1.4435729606697103
2.162501610619505	1.4931066114782872	-1.3891771869563794
2.4406280863548484	1.9038287956853233	-1.2719197830063285
2.048774959277009	1.7461469905374845	-0.8782566372012405
1.45930047028306	1.6802696217610633	-0.8700946149466069
1.327373088913142	1.5035326003613911	-0.5044318814353973
1.1694689067098194	1.5018893612186621	-0.14528152775348546
0.7507774162633549	1.5798451140674774	-0.6391239822737697
1.2657275712080862	1.4669086060293588	-0.06930669102653758
0.2938873342816207	1.5310661636014533	0.04123256265295486
0.8688044584551102	1.717251357345699	0.04184376697981093
0.23677120623766632	1.7218279851999976	0.9691550324780376
-0.26950410215383763	2.003919451818471	0.5742658589137714
-0.49565565667178224	1.6276127243790617	0.7446310828995514
-0.8470405697472813	1.4500400403972844	0.9365203276890762
-0.42396498909434044	1.4081250288492781	1.287494103006797
-0.6672779572567841	1.348105888706164	1.31255667727245
-1.0911749844547272	1.6073616960916954	1.873910207484875
-1.6807736808837856	1.4671834988197623	1.6607274351671644
-1.480731539638731	1.6784306416236991	1.8038878970471233
-2.2808816028247456	0.9178700916008996	2.2851518472744416
-2.658993933317771	1.2910222763215238	2.411092199794931
-2.84244292064538	1.1430118329938876	1.9482624826971624
-3.1584680227325546	0.6827145289636516	2.2945190307423973
-3.0311743229796555	0.7174329924728284	2.1366632507948613
-3.2773697977714114	0.6864849618982002	1.869367394525419
-3.492547588927278	0.2428393832742036	2.4510625233582335
-3.6328107080289445	0.312316955882732	2.1686687614877163
