0.445743202311632	-3.4824413604307263	-2.1713795425595306
-0.03913748919076816	-3.0979615613430047	-2.146558277683219
0.29006841214386636	-3.6219679421522053	-1.971164353344052
0.47561370219103594	-3.415830897762265	-1.6976993636330113
0.6406017731291032	-3.5223370540915426	-1.6520559921837532
1.1072458343325748	-3.2922492502018343	-1.414530614687172
1.1438970097019614	-3.073592546963443	-1.318599757232223
0.9028284369882102	-3.1483983374180724	-1.6628361008593044
1.0606468011704915	-2.531538152199679	-1.820082669049281
1.6215958600112388	-2.7834502438414157	-1.6910036666088182
1.4920594225283352	-2.499182498449029	-1.1662792317910173
1.5302417965084074	-1.9211773359237199	-1.498973689910277
1.6112721244501256	-2.578401386289297	-1.3307847830780644
1.728758639963232	-2.201196427413988	-1.0275094788909005
1.9387842444294239	-1.9864213270050415	-0.7464007900977638
2.1880345144047744	-1.7566794241665535	-0.7344579077579125
2.1178275383670413	-1.6331832334796306	-0.5527136322987605
2.0034964665460815	-1.9352235617456568	-0.07567734873249288
2.4124599076820674	-1.62503726777862	-0.26097206956842633
2.1670987008061564	-1.5395567362980254	-0.4133083639892332
2.375635593699861	-1.4710399093713007	0.6532743445480458
2.5808629243927736	-1.124021804220193	0.6059553419035043
2.426780455068689	-0.9940597489673733	0.09019776434659682
2.49273116310623	-1.0280370885082935	1.1144621026904322
2.7811649948706956	-0.8281283826309225	0.8923624077587327
2.5733850084690673	-0.5601423111287883	0.9580002920432209
3.225171308404738	-0.31515435186457663	0.7360646566933207
2.7519153970211887	-0.7457855880333798	0.8064219821873552
3.040675457546734	0.16992833751562708	0.8758183266009718
2.8199784077738475	-0.21740300025733428	1.840781381375704
2.9470962212385565	0.031351654829260334	1.6280896951718498
2.902638929621805	0.6086190608504453	1.8228942765011977
3.1259527662874413	0.10987844388107468	1.4244535911467038
2.9032426638492304	0.31251423105800563	2.018032704612871
3.1731956647907706	0.5896805435598436	2.346363679989392
3.101774930071168	1.1723968350434006	1.7999251434521555
3.0393793315015074	1.693643653286361	1.915766644780728
3.394552371449775	1.4035181287539604	2.1174724687326987
3.509536955571257	1.6805302560014517	1.9410169796698438
3.2742971186011918	1.8536258407104886	2.1300763555118998
3.7544678808566943	1.8293449045638164	1.982011215894306
3.406930473878628	1.9443156587095665	2.420690843834066
3.156246917565782	2.0422261895268776	2.1840611315913834
3.085564178787814	2.50772598652985	2.360683464068865
2.915629806510646	2.673762664137054	1.7278198892390892
3.256188332284715	2.8455898637591526	2.25514382932111
2.7189700000667663	3.0034308728930643	1.8895530298895868
2.9693956036946476	3.058761290445013	2.01181889508898
2.689323801494838	3.1296796292802225	1.8867745722165818
3.2199968743690306	3.6701746186575797	1.6572073887911567
2.4513875391523285	3.9856690209052195	2.12667313558763
2.8154995848620694	3.8159606232753545	1.7574493346613775
2.878000595486219	4.228286155505056	1.6781872970227947
2.180824815660477	4.212420774590159	2.1224287615121433
2.4401304869483695	4.49537411595781	1.7415003897568337
2.724353810757105	4.189392627402143	1.1587301554663823
1.8675664036363457	4.568307313474766	1.7239289088041003
1.8449161317664489	4.587174204349005	0.9317203536757797
1.426518255787753	4.726142446992799	1.288280781824742
1.6312661027980662	4.658452078485007	0.779185864934714
1.8303231727945097	4.827013080774019	0.668581524229336
1.1960754817652688	5.443821946277966	0.644536867881969
1.6075766264349327	5.156474170118448	0.2219559328587808
0.8210814321867441	5.20035884096545	0.19664886917586266
1.0290888186356881	4.977542999237352	0.7420340657691393
0.6745884223334893	5.4825605734379135	0.3654447453976055
0.3789554603631034	5.557671349437829	-0.10765184050597176
0.9844488525298514	4.889480839083459	-0.2560340591491376
0.22621612292685572	4.931908259703685	-0.35679015879338427
0.04652542269355908	5.177234075087279	-0.5284099802359702
0.08991432814148137	4.6514806944532365	-0.1915101765281183
-0.4331487524243163	4.831727995015017	-0.8566109535602731
-0.5656346977599975	4.833175472589179	-0.7712118664967811
-0.17334511520586438	4.976163029379161	-1.0290344344813251
-0.6441532612880362	4.555650291913351	-0.7627249175901984
-0.5394013282881578	4.858855425586128	-1.0607405215054775
-0.7037041221187322	4.160347889909548	-1.154599208695549
-1.159728392984729	4.811456902731743	-1.6044658520309885
-1.132803521087856	4.186310161191874	-1.0489621753089358
-1.5368383929232425	4.383283539212021	-1.6973466148286593
-1.3239937674170021	4.22437281433811	-1.5460162940258728
-1.0474932723888069	3.4209253085299007	-1.8724330729901801
-1.6638014129191656	3.5410424936791784	-1.9842433284879366
-1.3742643330879585	3.2373847436065812	-1.447316825331142
-2.0037903872033036	3.7167422350120214	-2.0601259553740467
-1.9817938426935582	2.839992701488969	-1.5678820469226884
-1.763689514097027	3.4584346070211804	-2.0668172609004634
-2.0997853628259504	2.5308214161164457	-2.0825215359467526
-2.172199447246519	2.3221653843755465	-1.3829905889552276
-1.709535027708356	2.1741027912991866	-1.5022224999831923
-1.8808003755967833	2.425213355160099	-1.7553834497632246
-1.568931691783431	1.6268455349069764	-1.5983541587227665
-1.7267989752367552	1.8600962845292752	-1.609759899653851
-2.177094042058028	1.261352561708804	-1.2771360871756552
-1.82316844844466	1.365097180619327	-1.819266931890247
-2.2859159150598827	1.028673731279317	-1.1747988419191122
-2.0050371036211163	0.7564086358657738	-1.7360671146200697
-2.194693896965533	0.7455495150162328	-1.846350034556411
-2.082935533009392	1.0230791098764698	-1.3688670378791268
-2.1697014317443144	0.8650283774707466	-1.5742528874475936
-1.979106582485302	0.14875971734506413	-1.3572756310689178
-1.905719665436152	0.3337065269594248	-1.407482298428214
-1.8931762865889006	0.2311541500414238	-1.229773504311699
-1.9080004289468033	-0.21441002820630284	-0.9236801595820527
-1.8235156055427975	-0.245492594219217	-0.4262849978598193
-1.6319024744774373	-0.05029529130402621	-0.694142037242671
-1.257537451831503	-0.5784899347341181	-0.37059477562025844
-1.2806100385705323	-0.6114890181830166	-0.6887586092773224
-1.0959364593400194	-1.186683800768146	-0.5145442077567496
-1.2984202881555413	-0.8275932661683029	-0.03293878633024805
-0.8653286315640759	-1.0961521115265354	0.0789915484998368
-1.4381361017549612	-1.6483724023830748	0.39669463772622104
-1.000087323076777	-1.494778608210443	0.658048308482056
-1.0741141112324808	-1.317072113538189	0.11756720664506648
-1.1153089867680357	-2.014207543807233	0.9377908580837795
-0.8125351268750539	-1.8388431623775858	0.8629900450385164
-0.3487834817769132	-2.3097370424816486	0.5899573919141596
-0.5596670655408575	-1.9211957583040373	1.1566446349693251
-0.46680183859645474	-2.205912170827295	0.9418825790334806
-0.7769828944217241	-2.3367832107544464	1.610982274786236
-0.7308641667629636	-2.5030532163684556	1.5566592075855061
-0.07041747840283841	-2.8516997985651305	1.3276000241078432
0.2989472044586573	-3.0485701507965146	1.7826333468984634
0.5584094567668068	-3.1261448566168517	1.3775662644601887
0.1728556085651485	-2.910009537315823	1.78256131937001
0.14904817850003127	-3.0601542098596397	1.5730540430684927
0.31081176149455014	-2.879190160366114	1.7431178107234178
0.8626034133574	-3.543754058266955	1.9655369991523317
1.0226041966218407	-3.693090114927694	2.0855541432828506
1.2141143517741662	-3.4729674014676863	1.7940615849702948
1.0106985836478262	-3.727744286314706	2.4725894177432197
1.0458715168192612	-4.062570965384517	2.399934406004879
1.4681258478703376	-3.8358909972131325	2.6150709488026136
1.6073455590864756	-3.391974640775277	2.0464925003025667
2.038868710860634	-3.8900185353838066	1.871946196620475
1.6229035170551827	-4.038154053163856	1.977390022880632
2.331387712524463	-3.6435201347776074	1.9020439458197886
2.803849319226523	-4.520229395561807	2.247307811169639
2.867685066988399	-4.187568309207553	2.404417830005405
3.2438295171541784	-4.583530382155889	2.039476470087211
2.9019349854886163	-4.417982785825364	2.2334415431074435
3.1241893620770984	-4.279346888347842	2.397920900515768
3.427302170203666	-3.9381148806819946	2.1381723928230754
3.206139813577351	-4.5208175343248485	1.5776240220436208
3.5235503433068662	-4.3831283138887995	1.9125369252026543
3.5983122677300203	-4.314468993592762	2.012763623469125
4.103295685011572	-4.0104714555453675	1.2752612958305156
4.460560817958301	-4.30286820871015	1.883198088732822
4.4514335169890025	-3.943887946833201	1.2027158444555746
4.333605403795298	-3.5890216367921806	1.3650082447645278
4.579591462253365	-3.6829962629210735	1.2887085157817455
5.048942679433952	-4.11703929276037	1.1693314154238936
4.670666601317103	-3.7695280736206684	0.667171142472414
5.126017934554977	-3.3947649611424127	0.8683645641117905
5.15202439783735	-3.516603243408542	0.4179966395218207
5.018851002873108	-3.367656554115654	1.1191094598692886
5.247667051977557	-3.4821606800915346	1.0828428443092486
5.952474983407308	-3.153976362117096	0.06990526676008413
5.845950233773839	-3.4629844853883185	0.1829577076146489
5.465475492516261	-3.402784821835139	-0.11477857269780808
5.881485432568164	-2.808837003830642	0.3768667466382956
6.296795708551408	-2.8080852387429784	-0.09277402792030132
5.885957581602952	-2.4768119614279924	-0.04815593709454369
6.216023037522615	-2.535034545752419	-0.2763794373197255
5.900996940342729	-2.519081974130525	-0.3519586023646467
5.606597867627177	-1.7688383551370235	-0.6709379307518124
5.636881535311558	-1.432901057298848	-0.844623109521398
6.471994479241281	-1.9411152936972136	-0.9783350494841065
5.753221134452742	-1.6742585356352262	-0.9512990813333011
5.566198771968895	-1.4134086155253789	-1.3319490285037143
5.832705327027971	-1.1874657139389768	-1.164570991504787
5.874244061599181	-1.2303880180891391	-1.2615693916299806
6.063688409143028	-1.1313172926675183	-1.6884050131139077
5.572626166522309	-1.1672024208038856	-1.2269712436390439
5.288731550040666	-0.8426972369722469	-1.23487747433068
5.7218675907286976	-0.2842097719739841	-1.875702270133464
5.512227362924539	-0.6148853505455387	-1.3000194662231448
4.984670171656241	-0.3048962090197641	-1.533421553546375
5.789530092171413	-0.4020119271599995	-1.931064548344126
5.524405953776508	-0.007504893127974532	-2.2094093752810258
4.71081959271637	0.2426788759290764	-1.4788454592800568
4.95543058732787	-0.0036086029401326686	-1.640526884992117
4.59890699786552	0.32615814865773846	-1.4246985158719732
4.184452404110123	0.6849959900737409	-2.0685043697098644
4.098900936560036	0.8666312410324123	-2.2166036372141713
4.804771440603272	0.47483812366785877	-2.2009065365034504
4.3391837614047	0.8793675049035061	-2.0758295563604756
3.8760226313331074	0.7945092201446349	-2.1026367172937284
3.487765577881183	0.9857285925693569	-1.9696856365735207
3.6420464177306977	1.1304144128895253	-1.6694115480971643
2.9998199447985017	0.9429630438275718	-1.4217191189062448
3.3402338231395037	1.7539511808748716	-1.9976190234091948
2.962640132840735	1.2412063565423759	-1.4449977866603751
2.7070115979201113	1.760199527432062	-1.6918843123860177
2.4340248960974415	1.9842356233520893	-1.5150207100436424
2.789341647222476	1.3016806839152653	-1.3537494543852793
2.4481236157463595	1.4455159602178334	-1.2005639333643285
1.8011706574318844	1.7813636671687907	-0.7873539971001083
1.982798694093993	1.455437586706371	-0.5805463527741421
2.1177614200662864	1.5637978391623286	-1.111779191267418
2.0562414420112547	1.6415256948532626	-0.7036645939197855
1.3947144616555796	1.9479111146882415	-1.0634430614983075
1.0120127897129771	1.92586441516019	-0.25153214742185437
1.291684318872934	1.4800982704767254	-0.5948394596988543
0.8542123420445671	1.520819088821184	0.18290426053987396
1.1702741846706664	1.7791528779498438	-0.49592532600510797
0.6051006381245667	1.5640037620358003	0.25232748048505604
0.5797493069295183	1.5343427028148575	-0.06680685304371645
0.728918427883824	1.4044294313840349	0.5063516905744707
0.22049363973798974	1.7041804393106386	0.32201877119787686
-0.03743961138020649	1.7972405816077432	0.543820485487746
-0.1546503945925652	1.8176068128992382	1.1314920795218522
-0.023912013458565196	1.832245356511768	0.6654596190275777
-0.5122090735632294	1.7958205344773863	1.4755531890432498
-0.34375440676310454	1.713425887126681	0.8359537760529288
-0.8426116873930358	1.37877452485679	1.0268069471937722
-1.0778350013449893	1.6689268959023076	1.1344432094528023
-0.899954297576266	1.3870036284197065	1.7203448292960979
-1.3694203548935127	1.5239329374780821	1.5373918077208464
-1.0771814780769087	1.8660522581091794	1.3650427965227498
-1.1724691265459128	1.499449737014387	1.9514310846324912
-1.4111055148347447	1.184951301259757	1.5507427834082215
-2.1368129347800586	1.3759795361190035	2.094161167212542
-1.9535747947852915	1.669533356356803	1.9933612309420257
-1.9990190072409142	1.2509234701541403	2.2627932019135426
-2.5781019980806454	1.1462121913559917	2.2184057348521162
-2.4791851909850195	1.3893060468046436	1.8194835830438438
-2.8644580809226143	0.8943686116504763	2.6739765486894536
-3.08994273921618	0.9396875749198417	2.5345827853534275
-3.161740282628992	0.9339707339027952	2.0272420618388685
-3.4371701442086287	0.5205091182681044	2.351505733515486
-3.3060393920007676	0.12343256857310118	2.1010311255006555
-3.2050280405176523	0.5145158261961094	2.186845792830069
-3.309546747724179	0.19780480461790978	2.1228703348430233
-3.9080127564915856	-0.12225904378706332	2.2449139076862825
