0.46358798730998974	-3.7603697136060585	-2.1849632667785146
0.7426517779458688	-3.427692135186178	-1.9661094536639747
0.6987403423450097	-3.7068245887348468	-1.5203711860531754
0.9320914587948326	-3.533807053376041	-1.9428517706194972
1.5965884989142158	-3.1144163474863724	-1.8718834269707145
1.4861612112637992	-3.2244290860505522	-1.0884389607996718
1.9328665059995596	-2.8680617937591815	-1.4325329434161547
1.3418989253076605	-2.7065296602281266	-1.0070910797868127
2.2478662781819483	-2.7238525430854956	-1.1467751837581568
2.1909694091045226	-2.227417685905605	-0.8006397980459928
2.081872640818585	-1.8408132917685773	-0.7900758136675892
1.976673803427309	-1.954429627558626	-0.29369668760028544
2.7654583158012676	-1.596548510863891	-0.42326623284167086
2.202753914277812	-1.7549285439073365	-0.1062188586820964
2.562346411848137	-0.8061789802161013	0.002650778731962955
2.4303943410039817	-1.2082016270481595	0.45579459645297804
2.8048785904071023	-1.140873831682225	0.9038333063894701
2.721991784567753	-0.6728784487979571	0.8968980778676916
2.9318936688188026	-0.3985498205515511	0.9109562806460543
2.869354435958732	-0.07533654730050765	1.2441245316237608
3.1250405002322816	0.5562571496775321	1.4585206705446332
3.116833878693206	0.17999397211475016	1.583093252363112
2.8675907411800536	0.3032821553754495	2.3028245908966216
3.6203531429558264	1.1258097082914973	1.5332028297473084
3.3957686934773763	0.8954558204850123	2.4260014307036295
3.584075914789455	1.5661538415137417	1.8164180077234504
3.160747754793522	1.9156743187267558	2.0974271793165578
2.977868119960113	2.2525223125490914	2.1898855771989756
3.1443218656448733	2.258879130087733	2.6135006446690525
3.041866810214053	2.5020293339419633	1.785372882544631
2.7628638820306852	2.8305963486410954	1.7974202343261305
3.3319297255723392	3.2510699204403126	2.041597210921964
3.0271579751107947	3.666603082745155	2.181544210510987
2.384184745170719	3.500462773732947	2.479117097946286
2.5193468095253553	4.170839678610098	1.7822910547442423
2.188067692054922	4.577517129720136	1.6417815061535226
2.504087051557361	4.300035054547045	1.5260576334102933
2.0748596272680686	4.225476074107661	1.0234459915145575
1.5074739271667235	5.085165404425781	1.0093305563400252
2.0252621944439406	5.117752369431527	0.6735959150725078
1.867055549345724	5.225790059919625	0.5195840602286228
1.1313638113072941	5.340838852217092	0.5112485213199303
1.1852925506280498	4.96934655909657	0.7046556374164427
0.8710496421854694	5.161424288459184	-0.07153538050875609
0.4019054942630654	5.729789268508947	-0.010007467875462694
0.06569468467196571	4.825151881085093	-0.16105144753049694
0.21736794485023758	5.008015026391806	-0.0896284316653636
-0.4407212695163771	4.6179019745317005	-0.7264100999094155
-0.6251823427140405	4.592003242297655	-0.4153077223918378
-0.54511747156971	4.5275385554835035	-1.1067378469257372
-0.8094873573172363	4.8708095035558205	-1.2036653953030654
-0.9117880048235437	4.922027388077682	-1.2454108820481304
-1.189084629212562	4.508656094896423	-1.0115158766234789
-1.2067519501786688	4.3886959865365505	-1.4548504107479265
-1.0218830562375465	3.538205946162349	-1.2439799190524279
-1.1267961005153038	3.4125784600683478	-1.5587627583352077
-1.6616694245303467	3.7098269046724632	-2.0916541102577133
-1.366616247417646	3.284590365809294	-2.0893687417473985
-1.7510221099795085	2.674755732488455	-1.3661318063256322
-2.0964005163112507	2.28963148601738	-1.807282710354582
-1.9913385672740518	2.0579628508012426	-1.5110999343839893
-2.1273639290245683	1.8496096404987088	-1.8927592105115643
-2.073035513785338	1.2365538318164102	-1.7936020003294195
-2.1833308196422614	1.3712372333894332	-1.5623978723945118
-1.503891440717316	0.9250208211816374	-1.6500913721890016
-2.1353799186264752	0.5059817226330526	-1.350674640548302
-1.9461799906310482	0.5689335717765276	-1.3398475439468465
-1.96802130568748	-0.14819572986799914	-0.7276689448499825
-1.9974910640995696	-0.36076360857992695	-0.688934576201623
-1.2104240413932383	-0.31730616175652615	-1.1720694281469184
-1.8423512475249535	-0.5094224198309554	-0.6101918338127819
-1.108625262871358	-0.8400892684584037	-0.39951949328966696
-1.6862129904948708	-1.2477876072753002	0.08833426441349024
-1.2429741709246918	-1.5366788888559793	-0.37153218401309973
-1.312833618673971	-0.8046604330605297	-0.14812133772851555
-1.2459347219202064	-1.7136000750243694	0.2243820041343318
-1.192193818534279	-1.1572776057734626	0.3217473327006342
-0.561316978594242	-1.7091981746932594	0.6196447680346444
-0.7396889672678548	-2.056874727052968	0.8528734780955035
-0.6486529870876785	-2.5652599456587373	1.2519363187149335
-0.3353976082763862	-2.4674968561877604	1.4335205384124177
-0.41717541967363836	-2.6494483288243553	1.8372366022695292
0.31079083100755134	-2.866726718472593	1.7052783953249708
0.12269779689403018	-3.348978681840511	1.9624596778301073
0.3939506647637463	-3.4529819619803668	1.9643169443480266
0.4876974470104038	-3.214182883787374	1.7936375170605199
1.0454377946064222	-3.493635579510254	2.019272953035121
1.5977369061725795	-3.9976458682564617	1.954457784436458
1.6304770322486468	-4.1409544624294	2.6648674394893646
1.523665745823532	-4.112759972866668	2.093184295251029
2.3240029906529736	-4.3367163905893324	2.5220618758087663
2.5678871262073053	-4.2441194708142165	1.9923850115106152
2.3677882061147906	-4.326134191356063	1.8665385391923786
2.502204122022216	-4.422833798175025	1.9715028997981747
3.6089865452379364	-4.481560318358365	1.9288849134826105
3.153816139219713	-4.334954456499604	1.8432164070268526
3.5945474432733002	-4.426999546392489	2.164280105521188
4.236488203828983	-4.381223500320244	1.7181032785974328
4.446780990530818	-4.067963144368068	1.2790338168041793
4.370715435480965	-3.916551665368676	1.4833365781035375
4.729979105844247	-4.233461783852891	1.0829000899901262
4.943681754596778	-4.171635907103843	1.5163761813673795
4.858577043234507	-3.9577748397447667	1.237107554695316
5.360217812076626	-3.4818864545465935	0.6473512671244259
5.1602622543798065	-2.883892301982376	0.29831136058796015
5.265757531504321	-3.383076803591753	0.06243043497287688
5.613762731636835	-3.04032873511506	0.28822666654990203
6.016548545099366	-2.662821491531344	-0.13905962135173866
5.989862855267713	-2.8706516483442908	-0.44765875915137465
5.954803030155179	-1.9933690270011315	-0.4787675601326007
5.627603017740296	-1.8577128413458235	-0.40008574410923436
5.73194789659707	-2.292857284316868	-0.4422128575591603
5.949866098825548	-1.6545469045579364	-0.5887877758970023
6.048011185925574	-1.648763949330525	-0.7771409814069431
5.455526067777489	-0.95834428538142	-1.5238210192686954
6.072316089469751	-1.0391212204743348	-1.544577120192804
5.606413749863209	-0.46083333619033484	-1.770363760587381
5.351480980664636	0.0543373322753925	-1.7659219168888667
5.694392410859486	-0.5782221356550216	-1.8042309597922446
5.05216881906353	-0.41966183473603447	-1.9559469482956235
4.677115811293688	0.23113921746593907	-1.7242101363042077
4.681633686784524	0.22575828707553477	-2.2496186126896083
4.215211648585474	0.2393293478145795	-2.1343133128485947
4.4504983254939035	0.6431579877359483	-2.302014505565193
4.287390691202819	1.0714071487156742	-2.2196955993417244
3.960042084385198	1.3329593127141202	-2.2615236049722385
3.2532795717903578	0.9697673819318635	-1.394007238227482
3.407557167105181	1.6672434239782912	-2.0904430968319447
2.8927423413834052	1.992293399159976	-1.9412732955689056
3.1466227370747823	1.6701837329364946	-1.7784568399073866
2.179071224056521	2.060583032669835	-1.5255709892479838
2.0556545119697196	1.970342879792282	-1.6021181097353665
2.0316955077344296	1.34634604919882	-0.6688443373736723
2.019166813566052	1.4313668219323057	-0.8788781041710019
1.7868193875381344	1.8994444820054008	-0.8100179482702184
1.2373853826956636	1.8770474305148648	-0.4369568269130133
1.1720104976423595	1.8282399887186662	-0.1728575474446027
0.9344074886222639	1.53347276521636	0.3061601046670344
0.5096437432047811	1.6977875675195984	0.09547185438163666
0.749945975024672	1.5254004088690034	0.31625013381170797
0.274275471272572	1.6099535106125165	0.9091088001908425
-0.3744495051628835	1.4062827839240541	0.9185109264869955
-0.5310673998682103	1.8408915002134592	1.2888753710264336
-0.6349147410481824	2.13338239402095	1.0213066529401886
-0.7033995933590537	1.8021105213745883	1.5567028178776905
-0.6068877973839808	1.5133513442130822	1.5092998536643645
-1.2988212911741241	1.413747384625072	2.238174520034254
-1.8046193969713422	1.135489461688897	1.6465608126371825
-1.952471617882487	1.5654710207860463	1.6794913363858976
-2.1387623122654	1.0895974751576512	1.8825606265986088
-2.681262761763265	1.3877822117271112	1.7935252396289916
-2.902470538736683	1.3824679553224235	2.400357430111018
-3.1916582174698114	1.2517315421712678	2.2942948670322347
-3.2304687790806246	1.0741440459551406	1.9700559495489274
-3.3570330285706205	0.9282733801080143	1.988089974365545
-3.3518387062999833	0.704686821144249	1.8229238562528693
-4.052437383103037	0.09003638178669615	2.486271010341307
