0.44457641351538046	-3.855960809546662	-2.0589953588060244
0.2718297084351874	-3.725212145393745	-1.623562514534245
1.2258282083830925	-2.9539610880612956	-1.5640164321802723
1.2511848076050691	-2.887428356606191	-1.6460036166351535
1.8497486539120076	-2.180998430746704	-1.1389516154513424
1.7269617056645505	-1.7080458746433966	-0.9897855135746628
2.0666715068926793	-1.014208620210869	-0.4303822129789189
2.338746024150065	-1.5383127404077566	0.3153340570302201
2.485201378936653	-1.112325340508816	0.6234556063818977
2.651889563762294	-0.11263051650954359	0.8248132218784138
3.5524223941148962	-0.1151993221841428	1.5591283570039876
3.352151717063535	1.0213556655589069	1.7496318578756413
3.0464021854217407	1.4675337205355503	1.7117447966204524
3.230334020969119	1.9871622622544605	1.7948847408251751
3.0595749279000812	2.2614939109767334	2.0783484616639876
2.815500867976618	2.9588861232912373	2.507649488855766
3.234218174216382	3.590649407152751	1.6366371807808435
2.8624605512460883	3.667749216051149	1.7778499636378862
2.2560197038832452	4.176452362387949	1.2869839885887542
1.952732713531038	4.345079203598818	1.4766080889643853
1.4823540361424212	4.6500613806263384	0.7507541867052496
0.8580492357966882	5.153722477827275	0.397024289299884
0.7342274357910283	4.980645207757886	0.05374855046425242
0.02752437380152306	4.8379689068945835	-0.43631653615003674
-0.337997124251983	4.811947240109609	-0.2742933892827709
-0.41340943803303576	4.5042738172637895	-0.8899832894536363
-0.9630418791987359	4.09671704736186	-1.251481855537019
-1.7206924617553998	3.8711304389971692	-1.248644059367541
-1.4114190764169305	3.665991745067368	-1.8571433573584093
-1.8517800239814592	2.8168452906793884	-1.8085004325422616
-1.6459452848720129	2.17767389532917	-1.9927344016562902
-1.590350625182224	1.394801616081805	-2.080605197650628
-2.2055655559097502	0.853574132781736	-1.5572676620368144
-2.1225076941309267	0.09746227689321915	-1.6313267102441644
-1.8109255684815673	-0.3162757749778107	-0.9757386032106351
-1.4727744907778086	-0.42907597268270403	-0.3856837781012141
-1.2325726312778222	-0.9534244208577867	-0.5734856971596257
-1.1596758794694761	-1.528944911167236	0.47718136214605344
-0.9471932832311917	-1.988658455088736	0.7832569428170743
-0.9123897984551789	-1.8611830525927981	0.740659543371543
-0.26713279687493263	-2.5581592951279766	1.568072814414668
-0.03534001061214753	-3.13437548019858	1.3260270989933542
0.28789242743202526	-3.4171146136099706	1.8457405163853227
1.3106965875537169	-3.6561024621961753	1.8558651758663325
1.2081437210866155	-4.15636315683153	2.7712521360647
2.221857053150681	-4.169811866417177	2.2527423518320786
2.394952386535297	-4.171411860805378	2.116057073914689
3.108589283341354	-4.484911904636672	2.3765083500091704
4.179447708187996	-4.4666422051845025	1.6443222443898198
4.295823771137256	-4.135244232282813	1.4186740679843914
4.472127560553443	-3.7207321041405628	1.1269395170279257
5.155634498279587	-3.5223941448819938	1.0622769044121336
5.6023270621497545	-3.234835113301045	0.5128124214352894
5.770216056881113	-2.7321520862983926	-0.08653356352449235
5.702458142173297	-2.6843516377124867	-0.5702805211396837
6.134433754615742	-2.3850140396302684	-0.5843447369854965
6.329473120149328	-2.0134009396341717	-1.2308491320430468
5.625814743456972	-1.471774555685641	-0.7632449168497538
5.696355399928645	-0.9112215500284165	-1.7100168544221983
5.2846641961323515	-0.5365681821390952	-1.5167266426836004
5.256546033760509	-0.17637293317886554	-1.5753287277540315
4.715337689987717	0.1898883986220177	-2.227454403967322
3.992058330642892	1.4931765551945557	-2.2120419037151047
3.2598537156985072	1.181097359426086	-2.0580882685995796
3.1100156829301344	1.6128335182403748	-1.5041914069157798
2.40075121895316	1.4175563340466502	-1.0450294610675939
1.8447920964028628	1.7370122613583732	-0.8205526308995964
2.0662228481008658	1.547053516769778	-0.8091059725519748
1.1137242407206316	1.7283675492173889	-0.0928667916913899
0.5461285448242408	1.5483056617076503	0.08907597470858833
0.03566904562765558	1.4519341456674684	0.852237007845102
0.28919715533683765	1.5757717921527832	0.8124722231584439
-0.7090160967191187	1.357214946274234	1.5106525582971653
-1.6484512413753156	1.4418839552523106	1.5488197873712526
-1.891052033177463	1.2008024741391843	2.2638362454926497
-2.580659442287719	1.3288927781325148	1.9914506424089127
-2.5091847900460253	0.9323258377417267	2.356838588227712
-3.128301656515525	0.357655407193399	1.8174369012796114
-3.871252295180519	0.1711752042119533	2.1961057876521917
