-0.10946863967427278	-3.764838313940257	-2.228540820146328
0.745836280369236	-3.189988217406224	-1.8761335064869673
0.7359364665782149	-2.5850787754225144	-1.736918434750685
1.5413029306938049	-3.037808016964197	-1.0619236097625482
1.9414105663882906	-2.2274009979297595	-1.1658324136561045
2.643179219834142	-2.071939932833566	-0.9830100218694283
1.9938637675037734	-1.2990214345518332	-0.2297611787712508
2.4032789799822085	-1.4589844541444255	0.41679197691865866
2.9063477765443624	-0.4552613481914889	0.46551196078064633
3.125425427927171	-0.4551221023055114	1.2377833986851305
2.834255759033611	0.16127974638170467	1.3833362038190327
3.1904250882673217	0.8953197464821148	1.8694210807239608
3.1550423068653	1.1080057813198074	1.7874676385053627
2.922294756006298	2.177264020301354	1.899057232924089
2.9683932718508887	2.544451931576754	1.8791012563379037
2.8574228178024925	2.619775594265145	2.2428772763655216
2.793806985179386	3.171079093907854	1.6653626748341814
2.4946919274320374	3.814458722910833	1.7537815158971433
2.1913309969360477	4.194580860448211	1.4243757272978248
1.7422481632348557	5.1225558705784735	1.330310073173581
1.5809492382023411	4.6553811838364885	0.9340105984946465
0.7105504916264341	4.8704482747414355	0.6837403461382413
0.4347142890791205	4.9828396289106065	-0.2553237782576848
-0.15082909820233448	5.381590865810521	-0.5623532157127523
-0.5822312939250385	5.492528788525817	-0.994016303112131
-0.42714290301068614	4.488796718878062	-1.2308121157542269
-1.1139217069455318	4.10877576793714	-1.0885576127396812
-1.2183433968367352	4.161127132152768	-1.611157947700733
-1.8052915238174045	2.9689749690154406	-1.5247352691230824
-2.1431076096102624	3.0399302558441756	-2.1315715225115053
-2.132164978220362	2.063866702357102	-1.5573636495714194
-2.0868124767538423	1.4342835224460078	-1.9538521657250172
-1.9615550116191733	1.4091542717072074	-1.6369794502451567
-1.9938531708949498	0.7431643412169714	-1.065226862255193
-1.5826963429790961	-0.30268190649117255	-0.7849755939071673
-1.3741674429212978	-0.6447278066696637	-0.31733268253767466
-1.2470184068678676	-1.0576990520987537	-0.30251129232201657
-1.245238076961555	-0.9942549359307412	-0.1975086546162218
-0.9181126092947676	-1.815753641633239	0.45397857213092424
-0.9474899238953062	-2.2146941461094443	1.4738184973344621
-0.17727779110309727	-2.805962292452798	1.5846322612721604
-0.1377281326289862	-3.114830786351261	1.4865424791255153
0.35680789723916695	-2.9870504645511673	1.690651248137289
1.0271990723016025	-3.1716016856154807	1.8830052308052228
1.4748717607567179	-4.138996162783837	2.350748598090646
2.083158258463669	-3.5555888063857175	2.0327065910643163
2.441981465917989	-3.940239827185753	2.3206137807531464
3.216395108317727	-4.491671768740844	2.4659121479450925
3.3775110970800224	-4.432623711220373	2.335081480044272
4.239512684116248	-4.044643219568303	1.6405053867703268
4.713555613555738	-3.4988399807943074	1.171075896718882
5.56738475138963	-3.9197553740678845	0.5793571877727266
5.1313527292514065	-3.162394740692058	0.697500113965507
6.173515495704056	-3.383019366412669	0.02955806240078443
5.766198156864433	-2.869792458408206	-0.14580214916964163
5.926857002595865	-2.0510455665157896	-0.2374184689319473
6.128898926648878	-1.5883303399195896	-1.1059083884359868
5.552088264181263	-1.0418292546123236	-1.463663823956828
5.573998975664411	-0.7279365693655377	-1.1825080752440829
5.53142914115255	-0.546310317709427	-1.4196660196641635
4.70640870026628	0.10929596252205648	-1.3660439544440175
4.427062243028537	1.0455873923340384	-2.3042384456242884
3.7738810474570514	0.6545521974813658	-1.5993275403481535
3.8005675767802005	1.2294651219484973	-2.140485380413731
3.103143069939102	1.4516784429730851	-1.2894158901037005
2.67199496932783	1.4546809124350857	-1.059292847794997
2.327760420853664	1.450567340192535	-1.4288106585204847
1.1584468336663865	1.3652251230560113	-0.09843159857788752
1.068806800562449	1.855495278713991	0.0950155286533465
0.6090989812723178	2.257775002656367	-0.010929477217330813
-0.17928579574192796	2.0601900179395436	0.6375803052689457
-0.6052253822320811	1.5177811386969968	0.965485031975689
-0.7018937872629094	1.381694212466042	1.5359113872685985
-1.5733755879334945	1.6980379656812477	2.0388861673356242
-1.7902304344107283	1.2892862847600337	2.011749310832374
-2.0518524323552714	1.3885655456087527	1.905970427452415
-2.473569667013189	0.7218125065627141	2.0381669876797472
-3.229326451655563	0.622468534006534	2.1768819690953114
-3.686933978436975	-0.2841741789511618	2.6014284984156433
