-0.20186980451505865	-3.1274486288838093	-2.261016298808578
0.4306705741973992	-3.151297445008368	-1.9144257538008838
1.1060059282782166	-2.74488206567109	-1.8820327943243593
1.967684166078516	-2.7400524299526046	-1.5805597803011824
1.9118779867909992	-1.8812767275273048	-1.1862600607047757
1.8301651399944092	-1.7179742135238751	-0.7027808658042569
2.5674849910101374	-1.4339693675025909	-0.04095374696256715
2.8101920734436936	-1.571068270886463	0.2410106203069451
2.5756241943901346	-0.9466344474241396	0.46589072220900335
3.0356684570215386	-0.7155955889437833	1.3205318761353968
2.8763737544675725	0.22981840694642902	1.5013693320696986
3.135589632841049	1.0185615985874918	1.4236020228834287
3.2079544625892877	1.0571511520680725	2.425970093063493
2.931836723028565	2.0982529525356353	2.113672873845274
3.541725683827446	2.5924267926037565	2.036835179136056
3.312423026073401	3.156029965004861	2.1670282234489804
2.8203106339496986	3.5733052953801137	1.8190721269390966
2.880778618948545	3.899750304752769	1.9531612979103863
2.4126428489330847	4.590006095887489	1.6402526667085815
2.18395928465527	4.533688196522137	1.0814943016744631
1.6057079741643023	4.88907120296501	0.8638612593701507
0.6899650364872777	4.989467602224668	0.8688688039555003
0.21658816348371843	5.586296056222103	-0.298530532126681
-0.19684483745121972	4.844143097260514	-0.35030111227279737
-0.035516548770442635	4.878775810794939	-0.5720161213197598
-0.7289768633704086	4.696585985953059	-1.1959233809739471
-1.230585256784749	4.245426646340989	-1.4357253490201427
-1.1272540028193232	3.802521359712576	-1.8395020389463128
-1.9613748220707783	3.4885397316247904	-1.4279916414773999
-2.0449278945363045	2.421056827870478	-1.8907758674089306
-1.7350722149320876	2.112949565370977	-1.6310283653459625
-1.5751447937036893	1.5972943545683709	-1.9024648476580395
-2.269926448075733	0.7264117561245823	-1.421165501202449
-2.207184763296015	0.2027474977356438	-1.3724298110734254
-1.5115705660386565	0.10115290412983291	-1.1540103680088691
-1.4324526671460842	-0.37026527286205035	-0.9379118937537314
-1.3773675012810742	-1.3287483676797716	-0.59735086691711
-1.5093155586050648	-1.1601888043157265	0.0036121861089750684
-1.2187984042344766	-2.1091710807275064	0.6350183185590521
-0.5671479800162936	-2.1365733562310396	0.7983109380898683
-0.5841806522433785	-2.58187154117559	1.8611725659772347
-0.11638942051782986	-2.964706336965846	1.9295121386707852
0.7276185158905748	-3.0928433282489363	2.059199578101855
1.170406136798043	-3.439969847429659	2.0257610016230454
1.4487419824965997	-3.542019559747526	2.0466892238928382
1.9146394669868032	-3.6332034875089194	2.2225116655968855
2.387110544819688	-3.9386290939458863	2.1682306275444403
3.0581964567322775	-3.7285782291716254	1.9825642482371597
3.5789797887711763	-4.613972289789724	1.6625911560561337
4.677488937707161	-4.337365515864685	1.1911824826732953
5.121571443585598	-4.145864363745732	0.8980679909655547
5.520113214192665	-4.030451891490307	0.5683594123929326
5.805547733997864	-3.4592582491006123	0.3347317559864518
6.109156095323033	-3.2528785459917584	-0.07003897340946882
5.8608365191025165	-2.4986871758912623	0.1546052455754079
6.271241206500797	-2.260285382779735	-0.4408183613417115
5.846676504568038	-1.7496600350638032	-1.1888687062375243
5.749283794667997	-1.050499705695294	-1.0729019807891216
5.518534889249366	-0.9369043455310627	-1.2214935267229157
4.9508616541404775	0.2804665519889977	-1.9076521175183978
4.766693102783632	0.07004079101420185	-1.9166686255338008
4.718022606349059	0.6075249575008499	-1.6691544841576196
4.192797551788875	0.8284979157970618	-1.7375965645739542
3.487667191539962	1.5003637012292348	-1.829296814703652
2.7578670682616995	1.3012509763273425	-1.9021189011455149
2.444878575065854	1.4296344143958994	-0.9894965855537378
2.30309810415942	1.54257618195709	-1.229145240945455
1.8716592365552533	1.4704495718493709	-0.8548237691370189
0.707163734248944	1.4709695352063767	0.15866297346141156
0.3842601691185248	2.110278137842684	0.3541848976151052
0.014757167457102843	1.9714550942194156	0.5944798704138046
0.282735397781004	1.4728216140794113	0.7913729358818115
-0.8898547606937279	1.4436509598484653	1.1565260285339805
-1.431664960974322	1.176825875020497	1.8189591254613986
-1.9802252311247348	1.1168669445197323	2.198447997963029
-2.148287028042043	1.3057950779890364	2.264020450711289
-2.8653864017089576	0.622203049719591	2.4291680099723187
-3.6131007261907255	0.7943686751157509	2.077887271324157
-3.8382042332972026	0.10283194030271214	2.3766504377075783
