-0.01972105164791149	-3.2614504632407035	-2.1161441679176285
0.4168232004421754	-3.2459794913005524	-2.06073078569946
0.6563015070008753	-3.3089842551865236	-2.0971071473500893
0.3539105705526222	-3.711773206402768	-2.1178970956186745
1.2006962868504836	-3.6208387316391635	-2.099203297831564
1.3388257105695152	-3.499278783265404	-1.571770477121139
0.967449776857061	-2.9324103242128627	-1.982444497034269
0.9593230922118895	-2.7016272674633584	-1.4935937795407959
1.3323913132864629	-3.0878216982605764	-1.758164836443417
1.29749401385362	-2.370149536746778	-1.1170451209357344
1.2749306390489399	-2.628555154373676	-1.6015064857174766
1.6689726372665483	-2.7200414950974654	-0.6386596223001448
1.9789988471621456	-2.3336021282779957	-1.2120493498642637
2.480866137008543	-2.559394177656552	-1.1792402705493281
1.6548606926301488	-2.055393297741876	-0.8640074494621789
2.057167333752142	-2.1454029342219503	-0.2052539769447148
2.0463115964819827	-1.481492895432737	-0.7334693041087331
2.5911165574213744	-1.9207929288273093	-0.3554044628242058
2.1233296351603053	-1.9030874071987671	-0.5719418343216021
2.4272728698719392	-1.2903849462102306	0.3038111432886871
2.6029775171796667	-1.5478017160104962	0.5517708076623973
2.7080511974443593	-1.5382114600203916	0.1450953337399804
2.625656272116653	-1.2869430584314543	0.04656669110846995
3.213988068127847	-1.2084981468575684	0.37659069243922755
2.518955547154822	-0.7635889217737991	0.6857281603309451
2.733969744717278	-0.9912992004724912	1.0322900337450318
2.7534544746430476	-0.8128661908464155	0.9927781427879635
2.7786939908512682	0.12481297305612804	0.7524094075136184
2.8017419396960417	-0.37641004490244234	1.660062062900961
3.2327324594929507	-0.016207960709991642	1.1457164079934508
3.1322780208630028	-0.2872017042764096	1.4826351272172833
3.0475363067913044	0.8385412011899072	1.3135054974010056
3.282652673774759	0.46417778608060134	1.8729386642375547
3.008555363551237	0.6807235080514435	1.7005136937308265
3.6194548762034047	0.9518514752549683	1.5199615061249485
3.6540241907467697	0.8863073114554476	1.6067006365424077
3.516177869818383	1.3482295527613464	2.1820828969296127
3.5094645487897016	1.679272541180452	1.8938559163641857
2.9895091463736865	1.5239665655686268	2.177668825240698
3.40694686754773	1.692053815750441	2.437862190554534
3.0590734849399692	2.0769756176362266	1.9799189913734319
3.274833704321728	2.5842959835874497	2.2086502219004154
3.2800389495921842	2.2875025239363027	2.388526285471942
3.6263910783259083	2.2346706366666367	1.9633169809013769
2.864825018195725	2.9851015155054585	1.7801454504190457
3.385046697658585	3.189856647160288	2.0154464582744183
2.9657988708501986	3.3138096900497467	2.3202217518379618
2.6734373825590807	3.17000326703658	1.7107430673675292
2.9133293473157464	3.6874580857620516	1.9030530053838226
2.480113911761354	3.6154504980993525	1.899323518207317
3.1984421201458213	3.4668203312807	1.5152563123524125
2.4018970952226746	4.04527682748204	1.7287616501708856
2.310888712593614	4.0408771568505575	2.1956325250876336
2.030540770781761	4.587643706841707	1.5813421870635214
2.7068995035574877	4.512859770902775	1.2160779994094422
1.7583053059587934	4.829479992989865	1.2856612756051335
1.9758152263852846	4.781159050350019	1.0778438452812573
1.5200972457012112	5.186488653368308	1.27467643776183
2.038044421002915	4.998343882161877	0.8217311528829534
2.0888978164283527	4.612098415905808	0.6908708990674599
1.1486770280026855	5.131393598586867	1.1354951265480033
1.4258111948985166	4.901830995229307	0.8537156717138068
1.132119640516064	5.365176760349916	0.41560889204797913
0.8156035921808892	5.184265686220199	0.5212413239353051
1.414027106243236	4.747206518221775	0.167968169243268
0.38128664790797256	4.8092189414634525	-0.01364981783168115
0.6534873239731855	5.412026402838368	0.24411415582610407
0.37874820868766984	4.803896443247999	-0.3722850491988326
-0.04757911460475099	5.3801381251581955	0.038460442066266864
-0.09250480140876238	5.468818975095055	-0.6845221039610236
-0.2856785407596002	5.2508612285585885	-0.09793800397509922
0.07260133141348779	4.7025089144666525	-0.8694208597288696
-0.24156051623717922	4.802296565997026	-0.46292946693365
-0.4250197016625795	4.888735369165181	-0.42180155509791906
-0.1957950975426237	4.836606907960905	-1.249799113956818
-0.652739669110159	4.75084387709935	-1.1867801795756905
-1.1526627215717389	4.3317273538117	-1.2205420003872645
-0.7213723386518597	4.249084916140191	-1.267012198759339
-1.1026067857714847	4.418592628203227	-1.3025264853034044
-1.0702007823316937	4.399458075028781	-1.6843725281740796
-1.1495203963948748	4.074776184612951	-1.2512416168475906
-1.2062205451195074	3.8244697861674264	-1.923941741074797
-1.3682769144000606	4.076615403155415	-1.7678361128625661
-1.7757951030263737	3.7779195103991503	-1.58679269878479
-1.861013598033741	3.533287074827501	-1.9654818102395684
-1.4371600994507567	2.72958354946246	-1.982275244963585
-1.734589774616145	2.7483624782244602	-1.7707598117458396
-1.6691695044450032	2.344765182846324	-1.4150341627548668
-1.4073693975793429	2.307387745305686	-2.1823353697430043
-1.9241416438017678	2.7267295305615624	-2.170978823185779
-1.4800536717412984	2.0334750874707646	-2.0267514182801953
-2.1335556714340314	2.1587324180466014	-1.5956840007220827
-2.1210785587402414	2.1879220655406324	-2.1221872778180675
-2.312116470546315	1.50611091051194	-1.7535093091611391
-2.0371723517772735	1.7584368614394115	-1.7383609498416974
-2.1851468264395613	1.2255446246898742	-2.01354335399683
-2.2798376281625305	1.4142833691084087	-1.9689482040626431
-1.9882301834804292	0.8300598826369814	-1.3205286666617162
-1.75274986601159	0.8424702189906752	-1.7499590136505718
-2.1369522402614765	0.703765682219663	-1.5492667600854444
-1.7476929047531389	-0.0845334636279784	-1.39072083431452
-1.8500574276173256	-0.11535808194904107	-1.0837914525843355
-1.4925845029949485	-0.37059582052642437	-1.4500633601693411
-2.032890807502418	0.19295489766003515	-0.8930617894941723
-1.6701803646059166	-0.3295400214436397	-0.6507980449827115
-1.7223445575993526	-0.5875216723593003	-0.6551118501422758
-1.6000963026830504	-0.5566024285757913	-0.28029996182485295
-1.2553875506559695	-1.0879484467522795	-0.5654622160451643
-1.5072722071820015	-0.5351560178879544	-0.41858234959152685
-1.414315017905126	-1.2260152905536463	-0.04967537338156336
-1.5514553200284191	-0.9499071958418708	-0.2715842577528732
-1.0494296731260735	-0.8976589659815987	-0.056786377484026374
-1.3393707627510874	-1.7185017970658745	0.18813843666890873
-0.8618058201249154	-2.009548209435547	0.432158566499009
-0.8356891335039713	-2.0373883884799566	0.28788668550111457
-0.8924700314160923	-1.4560483834053484	0.6997252289184168
-0.7715904736939739	-2.0752863629586917	1.2385176186670654
-0.30829992782238236	-2.468447501851544	1.2107659444605186
-0.7923573145100283	-2.5408042145393854	1.478810163545608
-0.2591839166205019	-2.663610883131731	1.3523656590822823
-0.16978582328255054	-2.2927124941689705	1.1447211154624197
-0.6110321852458958	-2.2216316384569086	1.5403375089557754
0.21569792637072227	-2.7862947129776923	1.377577702355237
0.41427578290474354	-2.823166788991263	1.3872143754921846
0.4472265915453214	-2.85078047225789	1.7729980700773393
-0.01439053090991392	-3.1116822346601594	2.0838685008934634
0.2796792928185745	-2.777491121029987	1.6961202607326167
0.6598299236986784	-3.288413369669294	1.8374049241479662
0.6600882889805456	-3.4758551975942233	2.5585789142345057
1.1555275588497596	-3.819896819527181	2.3271768962136012
1.0935872488375498	-3.4078919309594946	2.3269405064371336
0.988185523414066	-3.73921256027506	2.6545668268476965
1.8000633145853904	-4.121719340673992	2.4543701387280654
1.6446803274955482	-4.234764770262384	2.318025857115038
1.7642502798574178	-4.121175031074825	2.7532236726090424
1.6996156780516787	-4.274309600437504	2.3051061849499925
1.9494867254338504	-3.701331893195107	1.942317160258142
2.1334306928635076	-4.25742226503109	2.7150935588991842
2.3427337726184403	-3.8287885072585297	2.1271601083201372
3.0370574349737653	-3.9940480108558964	1.7895348282615635
3.2226161904212276	-3.918650888174097	1.9096978969841274
2.831664572480751	-3.743602348417012	1.8739173116118568
3.6968493808498435	-4.251899761635014	1.798720525447781
4.020248750619048	-4.591364978178991	1.6468161103980998
3.49122317011697	-4.548171907667992	1.4647837905590801
3.6177970059088276	-4.0464297455128575	1.966066012241909
4.045241441902018	-4.288951721033738	1.7518905899683266
4.113051709938346	-4.24462990025877	1.4538611173993778
4.792457855480306	-4.252565762383949	1.6497570887051096
4.405150730226044	-3.9687791340828795	1.4953208479047775
4.6158011885034185	-3.6138542787788994	1.378696548378311
4.746180262913051	-4.189826888284751	0.9482230733282893
4.8182938005853355	-4.105806899442075	0.658928396842676
4.940568112156394	-3.144910845052986	0.7981075899864523
5.1768669380569206	-3.7880973954263943	1.265353638315937
5.126842183310755	-2.9731709982662236	0.5672730466196134
5.413575489910215	-3.124857464404689	0.557866519610044
5.22241084522871	-3.3905174021270996	0.9884944992574464
5.268361584183646	-2.60110763393993	0.053728955352752586
5.417244543545886	-3.1328850646271396	0.3508343839295598
5.721437091771714	-3.2702482149487935	0.06996967213424216
5.832716228257461	-2.454289398130822	-0.24108240322765628
5.752168285967828	-2.8086660783566213	-0.2880341435886238
6.143103731853097	-2.6952186857296048	-0.3383445624252799
5.5649810989893655	-2.173037198852263	-0.7714266908790332
6.11601130957722	-2.339043705081644	-0.42025888834768244
5.655889499236414	-2.239166815531474	-1.0544168251754078
6.010839330134615	-1.7237825115944787	-1.203032247164002
5.745232727428398	-1.9869734984199752	-1.0748460281934202
6.172171015599467	-1.863528883314419	-1.1024939664361537
6.139450869945135	-1.6663590400356472	-1.3398809587227682
6.1649336611670735	-1.1969054686029972	-1.4778249992815549
5.795440110658073	-1.3521592787329286	-1.5817069295355015
5.640078501512432	-1.0725751427812433	-1.7540342451630568
6.005014868409472	-0.8634264768668021	-1.5341282916338086
6.022480091866202	-0.9241399402184836	-1.7769612173901828
5.200700877219436	-0.4947408957816416	-1.237451394342501
4.975153495510091	-0.05302907312094596	-1.7486554981708715
5.641038265497781	-0.21192202608532135	-1.6849132381946472
5.262090188841784	0.08747926635864134	-2.1894294853993985
4.715609953263543	0.44247021370588974	-2.2314905613789042
4.860208137910673	-0.044456084144051125	-1.4479528951132457
4.3521955102886345	0.6657704556574885	-1.8669162957656327
4.239066263531497	0.4275366608646082	-2.1584340196813314
4.746247278580697	0.3658415129135463	-2.0824057666241833
4.339753815289047	0.46298055573097546	-2.194796387970316
3.9857055929051817	0.7016096097024416	-1.7171306303389375
4.310223447873505	0.6672049012856632	-2.299197040472915
3.6314874836259117	1.4190278770075841	-1.9799474837487452
3.2587147045068456	1.2047989961478622	-2.0910065295973275
3.4130695953756964	1.0755499351161817	-1.7696342409248131
3.254795252922401	1.4057484488190093	-1.381844366498812
3.3488420581731093	1.3787661026358533	-1.9468265787807506
3.0431933422484705	1.556427201422401	-1.3500297931525684
2.374074341006726	1.4075675513819246	-1.794120194590807
2.22600258326725	1.226195667812402	-1.067871947421493
2.1990046406399557	1.3481663038185812	-0.8753959238389204
2.14366953816433	1.3358350862881294	-1.3384643531248381
1.6743750558307524	1.8812251256383297	-1.033425486183463
2.0843738141645143	1.6616977286821104	-1.135800731551072
1.4375272459171242	1.5927173053684305	-0.8440689940422884
1.1731560463676087	1.7639733247398732	-0.7187074863892674
1.0154868556249645	1.8537633824039805	-0.18112456579128866
1.1052509885367696	1.7476692306330288	-0.12657928473182845
1.0820886661943736	1.7630604990131273	-0.5394076682815837
1.0810129614896506	2.070303557431868	-0.28704885080673115
0.8886463336314758	1.5836967813465606	-0.2874036688256656
0.6252155422256905	1.9869108294186022	0.11781790328220912
0.39652941387375606	1.6852008345508016	0.22415898118190442
0.463084785337764	1.6399476383423783	0.1264239342212901
0.5253244943637186	1.4312386825938135	0.38900789100596206
-0.031971216392295	1.5870472855430595	0.7204387766311682
0.1445148816805112	1.7498975078251293	0.746977635052482
0.07859609223816344	1.9143287360860792	0.9863169463626579
-0.7673539758580984	1.4075697978191588	0.9550421737150763
-0.745445986458168	1.829069612538444	1.4403826917826843
-0.4517071294935725	1.3928118530873996	1.0786453559996472
-1.097454833437526	1.9771174586623692	1.2719276624155111
-1.4368736698109061	1.4533062270291681	1.4801267332678485
-1.417527418989288	1.1818768194177978	1.624119672409654
-1.2100839808362607	1.535277735765053	1.582742356315122
-1.6571346142872792	1.409968920980405	2.029126264324416
-1.8240289150150908	1.0548903023739609	2.346220375512392
-1.5045780216504578	1.0455942526009778	2.05622533243498
-2.2444437469885665	0.9333397373588261	1.7214936498545512
-1.9267558553341775	1.2251431047904333	1.793459520345512
-2.6756906417860242	0.7763028588751598	2.1582437963668455
-2.5131167824390372	0.6066969433674582	2.202579900853106
-3.093829649919664	0.5870976232625991	2.701100953898667
-3.201508811479916	0.6749505764382218	2.1530768658098087
-3.3931401341806335	0.8948507066451206	2.3639747363962647
-3.519945899714338	0.23635473103360088	1.8894558849328997
-3.3708853600219295	0.6060879198369447	2.088277577309863
-3.740276851569585	-0.14402901332597223	1.8817836655806137
-3.96699951222131	0.0826728730362345	2.5383225271196084
