0.41782176602858234	-3.930129597777545	-1.919677164338791
0.2923098431618289	-3.911607069194468	-1.6308035481802832
0.6834093209217477	-3.1845706730514456	-2.1855722479511197
1.2732370180219927	-3.4645869349954994	-2.1068864319442833
1.3541786729188277	-3.421148918107045	-1.3869418462800445
0.9731706288235518	-3.1900942902721665	-1.343000421384974
1.993489055472651	-3.010677609137052	-1.6117825404759056
1.3950382547928846	-2.5431002957886735	-1.484617404575323
2.4181391497107327	-2.721166899253031	-1.2002809621110615
1.8550594636824869	-1.999338495784789	-0.8395285957267938
2.0331927471831728	-1.5776076330726823	-0.9321910850807626
1.8582347851083012	-1.6791585970256326	-0.5878780550453822
2.0293014473735584	-1.8583515614636743	-0.13947175571191595
2.94953683776299	-1.4781619498273773	0.02991359477000438
2.375556084831629	-1.3410680536977502	0.04244906017262362
3.060556786720709	-1.101881015308812	0.3851913581232317
3.2106705473729424	-0.8492342319570597	0.7494994095543674
3.0139726239537676	-0.5395535484844916	0.6848730549162579
2.7941214810451798	-0.23598204654936072	0.8853331122522556
3.1816839589776804	0.13438617632281047	1.0986053209603415
3.1829965727387215	0.20218540947232339	1.5217868249983026
2.813516165295524	0.2648580889865036	1.6389735347519911
2.9747707375495898	0.7227459907123397	1.9206507803582769
2.9690769238689594	0.5294129135496981	2.2040012850298574
3.1026207085294697	1.306137055646286	2.1403481546042933
3.0823580580949	1.1859712458201495	1.8693714624623983
3.3439680998240333	1.8072050016460501	2.3341608818300665
3.0733724483026745	1.8708664944596143	2.1771061271516357
2.922847024186913	2.4665102503750953	2.043392576108618
3.152825368962987	2.7720223436637155	2.371190587337807
3.1268222811903805	2.8863681453801524	1.8758568336176396
2.655859839543008	3.266752115051349	2.2842594731122534
2.677157325393654	3.491042778138346	2.019593579898979
2.761364107036104	3.965722671232677	1.689378620893549
2.4411726835584666	3.604157959753704	2.3484164910824585
2.738634871791956	3.9946922858670435	1.772139915989081
2.139070442871841	4.711205667792303	1.4300542427927703
1.7500610359643716	4.502912447764552	1.083049479800853
1.956495776566403	4.366340341465671	1.6899320938573532
1.539953485746117	5.049143437209559	1.2428108847014925
1.1984378480662976	4.6534393939287195	1.3939851695555576
1.0225787861897764	5.23101449826862	0.7331280470379056
1.119896720791389	4.853682981132373	0.4086370757852755
1.1677674655620196	5.416319117086324	-0.033342676372751026
1.0464208511792426	5.030144537113368	-0.0034643930877311657
0.2093222284075329	5.48991820806454	0.059482228331106946
0.546569748315079	4.721591247525054	-0.13703102884580298
-0.03879902603619895	4.938214522278676	-0.8074197703001558
-0.6311666740690488	4.578504413966378	-1.056331533440503
-0.25134674274508617	4.635936291321528	-0.7546311807913083
-0.538318230100392	4.614305082229016	-1.2057007154296677
-0.5546784112436662	4.276619330306059	-1.4448585970631491
-1.2537492789202103	4.3142567448111215	-1.4502253337548745
-1.2699899246187099	4.352994273922688	-1.7458849798221825
-1.4412497303729015	4.01091722621772	-1.387671233130631
-1.6054662080993023	3.863501025957896	-1.5952993769775854
-1.3700036655744714	3.2135053562251983	-1.8456980969375334
-1.4006144413034913	2.674971430053825	-2.1366682308896205
-2.13825289019667	2.532056694597994	-1.3504852189239864
-1.9572145777737853	2.5186701199926294	-1.5947825335523391
-1.6462077669413184	1.9939572229300477	-2.148474337129274
-2.123889204319867	2.0297429153076836	-1.778723736040675
-1.7182667461783483	1.4270936983940392	-1.8703079424850089
-2.2242217873265817	1.3710387656435747	-1.564738374380854
-1.867664414628403	0.6897414431215327	-1.3537193807700814
-1.721507123396905	0.5816566259163484	-1.4847584235523767
-2.2071100808920225	0.6272070053412078	-1.2645957365359872
-2.1013167418697174	0.3900003407070053	-1.2559230890415232
-1.860570355675152	0.16522909005918562	-1.1121852533799128
-1.9019149484230442	-0.479684553132918	-0.615823319008783
-1.6535915008746342	-0.7360770855255536	-0.947514503686628
-1.813691132981083	-0.5138334820072228	-0.8217414574030003
-1.080765246046579	-1.0135419514565194	-0.2617849161033112
-1.2797521021565461	-0.9808893327395058	-0.41367290987258154
-1.4710096010644973	-1.5007991274953674	-0.004586326641607741
-1.324099962649286	-1.3150492762365622	0.09547107683433903
-1.260361717985218	-2.1316734365333403	0.5322777484158422
-1.1246336130390842	-1.4797775381916	0.48819836278240064
-0.8916409690114501	-1.8541481993956697	1.2996126975767552
-0.5740578239154489	-2.374883184862534	1.4378262788841236
-0.5576754920847312	-2.6624662748145806	1.8539928141903408
-0.22499772313500688	-2.9512967944909416	1.7832835271815994
-0.2934631380293624	-2.5771515980854045	1.6815051507639187
0.14427402950669146	-2.629626162058976	1.61585946761868
0.4531433077679031	-3.1747599706276657	1.6052893301767717
0.6351622804097268	-3.4040534075879374	2.452877470376847
0.6299999215657273	-3.2825279743137594	1.9253916091433512
1.0876163154792229	-3.4205377486265203	2.0938603935052114
1.364370917088134	-4.197200359363257	2.508747589703107
1.9082530918413434	-4.134568593741824	2.2385304571097127
1.9980499151844595	-3.6615692901018866	2.1455879638898967
2.4459100209988964	-4.390029979614148	1.842183484902244
2.832785175379387	-4.061295683926872	1.8233436192665904
2.4901140049587696	-3.8173259435497022	2.1299176077545257
2.8499242600388945	-4.487158327374941	2.452934433071526
3.0880632743833165	-4.205749441971801	1.639017199161368
3.5648315453811232	-4.258655394611401	2.2067670278008347
3.8768424012242066	-4.013509076407076	1.4277942955935818
4.0428537447710475	-4.044323543550571	1.2754161472210321
4.606386563273774	-4.290026623122519	1.7050988451162525
4.651342317320105	-3.9559319770708523	0.9602520506987279
4.692533722242179	-3.4073478675159468	1.1379882186366062
5.1541247687073755	-3.9920642370271224	0.8994495801207916
4.966910957415932	-3.696792067828623	0.8589088651351323
5.216911246847457	-3.060229057149019	0.5951188457327241
5.746372127572364	-3.442926254228078	-0.008978955579627062
5.947920151559692	-3.2526192680199286	0.3336123902070406
5.443972634708189	-2.8619426418512264	0.25034728794824157
6.324012692232631	-2.708986988032339	-0.44999138015525564
5.698645166402827	-2.762437707112396	-0.6723765219014562
6.37134563345405	-2.12693345242522	-0.7051815862909634
6.401605863150724	-2.2299995983939507	-1.0412484948505571
6.059130890259083	-1.6701997007131417	-1.0690372760939608
5.96674514732659	-1.4618738680414411	-0.9548889347812574
5.708145166086493	-1.5067755182575755	-1.3401616783708707
5.410953799426536	-1.2436445777696175	-1.107094460352965
5.702997981132566	-1.0638737321427918	-1.5251021811560395
5.341004075853722	-0.5524214613061741	-1.286882980981914
5.366105973474552	-0.20471248616904325	-1.779588970076079
5.261253422849311	-0.011837083879348897	-2.006043414135297
4.862535844902118	-0.049350661682306896	-1.9089974412603907
4.516309529297742	0.03709819636005217	-1.6823231879561413
4.740254750114798	0.3336482380724536	-1.5547962260632473
4.672126921967143	0.5389498793446117	-2.1988193477084335
4.375946403286766	0.5621898230854994	-2.3456951267069255
3.56743549127811	0.8527362687361559	-1.3520461295683193
3.836401800301153	1.0757595953487677	-1.9575703394074395
3.105312238462037	1.5558065918730462	-1.6835843812936375
2.897128451618896	1.7141730736663359	-2.0519043631746396
2.895457276108056	1.3438756595319152	-1.3017350017509857
2.407413495735002	1.637025897849719	-1.6779962211122124
2.079784116214717	1.2734723267509405	-0.9602016893165317
2.1538200934740948	1.6337257201526916	-1.2448446709757253
1.7009956526988117	1.494625976114716	-0.9658474133448419
1.4700656147788014	1.5680042693303162	-0.4994400721923212
1.2916576559090271	1.6528406054579776	-0.03753148092456993
1.0508610378802437	2.1356668699379244	-0.5332430503140211
1.290303846622911	1.6254468585489978	-0.3655984837021408
0.6869418592556299	1.9205166393487136	-0.1824113693142437
0.08932043253298898	1.758452289980154	0.33697794035610107
-0.01998143400766919	1.9924084720562796	0.8036823082274052
0.19258476637239125	1.4166685420532326	0.8350796921805068
-0.16374131514965717	1.3726707008562968	1.3307790351336917
-0.10266813455251744	1.6610067447433168	1.1520363241220413
-0.8422217774549925	1.531605442853678	1.7498631603798245
-1.2839640742132705	1.351471293257628	1.7867723552223354
-1.238284028509917	1.2793101748789015	1.358051345753141
-1.6816694165450936	1.3873909092160313	1.686008926498318
-1.8543611057058178	1.6825780454911632	1.7480480733161328
-2.4114552715299613	1.059993922702696	2.443133484677034
-2.3081848140029564	0.8727320987037824	2.0902802057872645
-2.4276411246171135	1.3501774668195363	2.074777600712918
-2.8599695495687882	1.1698872563539222	1.8934711657706207
-3.31440232904928	0.6257170966882742	2.4437297438999495
-3.5193891384574907	0.6030152139626302	2.005948817304936
-3.521204175405895	0.06874539914647079	1.8289362255692112
-4.081025546882419	-0.19270862891439067	1.8782541369036143
