0.0026303238940679208	-3.9205080911330197	-1.8082175390195774
0.7660841929987456	-3.948198812585268	-2.137017492955039
0.37783669039096	-3.4330911856741264	-1.5712190265454622
0.910022290700236	-3.5038294552729723	-1.9696080610914573
0.4017145487971199	-3.111208685240671	-1.384711576477153
0.9589894624138333	-2.9454784052971164	-2.073317564189784
1.0172257234354105	-2.817945162599115	-1.9212292228326464
1.3791003521232308	-3.0994933160788856	-1.8508018250169287
0.9709686827683779	-2.864155091909107	-1.086061596642943
1.5579721130887918	-2.2606111314666593	-1.6669326316152921
1.7756906665195773	-2.3797228780568593	-1.2826718911235846
1.8466916648794904	-2.546027496211306	-0.8627718460638566
1.4971414753205372	-1.7792973981963873	-1.2524644266980465
1.7889128708703947	-1.9604006078969867	-1.0854672857664345
2.4434031901839504	-2.1234493792122593	-0.7737988476701196
2.0375343520520617	-1.8988690957269352	-0.3439842028867467
1.895171326814615	-2.215368107765552	-0.10153936427613763
2.23779844884383	-1.732908726603862	-0.34539223724633095
2.226706657464599	-1.5582960403564339	-0.3638225313865394
2.5046381982793604	-1.779982328426636	-0.24854774901442578
2.1989833255201097	-1.5059963690827227	-0.05888915709508086
2.4427935980770146	-1.1833171607227102	-0.02769304873970968
2.2840191214395116	-0.882053844920949	0.0946437126137108
3.0217914141073363	-0.9457869228501024	0.774035669324105
2.8892298325314836	-0.8175026064987801	0.5071545475211467
2.725634392184019	-0.9150567659115506	0.9784408272775771
2.744344286878812	-0.3193181935527837	0.6919983621707521
2.943378660342296	-0.49359298878135704	1.5571365877181294
3.5612443819619544	-0.3015612237088324	0.8991781117512881
3.1437629940471528	-0.08256390088151178	1.3093481896354553
3.1951558484819595	-0.04025297868244454	1.591064894461442
3.595217433207093	-0.029339821339374655	1.5310649635485014
3.4533330588507796	0.10509437807392372	1.381729820728753
3.169570152049699	0.8223153411223796	1.8994899001904857
3.1024582001331584	1.1380049464748054	1.7329437351981243
3.5615055162085847	0.8173515430012341	2.108051658538594
3.72507997634558	0.880268910281502	1.9496918665283622
3.177269494842302	1.2950628756533744	2.024889710543616
3.181430543813333	1.792424519330631	2.3281621019191965
3.2245432325075543	2.2443191764478776	1.7916434966733992
3.0899849966133854	1.6488097102731483	2.3359008365178724
2.9531195662465572	2.5527069123150854	2.066138975068306
3.7566295681296182	2.0760015858102667	2.206846782117676
3.05966891524122	2.328685966074231	1.930502833937591
2.914240408144511	3.2940028670987855	1.9524388970025885
2.833628370328804	2.6860949756561876	2.292827274130061
2.687841860571931	3.288912311496639	2.121931807883167
3.379461203290553	3.0493997812281246	1.7900821605173705
2.748430483221547	4.043954300159549	1.7925000237680988
2.738966227561061	4.068487442805524	1.62702961646741
2.4586026223882342	3.838367441985482	1.9769401266140514
2.444135341479943	4.0519556249836235	1.5182219532720214
2.170719772141028	4.694142297883291	1.5623695171933243
2.1558656304923685	4.308146465724437	1.6266099349854706
2.6421457092563636	4.16733040551543	1.541000015044889
1.8967055931640233	4.974687756832889	1.110288264024736
2.0928740288103773	4.5997396397416965	1.4496761707072743
2.3206761019071434	4.620428318790542	0.9601020854995231
1.4886783563130022	4.8866023493503725	1.2671894611865673
1.888420651874913	4.827904172767056	1.2275972740906058
1.9521702985970788	4.907576414922721	0.8478013957491128
1.3467229888649144	4.828392776573578	0.5964816881434265
1.7831353107963879	4.746010693857125	0.28598681115149827
1.1587442845825824	5.0517105451602	0.8325887903864889
0.6100781139257435	4.854912840154728	0.18560257231199276
0.8304936835007224	4.892669567145252	0.43614351241135085
0.5948970847119965	5.004025314533933	-0.1863607891360528
0.41733518665886776	5.178043315417803	-0.3901095919361193
0.030499483956674636	5.437574746917521	0.0999249705487264
-0.07018992315925043	5.3181396440393565	-0.37403259529959254
0.05527151695585786	4.738949783879493	-0.6580682357690041
-0.13230213330769347	4.699836274647331	-0.33651027322630056
-0.5501933907549117	5.06036131176044	-0.5123134880024216
-0.5742487321226701	4.512254670170043	-0.27243091718447365
-0.45461500718142067	4.685422882483793	-0.9793840867109868
-0.3072688659047106	4.558048960327914	-1.1082324684098406
-0.902620710332804	4.134330243018191	-1.235518805680504
-1.1636162343645893	4.55878519772236	-1.1110585689374273
-0.6499364165611845	4.229893931046305	-1.3023285538805474
-0.7433281924288899	4.277490734158716	-1.688754422793815
-1.5019976917793167	3.647379380896098	-1.6380395323489898
-1.570741113923435	4.204788179611248	-1.4467148865371384
-1.6716493793950529	3.330453318793415	-1.3450039323910183
-1.2061800636505633	3.121945077332498	-1.5613084756371545
-1.3224281901385309	3.10436121017274	-1.9919586187466545
-1.6704174681422164	3.123562254279793	-1.4049258238332825
-1.82563581181806	2.929671922919096	-1.3315142637899768
-2.000646567883438	2.6249474339556578	-1.604139873596117
-1.8400033984895512	2.18295566535806	-2.201769080692273
-1.5312554808044112	2.1818879956409596	-2.2379462150413847
-2.0615458109368214	2.385472131753366	-1.638988014993699
-1.7717575240743328	2.0035712107321064	-2.0919146911563278
-2.211893478813286	1.9528458533106678	-1.5029314851140607
-2.167237637268046	2.0470744926405207	-1.7542197948672338
-1.8427569588493526	1.3170417333005369	-1.8130457764601142
-1.7690914609510684	1.2601743598652133	-1.4377259160018543
-2.1391260180805163	1.059818379560862	-1.8898562813005426
-2.1222930213428	0.525442253729222	-0.9835120951571426
-1.910504627322725	0.4550538442366396	-1.1027529709955421
-2.0713814542819153	0.10353011974369317	-1.2768651607080244
-2.137484104394888	0.6915753065108899	-1.5050936831906214
-1.267335619162103	-0.018462007355797838	-1.3649529305347912
-1.7937897508151028	-0.35709435069539563	-1.2240424297750856
-1.7358886335648642	-0.40504742045652187	-1.2406394811027708
-1.601668279252261	-0.3426914857428929	-0.4350392557587611
-1.5713701957728616	-0.19725970138010096	-0.7522941615846287
-1.0767704684701664	-0.9781552893232991	-0.39956789397882675
-1.105850648184326	-0.6241119696090098	-0.6929779984028018
-1.3293238488714434	-0.805722990777021	0.06562751960683011
-1.349327282949715	-0.8529681720532961	0.1808960650539504
-1.0481151937322717	-1.5521942136919833	-0.20903062443796794
-1.2486611250276691	-0.919513847166381	-0.04273121655782486
-0.8729755029508031	-1.4750502626200186	0.6119233877931892
-1.1707527014240333	-1.773862417366682	0.16468051974247577
-0.523252136918852	-2.0833491485803206	0.6777568729520874
-0.6729551842048472	-2.247583516842721	1.2142238348792131
-0.6596158324233261	-2.337912162221585	1.0090859677430912
-0.5711148783614983	-1.9720540531556692	0.7430443021756914
-0.5678872015324082	-2.2215646028833556	1.412282211297426
-0.5875832813381476	-1.8641742367817347	0.9088443908979915
-0.3682414707211987	-2.501013615978523	1.2644758547035275
-0.34491952462820763	-2.900116382685633	1.204658390501381
-0.19627676112075498	-2.632862088715985	1.679604932970098
0.037411270282363907	-2.850781358251177	1.4882452547473282
0.30942141509212295	-3.3529224121213437	1.8805806464625139
0.37157451575231404	-3.1686760801882405	2.078476597221155
0.41900179196864296	-3.1649971282355365	2.1033276879660594
0.43182783467960684	-3.0998938507369656	1.737060826021871
0.7494973838903768	-3.1924245723164963	1.7879599671682236
1.4878241372970011	-3.6379132444799502	1.7668665869852016
0.8649405840988003	-3.7106648118025385	1.966012292082417
1.6915501744150865	-3.8869609701845373	2.2722115741000755
1.2391698383974896	-3.7793727234285006	2.592997644726075
1.7657526873923175	-4.161072140172168	2.206038392752931
1.495867200935582	-3.38653220022106	1.9045363588446147
1.9083442396559005	-4.053766678826189	2.4500401436762074
1.9629544494284579	-4.366305368009146	2.1597857770938416
2.1299004010306777	-4.147559006970749	2.2092977414149737
2.541600948697	-4.517617946237835	1.8763149007110431
2.4934477840100437	-4.139001733174693	2.295418311976507
2.58336519784613	-4.225417984327282	2.201538226834534
2.7718916057171827	-3.6826217148558467	1.7167019872010214
3.0554198014324676	-3.9825982088872833	1.6907341684390895
3.15649757557053	-4.387045888478762	1.5885691346515243
3.5801246540109295	-4.509748871559235	1.627127562511865
4.203201308437898	-4.095217737096046	1.8248993568709566
3.7464389697573237	-3.8163938633213323	1.5511265829013496
4.444059043222592	-4.429134808978855	1.6779158082984074
4.192435459879133	-4.2771385577890015	1.1535510424626563
4.613924708500762	-4.278594997145243	1.0439753599985893
4.924733990247937	-3.822109030419065	1.2873579919346367
4.551870240184909	-3.395818877228851	1.0607250702762094
4.905186546146333	-3.399690625807397	1.180761705307511
5.3573058173761545	-3.5056316221195933	0.6270319319297595
4.894672571531397	-3.512656095472967	0.7410319546476074
5.222875846199392	-3.8260712767641447	1.1217948294953743
5.275019313993099	-3.23656118684851	0.5100543736651247
5.266296205646068	-2.881071940298682	0.4360960729576827
5.788556929033828	-3.2846488192209873	0.5335884357421972
5.632601168423209	-3.047677845126805	-0.08211568030248304
5.674676587614189	-3.0037872716000336	0.32831402637587964
6.270576317236444	-2.75093237133348	-0.19613996443656456
6.274757360813747	-2.906143549978411	-0.14847625715332102
5.588975059487494	-2.8463399851006037	-0.017417697254188402
5.842812430312998	-2.619757092046161	-0.730772297039418
5.931347081668141	-1.9091437929913613	-0.7786902787290683
5.631398062402721	-2.1670268543481774	-0.37856093218021636
5.6313185985321335	-1.3127207202666415	-1.2072777632857368
6.428500895140493	-1.853219663687268	-1.2098299526178264
5.585109847816868	-1.5215722905421163	-1.3315966792843676
5.554086722155854	-0.8928570548820758	-1.1380918346383941
5.978500314591989	-0.9753982361671915	-1.1564995672388891
6.066273956195246	-1.058295752419605	-1.3989692264525404
6.159791264183457	-1.11369753623144	-1.3991820416258172
5.399096811982487	-0.9584067736769608	-0.9903326419331793
5.564260220250176	-0.07668753679903328	-1.7805015172368932
5.480766672284492	-0.284639000662942	-1.5590666989241884
5.276006057225906	-0.5905615790782768	-1.5218777359060596
5.3211968408128545	0.22100617919406312	-2.0720663900888887
4.8324182275642	0.47014160726286125	-2.2154530480147656
4.640658806591924	0.04091302429330507	-1.650278200442044
4.577727167570633	0.08304529513765145	-1.9648546975325765
4.733775586702101	0.33393285825985414	-1.8941002532761297
4.426992773234432	0.9268269737497338	-2.0597205889043617
4.734093923310798	0.567846520551252	-2.307253286713692
4.155876233233143	1.0777412542855158	-2.0183561153877982
3.7446207539098935	0.946465203314729	-1.7758807842867932
3.703183405734855	0.9426489835851085	-1.398500038786433
3.42220427144607	1.0461977087403675	-2.1255136566595056
3.423428508348723	1.1716721849857192	-2.0439774073594217
3.3019258326857956	1.124797227198661	-1.9861564760201467
3.170309010606041	1.1968640448978272	-1.963588723272285
3.1824336137554834	1.4598301507260616	-1.9631353505239864
2.841340611232435	1.3404777339633815	-1.9337992457365059
2.8774716107403973	1.4603227304524127	-1.383643255636422
2.9373225941546592	1.5296351572575848	-1.3963140768513091
2.241770916100011	1.4625664832229968	-0.8592614189722078
2.3007518572406864	1.6779747187232954	-0.8439725932442229
1.8384972273039566	1.4689755493802983	-0.6876535086233923
2.040168056878815	1.6012863211047321	-1.1234299694680607
1.8459059843412664	2.1403011458078804	-1.1596106541613227
1.2176939351290648	1.7679635276896195	-0.8973562475050536
1.6060777249560898	1.68650463985521	-0.8433316142545781
1.7424847427575618	1.4288096111817001	-0.7159941041065434
0.7086031996994475	1.5017804766463918	0.10255603820433101
0.8706453712158115	1.6321207749427191	0.314688205612241
0.5068911280284101	1.7974642657935886	0.40355896060798835
0.34872352540143625	2.198992739471964	-0.00937382066299594
0.2383951749858816	1.5189385975360894	0.5540202705135959
0.1441124275332426	1.804395867899716	0.426426870261105
0.586864031764774	1.4935502905513465	0.42297499714300396
0.22643686258260504	1.8515463303871598	0.9830586859880588
-0.025140426646774294	1.7936394265909748	1.0824959179971105
-0.09929325929274857	1.6793785909025603	1.2024293464112188
-0.743301490111586	1.818707191248004	1.1512170906365602
-0.4260080220409912	1.9188200097074515	1.2243742113457374
-0.8575281061885548	2.2103945946325125	1.1644118614701169
-0.5990809336839439	1.6214006014229425	1.4712600736802317
-1.2925923622964481	1.8019398958305095	1.3767641734331042
-1.4268773643641128	1.4551089158311532	1.906910067599084
-1.1675029490006645	1.3724399864813497	1.496483114110187
-1.1303900695643714	1.1474962007651328	1.9641288877972927
-2.0280815856767287	1.029234667719273	1.8354562485314059
-2.1165490916912075	1.7183062959326811	1.8791240978976076
-2.251724684684532	1.5429361323147575	2.1597490597928677
-2.3451228080607907	1.1288866645222413	1.862089553802594
-2.7017840791085708	1.1879268118807076	2.5313802274567276
-3.0228211804335525	1.3100404286695082	2.274859597885178
-2.7587177343201397	0.9159211704660053	2.332155005201813
-3.198747576008043	0.5194466416853436	2.619319285561537
-3.283910682006427	0.3563483763923419	2.381238352395247
-2.8640510630041227	0.5253131291724924	2.038758440520229
-3.4511387645369966	0.017735486896447383	2.5085942423762395
-3.4429172461565023	0.24275195809117994	1.9124571293668238
-3.97259989504773	0.20998168008806217	1.9071180900310143
