0.3176765456407621	-3.9705716762019008	-1.872993109673026
0.5858102532625312	-3.6714468362954533	-1.441296508393705
1.0430818037213914	-3.336301960503561	-1.2419619654021081
1.2724182951995937	-2.6101699832897265	-1.6736985441123557
1.944930770631725	-2.020066977638104	-1.102919013963737
2.195038557291495	-2.197188928527348	-0.49098453616127236
2.3491145853107094	-1.6511856714822493	-0.4015534842627332
2.883564713804459	-1.4089966791493111	0.11231600387336571
2.7267933218096743	-0.7504996344427688	0.803619244139236
3.352740494384674	-0.4206893122799774	0.984714411367194
3.386440885826959	-0.07975070715048699	1.7723947813991194
2.9491378789066607	0.5596781019443657	1.9542889962858052
3.1136340039873582	1.2208920576543831	2.0678021536096254
2.9328324162779893	1.530046525428973	1.8042062458360135
2.944442461119329	2.520123711656227	1.9455784474911382
2.872699833755788	3.272765331030082	2.1894348384133884
2.5072656042261743	3.2677643988054847	2.4804200964230296
2.4291726382444194	3.803642040283635	1.4035953712609863
2.5618591983475616	4.227405322552073	1.4115839696270567
2.1848006308604346	4.476361014922572	1.1683572923048746
1.5525396768906838	4.705401283939537	0.5966973263154791
1.5467645454695966	4.849256204335756	0.2701748781731872
0.4014883008385974	5.243004652289213	-0.2976282791305449
0.24214431313956264	4.786339427055211	-0.37081725321127723
-0.19651799441562479	5.305383196775755	-0.8428241933763176
-0.6306317230786731	4.270922934034778	-1.2398381102203566
-0.6002640380378859	3.9717221074113573	-1.6911196660671408
-1.2707531376254453	3.9580912549155918	-1.4113668232629792
-1.556693172020647	3.5532121021268654	-1.95392179606359
-2.1598849433685134	2.800410683896447	-1.7795610671005084
-2.2299363502804486	2.24470385405705	-1.6936296739484828
-1.4155505531232526	1.3010154745832523	-2.013851944531945
-2.0772312443051475	1.118167043850819	-1.4518032147211608
-1.931540546831665	0.27395638757593677	-1.6758136602767109
-1.7883837516488423	0.05172993606948817	-1.1225724405439448
-1.578687059095057	-0.7300011792073102	-0.37394144050079614
-1.6209150619416128	-0.8407017753254619	-0.15681598385486306
-0.9405118396757077	-1.1586564623729123	-0.18716020713169068
-0.6369507702752062	-1.9235713695687089	0.7242311180684994
-0.5046126363858551	-2.3851087349713667	1.3853236740478907
0.01183528882170648	-2.6454205550807406	1.1779003231391638
0.20093037261656965	-3.2051038427539416	1.6803383129621965
0.6830617489799837	-3.278598867765667	1.7249994032799543
0.6274977207448927	-3.6082741525861604	2.048499452022094
1.379180240339269	-4.226445848667094	2.540399966386334
1.6767127305046252	-3.566653553513165	2.011848077033649
2.4815452714416573	-4.394570535796668	2.4269484024901566
2.94686151825509	-4.174324656984239	2.071781646872654
3.937154655237859	-4.553484676945998	1.4980067800529948
4.364924375887279	-4.342037892122037	1.3961166200027506
4.564016395743365	-4.281230617825705	1.256566053078581
5.044576674630589	-3.459291613095559	0.6058785794667252
5.700836120506929	-3.181740580074724	0.41874226562788397
6.133094402710943	-2.9023342854222767	-0.03206897548329676
5.568362927689472	-2.8166285063886813	0.30981242089584016
5.746131144657347	-1.645389429027653	-0.6736924725051977
5.62810579282371	-1.8418408371676316	-1.0161829487428498
5.616144528297253	-1.4860801138704218	-0.8895590838747099
5.4240052791904105	-0.5658091740467419	-1.8479092231348666
5.296742757091179	-0.625578969869348	-1.8867424026190713
4.672102558442778	0.07876968593546169	-2.088569895887964
4.621481005207836	0.26666439205891834	-1.6000814710479039
4.2939170621240255	0.6004822830976849	-2.0733716222939913
3.686061967812429	1.548434583388369	-2.1801095486062474
3.089012349378205	1.654322614486352	-1.7939885293216369
2.1992643171128696	1.2112896956783705	-1.5677567739425713
1.810954725461404	1.7495205314630717	-1.002167530426109
1.6218562812212132	1.7812129484518253	-0.4423078038412729
0.9762198784832788	1.6111612512984879	-0.5334650824336143
0.5542229283917249	1.5132201113179207	0.383301715962584
0.26385642476439963	1.6576893948556763	0.8429999155103889
-0.26112514359579253	1.6231448979736345	0.8054552392181079
-0.9062617676411268	1.8175879243148647	1.1955103035944494
-0.7690417570882049	1.2689923500520188	1.4230717970249256
-1.7765050486877714	1.5665728555540992	1.7376944796347311
-2.5570138940005993	0.9923872476795836	2.533523183540459
-2.895226441046331	0.6141503881126165	2.438444938837047
-3.6604632828004853	0.4346771206379962	1.9949462630536097
-3.44483325772566	-0.1358578815188658	2.2380237736153155
