0.5371949229236787	-3.9463221432884787	-2.1321298635910977
0.650305258802835	-3.47720416208358	-1.7108186718609328
0.6175569329728057	-3.427616227972572	-1.5551668213132763
1.121147122646676	-3.4526928684761415	-1.7473845594557424
0.9660908052818422	-2.654266040671351	-1.852454440825884
1.416248061540685	-2.7962312869838244	-1.8491277608037484
1.4713919958885182	-3.0163620163480034	-1.708431928287776
1.7825980400904564	-2.621736858478761	-1.042457967045282
1.6117673963917243	-1.9673252996991517	-1.0110281948607995
1.8295895607941206	-2.286820069928225	-1.0900466937530469
1.7831271202208945	-1.9323962363024858	-0.54383969813362
2.700469562009415	-1.9277483813806178	-0.7561063011965451
2.00481967571805	-1.4258971112760093	-0.030486747263563818
2.33131106274395	-1.7681223239216681	0.2860576945310998
2.273733875151625	-1.3155965903240325	0.47419382433851953
2.4787540850234753	-1.101212786481221	0.5967191658217355
2.580635570289475	-0.5684333168027993	0.5077140802976927
2.6589145896051862	-0.2525526519908319	1.1471344753649824
2.66798768695826	0.22505558950056637	0.8167158830146428
2.7398176547907833	-0.2718081414371397	0.9481401822383475
2.8665460334795663	0.5187676296213437	1.323588450628491
2.8308878733052794	0.18065660095971853	1.332014631662718
3.60723291456425	0.7750636284186199	1.6797909627678613
3.3462508021038575	0.586731039550394	2.040646277304183
2.979380338113709	0.8110036807321164	2.4806149302833775
3.629427960359473	1.7713808118162342	1.6642495677939615
3.0026955937654876	2.318753822965658	1.9336694773139715
3.3907773186790435	2.187729066579446	1.8472123433404406
3.043980328595897	2.683846648315562	2.3517302343812263
3.423084166778972	2.5336806006695047	2.4328292569511767
2.857321436240866	3.022566073096879	2.191245088611515
3.1026493348599526	3.073968772766114	2.2240119273258943
2.78813519073755	4.006753658720035	1.8308552433278296
2.6318744531526566	3.6544436796970245	2.077384560035988
2.883975743955599	3.761105872233457	1.97257045838299
2.3728709783900315	3.820699272356802	1.8641364326742713
2.791907947429731	4.168473779819108	1.16800043700159
2.0805079843948366	4.727059636416667	1.475295196227782
2.193899461991745	4.719943260001141	0.964586150686097
1.7285585608952916	4.881441998784832	0.7265344115073649
1.6832887137639774	4.938228734866799	0.9024046266810104
0.8989996667286123	5.057773106241665	0.6283744861949965
0.6670872754235713	4.908675851437711	0.5001970815790189
0.7787161398612403	5.1761565966862815	0.549043303914816
0.41110945246836433	5.259038153233939	0.5480741400370691
0.32489413638771447	5.250151794940381	0.23154306673302916
0.3711755096629319	5.04965223754374	-0.6037898671572114
0.4163481359058591	4.719861715996271	-0.4530255388500285
-0.6393996172490344	4.629743241644789	-0.8369958504741692
-0.7549242906212021	4.430800449882222	-1.1779041848902567
-0.7103883688636888	4.6639458423092135	-0.7193347779897635
-1.1548685792227849	4.315451133794732	-1.3994128621253803
-0.6035016032632061	4.093733915272983	-1.3911460841669645
-1.1036700453896442	3.9385918849971864	-1.0794873814982884
-0.7710636288632222	3.437794563289914	-1.8342743550241591
-1.4096353348739843	3.4783760222109605	-1.5052440501673738
-1.3821162770463107	3.1573021116801723	-1.5883912089420087
-1.2514167796784377	2.8834155985832037	-1.9964382470499997
-1.9822168133704527	2.9540045045310857	-1.6394200189462076
-1.8455666169563814	2.890197982301686	-1.9429838102606243
-1.9263987117811787	2.374081996522713	-1.6739952961043394
-1.8153611115614559	1.7570181421222975	-2.023192480456955
-2.2223315151681784	1.6904030907742729	-1.8346809601370693
-1.7840114015944448	1.1822646659433675	-1.6240668740123083
-1.8760044547549213	1.3045360370987642	-1.9446785880603934
-1.8385291036241718	1.0909449797478348	-1.780264597152081
-2.137600404715365	0.7206115627400889	-1.3881032458516467
-1.8840287140825318	-0.0209178133748448	-1.1596441793470968
-1.9175133777520297	-0.06485934571359053	-1.1330262145056529
-1.3640124037403063	-0.16638627199817024	-0.8434779162068711
-1.4066158075974915	-0.5950477868399917	-0.6535323181698072
-1.7615192021860682	-0.7937541374695161	0.07002783744133323
-1.0533837878313128	-1.081798877862978	-0.05828721189943442
-1.1027742058241041	-1.1715999254100458	-0.1865663139259104
-1.0361904702350828	-1.1499207107863203	-0.04311989651840775
-1.224759256672861	-1.209910998794375	0.17091365235902173
-0.867141337699838	-1.5695621050813648	0.6720282499513469
-0.9063218749098714	-2.1243697554254704	0.6163397342583745
-0.9383681113705223	-1.983298216975046	0.8881896713180514
-0.7283278763075268	-2.3540269926773596	1.5462418628330838
-0.698912815911937	-2.297113935773843	1.195411373928101
0.2788983472968507	-2.5818313154356836	1.2107264738783026
0.03302507478724759	-3.2342425463983195	1.8838330870787077
0.3124967793630832	-3.4125581046199223	1.9316238884461279
0.5828772742449847	-3.368763767555398	2.2958991239062287
0.7232398584002775	-3.516849799753811	2.305431061363673
1.0770803875926518	-3.2946115549248005	2.0944121792020107
1.138486706349879	-3.54236309599233	2.4615891578102826
1.4135318058933777	-3.4872150176452363	2.2181330339764664
1.8794095873803047	-4.18686868718456	2.263949044191235
1.6331764411654373	-4.246001083390087	2.3300667592802906
2.5112838402624833	-4.47019115122581	2.5906813870086127
2.7145742306141147	-4.0006654892306575	2.040742249784027
2.9173743165784956	-4.090977466293505	2.305432951317157
2.9151352105682653	-4.019293453691401	2.0005618312911917
3.4353452586202633	-4.19278249070881	2.1713443303888798
3.99082550984625	-4.493768067291127	2.185215358777912
3.8239896330572174	-3.713445029627967	1.6961785909344567
3.982774104858964	-3.9372385141799815	1.9282968109991832
4.454876969076955	-4.3210711830509085	1.4038701007037002
4.896237016044317	-4.149143530247226	1.273034383194667
5.074353687161035	-4.147358338970075	1.0978646061207733
5.055777030237278	-3.539312988255872	0.7050783832309375
4.971548624098706	-3.189545364642908	0.46259459323873275
5.3660351193792195	-3.498670780151158	0.40480542339925163
5.924937098114339	-3.2768076274844105	0.21321388230108848
5.615713655292298	-2.8024624333059474	-0.1820291810522255
5.70416627528259	-2.4518640805485967	0.14347766673662177
5.982864087494311	-2.89877925878229	-0.24529533964366312
5.705087986995521	-2.7154505264989766	-0.034434011141643905
5.842193042416995	-2.154517125631468	-0.210370382700671
5.810375770044638	-1.8173675995833225	-0.845215686917485
5.988099162785126	-1.6939252216910456	-0.6876004727533886
5.772731445657882	-1.2578103576483453	-0.8095766267385063
5.480598537784857	-0.8863478729789545	-1.2025585188379666
5.753553587314581	-0.9744717074797371	-1.606714868899085
5.373315811593745	-1.0039592957536667	-1.5670465055212461
5.974776235010941	-0.6832540579637456	-1.9163722405807326
5.336177425669282	-0.2722362978848506	-1.2845600922755174
5.232454704965933	-0.30755375155276365	-2.152035045174335
4.797136614903157	0.5148535255500306	-1.8594271939051135
4.996072234392827	0.17029925431647838	-2.0027088213326403
4.645799296699493	0.8071932404322625	-2.257274897268849
4.2008212617817104	0.5329890106019117	-1.5863913601207762
4.221867974469674	1.1231205186319366	-2.336593618993655
3.854939530992665	1.2281221284903916	-2.204787489461181
3.4651790589682845	1.2888951978149794	-1.732492095467561
3.471207022719607	1.4691087876861046	-1.6175122288206283
3.397505616789115	1.508301982809791	-1.8486838999171005
3.0391867224772584	1.623474774911753	-1.7471262656268283
2.283532318115093	1.6376793980071187	-1.3976548963538717
1.901994938673564	1.9591947269732097	-1.028590099842682
2.582384665130313	1.3816083832020338	-1.2623537680942856
1.9137832988626235	1.4482207981481217	-0.8128709189083207
1.8167877411492057	1.5146687305991944	-0.9847384564260789
1.515001831955359	1.6044727490980364	-0.1619702978898897
1.3712696793907477	1.555645677058083	-0.5781342224432605
0.5910214386159948	1.670017896354208	0.445108181982184
0.41646734277862585	1.7204746019534012	0.2531419282724967
0.19275471409113534	1.399460414833487	0.7433475590424371
-0.06504229061371505	1.5632643016813432	1.1432716343375044
0.02495952986528477	2.1427072331706154	0.6889174402941675
-0.16730198975292687	2.1195227546463227	0.8255169289368096
-0.3598428056270382	1.4229758643324728	1.3690646818309913
-0.6779022057852199	2.0966262984921413	1.1828350220496104
-1.0307872422932531	1.412276274761301	1.4298934043385736
-1.4476162868676352	1.527181721511801	1.9840904373637978
-1.861079748745829	1.7234855595500498	2.0237895394517227
-1.8117888365055324	1.0601823258139969	1.8402282513066817
-2.34331651883948	1.1295230727227878	2.307563501957724
-2.343472924171523	1.1112378581616975	2.202664394637778
-2.501024799154059	1.1775572549089894	1.8915295002998258
-3.0982887926414313	1.2895257422561603	2.290946319389887
-3.059800209771772	0.5132799272949135	2.0696519813389163
-2.985311572953866	0.08577015910553758	1.8095499289184973
-3.646168356079206	0.2582032103844698	2.47675884424626
-3.3226846942500483	0.16326776662260767	1.838113182733678
