0.017017780701389484	-3.2904948527508964	-1.8422173077405883
0.060155255126041626	-3.421597636767626	-1.6080694297476092
0.6372712669722052	-3.4635306810341704	-2.187726361230845
0.44070111840746995	-3.6711300242139293	-1.444147370900045
0.7782319373238085	-3.5977292412484028	-1.5146052115676145
1.1871359649495243	-3.1373485431065324	-1.604600647242295
1.152973018948037	-2.925762728131008	-1.380576772905275
1.7342104085096537	-3.2345663731947205	-1.7544498983331298
1.2044014435559298	-2.3158335824408462	-1.661673088667178
1.8203596628273806	-2.7534606470343017	-1.4462483484515958
1.6605693402884136	-2.246162047907206	-1.4353809911845326
1.7999048591920797	-2.603614014207583	-0.9625570190286978
1.5409945163111338	-2.0461868870813795	-0.8142511229405466
2.3305629793943226	-2.563068058734287	-0.8374023120817828
2.2751731721806063	-2.3109738095664785	-0.4410060454113639
2.115085058457804	-1.8140286102780978	-0.6333154359843992
2.6400002959875684	-2.007398672558236	-0.4047629649210044
2.8465678055477985	-2.0782927600489924	-0.4704003554941061
2.297608515504603	-1.7557956839382078	-0.1773479331135286
2.070822608590176	-1.487738049362982	-0.31616210717954096
2.4052541712615256	-1.3900596017322238	-0.2522690538533063
2.6835884095618496	-1.3802151931018845	0.12301214224350143
2.7092946382027545	-1.242785165752027	0.5758693781107516
3.076729347599424	-0.8831045346536441	0.2914490753331123
2.6963733185017844	-0.3192757493518348	0.6670341611589516
3.0968348869623115	-0.8600749333869461	0.6868150966699803
2.7869000148676464	-0.6665796820405964	1.4643837885095397
3.226880938306367	-0.44222585964237804	0.9699642701279757
2.7938447227538594	0.3069284562863399	1.2354004363832058
2.9439976284309233	0.03401131670427371	1.2673319216393895
3.422628680648307	0.1531463638819483	1.370337645574312
3.662765043793487	0.11866288607457817	1.3167854513892001
3.2554279455059714	0.5211656733979347	1.788796749135512
3.082220814047647	0.31069624480335584	1.3968097488775024
3.0443733549971226	0.6079465134613395	1.4491998253372007
3.4526301078496537	0.6261663160061407	1.8861943165140511
2.9651279165439153	1.2465718687053275	1.7757829831492644
3.358264348042621	1.5436879948166737	2.1163029462390446
3.1953572537278876	1.6535961023846306	1.987315404997025
3.272643439778803	1.54742522987014	1.8475966448479189
3.155849996343329	2.0587267562043357	1.8027245727811123
3.1690412157057177	2.4702760251971174	2.333478806664421
3.195685130018134	2.7449133358970292	1.909211117000899
3.292222292205425	2.7517945682293004	2.317172111830733
3.058186811685716	2.8312471002245756	1.9107700025833356
3.1354450338406776	2.5577679706705823	2.1466692374101557
2.867548052492293	3.264996859194312	1.813958835210012
2.580802907237259	3.7453379538236717	1.7119593151647363
2.6787175269629038	3.3911518927339133	2.2934248878658905
2.655905189285947	3.5488401067954145	1.652404001306148
2.34101474078555	3.9457253579010834	1.665209887039658
2.43371243194314	3.7660345859522226	2.0378405128973087
2.1018280575064634	4.165876654689344	1.4678192217017334
2.0288286896933565	4.318302133054077	1.319640849745126
2.656399301373118	4.07974565574074	1.2615624561118624
2.173829494205947	4.789763552478133	1.099525400409949
1.7136997555613678	4.734361553864682	1.2090340101821795
1.6853833966141223	4.715326565165069	1.4099101948113244
2.016659785840412	4.752127925617819	0.9724800755110772
1.2313639600565933	4.943399429621783	0.6260206848649448
1.2423244524595638	5.246491631706127	0.5125122851480315
1.0967477054922505	4.66046306726721	1.0819563219407753
1.0189863746377703	5.1348591487875765	0.37762969765230336
0.7028709269887934	5.093388210866868	0.7102872365855758
0.8494513258906664	5.134944220624159	0.21998252220774708
0.5650431807624237	5.443579310864878	-0.061122788965344815
0.5536302939507305	4.8162571347411625	-0.16248391314357458
0.31410619893750474	4.7986678406101415	-0.14148202659526138
0.05127813637321439	5.150924388714403	-0.15897311256074642
-0.17818016517500812	4.922700815471334	-0.5275988188164057
-0.1762857308610627	4.718513886775221	-0.31587395260176365
0.23546205472568849	4.676842488804118	-0.7144307232142776
-0.5312111086361351	4.66192209412551	-0.861040350173634
0.03568222176264557	4.452986652020048	-0.7582971938372278
-0.2754827216893502	4.342116334728705	-1.2323111570476222
-0.3068345725093744	4.810465436239095	-1.2717177381342322
-1.0819944618978026	4.93659015401815	-1.3118737837433199
-0.6256292674022416	4.46174096374473	-1.4341892341359612
-1.2751203968712406	4.0593398742594795	-0.9752723300127957
-1.4092312634841422	4.371286769507955	-1.7399192669879646
-1.349982896498969	4.1506370631670855	-1.8373592715220357
-1.5329612045729928	3.4185379058323293	-1.9027355706118567
-1.3919796719433295	3.5833897280273628	-1.9924555891522344
-1.6710517901467934	3.7659876121493268	-1.4157183123634185
-1.820501547046128	3.0583528296956333	-1.8804222705192712
-1.7213364868462069	3.031977807570937	-1.3825045391765147
-1.8156704261644805	2.8606945733736726	-2.120168082297876
-1.9800974918219212	3.193695302280935	-2.1843121021066456
-1.89985829959258	2.15831822830647	-2.187843165931743
-1.7312939392259428	2.218314318603018	-1.576677105911604
-2.072244936959299	1.9194181789429163	-1.3427099809384095
-2.2990395211463728	1.7487437522511726	-1.3310156755152214
-2.21651016471205	1.734843312097093	-2.138281593882521
-2.0088274401541457	2.0130577017672966	-1.7287927188536854
-1.746786285422633	1.6205371645540976	-1.7259973315134043
-1.7453828744427353	1.5253235499412021	-1.8181360899166292
-2.0785713732088626	0.678082941426662	-1.353756083622025
-2.046249462901327	0.6792180007016309	-1.122073632236888
-1.855008935919494	0.3669655081035427	-1.4315280600256042
-1.7433563140203343	0.10004346798678695	-1.7264344548637502
-2.1224154057327778	0.0501478186164416	-1.2763212755378244
-2.0883483094806907	-0.22030410966238712	-0.8447887975493277
-1.6992776008037693	0.26434352954384877	-1.1773733529845143
-1.8604477954195822	0.21653948555424152	-0.9238451528706701
-1.624095704024544	-0.40481867350783096	-0.7434456661552632
-1.5718582191321075	-0.8274374790142591	-0.6839637896629668
-1.6825733900375244	-0.965391871617745	-0.06846727071811276
-1.534202454216486	-0.6597084717322953	-0.19060961332840043
-1.092169695261913	-1.165379781188262	-0.6311256781261674
-1.0676786153012205	-0.9210984839130597	-0.3719344039652146
-0.9659601329777857	-1.329714367110037	0.29700884951712025
-1.4425303711619593	-1.3376553131302154	0.016146905744342854
-0.8864903743080398	-1.8075089570158807	0.6694555896151732
-1.0781678706124462	-1.6650526765780311	0.5391012862519513
-1.121566429852844	-1.9607410508511922	1.1557107678629561
-1.1896298918631523	-1.9963061720145738	0.5458513495695463
-0.6857966597311361	-1.6728067167770138	0.7421013551969908
-0.5413454470383926	-2.199248333117591	0.9533671314173895
-0.6112180090820176	-2.3571143357670783	1.3949444582511838
-0.7130930409039106	-2.3979163931438885	1.134770888196245
-0.4622432235317745	-2.5872063642555054	1.2293560669663404
-0.2273393524081806	-2.900940478771189	1.9474561009576032
-0.35270558717452716	-3.1102515085942497	1.6817503672364922
0.1910254025119622	-2.8094275598198175	1.6929758023570836
-0.14010857326059686	-3.097774306748132	1.9171000413326689
0.3675939515818154	-3.317017776865482	1.72726793288237
0.543346642737303	-3.1438829999473348	1.6191477503193727
0.35450082848196374	-3.25723708105608	1.8444096138913848
0.6124225526831462	-3.6320221077656494	1.9329499117221984
0.561310925215556	-3.35004727998175	1.9747580972001537
1.3123409841625722	-3.6419462245621492	2.1988546995942353
0.9774770030916249	-4.028936278607415	2.3273039613233606
1.0703793776467556	-4.136592013874103	2.7118516062527993
1.6699846138574863	-3.9973530890027336	2.3342649328585394
1.8024163997898939	-4.233438118370039	1.8485081761712547
1.8143083697072866	-3.6354466460820043	2.279882726393172
2.246543402216179	-4.19373661801674	2.385083567053459
2.2205190431003508	-4.165592916068639	1.8453652505687883
2.4585851978557787	-4.285916882275652	2.7165246979870044
2.717111323894921	-4.232157018341613	2.282571536121841
3.321467906376615	-4.336246827660004	2.2689710850261986
3.013976241708287	-3.920551136941735	2.035567114629755
3.159505068976034	-3.942536231022158	2.279691270838528
3.778520172532512	-4.0111892730538505	1.821684913352081
3.9999911971603264	-4.36887146828	2.050163957533271
3.6164628403421903	-4.553573284884541	1.5550993432219702
4.342433637506691	-4.092385157250901	1.432192155109703
3.8809463670931916	-3.7215567783018946	1.7626374423499709
4.240815968211603	-3.974914305033406	1.201281576704864
4.602943358348052	-4.085800487398537	1.1910887775744072
4.566848615300747	-3.4617197516634084	1.1311275552198867
4.9539351021949045	-3.7631703095742806	0.8684994796355746
5.448643797451377	-3.780828019635416	0.6961731261768113
5.020751559440949	-3.2108615510454257	0.5401661201677823
5.013071404449221	-3.881734536973044	1.0342318917710611
5.937878432164881	-3.7639520807428832	0.3014281491539443
5.468766809972651	-3.7017793598459128	0.23842872458231593
5.436297777695119	-3.628250730027425	0.6864136533600624
5.60181817238475	-3.2830296091044273	0.02786232256953515
5.834775184242397	-2.873192898511256	-0.10600407711142609
5.5715566980716185	-2.6178785861380898	-0.2133023409097194
5.695875102158425	-2.7993350117492644	-0.39919596673504
5.783407741408492	-2.2745276066275655	-0.5934271183448945
6.0541224758715675	-2.8138924758157753	-0.6836945673648976
5.8739014804710274	-2.3550424781307053	-0.5538340360195
6.282047379014695	-2.2233423099189733	-0.3792613193994868
5.778547096547771	-2.2449019730168756	-0.1741296535459972
5.921023839474986	-1.5511253783991328	-0.8362123986934129
6.503292221414376	-2.0564551610366086	-1.1124614361392342
6.161253484128241	-1.8944160724987769	-1.057189970704425
6.0416194153568235	-1.3860467877887883	-1.028380265431143
5.952385203428014	-1.2683216076277162	-0.9288432995302393
5.741733254541556	-0.920200324667623	-1.1439315590467931
6.00342662229963	-0.8082488278519407	-1.3086142617130512
5.340016972790094	-1.01747480904146	-0.9994802452038607
5.568743569718007	-0.6360340926557848	-1.508887751160389
5.373986420668417	-0.6864411019183708	-1.9663908103342216
5.438653242194568	-0.5802296816872599	-1.7470546920682513
4.919033184836443	0.1208654764156844	-1.6025016136926036
5.562683300086973	-0.16339205358150333	-2.1687990498283023
5.099223207105159	-0.14095638912417058	-1.4610854607345225
5.044658942718684	0.5517968445098154	-2.218727841858357
4.6581619125715035	0.7457462177138927	-1.8437983263528346
4.385243912752464	0.4209619830070176	-1.5239237313481406
4.914740750930027	0.3502924981512856	-2.142280721726192
4.355339456145458	0.9199802961737995	-2.014136171593081
4.182302071296322	0.8043652488336729	-1.7393730312860005
4.348963679415881	0.7152975185630834	-2.0061849566689425
3.392833167241358	1.0858526374546782	-2.1294616298341107
3.2008580352730487	0.8810969934897347	-1.3848480607355593
3.1011434937439923	1.4425032512900016	-1.968227241525052
3.5803259640158123	1.058786803347173	-1.8580007892793142
3.257684038692808	1.1126033776544189	-1.4506819639814275
2.974757370750793	1.1258240707307328	-1.6290177783202355
3.0007862581123055	1.2345248254219001	-1.2794741044246887
2.196961053108103	1.2697420304740406	-1.7509218120172876
2.0876043791991767	2.0901795028461025	-1.5049684121193194
2.0773754357863083	2.121170630358424	-1.3256962696941228
1.939837345633843	1.544692571489576	-1.0833130161744196
2.104439972319533	1.7812194982947345	-1.0869708510369391
1.4115914288968618	1.8807903044008583	-0.6651697986436418
1.3046170725606308	1.8160578809155405	-0.9492169073556008
0.9945960030739294	1.8825945401039241	-0.8456169126120844
1.761693003536925	1.5245574535390118	-0.644165614545601
1.4908057759697022	1.6442361872887843	-0.3548034332790746
1.3499620344346068	1.3669063204022904	-0.3199859075274287
0.959171690029039	1.8288925025875364	-0.22133853168883777
0.8569816746569547	1.8829471716791146	-0.15608853382303153
0.5645927829400365	1.6998279836336618	0.5497939462442943
0.1039397731346937	1.4434139054452224	0.6640482034447874
-0.1433489287292106	1.7448506645799648	1.0726429767876156
0.08727015929793208	1.5119951881467621	0.7590393634558465
-0.16431237060885528	1.827414068216767	1.1400386805514486
0.05660426421365006	1.7374906723829056	1.1376282795342378
-0.332754067473535	1.9596676453760649	1.0766022457398727
-0.5021649115344372	1.5293597595045023	1.056940495339854
-1.1100659054741504	1.8942180475708525	1.8421062329527722
-0.6280386034922366	1.449747681841409	1.2490746388338323
-1.2801262366323178	1.7680816227685416	1.6862124038705606
-0.7241472557471698	1.393180858288343	1.5376331004528487
-1.6095907750729594	1.3519653274300816	1.4701782837682174
-1.6189522927364461	1.1516292691717052	1.556444899806622
-1.4395156200164645	1.3953651117097516	1.6933483225685573
-1.5651064157185837	1.1094907048188096	2.080954654231741
-2.2792493773035143	0.940359260566906	1.9016895026540854
-2.3752310984816773	1.622411869773301	1.993399647491655
-2.3893110872670733	0.9514583434009711	2.374593715450249
-2.4697430121165356	1.2665719816360341	2.022840660466275
-3.1273044980110676	1.213214637700812	2.050375300715051
-3.1523314194980308	1.0066732243591179	2.0519837891590194
-3.2609294549196193	1.0260867527016788	1.8714561981829525
-3.4004740681317247	0.18121996689347059	2.7415652176610683
-3.6749927356883103	0.3229170031676483	2.6489064765124057
-3.2674995960467874	0.004946239026379973	2.0463909184872113
-3.6770793428702717	0.49382233841312373	1.751646017540276
