0.15853390731721806	-3.9981468573493486	-1.6475314763200504
0.13749065545564895	-3.2453160840245774	-1.6952925749795984
0.5603655787375931	-2.8496962008547575	-2.191744529381715
0.8950032279321192	-3.0383595140671016	-1.5560122722781085
0.8749961188260157	-2.745096655706867	-1.7594363260209058
1.3638968355844843	-2.6052665678881683	-1.3715611500327576
1.3577899767602575	-2.9513270342243247	-1.423609027813131
1.948168763413772	-2.8829192664409686	-1.2298617702296535
2.3447107397267213	-2.718197422676901	-1.032144323766518
1.8354868312434784	-2.1897124795841023	-0.6414509574366778
2.3533831426038674	-2.0982964437323863	-0.6252425337099219
2.0102498995611935	-1.2934525449436687	-0.7666373375093543
2.3844349399063116	-1.0649147434574928	-0.536037500860061
2.952735994550247	-1.5931235255355745	0.017922023471377557
2.54678007947885	-1.3483544542121226	0.7597218578841013
2.5158120658631415	-0.9854405000895615	0.3369317774081991
2.7920319462574845	-1.052822874897061	0.5705876325923425
2.8401213925801327	-0.7623726595532406	1.3330365666173511
2.725492247857836	-0.43281314665579684	1.2784612707889111
3.208573924727406	-0.29542816955687645	1.0631570616869974
3.0211988482979435	-0.11694770224430068	1.2263995055353218
2.882620966274574	0.5728441138937019	1.3158458668955442
2.997929336277501	0.8354413791717508	1.8177609856835937
3.3664212782608676	0.797519087733343	1.724601654586341
3.7770634642390335	1.2346816829048697	1.677021050276916
3.4119302033807077	1.1997704252674728	2.1508800169688147
3.0219488689526703	1.7100057359763405	1.9511017816984522
3.591276039989746	1.7601712204841806	2.3258864156636467
2.939280791679966	2.2501629738244215	2.079711789578368
3.2945458972813846	2.4035822197456227	2.059322686369073
3.1835347692350493	3.0779523334470116	2.294477157791925
2.7310904919246664	3.3204501157231117	2.252873433308844
2.808492175125148	3.538392278375196	1.7181862171423696
2.6556032352899694	3.920338972167657	2.1727280836671703
2.7155425119444074	4.025427020604868	1.5889051412979032
2.145595208577091	4.50866122628762	1.4907293126475274
2.0235864158752683	4.077946094495895	1.76726880013499
2.0569120920744703	4.560102532638036	1.4277128451859207
2.081231374903353	4.761106559730265	1.1377645969959316
1.6498182399976349	4.5862683048416075	1.1132996285383303
1.8138442976080111	4.694865311090323	1.0380401662548746
0.9748635873415015	4.680378580369096	1.0032349054393854
0.989497303998014	4.8928081574953675	0.2768179825567938
0.7942125324498766	5.100376043588862	0.5295193985436965
0.25405081268093893	5.451095350788056	-0.15380836088230487
0.48522768454706466	5.40307716947774	0.009370960626086555
-0.18965728864941023	5.257624823749856	-0.5901023001468532
-0.12352850783953945	4.889445145726246	-0.33120074223288765
0.007467726563098798	4.54533588222613	-0.7743610203192409
-0.04731227856379805	4.664685838233432	-0.7920480878253445
-1.0096446728780513	5.062483844517955	-0.9581646975686946
-0.8792884989352153	4.535723301190933	-1.4846557751804574
-0.6657831375782752	4.122297299261013	-1.358886771582271
-1.4737133257225075	3.8310893340957968	-1.7441423647828045
-1.3787000242237384	4.201555246737036	-1.8154055589641906
-1.444655906178731	3.428388707864883	-1.4865504040136148
-1.3184123291024994	3.3885365709786743	-1.6634756742165027
-2.0290284709439943	3.379805806141166	-1.77211866587889
-1.7249040638944964	2.970763363545101	-1.813158289292379
-2.2196924025448634	2.5973391848306293	-1.562875675121116
-2.2686797110364196	2.1010851173743648	-2.0484150923974567
-2.302225198601512	2.1442411139945565	-2.03309086815334
-1.43637950914736	1.3073138612286324	-2.026385737131611
-1.468633501856071	1.125850039966653	-1.8107452973638485
-2.2463170498493885	0.9753636629720409	-1.5353848477005805
-1.9621768716895112	0.4362309582692525	-1.2732884129167734
-2.067818289967807	0.7037245876170594	-1.2134689047825078
-1.620119747891772	0.3956446043732559	-1.291508581444897
-1.6358759386880695	-0.2945354456998803	-0.6000241450772027
-1.2710100140616536	-0.18127148298132634	-1.2484362685193306
-1.1703010540007148	-0.6070500334109449	-0.8794367903018782
-1.1917945431961832	-1.0468797397658443	-0.1960684667129633
-1.2766758268947576	-0.908530960451876	-0.21825671033383853
-0.9254795538637878	-0.9875245943427711	-0.3483080485698852
-0.9424355149056175	-1.1188999145143081	0.03038599654476326
-0.9268386540242926	-1.4793804780127655	0.565674921831048
-1.052226018072782	-1.887134511746448	0.6909154279021479
-1.1312201665401116	-1.5914942585954648	0.5576004969057855
-0.3284869327630888	-2.397588285040314	0.8595077322207268
-0.27801911447243033	-2.6286170466759917	1.0603542798745331
-0.0811066081886942	-2.4691897997598047	1.100723067866964
-0.5279571393701331	-2.479961701355461	1.92967602327619
0.023820410475321574	-2.686965373595645	2.020338927061553
0.09279768185929685	-2.9521054129522835	1.7651430212456387
0.40493478291320206	-3.2543832383637454	2.2290887467297638
0.333085907630059	-3.615898568781882	1.6682617546336889
1.2247592557430034	-3.6834488256476394	1.9625608082227677
0.877659851476134	-3.9375530130612946	2.137234550267176
1.4588856270953066	-3.6891453758827057	2.4078135244824552
1.788401702173564	-4.083725021016254	2.127729413820227
1.7989126859459876	-4.151267267822286	2.3087753782075238
2.085545923137034	-4.054136375631961	2.1215079227375893
2.5143247086589477	-3.885646407890826	2.062936743901866
2.843263613150302	-4.1420314678104	2.2366726214223296
3.2093716595899187	-4.294476290285383	1.730989092604371
3.5746764501622055	-3.9742420795139237	1.831919425504032
3.514039964624005	-3.867693056011631	1.5734078432440155
3.6775239575348766	-4.000647656789468	1.807609903012851
4.644553836409923	-4.437618721385642	1.41059574812894
4.346530599831439	-4.04318018472317	1.6880776548801029
4.602754909460193	-4.294423403901858	1.8163442856922178
4.536170299119034	-3.3729635308127293	1.2335882447131414
4.814200603075084	-3.9214658008086922	0.7136025992379353
5.368458125663743	-3.673457411353959	0.6260845926605032
5.845524259204734	-3.694965792653898	0.7066881542348973
5.352329253205102	-2.880655724924785	0.17043877757266854
6.071533421998757	-2.975701493036943	0.048126224837091974
5.855918330323526	-2.431293504858499	-0.37794853039552423
6.26973715970306	-2.6802618912290885	-0.20413313172910075
5.581056321746878	-2.276918651311913	-0.03395687753317278
6.01022640031548	-2.5304143001145336	-0.4749705095900779
5.791858125576409	-1.3725803283694673	-0.9574760622721952
5.645871677347158	-2.031713856149764	-1.1171172344847573
6.220491282697662	-1.8208348491953823	-1.3824560844891227
5.7466345637125595	-1.1940572499972437	-0.8511517354634432
5.550221723585648	-1.0512721210474973	-1.1798526199247619
5.534503359396233	-0.5507109938016913	-1.5583675189883062
5.127443212168014	-0.47350227466047057	-1.874916883375432
5.4299454841108306	-0.26467226497983254	-1.7210809289032372
5.669064666559076	-0.09294309310796744	-2.010817417835824
5.281292544294464	-0.1884692797543514	-1.8960625092567251
4.728197801539248	-0.003315166084455162	-1.9649006682680947
4.188574650511177	0.23368596191826843	-1.6888946797320417
4.634097026639562	0.3816917289148664	-2.2813116382358825
3.799084554181638	1.0277851136228981	-1.8170318057713435
3.7421124279734705	0.8736748660050944	-1.54227335891954
4.02900300097957	1.126326342925259	-2.132160873782114
3.271622391899257	1.5192278626773208	-2.1344222564213373
2.9943939181035586	1.1071482615573955	-1.4624142774045599
2.641086717472711	1.1715626336375753	-1.926665876835365
2.5216069697708092	1.2175496771236907	-1.3844004647426016
1.9852473193440896	1.8108446717049684	-1.2485157860420206
1.816783962946821	1.7963491093400759	-1.1326744369056883
1.8360177502240862	1.3581194892822532	-0.501836985922361
1.1672241095924059	2.2505273913656074	-0.986523085558591
1.5043765700546905	1.9615632243433376	-0.46030038118955396
1.3787015494996573	1.500771969438073	0.0011027759785438018
0.8762452127920889	1.394265751647573	-0.11529591954418678
0.682955662346454	1.6964662725084036	0.5839977111900163
0.3519471542373322	1.8611346376624196	0.20588408926601773
0.4768081330801256	2.030986480230224	0.460020580889615
-0.06276833307948843	1.6139950465117738	0.9371710154524342
-0.11262072487887664	2.119486542587228	0.7734345693383582
-0.19873766357102218	1.9451409593743652	0.8912151203091733
-0.714765873190969	1.5906619838501075	1.2500401624219006
-0.818469274236565	1.430277497335697	1.828645401273209
-1.3747459461055795	1.2146662699377608	1.9564610206294277
-1.774252656467312	1.9454072542127172	1.6133691694322445
-1.8420304849683309	1.8242445005927723	2.077820993666703
-2.246274802699679	1.3446683366959562	1.8545889988322848
-2.474601912954303	1.375791649602489	2.346376332202399
-2.5698036972241693	1.0161334250220602	2.389842862885885
-2.851742459627245	0.6106273279313204	2.227843490203624
-3.2129332280468037	1.0231562886862338	2.0098375380271767
-3.2584827957910862	0.07532469691887349	2.5898384251427022
-3.408787682087277	0.6252280473326011	2.149254741371463
-4.06426636235344	0.48393109335820594	1.8967517550091946
