0.6600948667326435	-3.9008874626785106	-2.0586953844893054
0.08603370485178892	-3.6523329375809075	-2.2907491995516596
0.9490863463360405	-3.576494195141554	-1.7369977637938274
0.7589176726180482	-3.572528373997977	-1.8044777719961105
1.4150037392671786	-3.2544871399785693	-1.4890651762170264
1.531832595952186	-2.581134367528471	-1.673179304328567
1.4558915366542442	-2.2813142892024896	-1.5693892280839714
1.4488937845711105	-2.6185457661619926	-1.1915887484172965
2.0387501478796812	-2.58155232076883	-1.294947482971962
2.473044788960048	-2.518956882556012	-1.0122323798986461
2.2136328498288402	-1.7859595480306867	-0.4411096323198479
2.4126820220405425	-2.1476557398836493	-0.39771440647658984
2.0139444020791717	-1.6553192220920683	0.14921141757234402
2.894128749767687	-1.4959899825940342	-0.32887212684827943
2.410351798197146	-0.7773333793480194	0.14843613920691545
3.2368339789248517	-1.1503486764668402	0.15682529363820924
2.4154383394711787	-0.3295201362401582	0.6096362732513494
2.7821483371530555	-0.8788167946666765	0.6258823799931664
2.68658861585727	0.0042397202668152945	1.2283776508871602
3.061943180224406	-0.24771620503005243	1.5896234520513857
3.1920976735370217	0.3109575735757936	1.636454358402141
3.352383170790505	0.7276262824712809	1.39660262015738
3.1548802082898515	0.42178010309420183	1.472994512145752
3.386199566469032	1.1049094876425452	1.833231707985881
3.3376066612493007	1.2996276205954613	2.2895276302361136
3.2104447267969047	1.4069658438093522	2.393716647704571
3.3329228845525085	2.0124184830401606	1.9673481395831864
3.5228940113289973	2.3285599169219156	2.053268654997672
3.0728016234943265	2.5469821556344954	1.9204765946476972
2.886271443054492	2.3135046411835125	2.613352937535615
2.785690442943634	2.571154236709999	2.6528534432463693
3.002246005423469	3.6739118647818447	1.8082819387231401
2.773588083138933	3.4371140641254874	2.034838333113547
2.4870230352577356	4.221027358093987	1.9331319993096465
2.250173378318003	3.757398531722155	1.8152550266086263
2.2385413458954515	4.616374890531593	1.294647576561669
2.3454217090717213	4.388624163032821	1.6000802777357641
2.09729717563143	4.497607798396274	1.8294908409185435
1.557693542237508	4.928734642451564	1.2240599088463666
2.0066519156889218	4.651047259797613	1.1443092055319264
1.3414961870312159	5.03419461500495	0.6064649135314522
1.4675836001006022	4.843541936737647	0.563639192567605
0.6987463836315644	5.03759827270682	0.1637446039452436
0.6765905294850667	5.208251918064171	0.6873764205110853
0.3257999542372338	4.958991693783931	0.6293908302450726
0.30864492643500696	4.82275719409361	0.24474692773996176
-0.126882012909039	4.838083603368239	0.22351128530225162
0.26691806880730534	5.207839919883833	-0.7013939727601501
-0.24309331099271836	4.635905493454911	-0.6490452766577839
-0.8267638349205698	4.881751162206836	-0.3783833869850618
-0.9002053767329018	4.419263521027667	-0.8499590727220355
-0.8338448806686941	4.13958904183373	-0.9921053647371667
-1.1480487436747608	4.493176352196329	-1.4262688634422669
-1.5416768794951428	4.033109306643566	-1.4825388657859166
-1.7228126588463821	4.029028329120881	-1.2861904098862889
-1.5944758933831469	3.881260629083452	-1.758598350623153
-1.1231545732979555	3.109979233133163	-1.8720280137109975
-1.765803504239046	2.7671186257774334	-2.090678861502349
-1.6709530161735517	2.378932828810016	-1.9644461590171658
-1.494412831693915	2.6728136655865646	-2.226218171163821
-2.144603393040144	2.5411759978779536	-1.6743086797318922
-1.5079827624798097	1.5113311242266398	-1.8566913017739555
-1.9671243351881489	1.2920917819045163	-1.6620844677071358
-1.7309654096500342	1.0707035530833444	-1.996957943498531
-1.8224887580380926	1.1669063221742708	-1.6931004736977866
-2.0159122729469647	0.9396112136573377	-1.692726413773182
-1.4814732823742476	0.18121700341157285	-1.5248629201596529
-2.0196579038697062	0.5815652267403894	-1.451181846397262
-1.6824282182685208	-0.17737589225773698	-1.2068986116804101
-1.9505623042029319	-0.11578845896675949	-0.5454952921099415
-1.8635461720413706	-0.4042243127399845	-0.8624694231843839
-1.5928552283930628	-1.1250332362563191	-0.7295444035292881
-1.672486852173133	-0.48453181626791064	-0.1791744827486249
-1.3697128064894744	-1.4523880769863675	0.178577355656948
-0.9852689708915128	-1.241779928459529	0.32530200357047345
-0.826712943989076	-1.786663773490464	0.6794870486820888
-0.9747406905585655	-1.7556360686026138	0.9903973552458016
-1.0853262482540686	-1.4629751215341371	0.5148496770819277
-0.34193881389013103	-2.3485444137558553	0.9353901325498511
-0.3375393862311493	-2.3581206810830144	1.3912263745352726
-0.5907415414971038	-2.7446753901820715	1.6767653277375034
-0.32300146320485057	-3.074075975847369	2.026419097864551
-0.05985195537443344	-2.8337173290452364	1.3217782979125126
-0.13259003720989246	-3.0327318354098347	2.2317825553173956
0.41708632044807725	-2.902347097300678	1.9326423409940912
0.5126161934744573	-3.3690268191672796	2.19070248115998
0.6482591714352082	-3.1410774756594178	2.2652255663549066
0.8660518394070849	-3.5090001276767206	1.8953198472536845
1.5364923218255604	-4.2296088797636	1.8773111276566168
1.8014443013150312	-4.28462262922353	2.1059255558636267
1.6745479787644793	-3.965198407866044	1.8722291167993768
2.5423163986848185	-4.362611481639417	2.000955655446719
2.4960694090650932	-4.066461416116363	2.3123302160381156
2.5286190508594397	-4.20908804033595	2.191301326637758
2.809118661242656	-3.835958486660174	2.10708930822765
3.2010959947695268	-4.224192569364476	2.003750322831218
3.3866883695468557	-4.544111443410998	1.9909688371082415
4.24536189160896	-4.278118810072261	1.7717271303108666
3.9239750848457025	-3.894814345309647	1.8596997886778963
4.319476191945802	-3.5248210102018978	1.0517159211049054
4.743128161166074	-3.713986198496431	1.0926148999720073
4.7256226974636695	-4.158670604108674	1.4670872920613207
5.493918167583005	-3.823008489850083	0.8031535706817363
5.344479438663044	-3.5366922182812512	1.0846751631552296
5.460375976558456	-3.477833200631972	1.0115403025928231
5.29678412795633	-3.1797535349354895	0.5755509379397198
5.784587698019214	-3.095738069070768	0.5972231120590028
6.099705178649758	-3.0925250433643097	-0.2660194281715539
5.688828591117786	-2.3371844920546048	-0.3840547934969023
5.882161045532508	-2.60379276537932	-0.26617638864078463
5.966438326602436	-2.4218745691715378	-0.9518552613411139
5.604694161019949	-2.0661697742310006	-1.1005285058395975
6.153371668888804	-2.016693749668051	-1.2481915891583046
5.939618466431524	-1.3401010209718873	-1.0594849330009055
5.631767827729174	-1.256453184961435	-1.1746247306860027
5.704338955731671	-0.7548937133761814	-1.083095173764637
6.0201344640176	-0.7710429995239673	-1.4128301550043667
5.216877667155633	-0.283120210200846	-2.015792403745095
5.679942092612816	-0.11662379446659221	-1.8559309275272948
4.816529956475686	0.26239723191029407	-2.1749181796860086
5.365709561179745	0.026197328311537482	-1.960979048510838
4.841837946766649	0.08276085152714206	-1.7276376177401862
4.180157171104483	0.800304316403268	-2.138041153494563
4.389263074267047	0.9238205524680005	-1.985393722034214
3.982655499842253	1.1635634969996957	-1.9961767765643406
3.731548317225704	0.7042420678822264	-1.443784567533327
3.4602973948919495	0.8899575286801205	-1.3464841456156402
2.9175805721494816	1.0968639506107023	-1.2633327377354193
2.671269868575075	1.8956714558613386	-1.5566626850727618
2.81837941463414	1.2073176930386376	-1.6464754582597112
2.944126971817626	1.6176682402102767	-1.6416662862882911
2.3827640506992718	1.5916873619862029	-0.9876029529897474
2.220560477334	1.3702843973933054	-1.3695883344135211
1.9166381111106516	1.472723410282812	-0.5569965940870201
1.216468927288485	1.3877877195279114	-0.5434462026898947
1.0310407681778873	1.67044557234976	-0.11837577785228626
0.9095430968084361	2.286730080599086	-0.4642086959223921
1.20280589265951	1.6208105269432909	-0.06164397177639086
0.6478178819425026	1.651320591807889	0.5126860065808058
0.10497393835225903	1.6369929550427373	0.7424846627421541
0.6770933219298725	1.5050479504609688	0.6251362196428654
0.27413090968631454	1.6418210201318004	0.9759261822503253
-0.4354933539563335	1.326597399826974	0.9295832830563932
-0.7437757283660645	1.4454318082562434	1.746128433906014
-0.49578753036479584	1.5322872109411063	1.7018268171527933
-1.2024784121050267	1.7028657249300856	2.0187170372146808
-1.5988580015332685	1.9280097594079115	1.9574272473129732
-1.1504054510696307	1.3613582009741971	1.9158901753909343
-2.0908891004163968	1.812352180263967	1.8889783655363186
-2.085766461871335	0.9130748541474135	2.191559999208853
-2.07396621951267	1.191497393083257	2.0401375498628314
-2.5411648826523123	0.9220032405018919	2.5502955163025147
-3.152948921104554	0.5929891051811946	2.5771818644235998
-3.3355590918150835	0.9429687002768473	2.174392283956808
-3.5349717202047373	0.22005790681265597	2.3121212258143493
-3.308678757948489	0.025269727373199963	2.086931535150639
-4.1178578022098815	-0.25036712963541785	1.8486208881998272
