0.49089606238172734	-3.850469759002508	-2.219136389918843
0.2629513699461939	-3.321894590847696	-1.587006374528337
0.4042448595099576	-2.9489506997688943	-1.8562221610475027
0.8374912362144548	-3.5500293594024903	-2.0181098541275206
1.1184030735914212	-3.2690640845741386	-1.2594593813323098
0.9513788052337747	-3.2306794984159026	-1.4414059319236685
1.1941244887990157	-2.3132865518569115	-1.658922204991915
1.6281089574318628	-2.4015893569480045	-1.2569110462524065
2.228916749320743	-2.536526730895295	-0.8481531139974726
1.935056232597483	-1.9297221492569478	-0.7836370930541177
2.42906499906472	-2.20382985271495	-0.9507807869079319
2.059339601686008	-1.5106920429094806	-0.5488145499666794
2.2199854657154847	-1.8700065508875339	-0.5319519790097582
2.1314776041313217	-1.010630779889496	-0.25245304323870016
2.740147842107893	-1.5620371027407305	0.641088907168577
3.10790096907144	-1.1812427242411374	0.5800632475075586
2.645095086492027	-0.7181288188470881	1.0651786963965861
3.148737756596072	-0.3362772753377189	0.8367733926392165
2.8047167445567456	-0.6406663216263486	1.339795567751551
2.812463684604539	-0.03493061529908492	1.4208349570034922
2.91348566834045	0.37238285319050973	1.8299834986333205
3.2282503968399787	0.849532985024994	1.3604946070954451
3.1714720295612286	0.7101136093948195	1.9885057648519235
3.2253688326048873	0.7738181700118454	1.9927607000039873
3.003751398699808	0.8512462230942314	1.828320935693782
3.0962611149165142	1.867392581830924	2.2183644591118745
3.2872186378584014	1.797874194247392	1.8895892414343163
2.9084402233595923	2.477094472057653	2.24574565939685
3.449930765242149	2.4854391442360115	2.348029591465308
3.2272604564576612	2.7238549343822775	2.1820284538427868
2.7272491956996023	2.781575703966892	2.0730864943515
2.7153469645614043	3.3507448726684728	2.424544537714435
2.554062045825064	3.2275340838334357	1.7378383623530482
2.81635370444181	3.524870185581535	2.118226876538157
2.682638409931883	4.0146135118196105	1.7483529104714837
2.2224116942606935	4.185527563655332	1.9912306733813654
2.524996095772199	4.376738255124181	1.8119451709023706
1.8782756336808486	4.523162517880235	1.0197338766874187
1.7462740058556068	4.35316539082711	1.5474300629435263
1.9531366812673765	4.480297131627733	1.3889576218452686
1.6611358381020347	5.170352935522619	0.5350074722500537
1.1394510392482855	5.142810527137844	0.4915166038135201
1.0886607012326681	4.832508606418983	0.3290690268386862
0.7641269404730999	4.873395236005123	0.7194121467977784
0.9400740660322381	5.115638350999934	0.03344894687583888
0.4648172925904034	4.868928730674963	-0.24395743034793482
0.4594338353417802	4.763855911533316	-0.4004491014981507
0.12190702348022425	4.631976007097084	-0.8054798803869367
-0.44636060904725394	4.920867767998285	-0.9401390291456754
-0.5261225909546906	4.5253904474199365	-1.0703735104720944
-0.7501411462771718	4.992758927469264	-1.0862885014484034
-1.045126547963383	4.28860531332883	-0.6400361403857577
-1.3881444538334113	3.9005878358824027	-1.1909785266535615
-1.3590916022039763	4.0097394153623345	-1.4358399986241386
-1.123877946986132	3.5109026128412752	-1.2975803804727053
-1.3545435524020921	3.3254855477111924	-1.2126498102496441
-1.499270236394353	3.285121307461806	-1.49077618791872
-1.7644327011060819	3.0111014789181594	-1.6997801814658116
-1.768050799827718	2.6956924534709095	-1.5878789711593146
-1.5350954858755057	2.1425453758375754	-1.8041462128935581
-2.11778804871084	2.444005122231977	-1.97359650323625
-2.040413762474503	2.010238802482476	-1.4371547076998952
-2.116882142084113	1.2715396524635572	-2.092628654069876
-1.7867401208309772	1.3637242782022998	-1.4587845391593262
-2.2300597179451405	0.860797598872623	-1.9796012642781937
-2.0159869454946246	0.7268587671942717	-1.260241493576431
-1.3612186605804804	0.4866480895169303	-1.64341111248046
-1.9986639568481417	-0.08370606516265947	-1.264941141983319
-1.7938079647505467	-0.38651442406208836	-1.125526381670304
-1.8420416563868331	-0.5752940157230692	-0.8239801921180908
-1.6170070573464241	-0.6158365959699761	-0.4132971389207952
-1.3720182656879871	-1.0413506249839823	-0.009673510721332268
-1.1908469409147764	-0.6129709242858273	-0.5845289339849845
-1.612288960621067	-1.1457890879865782	-0.4178908233110096
-1.0631664738588151	-1.4726152554751668	0.43692607007996576
-1.0896528822174847	-1.8473489391592794	0.0822870874420733
-0.7502819394213591	-1.4458176137577412	0.47623947631283264
-0.7445725889357615	-1.8070207296633276	1.1702545669067272
-0.887986542684712	-2.465829880941871	1.2304744092839306
-0.34837578192631513	-2.6565645234556774	1.10941639997327
-0.7080209225356129	-2.232529858608566	1.1546541623499587
-0.20560143731273084	-2.3451802266863386	1.4962385428176366
0.3167699011299864	-3.2261427599537362	1.9645576054117426
0.1340943885028915	-3.0608528157077943	1.578149008866876
0.5297760410033097	-3.2176599201376046	1.7990761915150564
0.43547984876727736	-3.609192839272362	2.4128638233464526
1.0775640778985993	-3.3007512610922265	2.1258785003013454
1.517018617978071	-3.9600582794093704	2.111227414859832
1.228896299188337	-3.7629931614854955	2.0948785344850265
2.0922949763855483	-3.8758028993142823	2.301559054233217
2.4019625803945046	-4.297326332270363	1.8790589403113787
2.2318929922394783	-3.5699137328209245	1.8248646187917754
2.2015921444307205	-4.007416893285152	2.192236548433273
2.6945113787443082	-4.421087962157496	2.1048186474577366
3.4698191134911056	-4.569471373335699	1.6873598795281017
3.200997297188153	-3.813173197586017	1.9226170600222332
4.0676636242506525	-4.369540287281947	1.8818461452811177
4.165663349849689	-3.8484311831815576	1.32854107627145
4.280627443710881	-3.800579690288724	1.6183374051690635
4.826721556721766	-3.929257428121864	1.2614103389745335
4.607882427566194	-3.9074160564458174	1.4689869657869754
4.679988686485502	-3.9220616003160913	0.7396896586348123
5.054456408113458	-4.070618487837429	1.2020705729770578
5.370431526240673	-3.934904597879447	0.44357536290529886
5.503478661174322	-3.192682768161066	0.185174837872386
5.298471791090703	-3.3235944762857716	0.15840739278471358
5.603897353339393	-3.265983294214316	0.5588549881301473
6.047078229414636	-2.6680645517434556	-0.13908829812318924
5.702682743823003	-2.5565304115492262	-0.3612056728723728
5.695805018591982	-2.7122605112450704	-0.5231024816628341
5.590287783519251	-2.0529120293415177	-0.6108154434970751
5.862751439618874	-2.2919526798648104	-1.0455066443983965
6.016746661573675	-1.4718590839360695	-1.0020171295434814
6.0768399443930905	-1.4300026004650865	-1.3134254349795784
5.882415777349921	-1.0495146834246971	-1.3457846856801896
5.523996302853957	-1.140639012404899	-1.5483649352071212
5.335108260358072	-0.9739809464533826	-1.9088859518192374
5.186312175530195	-0.45125507156292244	-1.4760593377273343
5.223391514039271	-0.12765332236902727	-1.927119560055273
5.340963641653344	0.2115688465137029	-1.7993097051083735
5.227412039842985	0.09117729249839052	-2.178682503061816
4.680524219855817	0.06877305507952002	-2.1102408146695057
4.987495994960274	0.40435699703105576	-2.154171818558348
4.59547301616956	0.9912128965043339	-2.316488428934141
4.351935841939239	0.8709400560252823	-2.180649447643405
3.8777221637900086	1.5197302458896689	-2.1903106567763384
3.2072776103638567	1.1916809153180494	-1.6180483523735445
3.6210577777344026	1.180018245599192	-1.8274184315335757
3.0763560918410953	1.5427009967616787	-1.450199090677685
2.923440038930283	1.9104534970173992	-1.7966350634746893
2.6211148213812367	1.3252045247201187	-1.4130893118582857
2.6916008765333532	1.6765101818828076	-1.4210093336020866
2.27546739071147	1.881969912119132	-1.2656254637713629
1.6704521882837577	1.4022685293602943	-1.1807586225197455
1.3244572096211016	1.5631103571946237	-0.5373933126319769
1.3097537175269265	1.678604944905642	-0.7371308717541839
0.9663402911144088	1.8590293545185026	-0.4683316951570836
0.7294112706440905	2.2466589472747382	-0.0924112592045005
0.7204338568388461	1.7843217653133538	0.06915829563325829
0.08821656839573826	1.5336591112267093	0.08151244829699497
-0.111487997318693	2.3049343684283574	0.4084905290331428
-0.32731576941878876	1.7712147493073531	0.5728685075930401
-0.5449353375429876	1.7934178873743378	1.0027538956449509
-0.1484632772175063	1.3607899556379142	1.2154452207808997
-0.6220107428753194	1.7611128005557664	1.3082006764700083
-0.6488575723942248	1.4289269480853009	1.2922777474395921
-1.3305831371896804	1.8858253276051196	1.8219597722020056
-1.4923436333512563	1.3421237032830438	1.8924286169202809
-1.5188007543116941	1.355358277805232	2.1311774145371567
-1.6004468365987337	1.1206504240292121	1.8471806444344407
-2.56292269544614	1.5210255306686644	1.8824247423925278
-2.3578188667634854	0.7900655252087508	2.5056122347609247
-3.2206195471200125	1.1379361830089312	2.5438524770546977
-3.176770086859516	0.5734302496256835	2.305450581443088
-3.4542881314155838	0.6983273596060867	2.4019991258697027
-3.6535538024173793	0.7342204220304891	1.9379208455978447
-4.042251917715878	-0.2560956473851609	1.9755686561964567
