5.055231178541964	-5.393695394383297	-0.8487954132235946
4.576211550395423	-4.897376289484443	-1.0573239527719174
4.159728855500384	-4.763459954939094	-0.4337249412245284
4.851681525727648	-4.747993896371408	-1.109842473459992
4.150947370147516	-4.1016697219993326	-1.1106527598116664
3.4462837197687697	-3.1941760500495335	-1.1980474463024398
3.30737030698717	-3.603880673923192	-0.31459573904857974
3.4516997751568996	-3.3966204395566493	-0.3679299499400339
2.5643091873959962	-2.591077411264845	-0.6966942936707675
2.559614695635151	-2.333654311007817	-0.1987910587324629
2.1774941661551193	-2.5145300523801244	0.5720305528792138
2.0330638691312655	-1.802180653754776	0.60347542567044
1.697114737633062	-1.635526871962878	0.6700589146257382
1.2828028976683996	-1.5782306288191585	0.6017859882012393
0.7852137674768658	-0.7358996180261976	0.7000323829776574
0.847067685332829	-1.089177333849047	1.154663576977319
-0.10133843467801393	-0.1553973667966979	0.668800970714794
0.16339527474549376	-0.8613970578795276	0.7415500516959832
-0.32928749183840267	-0.7099557039041167	0.5905123277480815
-0.6017923169835273	-0.9155426679025063	0.13031434301474068
-1.0868788783739953	-0.5954291246270768	0.15731604135119914
-1.841737536344231	-0.5147771617050869	-0.08658123096668435
-2.2413687284040673	-1.3034129173620288	-0.3139572755239123
-1.87234747484497	-2.022721197013717	-0.08617927850636642
-2.2753706434349876	-2.162101295139287	-0.8932574299310357
-2.083781385719146	-2.0563049192831255	-1.1121543008594035
-2.244670277998441	-2.779700229501392	-0.720457180811716
-1.575466688262503	-3.751235207089559	-0.6709878383718761
-1.4349103423220426	-3.346664354246533	-1.006088645920478
-1.140652842761864	-4.372511563904808	-1.0445957191849975
-1.2384521531240213	-3.8807878667099507	-1.064275106572757
-0.2683043562895926	-4.7708532251607245	-0.8465701687366652
0.08101125830390526	-5.017946437790873	-0.3288025339595553
0.638218827016354	-5.238129649549821	-0.5079973694243908
0.7455045276634249	-4.941014009633449	0.22867642202219068
0.751645831429431	-4.758299758704069	0.134592619465224
1.2770330677216946	-5.0813652374596066	0.5822250646694563
1.5027046210107047	-5.06205837502454	0.8481828258354775
2.423469727008361	-4.283810059242665	0.9623810643447912
2.395312042338977	-4.129065626099094	1.2330014166590106
3.062976822453071	-4.408875792040416	1.5089817539952028
3.106511997026494	-4.0204227837167785	1.385590560225666
3.613569410552732	-3.713273242479593	1.2769423629538974
4.1034131301023935	-3.3892840219744054	1.5943496495028726
4.705294495189957	-3.074527109921023	1.251774169460778
4.3122802818162524	-2.8960692670198176	1.0742365694264382
4.717246115794384	-2.46185501447938	1.27579100134526
4.881855016175712	-2.375422750776102	0.9044852334930477
4.950786696851567	-1.804038301655299	1.183502297134345
5.052990397118641	-1.5468960159487104	0.925085258042516
5.430422232068513	-0.7561522893103855	0.17877310766156798
4.910617334159792	-0.4354467789685025	0.515556475868834
4.452464249653708	0.13778968316968	0.025115020675333943
4.03697216572868	-0.34337896610144913	0.14041688270303443
4.667342735721821	-0.28911338887785093	-0.5247776796550526
3.8472497586016434	-0.09332437928767534	-0.6066682088652086
3.40121470635415	0.13306658936974558	-0.9602380978557695
3.0003540036773115	0.4343920716054816	-1.2157131397107817
2.446440274149834	-0.31507356620369037	-1.1419269759537156
2.377254163327976	-0.19067424754654916	-1.4012554056458948
2.1632323326359018	-0.42429606437539724	-1.2521884455219263
1.4373677392282422	-1.027816528830077	-0.8169849225528478
1.244102726567418	-1.0188239180843417	-1.454926910752804
0.5375551425028102	-1.7557442712044427	-1.266574655590265
0.723107950903235	-1.5449190997447335	-0.7632952240568931
0.1495442584812673	-2.0395335632496536	-0.3409920138057563
-0.34496568706848135	-1.8319813248326242	-0.06348142490181674
-0.5311131568695431	-2.2715448276579724	0.13159142884549857
-0.6208133984060151	-3.1324091259462934	0.4660377885603487
-0.9814858613842866	-3.1070913462646352	1.0045739533154219
-1.1059616593356412	-3.3303501013023293	1.1848352595682572
-1.7026156572778492	-3.0257515196317986	1.569869292413327
-1.3762222344284627	-3.869241079519852	1.6416898764567287
-1.7882890503607207	-4.07645049164913	1.9469131413096488
-2.307110244342092	-4.421947796203652	2.1289317490213358
-2.8521023812662425	-4.433398006391624	2.0443898174304747
-2.897284332587354	-4.587521907595531	1.5328668378411445
-2.6893094653955787	-4.728525801863838	1.5048549201931793
