5.261862169079718	-5.50068749195724	-0.8443989945121341
4.3836102899530385	-5.031719265677401	-0.4907274879369731
4.429335167321737	-4.721932495350561	-0.5662768727546535
4.212583445670601	-4.766401507393752	-0.5725930739332907
4.357303748695339	-3.983488147315935	-0.9781164579347342
3.5903476025442442	-3.9996645733336886	-0.5048322069342465
3.399804782524921	-3.5431264923741295	-0.41280196528977964
3.1408946691428565	-2.813964255249493	-0.6555636250066411
3.004675759377461	-3.0267457212602236	-0.044134104286665976
2.3263632071835514	-2.3584713772468398	-0.09579939277547084
2.1945138976380143	-2.5127478208112812	0.39828572360911413
1.9385562968460226	-2.1610810258024147	0.6567338583819731
1.946900622735854	-1.3216161625938443	0.6323026891904463
1.1663248932415833	-0.9762840751302356	0.566142252012765
1.4044566021815315	-0.8593819721173899	0.8097306717887147
0.5132501523920441	-0.5428691785952325	0.9113685041152868
0.6371184447218601	-0.8932242660694546	1.112038909026646
-0.5179611084234992	-0.5456857456884582	1.0051927186681209
-0.2958164060668491	-0.7868607057875131	0.43263266332576306
-0.9567889090923632	-0.28646462842274933	0.0780706946900073
-1.24263412246211	-0.7703931484153743	0.08911495514859835
-1.7896194390396103	-1.060410136749428	-0.20594220634343574
-2.0262202083324063	-1.605184480215414	-0.04948771044341049
-1.775720708113095	-1.4440150871746105	-0.6183861568393655
-2.341590349441331	-1.6594057886606801	-0.8889757041224973
-2.193342589652608	-2.2912517621108277	-0.719440291203092
-2.3184358279156227	-2.9229305032813055	-0.44474296444157146
-2.061709204132429	-3.5074134419292884	-0.6103195614994271
-1.7455430113217283	-4.09045156399329	-0.823576800980999
-1.0995922147672177	-3.931598240158524	-1.115276304221927
-0.5839798476606796	-4.2912293280568905	-1.074725284093433
-0.8016343830180969	-4.761165977538742	-0.08473279684028512
-0.3648720129817819	-4.588465638479229	-0.11942930001158658
-0.03609336911737521	-4.899938202381141	0.2797413163343837
0.7544597023906818	-5.237055869052077	-0.16930738710340648
0.691818525768688	-4.419407674906792	0.19311116173132753
1.2529291964349378	-4.785755987735432	0.5500500210337592
1.5228920376512958	-4.854999285896011	1.1160942339308733
2.2061527763257334	-4.961471973513511	0.9063451352235099
2.3648917641988656	-4.1637469355912335	1.5070144217978263
3.110676736299031	-4.209293615778159	1.2991639043817513
3.11452544460759	-4.2849388959195664	1.8911133562706537
3.6211627730346905	-3.2662353602812826	1.4026533738319773
3.983310287551337	-3.3894912504825836	1.9057813978927634
4.570672261206929	-3.4664846209677753	1.4920410241027788
4.38129362800263	-2.8143408462381325	1.2433676522702182
4.9129639050550065	-2.548462150037325	1.2213577652161052
4.8095652669547135	-1.9854516515122067	1.3858940073957968
5.149257716470833	-1.5371010405551218	1.202866117503287
5.237031612690267	-1.1124031574130142	0.5540539559346407
5.338399335495928	-1.1960857256006352	0.6983432998875378
5.030415845265865	-0.2769084654128986	0.1866784986680484
4.747635860950309	-0.3008379381623534	0.34365602624934594
4.291769558166541	-0.1972883356089724	0.22764270301968137
4.27659562289368	-0.24857001323103362	-0.08241597668003708
3.503557780207296	0.28582212429190557	-0.4822610092680686
3.1899969352501216	0.10422587668004746	-0.9490161790410511
2.9223403527930993	0.26760987561954347	-1.170339593534111
2.3682541090029603	-0.30567801839919057	-0.46953965731968517
1.958754600290086	-0.42476187381500286	-1.4501214759323469
1.7562912298417725	-0.6394916058741347	-1.0045631927920617
1.8003365779838005	-0.9085863465741415	-1.2594660357338112
0.9550486576861327	-0.7991418605944742	-1.0370518417525836
0.7754307818277142	-1.5574869688449993	-0.7638073000617878
0.8069523733903927	-1.5779829961936194	-0.92010502075908
0.533678884191337	-2.2757490825060596	-0.6777155664053324
0.19836587705329273	-2.7077340794073006	-0.21024002756305704
-0.2927508588518587	-2.306274622687062	0.3270969163496742
-0.5505988730995988	-2.4153516691447026	0.3609733270667187
-0.702767000270414	-3.179560790056295	0.9685898328551694
-0.9398334321432958	-2.7695926233496735	0.8991703849561297
-1.7194145874509204	-2.959024252705638	1.1023174049649898
-1.9274502947619832	-3.3378979497835064	1.7738464244577945
-1.8931534692545615	-4.366128753499543	1.7894084369520629
-1.9937520852696224	-4.613245319001412	1.7889550583484728
-2.7377435426224705	-4.567413156745682	1.418844521939863
-3.128551113007006	-5.07982162403808	2.249422957688186
-3.3595209229730645	-4.654472515725992	1.878197908826589
