5.43064785098389	-5.34543410659667	-1.106040844579673
4.6341954464978015	-5.013941095772498	-1.1860203813756338
4.62069684146767	-4.65244960935124	-1.149203748616785
4.935473163054733	-4.859446830664012	-1.16176753981541
4.873599300680635	-4.66551446761571	-1.2367949669104237
4.300231626592662	-4.310954341474554	-1.292000130938658
3.9411214055531603	-4.667770111546879	-0.8464849514637176
4.134867753832987	-4.609022496474597	-1.2719219475336965
4.333508344325902	-4.50201146632124	-0.6707449213200817
3.9800481179003264	-4.2981224692688365	-1.2476193672192766
3.871938428375919	-3.9385334324852637	-0.5626520499340083
3.611993988923409	-3.8598049015924993	-0.6782991697568705
3.290362022983112	-3.5251542457184115	-0.34891774126530783
3.3183945373770882	-3.4310934803427315	-0.43468845151765634
3.4779663064971067	-3.06038172889578	-0.8630723691423292
2.8290235598339155	-2.633786513667544	-0.7409000305057055
2.8046785420454965	-2.6832512342415566	-0.09899615851258137
2.8014652130733473	-2.8025567604597215	-0.17595191414701494
2.924293350032949	-2.2245203416220356	-0.12693372207991066
2.6279421362966477	-2.505607074728239	0.13847896317793296
2.6628946878457955	-2.5486300581890475	0.230719763019338
2.332486979734024	-1.9565234603318116	0.06595685720403989
2.422263820702521	-2.1993612303224026	0.5851331441377818
2.020671461013264	-1.627114083005916	0.7167610351237823
1.4639250452631565	-1.8894111999214593	0.448773669366869
1.492215849171071	-1.772645668378721	0.6332834939877734
1.067256542215338	-0.9178460075400628	0.7944946866918589
1.2305320768792023	-1.0287075863907957	1.1967261920928554
0.9799804422345555	-1.1101220973246424	1.101000129114706
0.6803533813393287	-0.8253903648147881	0.8524982700747272
1.0576610079021334	-1.0484341316840196	0.8246070227207263
0.09288508802758808	-1.0421693682410225	0.8198882542392164
0.4073997577237767	-0.9970589576409947	0.5980732333247227
-0.1848815773403596	-0.3083249945647507	1.1693450976196642
-0.2293941046886382	-0.6990083692955199	1.0136649825421489
-0.12552085858513562	-0.5795127644648015	0.446895190563746
-0.47156129637492294	-0.5848119313957011	0.3089744089716869
-0.742111682073799	-0.3660573701890081	0.3873816285354507
-1.0794591486878025	-1.01149234066167	0.31515269465193607
-1.4176602890890928	-0.6937877205127552	0.015059820080629102
-1.1511299416738956	-1.082884270769596	-0.09047420276906926
-1.7019346201404164	-0.8925482058157198	-0.23428537669009342
-1.7510623004566361	-1.0282497863671067	-0.38633835054547816
-1.651571200712763	-1.3416278006334534	-0.2192469421574491
-2.0024611834909534	-1.5421954549567487	-0.06730418563656715
-1.4621444521106532	-1.7290889099202733	-0.7548295413462238
-1.6176597812300142	-1.65238884502142	-0.8650149853211254
-2.3010749529190226	-1.5820853884301085	-0.679835509472084
-2.260863042560845	-2.4756940380799795	-0.5543993662183214
-2.173733494125578	-2.23775988691497	-0.47170750878512613
-2.299743126213252	-2.1042542944855733	-0.8841909424554758
-2.3556021190924366	-2.642191337985921	-1.0155556132703083
-2.0443021115873203	-3.0904294458998893	-0.8236813744953325
-2.123900882441535	-3.3790374961232152	-1.3381491897010993
-2.0650364697560124	-3.055500974862107	-0.9111332065912348
-1.9032260793404787	-3.4284115688117405	-1.1343048290835407
-1.7660685032754824	-4.063245733532774	-0.4320483399129572
-1.2406885246817434	-4.012076489492075	-0.8120452438130077
-1.137915731960372	-4.23869269936136	-0.6327817925982355
-0.9336972059986774	-4.270085828718036	-0.8395163918099762
-0.5343291403973569	-4.472108723006414	-0.8943475457009664
-0.3833472235365727	-4.525901993805919	-0.6877034099817015
-0.6165948025558734	-4.726195417612287	-0.5867206846637686
-0.35693994152824526	-4.305369850646833	-0.5944118634181289
-0.18395185778350093	-4.920623121105591	-0.6598103158938445
0.01206150950083762	-4.8876906171243	-0.3688365372715833
-0.07591608837466784	-4.3405337412308125	-0.4080677592806382
0.88545829314029	-5.083783196280164	-0.1640838610663682
0.9245971524855439	-4.955056744524904	0.19079940195694395
0.8793719512950446	-5.043411566880713	0.0419535746840691
1.3845664445256418	-5.104672874302779	0.6036470495973072
1.2433023679916344	-4.761306623288034	0.6821545123784198
1.4033494261724144	-4.863260906743545	0.2373593615719988
1.36596599986525	-5.196251032985187	0.4607713156867616
1.6275062425178806	-4.656589694290986	0.6828635593340289
2.3597528353927535	-4.852910815308912	1.2301380359604759
2.169755151282799	-5.020426094971917	1.45198017474833
2.223993332222392	-4.632848169460871	1.246948764538284
2.847755180191837	-4.72834996073153	1.3823620791825513
2.6771247569506063	-4.392487949192986	1.5212989348082082
2.971434777255473	-4.38385255131444	1.454563052892494
3.129840384417359	-4.181924669192117	1.4378918158644285
3.560810309707664	-3.802649711041038	1.506918967377554
3.2117917140646255	-3.663662047974771	1.5580478123837311
4.10677769648627	-4.110668746091163	1.1995845388292898
3.7836359105405686	-3.4431108951125506	1.7997549269638968
3.9008035527376594	-3.574770825889254	1.3433378657880157
3.97470494095427	-3.6565631125621563	1.9961556794750883
4.901220588528877	-3.2812459227817654	1.1553670874931221
4.82865624346852	-3.163477232418534	1.511001383001727
4.362697388431537	-3.096055433148795	1.5673626805188696
4.5440477252622085	-2.56917250270416	1.2763025509576296
5.344331490610927	-2.753159893705421	1.03245774218267
4.925324827575405	-2.3872650954377646	1.6697311136636421
5.329526046820179	-2.374311398366891	1.0424168826974065
5.203336347477127	-1.7465417824233285	1.0983952207935164
5.018760770465905	-1.9167625469522762	0.7281366429703351
5.635820601840038	-1.591567934904505	0.5025633471390112
5.001250366956976	-0.9099110174011108	0.5725766168894504
5.248827807886617	-0.8199269384308498	0.528089772847042
4.937769879295133	-0.9491687333856502	0.12020167176827681
5.044320382520982	-0.8063665234791094	0.7919388891926051
4.548174755792955	-0.5085376455520385	0.11712689686029695
4.8574224761300275	-0.10127736872288107	0.055594208375917886
4.330308473938414	-0.17316539453413393	-0.13887939000439592
5.081615150547882	-0.4245996700738317	-0.18065801836026713
4.80222064691039	-0.4392001860313688	-0.5281509569407753
4.2917530471106815	-0.11028623237682067	-0.5516059973618737
4.0554026336360245	-0.16447927161448356	-0.6976521702943844
3.524119936920628	0.4299367754967552	-0.3024191854685787
3.582014526637346	0.06102330265813816	-0.14903786206678127
3.519647512914367	0.278499692309692	-0.9316303676305654
3.360064710675675	0.21866179356703663	-1.112748759910649
3.018808519499923	0.09315268188863551	-1.104357679239909
2.982394369985502	-0.24567501324156765	-0.9622146674319773
2.5195951931696507	-0.3221662353913635	-0.5430151682477979
2.5851270240215554	-0.21659854421678398	-1.1276141338517047
2.420937021777738	0.2284109863898044	-1.41407220898357
2.206158866881121	-0.34935217244409245	-0.7098548023033665
1.6743270597102389	-0.42625737271959974	-0.7891654352125597
1.5294421327703438	-0.46536677062570064	-1.1947182123098088
1.9691065676733548	-0.4216475487830801	-1.361260809437264
1.47389449695812	-1.0878729619905947	-0.8578279463127795
1.8008109177342855	-1.1222067453571398	-1.3945569965461209
0.7157837659312761	-0.9309108454121867	-1.1259648230966461
0.8842270142465845	-1.2407194161264554	-1.0699216586657336
0.6601203999178156	-1.543768700672104	-1.3012428269954022
0.44202712270796335	-1.788994867187684	-0.9495611291417687
0.39845385805712497	-1.8163423370303642	-0.3195589912638245
0.2529178061098876	-2.249056927342532	-0.4075979801651842
0.3399175253779566	-2.289991179962972	-0.5461465700776472
0.24264558981633602	-2.251967905798676	-0.5868632566600546
-0.15337677202806038	-2.030032508703527	-0.00460359224689233
0.011357952673336336	-2.449887145073716	0.049063226798559734
0.0017553933847371805	-2.3020875534051743	-0.06267176436181865
-0.3443713839609186	-2.787017690441865	0.8411530326639416
-0.3185614799094295	-2.6364497389544224	0.7436794745658175
-0.5435498249614642	-2.940062804214633	0.8192773438957945
-1.0265767629819544	-2.9844228473279455	0.8976806784950674
-0.4121557809414236	-3.1531729104817336	0.7281146032290254
-1.0108213044093863	-2.8582882999910844	0.9350913539978193
-1.3189110493854017	-2.9310827828520134	1.084000233605087
-1.6502822243215367	-3.818471731227028	1.7951011386592337
-1.0614917410586204	-3.83641653227176	1.2479322380430315
-1.5698727822092797	-3.6661939349535517	1.8923010928382795
-1.5809781379536787	-3.6591064274635814	1.307763672996769
-1.9852246376892049	-3.6679439336355313	1.7856389763967797
-1.793437850477324	-4.268794139436676	1.7214776889763206
-2.248425553327303	-4.636790620953787	2.234905521058323
-2.6974631331387866	-4.411528410371803	2.2174313909537715
-2.2094943342597	-4.449219246954472	1.63476589819898
-2.9676181536739117	-4.40175293190589	1.8846371707696614
-2.9114841252655723	-5.076458149345446	1.4137886996050233
-2.8547141040283392	-5.076011494196946	1.517796694474617
-3.160932798491295	-4.680355632399401	1.4151848965818237
