5.13843216075652	-5.41370484916821	-0.8160386113932023
4.472694208593805	-5.056883378024823	-1.1534106987650035
4.809896902776463	-5.288241805716077	-1.1949697092969342
4.347987915447588	-4.6537196787932125	-0.8731844583567726
4.40808422872033	-4.436227711217402	-0.9246279051918789
4.416022253199332	-4.551945849555675	-0.9480693497151731
4.153782060457303	-4.06498619066657	-1.0537347541666917
3.8527017452171535	-3.8658492139215928	-0.7651186662806473
4.309480359596191	-4.112244948667161	-0.6839426645512847
4.389834537258938	-4.184023269027179	-0.9597540798776627
3.635288993378506	-3.6725833532072194	-0.6659769889204464
3.6682010494770765	-3.6111669650290255	-0.4745298826013341
3.486278804250715	-3.6558948090946375	-0.35991940024269065
3.2909014273190342	-3.6127700682422144	-0.8171312595358492
2.8462512034464464	-3.4278299691291414	-0.13448590780174785
3.612501549646574	-3.0038453279564568	-0.721149159297566
2.9244290327978586	-2.8695733890257467	-0.4671668006121287
3.1053953222880613	-2.5974523850130833	-0.5150587038401832
2.3397529061698363	-2.654826077535996	0.4980006964141201
2.194835853284796	-2.6917587063478976	-0.2696034667052104
2.6257219165456047	-2.433978787205879	0.30345451056140554
2.1310324443175075	-2.3816034671086737	0.00022879428034584988
2.2049454119089393	-1.982722391968813	0.6442357337733686
1.729804472350906	-1.5353192880458457	1.055866346518477
1.833377960020094	-1.2914446989439805	0.6251334209066267
1.512803760077678	-1.5452795744092018	0.6062816436189735
1.8670314763396347	-1.5292807598605747	0.9704291997218961
1.0631492332906738	-1.1790617480874008	1.060992717111763
0.7898620462013881	-1.091273306604516	0.6243450617699966
0.7492474742870424	-0.967036353724181	1.261375763341536
0.3608580602450387	-0.4800586447176639	1.2277307564925346
0.12586630403207363	-1.0955998890997087	0.9950027733607034
0.06949885536723024	-0.6183485966992097	1.1222023543678308
0.10223454741911353	-0.9293386802902864	1.1122486438199226
0.31612869329512405	-0.7430582688974183	0.5758073355455717
-0.10427369472011694	-0.5960755093634138	0.6692897299053222
-0.9886364962525525	-0.1613183705077842	0.47569608399014346
-0.7250181442731225	-0.7928976783983757	0.8369837636519573
-1.2950638135955053	-0.7642560922904379	0.934434723793529
-0.7328459140191002	-0.9775223197361325	0.09979767715918118
-1.0579085238918107	-0.6732781518044806	0.24977778385719562
-1.6772321864360284	-0.38563898712719347	-0.28472010075702425
-1.928219045574397	-0.8452558611343156	0.2298098187879981
-1.7530485495896302	-1.3742826053906465	-0.3469311156984761
-1.8243501167620741	-1.0871146525036637	-0.2594033361572572
-1.9373855589478979	-1.8473210683379686	-0.0824884302413823
-1.9759686647331276	-1.6694194369036168	-0.458353069579749
-1.8428306762638251	-2.187785743009666	-0.6602735290993627
-2.0615276486611496	-1.9861343820334918	-0.8233767805930974
-2.348879915588908	-2.1973712441520807	-0.4469798793818651
-2.0712620983757497	-2.8196162909221787	-0.9938633101491489
-2.123741749971228	-2.632466289029918	-0.9618736720683982
-2.055687908457421	-2.8768826821120177	-0.7822740830678636
-2.0452470420808715	-3.382448874367892	-0.9313521342030812
-1.7971102660384637	-3.6017331814741773	-0.711349361224044
-1.3563641939852524	-3.424634555505399	-0.9044804607255099
-1.5257919189164781	-3.9579716089501473	-1.053033675481827
-1.6255109357879851	-3.766374981513156	-0.4714325525244917
-1.515704394383106	-3.785048976522699	-1.1679017082405005
-1.0621274328371548	-4.088680935902913	-0.780524179727126
-0.895936233700255	-4.099938972607008	-0.8569135383138358
-0.854298244943635	-4.354122435295637	-0.40626576912222034
-0.5649561671277992	-4.5512032681842856	-0.21024788961528107
-0.4896392710805998	-4.369024496650424	-0.5996601281499199
-0.17868913688270244	-4.364425093012547	-0.5226794636114691
0.3582142059105985	-4.475610742657049	-0.579525318250243
0.16256576306407117	-4.991294889367352	0.0518938232333469
0.3145003153181936	-4.38650596725171	-0.28510997421452655
0.7484721810547272	-4.659609659757074	-0.2746644126930306
0.6701345188906005	-4.7499321799304015	0.48087180219649417
1.137266024861948	-5.287461226604672	0.34122191562375764
1.1800450143511787	-4.58490815769593	0.5704677669382692
1.3351661600323337	-5.0417316019715	0.5324824286429805
1.4854292481912263	-4.441128818796297	0.5226331412784773
1.8757081526180084	-4.327609095931456	0.4992481104651842
2.35583064302103	-4.9178288907657945	0.7709467154850264
1.9603880614248996	-4.1639195388103225	0.9935062324374934
2.5032216514879178	-4.694767049732004	1.6384316047836271
2.406188018866235	-4.454343734271951	1.2608765692172024
2.9832338411331545	-4.242201392834435	1.3988981468525648
2.7571258071590488	-3.843128336013603	1.187547781104446
2.944948827393512	-3.9989706685333983	1.224239073128015
3.181445188909469	-3.60870970506947	1.179248380643583
3.3122017330055584	-4.063951155531457	1.5468721605962223
3.696979721807664	-3.783794438982965	1.982255488605358
3.8902934649029315	-3.474644207441207	1.4982718129543593
4.3299028329920715	-3.5579454918934275	1.5112005976277347
3.980317553695139	-2.873376642228649	1.2172859940801155
4.273572989084276	-3.034801904925751	1.1986302792916304
4.993357510600478	-3.2688554021655887	1.623022793135633
4.725224369176564	-3.1407183143501096	1.8843550386749406
5.08420918512521	-2.8138757887871932	1.1956551086669247
5.113315888001787	-2.793162990969721	1.5620260009472111
4.952583358934213	-2.6026550485205333	1.0879531801774658
5.1532178108236755	-2.109474716683219	0.9912603537569745
5.224976352021117	-1.7403972710175308	1.1433103853919966
4.860528425969789	-1.8244329332231723	0.6743145232709649
5.275045688345169	-1.2417822484808454	0.4148801591408783
5.281408656671936	-1.1794226570176487	0.7187818884797228
5.515063854912461	-1.0944180983017544	0.3239316078228748
4.816924072768483	-0.39364196402037344	0.1151205276935339
5.059482125526108	-0.948013832561096	0.40338975182615566
4.647214951081497	-0.12417626990102626	-0.005835535771637118
5.000072696645293	-0.8399179760292989	0.32141820083174255
4.923783366954244	-0.15569075607998573	-0.31944974721112046
4.423842218900595	-0.11127411858353597	-0.25157631241663175
4.32629335713182	0.3766567285606376	-0.30912589793205414
4.095139264952011	-0.22073865587047392	-0.16545416675537494
3.8158096694188037	-0.3501424333441158	0.176991789214626
3.5977224842307214	0.026430614532838625	-0.2711094465450391
3.561226682962518	-0.16086751690124612	-0.7162680053593183
3.538164602092361	0.07464832003244831	-0.32750577855769025
3.1997409501279304	0.5602883472944971	-0.7539010559287178
2.846946512679085	0.5048631115540465	-1.0404950047393982
2.917948536279056	0.22220898406330497	-0.6192772469906755
2.9660898398616853	-0.19345006821003302	-1.2895625543516516
2.512884288007597	0.20845525330271936	-1.2527245873735107
2.491808565703482	-0.4503071774062427	-1.3484452276928671
2.2993231580249027	-0.2839640861737647	-1.327015072365766
1.7069163445737225	0.13748158341827377	-1.4445019766722162
2.127687009306113	-0.5669447801138057	-1.3194776827153292
1.7873529640957266	-0.8412315320131251	-0.8201202192255779
1.6939614538206462	-0.5873316815757129	-1.1903009285494996
1.0594539311637972	-1.1714816591991437	-1.1550393561824275
1.1686139839549097	-1.3872811083270389	-1.3628839022753603
1.1590110778271299	-1.2821289450840534	-0.7511726925570998
0.7399816134234976	-1.4525411602080651	-0.5585237340535882
1.0078727377771362	-1.3785241822169092	-1.0806156487940946
0.42440953291209227	-1.595436021897954	-0.6308947646373496
0.38063074651979134	-2.060207966018633	-0.2760665518398091
0.5880310737233734	-2.4283916785257675	-0.6385639536988302
0.5296964962374903	-2.4100404134044453	-0.07274841135731058
-0.060344573106205945	-2.676035023306827	0.159064308827498
-0.3807281555679947	-2.3314316737138543	0.323961023761315
-0.3430833509021778	-2.860105128232629	0.3981669679867873
0.06527061767345044	-2.9770534921378755	0.2216993151262501
-0.7394057759500583	-2.4676978970873806	0.6379738323570016
-0.8749493893941336	-2.468923340704928	0.661209348730826
-0.9740077820615688	-3.001756626493032	0.9901458263535026
-0.7391160853833115	-3.096792593884917	0.7506575684820702
-1.1561992902116547	-3.197656361837063	1.0544026024746633
-1.4979380237141846	-3.2669560858354765	1.1728088380225596
-1.6866745026288186	-3.80243972103934	1.5640836581213293
-1.6387549128733787	-3.460394620929294	1.5961744469266077
-1.5892310352699708	-3.5597561678995513	1.4226276306265946
-1.5839398455343392	-3.5556756429853786	1.5857287319724964
-2.3167096530271714	-3.837373984591977	1.906378830477288
-2.168097486264302	-4.13229998840027	1.4118234240490752
-2.136515500290062	-4.038393278715794	1.385564453848284
-2.5221410446171566	-4.462927919978055	2.0489425926505236
-2.7751451622363312	-4.532857036558359	1.6069779871867387
-2.933221644017178	-4.843095278271358	1.8603541114591784
-2.641956329213966	-4.5881290805080335	1.925423511341544
-2.3940225627111182	-5.080139891170641	1.7249502321940025
-2.785281635847468	-5.078080777209536	1.5157051646918922
