4.623696186373804	-5.27441885917752	-0.9276415553508384
5.020684415334265	-5.469968361437318	-0.8628365579644866
4.507701921506116	-4.758489006352068	-0.8165010980968291
4.671928908761284	-4.806818019774389	-1.1793864078263376
4.7049692603070286	-4.91698228398476	-0.5256691886897287
4.795355273869276	-4.510566041181536	-1.1789490614245168
4.103399449461475	-4.391898878367559	-0.9447879375293492
4.215734948843507	-4.364164054232172	-0.8642267696974293
3.8929080370678166	-3.5580684053706455	-1.142927080052252
3.540419690954375	-3.98929989431073	-1.1909335207503187
3.8903745719201708	-3.9723820880860212	-1.0731920210163326
3.575900681103776	-3.7445650864546303	-0.8893703023425117
3.178773461256095	-3.656378057095748	-0.3334128912361142
3.057417687221233	-3.0725783671565376	-0.3468156435465427
3.0880569250715246	-2.8752306830928487	-0.5183204743882331
2.9905324704822966	-2.4409067235518203	-0.6548593159135702
3.3164777613674077	-2.683984937057737	-0.4711788125250338
2.803714176859379	-2.3956565094808093	-0.4360118462332945
2.9767933103337336	-2.768977055758757	-0.2135872614753173
2.172164898789148	-2.456174188837306	0.4797186174921625
2.3694857441146784	-1.8787485744386658	0.14152903180188053
1.969778142395287	-1.770028090228283	0.480652730881612
2.0420323259201254	-1.6638191367758153	0.1832121445277725
2.128962161413316	-2.138730082080015	0.9015223873629792
1.6548466990130744	-1.6979515255631452	1.0608999861864217
1.6817137973541074	-1.1202818487853252	0.7968582445337558
1.4808292646993655	-1.3866344422211183	0.72953478904276
0.9693607310000858	-0.9870686645171265	1.3033818781165838
0.7360273301000752	-1.2936637515851612	0.63676456811433
0.8693699363547314	-1.2436265194326694	0.9446842709906935
0.6459106498418379	-0.7731602523126656	0.861426917954544
0.14833471138632456	-1.021216896282695	0.625692322362787
0.0902469240173012	-1.0281833857533278	0.943198437031826
-0.04459995732268929	-0.3256764284824105	0.6843118276842892
0.1502382737070922	-0.7056152463085039	0.5566695271429718
-0.5468048660672769	-0.5126974605932099	0.9279980746059793
-0.6172783244539629	-0.3017466770889424	0.8221691530296824
-1.0852142422173816	-0.8834107232029275	0.9196703709814698
-0.99701954259312	-0.5073880611183634	0.15558965476220613
-1.5833155604775335	-1.0629973826406602	0.5305195468061032
-1.7384954156588122	-0.6011900002706031	0.47609787735825004
-1.8351603226295619	-0.9960763288449114	-0.2678855820108924
-1.7849910758818135	-0.9020141139551108	0.2105205320072373
-2.1841116183503493	-0.8914776745959864	-0.14302490409822066
-2.1121963781342563	-1.0246017304723773	-0.152515359359912
-1.7666176563894922	-1.3468071576906397	-0.2591834730535363
-2.259282316353338	-1.5675974720201342	-0.69529039363719
-2.200304856917268	-2.193403395495686	-0.7036385662626398
-2.1280049986248977	-1.9022045038849398	-0.9887268533301478
-2.2949618250837482	-2.2638282400603735	-0.2780079208557915
-2.1893469456734076	-2.309003309476206	-0.48774083662511547
-2.1737742514735263	-2.4184087582695923	-1.0374267525637553
-2.010492706078404	-2.4784062919957983	-1.2115941750049348
-1.3382974342722873	-3.249216614795187	-1.1028170269414967
-1.6338163436412994	-3.2765995319576673	-0.8919512973971386
-1.9558255535014788	-3.118426094309509	-1.1949625469325542
-1.4695120189081	-4.0869597391343016	-0.5000904742971032
-1.364334690251238	-3.9314393306427484	-0.7585747790050009
-1.4970343763611063	-4.434592754089969	-0.7473876342034209
-1.317772374296117	-4.143062248507296	-0.7788680967468503
-0.4838549418736756	-4.605695881306039	-0.8423776021946761
-0.591813037884691	-4.6265430710398	-0.9214176350414013
-0.34088822355117854	-4.912915056637258	-0.8437136507207869
-0.02701123401918104	-4.7389725723275875	-0.6847147636796908
0.09338790782997203	-4.822924578085724	-0.3382778730081749
0.3863783368624759	-4.787199664838564	-0.07960229068994207
0.1487844060028614	-4.533616699210027	-0.44073517112303506
0.16042092510354206	-4.544905891196775	-0.30458395726095877
1.043399595412942	-4.690212634379704	-0.28314700682459576
1.0741924410133938	-5.014663485503818	0.46085487225323596
1.518513097610227	-5.210146132081224	0.28358990862895045
1.47797495467469	-5.053346142890251	0.2835770300040464
2.039236681046554	-5.250586677798183	0.3241960742231149
1.4421984656040607	-4.320362315453806	0.4723825903219612
1.5516026384371273	-4.472810964448634	0.836209731376379
1.6431177093881364	-4.435790498236376	0.9258846572264171
2.4453033302732208	-4.646726207778135	0.7344076903206037
2.690616375876777	-4.828544619764888	0.8262039045695359
2.7215276692670787	-4.121071029733759	1.1575145087319716
3.3385382103606545	-4.5794167442926454	1.2120179940051878
3.1354505610596966	-4.422530680113257	1.1276070608001314
3.698189811616659	-4.079340911883744	1.1508744776866608
3.2146343214714546	-4.215478915511307	1.2290216183476366
3.877269657619424	-4.019493456406654	1.5554462231969257
3.8011336146756474	-3.7676384330592425	1.5639563024461232
3.994177692252562	-3.19262985125928	1.320257855037209
4.506855783390525	-3.521378879287865	1.3990061278309471
4.757340209798293	-3.544008592750085	1.2740541005935966
4.402636511274843	-2.8746538069509384	1.5520946454701319
4.4913917751125805	-2.5647433532089727	1.1049698716858325
4.406709620235499	-2.595515462337745	1.4068541265160524
4.765953456841373	-2.5542565980801335	1.1046747055014454
5.052376004129558	-2.635188031537805	1.3029253208869953
5.005087695907324	-2.5333927801287404	1.2269205047380352
4.8470588906256555	-2.3928020999359623	1.4247254422399949
4.773752525592039	-1.9883945887855115	1.4093439525185638
5.319100052901803	-1.8360955759426223	1.2353985824198725
5.271642352182451	-1.7929455882898886	0.6886707546201166
4.871091450395525	-1.4606599266997833	0.5776053909128949
5.6644950814037225	-1.504876957233975	0.40184759470779985
5.365763919451713	-1.0898296804321654	0.17570927059028776
4.7432861280131124	-1.1221933115963056	0.10407800485548056
4.544508552488731	-0.9806879266536555	0.22999386226261284
4.5807323410063825	-0.6238259948877745	-0.04958915095076599
4.664691977618784	-0.3192950235390646	0.3207406120931225
4.91311803250578	-0.388984870916125	-0.11788758248110148
4.20541834847892	-0.5023498166335693	-0.24467300413815596
4.182160874281449	-0.24717361727193088	-0.4490310139335496
4.205112347730952	-0.2840494981809136	-0.170877000905999
3.568261233450987	0.3369215970813268	-0.6335690769233082
3.576492247200743	0.12828387595154345	-0.9165219407938481
3.1485418859527172	-0.1592114720351932	-0.6813491723933255
3.5641540956803297	-0.22959197307763535	-1.1117525875078789
3.3211037809949397	-0.2425280071608948	-0.6089129226764409
2.9767994757408465	-0.262414302932292	-0.8124813365855665
2.5793326258669107	-0.18332934064084178	-0.48575743416275297
2.7562342831221756	-0.37715610926272675	-0.8606750431028298
2.7767027784647293	-0.270190637888152	-1.1318832510574364
1.8423399332750716	-0.1716811549467162	-1.1172086365554166
1.7252874418723956	-0.5768890482509348	-1.0261409026818396
1.433165638661707	-0.7746813982995273	-0.7273125787835584
1.3179790640683247	-0.6623528352169831	-0.7906297444229555
1.2706865129510292	-0.9690109482100416	-1.1068470760235396
0.9020904262575571	-1.2506097698608558	-1.3153711607815892
0.7235230062334339	-1.309558927743688	-0.8003449325183921
0.744551130432629	-1.206158390912476	-1.4376008498201212
0.4373007162648062	-1.32882878589191	-0.5466672173605244
0.5828783354312153	-1.0326512558661765	-1.0878917614867238
0.7260476766348699	-1.674647397444327	-0.6716878432061338
0.9384520286576806	-2.116367281646002	-0.9233292096112737
0.43469694219329524	-2.1374522729131127	-0.4086911579524687
-0.18066731475406303	-2.4845376811671556	-0.18501569379418425
0.03332970304002675	-2.4392053495545403	0.13144095435136394
0.02624213559463512	-2.8064171178570096	0.24238809455338756
-0.4196915324284395	-2.3159210384750786	0.04800635666740982
-0.665235836058496	-2.7611790072353255	0.36765107364926064
-0.7650922224692348	-2.4531251780165557	0.8787997667079718
-0.2180236981627912	-3.1656500657890767	0.7020489515057768
-0.16713790503734716	-3.265939845634937	0.6716844528024218
-0.7651612401895875	-3.0306075388208704	1.1570691411367209
-0.8761856303983991	-3.083122215854785	1.3475664068806317
-1.3100789920361986	-2.8582517315179348	1.3016116644781648
-1.6760435343716709	-3.01742980414714	1.2705697934982
-1.5460873235973227	-3.6314208263591023	1.8270397276088013
-1.902295760789412	-3.5740405097874173	1.458438346644952
-1.968291429984348	-3.4820491373774503	1.3648281998355574
-1.4448580318580535	-4.323868730535891	1.6215615589978256
-2.4425077833935096	-3.627225112409485	1.7313398841083871
-2.5754591017309627	-4.311562901034747	1.9048746380521981
-2.6818957739303437	-4.727038732590219	1.9914375984718262
-2.5985351128134155	-4.486488196244737	1.7954410206521647
-2.4549668008148746	-4.978876751110017	1.7232654011123858
-3.168190942485968	-4.7925031843227615	1.7089630031071221
-2.9923716247098695	-5.238366939172645	1.3963198412318496
-3.189155342202533	-4.5198083875505795	1.6767212956798243
