5.030431730602771	-5.16285180025935	-1.1886691920253696
4.607709031676356	-4.976358889053013	-0.5375163675701535
4.510584360358058	-5.191583001765998	-0.4368170180415729
5.08455049072472	-4.995418219297841	-1.2680646340553459
4.5162296815725025	-5.00122363171955	-0.9028577968775467
4.523335790715157	-4.700728850319252	-1.0721649726858726
4.647810408207778	-4.39768166371551	-1.2837791253834978
4.344707921865611	-4.462337582404369	-1.1345844813091452
4.113945805233599	-4.084540601463432	-0.6707486667278098
3.7486544525698795	-3.911320313236185	-0.7967891640636567
3.3658625408555656	-3.316217431478003	-1.1427361863202974
3.5228803867726266	-3.312649687585421	-0.5900935597402809
3.8690047744330056	-3.8040720610440784	-1.0499676104985558
3.257850909350639	-2.9219032313470086	-0.8896744441359914
3.1080925595961606	-2.8433397444072015	-0.8549026359463971
3.0191194281540374	-3.224352438203114	-0.16385323709391486
3.2597294898891627	-2.6581591200224204	-0.5582703113335995
3.1319008040368446	-2.4947922802938325	-0.2163063632097718
2.407688642351001	-1.9722978055795295	-0.1942704506041622
2.2243216327631115	-2.5409753349959106	0.16024963800154857
2.430419131600482	-1.881042376473721	0.22328632867163117
2.2322665800196244	-1.8375652737412298	0.09527206686525426
2.2526652215444205	-2.2261747867962525	0.4225784726566852
2.057741844693634	-1.902696286417663	0.8197197173574764
1.9530255810065	-1.5770931060645306	0.6468822915978338
2.1538232238407935	-1.5765220354369711	0.6056041142966262
1.223279689447983	-1.457884119531938	0.857563485270206
0.8821500008316141	-1.2556417459420073	1.4108914370351746
1.0905655209318619	-1.1343517971080987	1.1396688871689036
0.9700294057905193	-0.7402116665572233	0.9212064526050239
0.27848182828196927	-1.022901543455275	1.0005634818875693
0.5993419498469115	-0.9157097867759706	0.9187280885761636
0.3251126426190436	-0.7735372312762895	0.6986391075781927
-0.021535226831195242	-0.24333359892971762	0.666915257215009
-0.5189360601098414	-0.5084819430576949	0.909530177627367
-0.41210020717343177	-0.01926741981405322	0.3850610234664877
-0.6354665594689292	-0.27488106496429754	0.32841217029937625
-0.8907255867733445	-0.7524511419934099	0.3610726500948472
-1.2628017907298759	-0.577409471239837	0.180060990764682
-0.9603297866836287	-0.7530344183156361	0.4951292628239371
-1.4402975923374428	-1.0617816225563659	0.5324333933512599
-1.623222370205804	-1.2623495502584412	0.10130770611325035
-1.3708019639235172	-0.7716196995987672	-0.16334904838476305
-2.1841371017354794	-0.867870319395823	0.04653672318685609
-1.5547630174489055	-1.699428644749382	-0.3310306820418295
-1.7229859936742793	-1.7344972634987634	-0.7000667661518203
-1.8148175105117659	-1.7237930660491227	-0.7116372127429038
-2.3941026106110197	-1.6439728297497178	-0.6712712403698093
-2.0840730116606285	-2.0407277240086366	-0.5909164008502944
-1.780418750059499	-2.461010661236446	-0.6210103431472727
-2.228383602453209	-2.6659181469296684	-1.0533746766414671
-1.7673475031532915	-2.7604807671712064	-0.9576949530807565
-2.17071708132445	-2.944239199184734	-0.5648649646656421
-1.7656182562500002	-3.2352302659734553	-1.002466099893082
-1.9643555797849377	-3.145648550515966	-1.0636041231556987
-1.5787471999331972	-3.8860141648702817	-0.8801886907435311
-1.680133153639892	-3.7708119387576557	-1.1737459014351592
-1.3123922571825033	-4.077334410485602	-0.6704083601259158
-1.007856692204617	-3.7640223918946694	-1.1169087200295962
-1.177116086687335	-4.250983088066797	-0.5805340630153795
-0.5675244228997633	-4.694215642500084	-0.7198630485763711
-0.9210565484694098	-4.321127716548099	-0.8520424143301798
-0.38723866844793475	-4.266966654353763	-0.6495668770029508
-0.6320543312835634	-5.015758603856108	-0.5557523452318414
-0.30455520635702477	-4.584777728532156	-0.08156490844265707
0.13677203968189156	-5.1685655649818925	-0.3412323437770236
0.46797508193585485	-4.764043684221529	0.02233606537466626
0.5650598833224291	-5.186446459547915	-0.3260054340996038
0.5888009135748029	-4.963576993032917	0.26305575640634976
0.8897062574643364	-5.281493789101988	0.4220917964373505
1.476903091169437	-5.284868556642112	0.09838035814413977
1.3012558822533962	-4.850773999472919	0.5439012020842381
1.6827550119891925	-5.171360679809847	0.7459984439848395
1.758299030364588	-4.971101217436042	0.3800366225480922
1.6125293242977243	-4.2748807528909545	0.7941999430609779
2.1837902003230365	-4.7888078695855	0.6372921023568947
2.283246368091143	-4.9841868199087935	1.482869641781945
2.7329551368238656	-4.431770295069779	0.9238711927201151
2.5178275201163	-4.7404267913268425	1.2339669449631305
2.4276720314834135	-4.39119705491802	1.5241230833842523
3.1238831920122307	-3.965579398174583	1.5188780164535474
2.8890956887804693	-4.253114720579013	1.886887318553912
3.37471943602833	-4.283985118429854	1.2745644865086683
3.6957983041662748	-4.11657805800048	1.8727593148494883
3.8436042337502343	-3.5683928170165022	1.7777747164505358
3.8721276799726843	-3.838101189494541	1.8273979601120791
4.447146699263778	-3.3414758921268977	1.5722222830235122
4.070751037502932	-3.597161545646358	1.8197853156467105
4.499101127418833	-2.8114896803990277	1.456232970791092
5.141270943734186	-3.317612827695148	1.1057649582235645
4.9682455365832885	-3.046013830616773	1.3015810928136686
4.646587956126386	-2.3197685880881567	0.9921061144253422
4.5230578374466655	-2.0029090710127146	1.4198972051279763
4.778559720615824	-2.255970736467107	1.581267375558822
4.8815847029367	-1.7000356787991289	0.7425617437918283
4.744470642277397	-1.6878089233479487	1.074671770847159
4.988299963991967	-1.6098597667088286	0.7716028704424598
5.510487515779457	-1.7426481382755052	0.7760527316327587
5.041916421950304	-1.4693529789236788	0.41841951557058404
5.393690936334126	-0.9345225956660942	0.6125372115874302
4.942945425998802	-1.27157263072263	0.8692183756798105
5.124833554542206	-0.6942308702631607	0.1041465351261157
4.975736513432707	-0.7919316141465609	0.001116562390183401
4.834842018152671	-0.8082936876487015	0.22648969376384076
4.7952094911082455	-0.6262951357622268	-0.3286074595265716
4.234708613130172	-0.3901916363067003	-0.2921910241583245
4.527454459673246	0.059877527932233665	-0.015302909114441321
4.595459591702166	-0.17408131144077454	-0.11189929324197201
4.353535711827299	-0.16511068371933607	-0.6247468486237447
4.015705671613151	0.051980345500288905	-0.8212853405420226
3.338366904716059	-0.050995179315881156	-0.277305453853552
3.348712310610537	-0.17693726802513937	-0.08485261307270986
2.9534743263453898	0.41454291256127507	-1.0872430029205082
3.2278943729161296	0.0278605717915707	-0.7724711381442018
2.8966617296904333	-0.2589785475504463	-0.6717088118644237
2.8055528180951095	0.05582354067937528	-1.1016193967639014
2.199177945760549	0.15036498207466859	-0.8275563656752714
2.219306573895462	-0.4285105930176658	-1.1908527202480608
1.909362211428623	-0.5360181246850235	-1.0862761950265025
2.3608118563938683	-0.37453343745353584	-1.3700395974136375
1.7519737937068114	-0.40222654146795644	-0.7740767382057562
1.281877526929789	-0.23102791182652116	-1.1801397714777664
1.581690466927912	-0.6032062641323925	-1.449660699268632
1.628424656667426	-0.9466693219764121	-1.348726495502906
1.5014506142559063	-1.3123962017811013	-1.1366767192982252
1.0582200508379769	-1.4306711495242692	-0.9143612778604524
1.2011287855943187	-1.6070510869445396	-1.185537235367366
0.3865005989322598	-1.6218180570266973	-0.32808994308489314
0.8510030997316904	-1.8884336097718613	-0.7274440019035155
0.5281616977971517	-1.7354934845069507	-0.896239869951702
0.6470379460551238	-2.1557486507775283	-0.6365664191420238
0.2649178670265607	-2.2407975368071327	-0.44115933891499337
-0.33219158347599925	-2.187383320997975	0.07649050094872478
0.1430813595786466	-2.77595269342631	0.23300083825017132
-0.40811570167746836	-2.4983611913599506	0.14857908516555252
-0.24557782942881567	-2.6733946712514225	0.2000030169059072
-0.7146575609322947	-2.366481798232946	0.6962912260849882
-0.7808200290242678	-3.098434373197413	0.9400347926249732
-0.6119720643810991	-3.1307523144658527	0.6191673194244451
-0.9150547453995016	-3.0396038670218566	1.4985903613718743
-1.2888646245106674	-3.2861069236982963	1.6822770082488354
-1.1802487084468896	-3.5717517746344294	0.9826392973426057
-1.2341769158063602	-3.3513488327280125	1.2435925626152464
-1.1308447737929737	-3.5832979977368344	1.3434049137804167
-1.4362624598542912	-3.7048985072322242	1.689572471549344
-2.1840040268083944	-3.2791961411280095	1.442471654218307
-1.9272915594799294	-4.129051407681687	1.936939407087837
-2.4446248500399683	-4.263866227698216	1.5513703800694847
-2.03198182664917	-4.371050047125119	2.0095074553842243
-2.0257677703265156	-4.507766623788858	1.8252773536808309
-2.918077508077312	-4.651185520745351	2.092861436047644
-2.8567200851616605	-4.373112873273737	1.4522513382948783
-2.7897936303923294	-5.022442271808325	1.444942481312317
-3.2114371787948213	-4.501578817450741	1.5345718550677079
-3.2051718538431455	-4.812454786051454	1.8709430128584312
