5.031618555712437	-5.002209463259511	-0.9785093156593656
4.693805259946951	-5.471390769192688	-0.9386217189200473
4.499399760726384	-5.4916384308017285	-1.123612778610962
4.940424468128077	-5.147645510278984	-1.1911078420368741
4.966552254768288	-5.0945215237023245	-0.9948744009065905
4.3088112498160305	-4.54733039991916	-1.227196519423162
4.1477191071425095	-4.740309878328061	-0.44209533334635953
4.123627757397816	-4.6953864390511475	-1.2212907514874156
4.253128641673182	-4.416993492012859	-1.2514562565674714
4.157044659999955	-4.4442560580137425	-0.7467595337804801
3.9036625566263297	-4.324063472994748	-1.165809553060388
3.8266975499951563	-4.586838389593071	-0.5029438419537826
4.391820684115559	-4.39813392525482	-1.1806764420334943
3.8013216775557592	-4.179158582262793	-0.9123393835998584
3.697015866231525	-3.964028610490319	-0.44027858194402714
3.722097144889408	-4.033386326284281	-0.5906244105460818
3.670365695460502	-3.500739392620704	-1.0629044421689353
3.844312558226422	-3.8364950349991713	-0.7328023779566976
3.440627029414479	-3.518634276779684	-0.35764066833626407
3.8970268301043314	-3.342859772150821	-0.9496812933419788
3.1908358384486837	-2.9470848199451254	-0.955689755229757
2.943273422321314	-2.8572038027549023	-0.5860549844096206
3.2609332618749227	-3.172746268074352	-0.25931098613951653
2.7810617047392787	-2.985505886413545	0.16024355429764858
3.145180259372752	-2.9355577564930155	0.052102512346515195
3.0432503140664147	-2.981484216974832	-0.5418535326419652
2.5726594028930982	-2.661329075072683	-0.4786766439901352
2.5426535684276916	-2.326284102980021	0.2689639437599494
2.9811553976294913	-2.755922758525986	-0.34447672664075724
2.2622554115314912	-2.097690529254688	0.36710053105980134
2.872982283222659	-2.3521028230768515	-0.03254118309155646
2.234472542093605	-2.4203427204518824	0.22786595093822684
1.845948026909102	-1.9918796096266531	0.7487121241650093
2.457083802214493	-2.261658765003225	0.23651676121361082
2.0351968092749315	-1.7915534698904865	0.5254341988460114
2.1806471492274624	-1.6381934584397646	0.7247835663994437
1.6299734894260947	-1.5036003652463363	1.2059322426502783
1.8554069069994987	-1.5378438706666164	0.6655182702419548
1.3944746708490126	-0.9741380035370933	0.8769818880587037
1.8174656137100174	-1.167895280589668	0.8301198295392705
0.9949888976588805	-1.3234961219175503	1.3895203244829586
1.3954915303986277	-0.967859030384713	0.6630841078035872
1.5682307089849528	-1.3480421071245572	0.7820396055191179
0.7686474566574125	-1.288474882082458	1.4865892761167192
0.8977298807022931	-0.8393713387203925	0.866909001885123
0.3318642212924035	-0.767857353122069	1.5644054173715627
0.9030349048267576	-0.7291800749035655	1.0557423737879665
0.6430679940696471	-0.8441924940480977	0.7169676890139969
0.5967931815236236	-0.4236091156324243	0.6224900772774472
0.41509955047629893	-0.4768106713006709	0.7417131077882523
-0.21517407382616627	-0.13031868409651848	0.7846107753976166
-0.14628926969405964	-0.5766166403577442	0.6540298876853374
-0.03721439331116971	-0.4964157657614653	0.6949820312692427
-0.06591124965731987	-0.6835081045871979	0.7805655606183085
-0.9528415258577572	-0.7534266265457069	1.0788833942044393
-0.7287185638086269	-0.9259281618683651	0.8813131813618358
-1.108315986044187	-0.7702649579998303	0.8263453131725118
-1.1260296943080355	-0.9200270623128272	0.5140197325782543
-1.223959089641916	-0.7031236522746369	0.3836045171253259
-0.9719703673430263	-0.7096875841725026	0.15302700741132444
-1.5816127836053127	-0.45545190986015816	-0.0634252204707465
-1.8084284211664399	-1.1722196251154968	0.01800660878522753
-1.9619521441666132	-1.1215810162072208	0.4452462286147163
-1.9794028806101012	-1.0725510637523032	0.43506739315754117
-2.157825052071606	-1.4306841098408198	-0.3318414420018742
-1.739743568306936	-1.2955351708185152	0.1739563449415945
-2.193827877548412	-1.460483138518018	-0.28047252545829526
-1.8989917861951968	-1.7179143375407775	-0.2353081555290758
-2.369029283725049	-1.8078167687953113	-0.3649624739712737
-2.2764458031481474	-1.9886055123161348	-0.5934061582887682
-2.1317912776899144	-2.185300596351964	-0.10327982242384715
-2.434299272669234	-1.7863855995060025	-0.7119936929612602
-2.2864455742883165	-2.0648061359030305	-0.8373068630225621
-2.3115087548148554	-1.9420676919121247	-0.9700578910875047
-2.004357000904777	-2.507500508750288	-1.1298212634123714
-1.6072645405729846	-2.8153738193700617	-1.060482961116032
-1.9235890596739442	-2.8053497691874942	-0.5998023381189306
-1.9576369744126478	-2.93801671764767	-0.8034892831482038
-1.770317692374849	-3.1931626604720167	-0.7832284416844218
-2.1704878362074482	-3.405221305855023	-0.8414952278478626
-1.349855344783156	-3.4260431294188503	-1.222009896263175
-1.3436929619769327	-3.298901181715343	-1.0649571603778627
-1.823932485348846	-3.0175125234803426	-1.3138410643093574
-1.9242863682174685	-3.098816601868382	-1.1863366360023357
-1.6933561802902164	-3.571222586738597	-0.5711579531725522
-1.6425274489200923	-4.04132147775109	-0.4810969293995393
-0.9218905679517954	-4.202499941295705	-0.6633539842471453
-1.4599976062162126	-3.976246047701716	-1.0096306075409647
-0.6620676482478991	-4.325336212629074	-0.7398166498171287
-1.1508884868813176	-4.191674399116219	-0.7212337119746532
-1.0240099390419655	-4.460719137992526	-1.112601938390464
-0.6973913420110783	-4.666515869432335	-0.9582828888864903
-0.5532102401680323	-4.765040193346978	-1.0219094794232984
-0.7162120812938115	-4.826340099587462	-0.4307301352726366
-0.7177684749876442	-4.473372255567837	-0.47801843728865634
-0.07082333790418294	-5.068997716911149	-0.5471242176307097
-0.3041578531955998	-5.076578704875673	-0.2623315771430751
-0.10080616039528983	-4.953368922580424	-0.4296572595174779
-0.09377075531474982	-4.587818144855298	-0.24974933525781928
0.6667871323306636	-4.9933483589777685	-0.18539294202114387
0.16312984147538995	-5.03413250827348	-0.27099726614319686
0.49212621104430243	-4.9462551866541205	-0.17273654487333134
0.6358563730185061	-4.964532177682994	0.5430406096970566
1.052779308704606	-4.993453967090597	0.11915149815679288
0.7237404792417385	-5.008123758005233	0.7286262859741316
0.7342663086992062	-5.099022310429337	0.44880463644941154
1.5469143264473924	-4.745829278339679	0.3187570418077482
1.0752665370748105	-4.814007765875053	0.5129807738683303
1.35390836743524	-4.514010989337994	0.3682666332428952
1.5930353951578278	-5.01063884687869	0.8910424676375803
1.4042377898035636	-4.4610669362155715	0.7626102521793346
1.793068655144623	-4.3160674244150705	0.5624847173187362
2.105298222526529	-4.674705925847577	0.7499424439340009
2.16631902123304	-4.549329366677435	0.8029712278983872
2.597864222905109	-4.805869904934726	1.1439512033955348
2.4675486675874057	-4.373128567846733	1.18810131760999
2.869188410874235	-4.701901659785801	1.2964316738982125
2.610020398795113	-4.246762759887859	1.2624543660942262
2.543541561360055	-4.635723179277048	1.5372841206831802
3.2140185735177673	-4.552900737781769	1.0516059919043492
2.8969353550955876	-4.221870900746345	1.1337142853731867
3.214036107236228	-4.276536951677862	1.3561786135833391
3.3567499558498985	-4.3052122338497405	1.5193664966256462
3.285010002609502	-3.963140735436385	1.5257548291972132
3.1375894594658544	-4.037491857848795	1.9204056500149629
3.5424045752320628	-4.16544971506297	2.0286558439429294
4.262897005802125	-4.032842156459162	1.38484281910909
4.105248331987399	-3.3268258972393108	1.3435620291960586
4.127182995300742	-3.4019912988072942	1.6630844623580492
4.538565048464925	-3.4943028974199724	1.5231863107449668
3.987308886970681	-3.6832325748136014	1.3693713620747066
4.192635804639502	-3.426203077685641	2.0280895944669863
4.431685564587052	-3.4646431662533246	1.360816540915967
4.9152874028676035	-3.2411747608429633	1.5639524040351849
4.5465648397008405	-3.0273705182117805	1.7992026761053412
4.695275960803181	-2.791978689376961	1.1163515810008007
4.655630261868769	-2.581971904462906	1.6061504622012701
5.032761207687036	-2.46076628735641	1.2964572048655318
5.116558080869444	-2.668585914409821	1.4456861003551333
4.755776638896124	-2.165280375790047	1.115841626991955
4.88572045308421	-1.9727277332526403	0.9577621732378916
5.384730649468931	-1.9281645295385539	1.0726035834205914
4.879773729278477	-2.092456321751164	0.8023400607218598
4.954079464655669	-2.169370827664406	1.2568368453972592
5.425869886983972	-1.7141132619681585	1.1073697652754475
5.243988980879469	-1.2996343773229346	0.7795628629100202
5.5825366968210535	-1.7776510359548037	0.7099118784976348
5.082049763275797	-1.574545121751863	0.29179565140883873
5.052819922157797	-1.218514933647017	0.4340894176282055
5.017584123508419	-0.948899601417346	0.8554646035418993
5.36186645612142	-1.2187789594028384	0.8049019400570739
4.7454904171126415	-0.3027365392805844	0.018824112419564318
5.303836464535525	-0.6632244219620566	-0.014996297719453516
4.579331703131342	-0.55934137392482	0.419987236108748
4.603182097312659	-0.8383387199101979	-0.18185957199292632
5.117982904908947	-0.38106867039112124	-0.08892355354152681
4.94108041047266	-0.281799568203952	-0.20129209019339117
4.467455554052901	0.06698152738416119	-0.33068978332866994
4.345202330265184	-0.4883105173223309	-0.26197909518531487
4.7075595923108535	-0.05199250102586361	-0.3320286508288032
4.502658527099874	-0.014704580467132466	-0.3065200137080991
4.244479278023016	0.31479757288554855	-0.1736918682790204
3.8946994760156413	-0.30199090873694706	-0.010922727053559456
4.015166308405771	-0.19488703035942756	-0.30216742995421886
3.9926742545625586	0.14872423617009184	-0.686252280180676
4.149631793330132	0.06982503844305421	-0.8074950348643387
3.6548981115595494	0.38980764844228655	-0.6596642817125797
3.6120285523429727	0.10046098685000077	-0.7333286827916283
3.237585337087121	0.1347861458900098	-0.79274130641199
3.490713117624627	0.09795719939852993	-0.6496000311197221
3.2762962685308947	-0.30342855026632287	-1.1628633287152472
2.6838657180212646	-0.11251957147971131	-0.6174417204312647
2.8978947972205646	-0.0623819491432272	-1.1867805268214693
2.688081572940104	0.23721792770561712	-0.8737012290146535
2.860726017813175	-0.30448135916969515	-0.8312025026548221
2.07377964394523	0.4075110870786469	-1.24590133402651
2.584080229311098	-0.15782965675279204	-1.0776827953921115
1.9928458203815511	-0.04769401644675686	-0.8963408934903663
2.005931164628708	-0.4659927894578805	-1.300957687121802
1.6034525049901371	-0.6999736811502781	-1.484877848558474
2.2931803905174872	-0.8159285112700358	-1.3469120745688459
1.5196846818643794	-0.30540165592949997	-1.3032739926529278
1.6659203610693498	-0.6228026756456934	-1.2895338478818354
1.1519194678926525	-1.085479915669743	-1.2549155066628057
0.9984733917404057	-0.9867713153911977	-1.364531320423687
1.0215305846337515	-1.1068033564707225	-0.7919482206021239
1.4381993526244572	-1.4204206861641016	-1.3409830310483635
0.7429569244657719	-1.5182698760481053	-1.1365923786325556
1.298444894490344	-1.536865559500833	-1.0735086950957062
0.47850906600738535	-1.6314797334668292	-0.6676241994643319
0.9071746032260883	-1.6453283150259117	-0.8815287862383772
0.3108041723105377	-1.9782545268719844	-0.7913875817814324
0.34606658419096903	-1.9987701201997607	-0.6107045755079347
0.454060539639929	-1.7608136673652885	-0.4467350482599418
0.5217914224447658	-1.8138977657616848	-0.5971818824769739
0.09653105192157396	-2.449186247350436	-0.6617919894581828
0.5110924412582594	-2.460355742256761	-0.09466187461686126
0.1586452737602967	-1.868439332015564	-0.3085678518576408
-0.12019277263871869	-2.256944214132738	0.028770206838611312
-0.34286253435096076	-2.487669577760624	0.5630888372832407
0.2649278165756638	-2.7061243656719314	0.2726440995523467
-0.2455878433434372	-2.6982571054740965	0.5757273621804362
-0.580950069672011	-2.5878316558317715	0.2574125586298429
-0.10773320569327094	-2.8356672987989677	0.4749540416386623
-0.41580124739341917	-2.7616653809124823	0.4769019768927383
-0.8082998768428462	-3.098814284060072	0.4810467514756051
-0.8208330459535766	-2.8612621083760246	1.1304804139789044
-0.802920462768931	-3.372445167687516	1.470852265061478
-1.1023822207591154	-3.092796902328127	1.4852539386096208
-1.2006295619246803	-3.222625115576203	1.5155146279106853
-1.1875281135871503	-3.015361305605791	1.5536576362585415
-1.4899430373905516	-3.523035198269529	0.9869396199230446
-0.7324733935988955	-3.720861408499969	1.434548271321745
-1.4293758696160248	-3.5539163474693227	1.2289555719387002
-1.6454577671061168	-3.3722985895237128	1.2949125716686485
-1.7739286912535719	-3.0987121806027065	1.35687290987033
-1.6757228363829764	-4.01631369321244	1.5541245270895419
-2.152871726800902	-3.9761289414322105	1.7236173472287373
-1.7251457419491198	-3.613653294684549	1.601517289550694
-2.2337226206434577	-3.7645059315145466	1.6266566083854461
-2.427720776216102	-3.8795506334825878	1.3764824616201963
-2.3040422729668912	-4.461322460371758	1.456503283107162
-2.5978281905783778	-4.300096692680278	1.5188423573420649
-2.6497807978780337	-4.0692628893954605	1.699954084317688
-2.038568896837873	-4.7373391256057324	1.5784781070290759
-2.1150499903927518	-4.573714798172582	1.7057038802363707
-2.2926782691121357	-4.962280121848364	1.5751116103150784
-2.9484903274959575	-4.857927093827703	1.4973723298208805
-3.044507225951876	-4.6905498009292845	1.5826748823177599
-3.204216576920845	-4.746577366066891	1.8903723546601325
-2.840295188186326	-5.096058239050796	2.2114081592271955
-2.7914594840985636	-5.290238082351727	1.7960275400229317
