4.689142607597952	-5.272507582549928	-0.5488189989426787
4.9884849697416165	-5.210369619738934	-0.9600590456655425
4.934243528380794	-5.501863339968111	-0.5297081093193149
4.499238080842786	-5.199494901310694	-1.0421478869989707
4.909288996184378	-5.033033353676084	-0.9291352357143123
4.707222484069814	-4.927222816497359	-1.0114788079452763
4.623242671658423	-4.950823157370884	-0.9876776565650096
4.142284479998621	-4.739776995807167	-0.4575175484165198
4.208515552289492	-4.136052172573889	-0.7911645801551797
4.390552613701078	-4.525435011405522	-0.5916576293997453
3.8291433003544113	-4.4849994266195585	-0.8018461912119682
4.123738969361001	-4.2349972768467	-0.5839193732151431
4.288321544040732	-4.081455877746844	-1.1685686208345416
4.082571181133259	-4.089507402757089	-1.1652101482421282
3.7592662471995437	-3.8994503307207244	-0.5808350387648118
3.822309721000549	-4.1621949580794055	-0.6092134912014247
3.8332686359468156	-3.302097377410555	-1.0011578240490542
3.296319129979801	-3.863711451708336	-1.1481329759510845
3.3055824012686736	-3.2731222721817925	-0.7069933454060839
3.4138960337791975	-3.3453875888620055	-0.9757844580080035
3.329859770723226	-3.558232065580859	-0.39187046036228035
3.077826405342557	-3.226208127461585	-0.4332208070699203
3.435299272193189	-2.906537388553501	-0.6651749343560823
3.2394730267015195	-3.16815445574635	-0.7747118901852225
3.216317316015551	-2.6481999316859315	-0.388958895146046
2.5583781247532373	-3.074813438488044	0.019882044888955952
2.9388058145038265	-2.7735292108968226	-0.3088298870158349
2.5185499338854545	-2.4867085037761814	0.009954552634578395
2.8364644745934795	-2.371058068759455	0.18735480187597098
2.211752828305564	-2.133891697202844	0.048549194576306465
2.3980020777858964	-2.496913823415958	0.09995943775286348
2.3607526188644368	-2.1873646093144212	0.4784922556713721
2.2027685107112425	-1.7146461855548512	0.3925669115301643
2.2782481202156486	-2.213199024629739	0.8485976619931781
1.934208861339012	-1.5518684804240888	0.930476004513893
2.2910862070845543	-1.784541400422222	0.3276363648017694
1.7669614481332478	-1.2042786218991806	0.4159250018598254
1.8369486447143997	-1.7454461376363	0.7392212705297866
1.7652851571040014	-1.2502154336529108	1.0358497111863858
1.7464250352168458	-1.6767837905730285	0.6296906519111669
1.2895301638050432	-1.1195034245892233	1.2099906252426806
1.3957766592753234	-1.3691754262050084	0.589595672555838
0.6961098379270091	-0.9653765468888287	1.4506746228438332
0.7926639269223542	-0.731519837177569	1.2676198503357448
1.0524763667493948	-0.6867901018351824	0.9529091002516852
0.4439513960129113	-0.8719514864759261	1.0653472785703542
0.4087143647601743	-0.9763569234369158	0.9171030228529035
0.0019250663725273141	-0.8023038381104793	1.5482441897584613
0.16468178673319725	-0.5698761593198501	0.612739806974605
0.38712982893794096	-0.6761590138668943	1.0490212815622477
-0.009650977179389009	-0.9675778444689047	1.3403400863561563
-0.5654569479312026	-0.5130348926327525	0.6919181888611523
-0.09522370578354422	-0.7071857535181795	0.8546224313739051
-0.7738730160929753	-0.6745849082608595	0.823879867711824
-0.5597425549219491	-0.2404919351018432	0.6932285130634113
-1.1479175406936308	-0.051586179097688034	0.3405749749638282
-0.8519819294182748	-0.6782278611532278	0.1313984519325816
-0.8793030271423586	-0.9582930959817589	0.7412291376661154
-1.399461713343464	-0.5544959690154095	0.1639847501792838
-1.5357376002768255	-1.026261344790674	-0.03836329580274192
-1.220435946572319	-0.6779233536448882	0.28802989478599383
-1.8684605394481468	-0.34767075506579126	-0.03128336116341446
-1.253804440506437	-0.8717117205810568	-0.06604851836077275
-1.589982977356718	-1.3555152424188655	-0.15086375254492213
-2.00704458818554	-1.1738940922180738	-0.11302147590042039
-1.4377800187574927	-1.0953449107539366	-0.42859024346985497
-1.8567984655646366	-1.465243359862494	-0.6424630860773035
-1.5994484016276196	-1.7793333467366983	-0.4232976179316331
-2.2491685200351195	-1.6992015930509892	-0.6215319634560088
-1.956378174471617	-1.6748017887554578	-0.3862992118853217
-2.097883400516385	-2.003212591452613	-0.8867094275674243
-1.8699070890103298	-1.7525415113391465	-0.8653197795859343
-2.360851961203664	-1.8303438949928053	-0.929995467355791
-2.483011216596121	-2.536683842704862	-0.36392402036843374
-2.0932118098520647	-1.903288844845498	-1.1357355108596232
-1.6922750437743264	-2.7710366969976303	-0.8578532820393512
-2.335524974546381	-2.6634623385832565	-1.103050229050124
-1.7722194713129447	-2.6171164947268126	-0.9429072237612401
-1.843296231280421	-2.590549699291109	-1.2445714935887922
-2.19307167630573	-3.378760557022624	-0.946616887467604
-1.6045873217198603	-3.25890591689282	-0.9373640068225022
-1.579257103265003	-3.3297091380944295	-0.7466162867905788
-1.95922673892397	-3.367486206386993	-0.6260885642370416
-1.917890809977575	-3.690492259001099	-1.1087268203087959
-1.4022024052023432	-3.424729400120045	-0.9349292454290167
-1.2243638319146608	-4.0478858033896445	-0.8955742441442355
-1.6591518576363078	-4.310495172775873	-0.36990280388551855
-0.6774970571795945	-4.157953582893996	-1.0277476624304882
-1.45140890659939	-4.46234869376537	-0.9051845495727621
-0.6708380016995057	-4.286335137447699	-0.8976175627983243
-1.2301366799973232	-4.4544475711636595	-1.0968915143204483
-0.4902700153074483	-4.719785126453125	-0.6091216518835958
-0.6852720320615093	-4.145724142602187	-0.78982823448361
-0.10556118615286658	-4.561057875565574	-0.48811627720446893
-0.45496433267042935	-4.639340181631245	-0.48062278615154963
-0.37183904549472546	-4.97655497200734	-0.785672676086916
-0.2427721492764477	-4.935821739938789	-0.5064578605424601
0.5351790709106434	-4.81627178272908	-0.46771219222320926
0.008464464036935293	-4.30187159590654	-0.4409480018104308
0.7143297441175991	-4.974615250442064	-0.1410817605386272
0.28294278210655704	-4.902246711336749	0.07144791845256726
0.20203801143333955	-5.145512392155124	-0.023389364033284843
0.36305111070753987	-5.266451793065462	0.7000940547799246
1.2844077523954531	-4.939626766699878	0.12268525547244508
0.6030628600935566	-4.862989204382968	0.6267862504613998
0.9706944256398962	-4.457191705405743	-0.015316150303033835
1.3183186942825795	-4.8179167159440945	0.6438124722856202
1.2592591175961325	-4.546461885376877	0.5048785245597358
1.3673836581427965	-5.041424264241951	0.7974111987194834
1.609143155253239	-5.028503597956819	0.4594118870874688
1.5212311832086627	-4.6864560716504755	1.098882355672802
2.360393196476762	-5.023386591506749	0.4964432701989748
1.7606299752905095	-4.691549411829488	1.1912861778946173
2.10214343872153	-4.45589484038633	1.27184834614757
2.0988524087121156	-4.8443821514396115	1.4054730139147038
2.9032173071690686	-4.778631233971699	0.8750372379193657
2.1370286724633	-4.660930450471546	1.417201943040125
2.3290132187955113	-4.069629732778524	1.2051686036832463
2.8653667569788848	-4.717560730839569	1.3905096372720638
2.7353043052483357	-3.838245367210362	1.3520601444794325
3.2816947933087697	-4.198674981961776	1.5168803426330304
2.8356809547370188	-4.214588419744825	1.1525110984807811
3.6208366378587398	-4.317032559477368	1.4938466768979488
3.3590986298326113	-4.316979064382796	1.2304791684615741
3.450893505149183	-3.704749265382638	1.2298356996426025
3.3197601692848613	-4.0777050270273065	1.341937779319894
3.388878555388246	-3.663281207662078	1.7784058966484166
4.170064765136632	-3.819703017991782	1.8522352243764844
3.9378557127323974	-3.7778496114995375	1.2357208822253625
4.016439136140897	-3.4214285522457573	1.3145565700977313
3.8777715713630845	-2.9327835897589916	1.6323596672016818
4.195008974663489	-3.038763616378899	1.1990581270231755
4.756131823694312	-3.176761432459607	1.1587816712588048
4.351793981399097	-2.8871523620750414	1.5312097362628414
4.795688709129344	-2.7535979613311348	1.4295669023996265
4.3524032492465725	-2.984985444987669	1.089211804848392
4.534897692378067	-2.1643718955380304	1.0740030054522371
4.697280625530803	-2.5182221174106947	1.2435879324906445
4.786893861511553	-2.0110990390135974	1.2496376539487577
4.686903006579584	-1.9278249135818488	1.3701407182013257
4.74955611782347	-1.6439232038531006	1.092413262372948
4.713040707536453	-1.603848384130186	0.8676136642700086
4.9895996066823	-2.181435652021081	0.7337874242367642
4.727427477075931	-2.043959170213496	1.0608072163913653
4.816349496844605	-1.927587674695812	0.9282591324555372
4.866761354096347	-1.6671965754728282	0.5274007889021031
4.951353867328523	-0.9687054651592725	0.5298102798607004
4.97973499022681	-1.2408392417914285	1.0864998841372553
5.404140069247646	-1.4578108125631286	0.5153058630674618
4.992565815060635	-1.254104582463392	0.684687956302487
5.015116200310753	-1.235570324610947	0.9747446207072176
4.883739810501009	-0.860394314992955	0.902397240348987
5.2917157686622405	-0.715557181115947	0.15638499573681933
5.057217057366103	-0.5034070477494473	0.01992730498798631
5.231332577866913	-0.7251454627182844	0.27680574371844124
5.090971294941563	-0.652150336313676	0.24261412969589724
4.313555996036726	-0.06007117067456513	0.02557438518187599
4.899079677247757	-0.6439163370561588	-0.060496009261813866
4.158127918850121	-0.2398004285503258	-0.2792273663028149
4.334698923062519	-0.10491128937376215	0.05432423418294652
4.122066097825625	-0.35887840967845225	-0.49170242850723866
4.4123063380843215	-0.2101757713201593	-0.10810205800194028
3.9803858965996	0.553508146156765	-0.6643744414380424
3.9285699549286583	-0.20152690720035438	-0.3649056594581198
3.660246466086032	0.028585843429829005	-0.11692324314525249
4.029744223048086	-0.05902568558233934	-0.5340987172065054
3.810291878266062	0.19092564468987172	-0.9749388236335313
3.4986580836360632	0.421840910442761	-0.9282715694824207
3.026242010819755	0.48635537835703624	-0.5749768484476582
2.9307211727669786	0.01299248299490191	-1.0796540443280234
2.800343350524075	0.24308086087385328	-0.4946135448119445
3.3545387250455088	-0.17089852243612286	-0.9448802291024145
2.613315724345583	-0.024831422774743095	-1.1249862758187938
2.8645916149188215	-0.07228444340723772	-1.2388714371894487
2.5959390769914825	0.4122393725012718	-1.3751117535402677
2.7435669858516185	0.167340074507483	-1.3578409434378518
2.3025098280728473	-0.4961368584228112	-1.107752050935181
2.2680473160704446	-0.31203437101986	-1.1436014242258046
2.171466432492153	-0.2130712789480398	-1.0819864545392948
1.9671797926594277	-0.47532156308687135	-1.351394096168101
1.4847459698438448	-0.7828090463737536	-1.1305140463750156
1.9040456250176785	-0.8413082716322389	-1.3614874511658341
1.819789314686777	-0.38579125909922707	-1.2796056433186525
1.4532709719492642	-0.6764151525805214	-0.7984677390728706
1.4670345974243828	-1.1945558979368518	-1.0863983978228058
1.2585334329391105	-1.1007689674385763	-1.3571378891191226
1.335286993518142	-1.151155360121413	-1.2001688946683222
1.3519028144344	-1.1062618639573345	-1.175629882956931
0.9135207703153012	-1.3086532824932562	-1.2560490276468537
0.7073627821085193	-1.4635750519445017	-1.2391517643302326
1.0719476734698874	-1.6301340755705351	-0.8363514928595954
0.47689787342363144	-1.6278736645955614	-0.39743537053117306
0.7184407958513325	-1.927822619460582	-0.7435015903948418
0.4323634316985937	-1.9099114553354748	-0.3575779565477071
0.3135550943892668	-1.824358376837151	-0.4344168375584705
0.46593763737720817	-2.170076328965689	-0.19245106748809038
-0.01354761587598824	-2.401953030759914	-0.39627699696184404
0.4888988990217795	-2.60137622568588	-0.2162262806206735
0.4153823250584387	-2.1835728707001065	-0.3426528385607598
-0.19393588484473473	-2.2017639624472256	-0.34048006096501726
-0.23948322833048308	-2.3191760481376127	-0.07915210022362296
0.15591961097882967	-2.5298801207989525	0.4196832128454867
-0.40522146868124675	-2.4475714382296214	0.52989634413232
-0.629735849030983	-2.915117319047555	0.8206802431601163
-0.03469153613024234	-2.594736078214371	0.38877304403994095
-0.8952089311116738	-2.5933871187540625	0.4102478478769998
-0.6805586605460869	-2.5056408352270516	0.5536268238633916
-0.4523469197479676	-3.245993030459867	0.8273490712384243
-0.4213328241787958	-3.3713328732826575	0.7666724035835283
-1.282339913871172	-3.447967392907221	1.4140688905694656
-1.3253703582676102	-3.371929707854625	0.9171939538948078
-1.32894458475281	-3.2406859244982935	1.3059606478536567
-0.9993673514976423	-3.441082053562358	1.1284187041079339
-1.174306736906975	-3.3979859080306776	1.151929934590026
-1.1308016403297478	-3.50039863186651	1.1803134875226575
-1.7483403849056076	-3.7621172178411024	1.2650804041098156
-1.7624277854192842	-4.08794005384648	1.4333115271366894
-1.5213742620505095	-3.717547253370887	1.82629443771898
-1.3261981357908836	-4.0129092191178275	1.3305699016912471
-2.131891183061583	-3.7557308302606813	1.6718336339207824
-2.300347136137001	-4.256275534649384	1.5258441064860953
-2.003073732360854	-4.2796338359980295	2.0689995976125233
-2.5739343701917794	-3.8131059759266046	1.6988205932123444
-2.519633962866826	-4.250467587118059	1.95451753367224
-2.567141660830907	-4.644587096263988	1.5212098539935477
-2.3669826201004502	-4.848769828048107	2.0447307828265027
-2.9204385871778165	-4.676842789225413	1.5915540391102008
-2.9134715994303706	-4.614706152034434	2.225890454514917
-3.1516138352606378	-4.969685191385857	1.5882659833109227
-3.203817221630181	-4.945397560267888	1.9366893344425216
-3.237412353802486	-5.049048493793084	1.7030247387332793
-3.237492393779415	-5.003254247185351	2.242937311877773
