4.713609264816198	-5.485578102022649	-1.0978914615510105
5.0816281655136555	-5.081223910965116	-0.8441763383460101
4.9169616606411015	-5.309978937296563	-0.8528620369289929
4.47879925313024	-4.797084092628991	-0.6005144160726554
5.070248461227001	-5.244596923561509	-1.1424940959734393
4.507842404085842	-5.2224624749247495	-0.9297300030158097
4.671408840804148	-4.608197478973059	-0.7591652714283458
4.128940184135877	-4.688876775098362	-0.8179845660556939
4.214626693832699	-4.398765911850825	-0.7795019471077466
4.04194846087251	-4.25822486460325	-0.6344302703813057
4.17662140614381	-4.46441503514511	-0.6513944479253285
4.042758896699898	-4.032423933808501	-1.0005364702928174
4.061846443055575	-4.241408846655084	-0.5582579109783251
3.875138396508075	-3.9030679233884173	-1.209189872303913
3.492672683058495	-3.75159619135828	-1.2425350465729283
3.7459803180207194	-3.8214605075038888	-0.8395272543165901
4.053671241885217	-3.6523214990807693	-1.1317026636318828
3.4155392291165274	-3.5068063341913867	-0.47430097770057056
3.23147470324675	-3.7092915144907734	-1.091495946892734
3.012824997759249	-2.861262435458598	-0.9899156412453137
3.176630929750699	-3.1548368503513857	-0.22455694570588192
3.0450622990207914	-2.758295059807084	-0.3772309005258504
2.822463747805219	-3.013815679688598	-0.45342636504023015
2.6740872277775987	-2.811892962973786	-0.35138914429274615
3.1495280466150026	-2.7731875256034457	-0.41219959825816765
2.4665522574723706	-2.5107018931292124	-0.41819712335402515
3.098460848711336	-2.38442853866027	-0.46329464446635715
3.015211427310158	-2.8067315296347513	-0.08829075276821535
2.411084952527835	-2.4376860201190595	0.3466736990725563
2.627641857626638	-2.048336517520685	0.22062895307469144
2.5293659634918004	-2.010048290353964	-0.0481006497787872
2.4377322191352713	-2.3491899669182987	0.33461229221200905
2.242051295328176	-1.9076557767610471	0.2072758442555458
1.9564669983223548	-1.5942822671644585	0.4603583161451628
2.387564954485068	-1.9455152003283547	0.5520389080283056
2.0027844299897017	-1.3123901732067402	0.7475585417917999
2.171367132191635	-1.8527042543523213	0.8204287601761301
1.3384414463619412	-1.7280398091898137	0.569277993114877
1.3392982413501302	-1.7312148522831483	0.633047562376421
1.5956777405615457	-1.633586639816549	0.5662153549804011
1.3953283089425663	-1.0564624384098833	0.8958087045959062
1.1356482265932277	-0.9814285878389722	1.0318494956184847
0.9988642310649649	-0.631185772417881	0.8480749186735369
0.8261729087467163	-1.0264466752417694	1.197135789545368
1.1305828019709239	-0.6934787098890368	0.8141240618818608
0.5387588281078655	-0.8980277461601388	0.8120318149388391
0.6349479156106327	-0.7188932971959251	1.2245346911278423
0.27442642183522314	-0.6021710901649843	0.6503157293795205
0.3713512326065095	-1.0191522884969761	0.6485300357281839
-0.2649742475288333	-0.9626991222744393	0.5792813365793793
0.11505958431860852	-0.22729085119927928	0.5177835396931658
-0.13887794495723438	-0.7257714847610337	0.8752969813029001
-0.3778737772357542	-0.15700686183569956	0.420748117692759
-0.6385843384158408	-0.44638971641938596	1.1435912893039775
-0.3808437969128038	-0.8289998472869728	0.3929628761548903
-1.0893045621751374	-0.39572773544101025	0.6352381328221169
-0.773798352388773	-0.1640415622547109	0.3064790693710573
-1.241001127723593	-0.7733422480796668	0.7301976961141659
-0.9137076154039876	-0.9713684861040611	0.3582356659280859
-1.0175238163994347	-0.8289709607138525	0.2319255607519267
-1.5037247932050244	-0.550351089458466	0.3524758591653906
-1.1078320785019684	-0.7634388322582054	0.017025815229573027
-1.994724502386359	-1.2795747132269568	0.4908460288710048
-1.1629734759404036	-1.3058395569941292	-0.2926233616393157
-1.5939312142721092	-1.0457504975310221	-0.2770277007438116
-1.726464236242316	-1.3667774094642124	-0.5555531503572673
-2.066139112947199	-1.025510247334101	-0.6326929586320398
-1.5829797376603207	-1.6478827658030053	-0.6213344911263735
-1.9841243800280095	-1.6879121382719062	-0.7057254446138713
-2.067573153597437	-1.5794352987071216	-0.5066451330724512
-2.242532857481871	-1.5221126230358832	-0.3656695472080709
-2.1448425671438613	-1.972315330026471	-0.2465494501410993
-2.4926772359693654	-2.481060983783028	-0.6452321203267144
-2.1166876450771097	-2.5818867572513464	-0.2891180249188715
-2.08700406959646	-2.397868467672059	-0.6396978610534287
-2.044115643377309	-2.3507183203070485	-0.9009021477903301
-1.5439266997723111	-2.7968360194908923	-1.0760733840733958
-1.7265501021713683	-3.0054479590510144	-0.9703467738103942
-2.2710404092584606	-2.693430159464485	-0.8146093113231156
-1.7526559435102955	-2.985728624316149	-0.7862669823395069
-2.1111901242239277	-3.295756421720985	-0.5445156350931437
-2.11574802085381	-3.6193798583380428	-0.5009703123947954
-1.9515602768425717	-3.444505392351055	-0.9801005491393309
-1.0957632179894874	-3.8280814218269184	-1.1711118421308728
-1.7562093899747966	-3.949238524369824	-1.038210468652732
-0.978810098590248	-3.8298753494608118	-1.0232388336494171
-0.8347108447712616	-4.339067440378811	-0.9932356763080951
-1.3437827561309166	-4.096169013142141	-0.6188193484828437
-0.9111010483959878	-4.343854013494002	-1.0688425632320344
-0.9710947193154293	-4.28102200113074	-0.7210115493873324
-0.3239515290389894	-4.578040275498824	-1.0769674300477186
-1.0789171617058235	-4.070704933396427	-0.4934591366893021
-0.36380984217734924	-4.683762974243652	-0.6795467016117368
-0.28700282105269037	-4.265551793754426	-0.8259591944448404
-0.6322433730771166	-4.943890029361022	0.004730602814013829
-0.3519705857966402	-4.959725148784153	0.009956025053995732
0.21888714281119287	-5.071285666959797	-0.09423015665320034
0.2819699056651424	-4.540283924541419	-0.44179302648992114
0.014268755614964379	-4.854640914983641	-0.15894517743704406
0.13045567701691635	-4.340076275345631	-0.3239516433507392
0.32542200035026	-5.020998448173639	-0.43247994267577783
0.27390087438028843	-5.251072380369335	0.283389864164327
0.5606370237843525	-4.583873623688525	-0.2681211638272247
1.0583499634427975	-4.807645791920345	-0.05702412377840144
0.7983474716849803	-4.9862214331456585	0.25962818029807755
0.78979064040362	-4.965987772099395	0.6747816868143587
1.231959080736798	-4.813874340829241	0.11280514950503501
1.2900279070912746	-4.811757490380323	0.5148411537367641
1.4940317929153886	-4.690604000976969	0.38778574010520883
1.966361787769805	-4.682834289647215	0.37068819428943994
1.4757571330472976	-4.977235679793605	1.008686470178996
1.9228062311947165	-4.31738334580201	0.5888652553500227
2.455062554715388	-4.828130547853605	0.6079906394379111
1.7569208632069122	-4.339731968340799	0.7917484431040437
2.20826571812358	-4.502175863637946	0.9060668198076757
2.4732456755920644	-4.665316950063881	1.2228009336039403
2.3770211529817917	-4.508512935550429	0.9047336939892665
2.7389385611044825	-4.639967229739707	1.5531906620065503
2.871207367619048	-4.7545290322308	1.0562627170721206
2.6630883630031468	-4.282852541815018	1.63304445687263
2.693673501588773	-4.4089253293512325	1.5856925477646682
3.4712668834595677	-4.452880785962243	1.2252752283970976
3.0812072618897632	-4.417577512944543	1.5982172107212569
3.3946624589861023	-4.360528094153089	1.7948550304491775
3.7101446390772646	-4.111117724403241	1.6014075793172764
4.100898671340861	-3.935502596617231	1.3542056499506148
4.083473944275229	-4.05281221719124	1.4595934953865441
3.788255603920296	-3.554951737559758	1.7279484117354351
3.841692287296559	-3.4032446806636303	1.231900586362845
4.35045209400038	-3.507008100449243	1.4731285744057816
3.823946497769281	-3.4173388401531817	1.8234868009323522
4.435196448499085	-3.072959284881499	1.4793792120977876
4.729572196532115	-3.3474234596858192	1.569093430889298
4.1275532708572715	-3.193499430702897	1.1986424327219587
4.589795825669888	-2.7759934856126214	1.2377005266924064
4.912294396875528	-2.7550972206464874	1.6779328494558041
5.0422718490622955	-2.8991609161049228	1.1119802918971933
5.001763130956988	-2.133578899796611	1.0465526073142426
4.5520263195935655	-2.293572072411945	1.2292018454250146
5.248643067774411	-2.459683811353531	1.4291589054398595
4.795870901385633	-1.7828900361501252	0.9967282888471602
5.14836010637914	-2.2912536306986353	0.9769192758029229
4.9054775883166375	-1.4667290203670662	0.7568348970456122
5.245650488652137	-1.6474656835124115	1.1028746453038525
4.804885196803034	-1.3767874413217989	0.9760098504076431
5.587122219818571	-1.8423091804116467	0.8084774819767522
4.844029150613775	-1.431067719709736	0.7378121833200448
5.371947482116214	-1.0412355866057739	0.4581751014124094
4.936088966605039	-1.2033861865691746	0.37907142255942383
4.804581207243707	-0.6633648120124197	0.6861023158014844
5.056636779765835	-0.6306531775136669	0.10062244391697531
4.866759473708961	-0.4819622333087309	0.1779052361803682
4.60608046551538	-1.0893332900595283	0.3833321311661262
4.9725927690025475	-0.6952526381103489	-0.0695333087562238
4.891092358887026	-0.7283107090583834	0.3659245607950551
5.300493001529132	-0.7502391750859833	-0.18950772199936772
5.16052593528098	-0.5198534484352185	-0.3024439274508694
4.2217435566210035	-0.5025562635007854	0.5351850721001681
4.722952691555244	-0.3224018735455002	0.028079955987691252
4.62703385771442	-0.48445875298876007	0.20381985608765218
4.039397713910095	-0.3849828853010811	-0.2906300823986815
3.973704960528957	0.4412748812509105	-0.35270961304663595
3.7492974410320765	-0.03721902688596995	-0.12636389543425908
3.720967903268172	0.21501365642836734	-0.2896928885118467
3.563499067187506	0.3723627739931498	-0.3142491768978971
3.4533802362821824	0.4140240081654194	-0.5160496199147885
3.216739900777194	0.07900152725994292	-0.8545307134777901
3.2426688592976203	0.45259669350485837	-0.555901971984918
3.406484361528981	0.44175044169234523	-1.0255847482534417
3.421959597695806	0.08036190039442953	-0.48933591888339323
2.974581147165888	0.5154715554678453	-0.9084898922661061
2.804708438935773	0.6024368175110077	-1.2645771908546983
2.5564271977853377	-0.002473376091704671	-1.1421349536692094
3.0403953075083736	-0.32314006574952836	-0.811976459289058
2.277866274290245	0.08545840730937188	-0.9006300527597857
2.0591849571010434	0.24840661727659785	-1.3726258702403042
2.7167248812542164	-0.4389263005268944	-0.9436577495747663
2.0378415898084814	-0.04973192947870464	-1.404671979674468
2.211055222060807	-0.4270526611517115	-1.5454883093211174
1.893688530086374	-0.10338551127298456	-0.9915624087614971
1.6471053346256361	-0.07596410373301676	-1.2208485399632556
1.550139123242862	-0.39891340716992796	-1.4412723271325072
1.6618718035814803	-1.0274082367399369	-0.9183702612295461
1.2612520570347714	-0.36463735763298943	-1.1184549267505757
1.2202758551897337	-0.6828991935099985	-1.3444412778756085
1.2356684526482267	-0.6891141562997762	-1.0296645057327773
1.1955449898842891	-1.4363133040491403	-1.351875680156804
1.2471508349642217	-1.1554085322944787	-1.41349872297238
1.0647174864788274	-0.9698604002635242	-1.2423498229921899
0.6954911100223542	-1.0079532347371876	-0.9981388665911872
0.9533861922450539	-1.311353166577364	-1.1730327558264761
0.31140195906248014	-1.3156893898303248	-0.719793771940197
0.47895515809273326	-1.4842487745159891	-0.7204109168288255
0.9544715898680158	-1.9809325390148609	-0.686160290133103
0.30525462990882296	-2.1380056808151284	-0.6760294404046175
-0.05942335797298115	-1.554300438210347	-0.674832580996099
-0.07345323966880452	-2.4592524557073765	-0.27092608604811597
0.1970061280566484	-2.30526752435919	-0.3830512727705566
-0.15461924814161937	-2.560456358187493	0.40599354621921024
-0.33867172706518295	-2.4938941418372416	-0.12161868477556237
-0.2948648997504508	-2.3796833392155765	0.23646526028455406
-0.04026793516101834	-2.6108693830779703	0.6403195573385616
-0.2998872688471078	-2.587203784529083	0.1814734097089388
-0.40390811006440475	-2.6137380666370142	0.8288025876639864
-0.5541139578617768	-2.803783864727964	0.33345335617488336
-0.6444988809821174	-2.5434529522785265	0.6644532500109217
-0.8238720951828145	-2.9373399331300205	0.7868434088300187
-0.7937155247027502	-2.709506965823386	1.1669142739085236
-1.101948603842656	-2.754269430395302	0.7114330911985282
-1.1106673599133634	-3.5066233240537654	0.8785395791224425
-0.9783114148186822	-3.2335769432776424	1.5801640712828982
-1.396767807991003	-3.4127735743276313	1.1412021941374886
-1.334710539168582	-3.6891162940784152	1.2496148443963395
-1.0632906287436608	-3.5037618861842965	1.4368702210135296
-1.4518867506599518	-3.817205174157577	1.1843911546667345
-1.811830042330376	-3.5805839441526364	1.2548141543316604
-1.1890209363702837	-3.9956661402947544	1.443321581905062
-1.7858901367849458	-3.5782703539553733	1.3363888492044742
-2.2503687643969474	-4.079512953889242	1.3774734871819638
-2.0755588012368373	-4.014133766645417	2.182217520208212
-2.334878519474123	-3.658026757240549	1.427100334702291
-2.4465747142479155	-4.172835843396195	1.4630586056285442
-2.3518403010861326	-3.905397411957245	1.3931467026763167
-2.386381442382329	-4.304239424649869	2.125942952898203
-2.0405363613300618	-4.550278377797195	1.7007539235937705
-2.844066886478695	-4.79371310883506	1.611844432146783
-2.377209188637361	-4.703438302823847	1.9347213741200435
-2.4256743384737733	-4.962859388287123	1.637243730584799
-2.497477207591806	-4.965764565484496	1.943437928256122
-2.442094606685787	-4.984901962107102	1.8206420376126902
-3.0131053965427084	-5.087824971252705	1.541442303296447
-3.2616666614934093	-4.636341624548794	1.6682117244275048
