5.079357170069293	-5.085478868233909	-0.7029629085714106
5.078159405062192	-4.921619944827545	-1.1876576858035301
4.508649467795476	-4.883179431870395	-0.9237360458233196
4.378481224982232	-4.2099904520844	-1.2114089291885675
4.239444508185336	-4.164749165036606	-0.6890158153909398
4.030372025030412	-3.5692532676975377	-1.1334675006246648
3.3033200584321314	-3.202930597326796	-0.9047937567347109
2.9761869402050034	-2.7199474976085676	-0.9032083859003821
2.6367789421041885	-3.111875208889847	-0.07471202880744676
2.3678027232311094	-2.147630721637878	-0.3982750943639311
2.0236030263569535	-2.520771830469962	-0.09590999302815689
1.9732668386350862	-1.8842051675201625	0.8097183446626994
1.979251446630014	-1.5381928168670367	0.6421661526227935
1.8445088961031642	-1.169756127075353	0.5512639070574048
1.0544406677236549	-0.9525381542636018	1.3978501033605233
0.47040560744342447	-0.9502863477873642	1.2602572883528658
0.412254332001045	-0.8804913039417536	0.7594466950250139
-0.5081989939807153	-0.036037162279279	0.7980151453860358
-1.0132540570562605	-0.5500503350721171	0.6048302480078938
-1.3795019130852029	-0.6245944066801757	0.23638645317482113
-1.6298216063684299	-0.6144593142030847	-0.05952608548893401
-1.7975902689419594	-1.0528340970719539	-0.34070268364429
-1.8326495690722258	-1.4900527310095395	0.05773938831327574
-2.0309961020512843	-1.7851200823829065	-0.67117564246402
-2.4400563217900735	-1.6459353877203213	-0.94393773166589
-2.3103813598308887	-2.3977017520567774	-0.41042307617200147
-2.2118954020994943	-2.942113382627887	-0.5175628502950934
-1.3164307171782479	-3.570919056181732	-1.124251438925644
-1.5531257121403286	-3.5934672170355073	-0.9412471981256249
-1.1694022376758788	-4.063268503404485	-0.5997189575908034
-1.1312213050968118	-4.06036214808038	-1.0288246490847799
-0.21832531681684153	-4.2369186845651825	-0.7805762513252065
-0.4331824444172459	-4.654574132275336	-0.02010734760221433
0.3631636899354313	-4.5254345656291575	-0.06951842392720553
0.4883331043263474	-4.879381175998883	0.11872132015197573
0.926585632802115	-4.7940283099591525	0.5421953461881288
1.255330177907297	-5.079603960706657	0.6388732612210967
1.9784100258951596	-4.7746770659930355	0.5750462543096844
2.0380062779366606	-4.855901363545278	1.4260698621387604
2.488184088286663	-4.689131939978992	0.979957052761792
2.8545999957729005	-4.5487542443954005	1.682562617279458
3.473655916930924	-4.1419499410307665	1.203255446700211
3.723536122643664	-3.921445782358175	1.4702012033291254
4.020672313198835	-3.8025126241181884	1.2280874233705121
4.0621463770547335	-3.0201107729974934	1.256554913312668
4.85705164554006	-2.8864881144958674	1.709896313834434
4.658829086936663	-2.64311100566166	1.0976443578411894
5.297026611982571	-2.3535894844328635	1.2099477752885073
4.790394165434507	-1.3152789597053882	0.8796121060614719
5.378491283788531	-1.0324666237908744	0.5026064024848913
5.297626412224495	-1.278781222179743	0.5145747431815455
5.092131981814973	-0.9996466352390555	0.15506946775836425
4.599680288311759	-0.0633376922395601	0.12583785664460417
4.4148249500300345	0.13596926589748548	-0.24145696482732892
4.47703481775681	-0.1479347608550738	-0.1952804603019016
3.561970552874002	0.02788348713180744	-0.356296401757873
3.4193491768095083	0.2923265439542291	-0.6295011853038875
2.9949228632253155	0.35458697376274256	-1.2078157549903668
2.378788335525542	0.21907129272908926	-0.8414102732176886
2.297493338806256	-0.022161069664635713	-1.1867823955154058
1.4577093913398513	-0.5641773620969677	-1.1795410458891213
1.4999189845397716	-1.0063645821966198	-1.185693153715103
1.389010152066318	-1.378040438133963	-0.8867457570169739
0.926469453903378	-1.4912966723773078	-0.7892224838288574
0.6822186022232541	-1.6819091850759578	-0.6803145767295207
0.7070871957147441	-2.2562140295358954	-0.7833597300364925
-0.2590961320584611	-1.9597062740912767	-0.4231396016087784
-0.5029078109064259	-2.587213157887851	0.3612519919528767
-0.799939126994934	-2.2488386445404065	0.5186675873755818
-0.5667444074672363	-3.3067327496427152	1.2507493497423572
-1.2088685509684152	-2.6765783486500085	0.977707627376382
-1.2933279625160565	-3.5480592402591355	1.2537431310332812
-1.2885424855239545	-4.028878276864872	1.2347896629729613
-2.051166228768112	-4.179851792722719	1.295958856627261
-1.7765292786355773	-4.465664276877499	1.5380244181174703
-2.484279636858421	-4.355707019824574	1.6281555793330624
-2.5565094649989213	-5.072886121555964	2.1593645965222694
-3.083703151449719	-4.976474238591716	1.4651270821376
