5.349426362658946	-5.6776982038412465	-1.0768037182975025
4.77893152898202	-5.203676680322772	-1.0900364513752443
4.646324249434528	-4.828228188141107	-1.0076338204318271
4.719201001249054	-4.2895401378923825	-1.2652058247947924
4.385208599931504	-4.489489510436986	-0.9928590622383769
3.983228910972809	-3.9922846286887936	-0.5254321172525236
3.4102776532314056	-3.2600681366335005	-0.8168417973850737
3.1570776768261335	-3.397572140055673	-0.48982835559746485
2.9752650323078567	-2.6309512497125325	-0.4231396033753745
2.3341595460152704	-2.014854039663647	-0.03383432036357753
2.935678441849408	-2.5015191410728974	0.13942539039121554
2.534682093224065	-1.762347618278704	0.283625178589265
1.8327407643008797	-1.4755998017374274	0.928254076353683
1.2279365396741566	-1.5628584868724058	1.1819389806577785
1.0177343712124811	-1.2749077953185441	1.1443318197469776
0.9849067309192931	-1.0491227044954752	1.2863120624720203
0.15446654721403888	-0.7042097507607815	0.8252165762881228
-0.21214958943269568	-0.24936421521129615	0.5402250413966914
-0.5332280922299173	-0.710169978996557	0.8796535859737893
-0.6362260711825898	-0.8087551586990813	0.16326915881518825
-1.6147158186188362	-0.5314333773368891	0.031118531437641872
-1.6113057638709338	-1.2723228873827517	0.2048063525411924
-1.8735606064854151	-1.2562249632551716	-0.2027570850381667
-1.8497347374063775	-1.7055458035711122	-0.32406312494699074
-2.2643079198167664	-1.9783170487188797	-0.6843520921965587
-2.2053184360528597	-2.48758590403533	-0.7448864633156144
-2.270745694006016	-3.081905734851558	-1.0852465115951935
-2.030006118215006	-3.371151671449656	-1.2412143495106975
-1.3377610228734516	-3.8745154381127107	-0.6058921955496421
-1.54648658439907	-3.7006516943561705	-0.9344308897176207
-0.3916676865431651	-4.687464497747001	-0.7113365279261029
-0.050845598366817346	-4.7430050776913575	-0.8543895098326122
-0.10395724410581914	-4.888917112178945	-0.30724069686048383
0.5319120329200799	-5.181543879431651	-0.4461381614732832
0.7684295358992492	-4.605032892418058	0.16479487664811682
1.0599874748514737	-5.166820868904709	0.11231207638583514
1.2012915386745626	-4.89062971532076	0.7783775983923278
1.588066592160466	-4.664949656479197	0.711392677990422
2.269230651655765	-4.394998332004638	0.8756129936187673
2.362831244352529	-4.229024758173329	1.120774947225239
3.3852049332017353	-4.360908105654243	1.2152779554389452
3.2589741146390363	-4.255362306620807	1.731173900652827
3.5775262351795405	-3.8051147326951877	1.7971899908122204
4.155302037983073	-3.3254686233422124	1.393127837820155
4.345499507424907	-2.870241156381744	1.4650456339502447
4.350791641858512	-3.0964658301900574	1.722309740218758
5.275535777129329	-2.3713017144461306	0.8720192907051895
5.44793190114167	-2.0126049376926356	1.0624690508114973
5.028044422537721	-1.6407791734732338	0.8786492654251687
5.26549062219054	-1.0575173037907644	0.3771338890532134
5.148735892677319	-1.2014217648274896	0.22611483053329953
4.932337661814452	-0.6874364805113394	0.03280781765311466
4.473773715623643	-0.22180545067687996	0.40893482168179723
4.582300415260645	-0.28253450957283566	-0.2712559870017992
4.210075595990679	0.26146271876436394	-0.4416251779474861
3.553195663961281	0.4789589122005188	-0.8091300980366253
3.471890302114924	-0.04206948928574439	-0.8734379439706137
3.3463521036350095	0.2521601559466025	-1.207373318132781
2.221999241477076	-0.3722558532283184	-0.4513442111292577
2.3080477521265537	-0.08072738485079711	-1.1847763024755138
1.9774791330715944	-0.2438026490301558	-1.1110527719385501
1.5162701163961159	-1.0299969132192315	-0.9898806348856288
1.4053288800770019	-1.2924443458271084	-1.4938461556385012
0.636494362750454	-1.7583793480257908	-1.0973408773872582
0.32620268261568275	-2.029552795073872	-1.1090494540776148
0.554395369289642	-2.4218408560093443	-0.8733034848265131
-0.07059945614004343	-2.009728171532871	-0.4187117852019049
-0.2107217933588389	-2.8925374593883357	0.31282635462929453
-0.7657622723378174	-2.406299613442765	0.3002424450410027
-0.7995809235542937	-2.9394598670312004	1.2144449275564628
-0.7635574648303776	-3.1063207375811728	1.0841893746495317
-1.4943094319745294	-3.463444327087207	1.3974824792426777
-1.9210184658767546	-3.611549068446937	1.5739021010255343
-1.5362394973480598	-4.024067612826501	1.5120230596769408
-2.0992663971290746	-4.014439002293996	1.5375526882545842
-2.869372262795899	-4.7075096835887065	1.719945217467604
-3.0820298368711385	-4.392886797059507	1.875460146591159
-2.9710554957479793	-4.762665513857582	1.794057317655559
