5.068925056363831	-5.60842668272952	-0.8635329833959814
5.193925178491937	-5.296038027805199	-0.7378011868542815
4.8369114814908505	-5.38942624801032	-0.9106195535085816
4.757177008233253	-5.166861380250178	-0.6695276685050808
4.332929032134278	-4.735272504972157	-0.5687756532349697
4.257068619643591	-4.408790836436955	-0.9335899332716817
4.656620189069034	-4.742518395403781	-1.0140204522245393
4.459730241468922	-4.218575087838673	-1.1489516323431974
4.571811973218649	-4.931991353036515	-0.7967380726163933
4.001447224708686	-4.036851386035819	-1.0956343400091457
4.144334219978639	-4.549116930322093	-0.43751226179746316
4.032479347327127	-4.5095827655822625	-1.127270724510535
3.88294031262841	-4.086463735863881	-1.1913604299182974
4.0463334767191	-4.15049194792526	-0.6548080962174899
3.834041765204532	-4.010532004329545	-0.7886582796295548
3.988135569374905	-3.593546477866079	-1.2056190055178293
4.042469268217983	-3.6917395740988304	-0.8643716008751648
3.8701156630545968	-3.7960893594682856	-0.6045960460848375
3.603926679747173	-3.679535565810976	-0.3972930544737151
3.7761514894481523	-3.428384131156284	-1.04409287117491
3.4247738630933684	-3.349564451332508	-0.8575279394251684
2.994690240577728	-3.0061003716516765	-0.9046813767677157
2.890887218060275	-2.750508509355954	-0.2781536752125532
3.398625068369018	-2.7998852748656513	-0.6866985749767306
2.845434633364297	-2.847758816492079	0.058990676002328324
3.004935055316813	-2.412131068850865	-0.49009392419217235
3.2608185952299333	-2.79478719578101	-0.3747937797060916
2.8610718037605087	-2.605055722616387	0.02997402339162175
2.503381015780822	-2.2689054254974326	-0.18179539128479816
2.392253871273945	-2.125650851118854	0.41337946639293
2.762549250612677	-2.3138171078547902	0.40105540879353013
2.3444182484319636	-2.2562587940564955	0.06498639565388412
2.1230984972488427	-2.1530573079323867	0.35376749355213766
2.2620624420586735	-2.277713777892957	0.41094098620293346
1.9422623037920086	-1.5978690745293964	0.4717950331599251
1.750060788880031	-1.8644119258257978	0.6287268342680121
2.0227566206148175	-1.6503900054948688	0.8131330557201558
1.8484974236205594	-1.3305622333662308	0.7430032015404363
1.7550276407783343	-1.7278947063198835	0.6867698508519674
1.7180723279205103	-1.6703941026188995	0.7623708493815781
1.6732310135033233	-1.581780342783746	0.6107310274959373
0.8440968121204814	-0.9688585214421833	0.7638245745693404
0.8938684471471099	-1.0211950122443125	0.6992175186784134
0.9085944903927562	-1.0221174857467465	1.0587288186431363
0.6292327341492265	-0.8475243440521492	0.992473663673328
0.8634912776180377	-0.9466621104734141	0.7007540581895015
0.16225897314772983	-1.042918129792353	0.8279518300043076
0.5860336731936638	-0.8561592062607891	0.8054165350228363
0.16395566573459644	-0.8838149097399435	0.8473610996192886
-0.1278142287127783	-0.6975712877708586	1.0502089626623723
-0.30244655525994724	-0.5635525200757289	1.1102180293639232
0.04233643226623651	-0.3437478075211976	0.5126525753941296
-0.5061639107013906	-0.14209224736843462	0.7166295231347921
-0.6639567811519063	-0.6447261971175187	0.7153682484883056
-0.12140504428270904	-0.694430286659585	0.384566266985819
-0.6121487142440303	-0.5819691131559902	0.44687294567468866
-0.5097004315563421	-0.4286375111365749	0.2502390702127738
-1.3458937372899047	-0.3378561395625165	0.2616065160697886
-1.4998861382274087	-0.21354995398031795	0.08467424637757523
-1.1475177051256433	-0.9811497579594364	0.3775587035083956
-1.1616054464386307	-0.9680630249525132	-0.1390473764725615
-1.6167448390114414	-1.215839135437259	-0.06849013182200259
-1.9833224610727263	-1.2580808378879111	0.17659939801490698
-1.3872794244739266	-1.3847332405253097	0.25903775923187966
-2.1573725674283293	-1.4842384890599383	0.4520390506285122
-1.8948607966790088	-1.494337330850734	-0.45014593956432825
-2.248954285209956	-1.5215370438415057	0.24831367956421413
-2.2640552764676105	-0.9567477928062849	-0.6996598729918612
-1.8471759592515455	-1.8951999845809289	-0.5988452106434946
-2.161914103296155	-1.2608315888854815	-0.7027660805492308
-2.076591573862194	-2.05942664549291	-0.7177406104372749
-1.9824660010128106	-2.2129771035123693	-0.1823514866879351
-2.3403475326231793	-1.9822857856553724	-0.2500108328727231
-1.9055697022657778	-2.329395932332054	-0.8321716772960481
-2.2538474427212747	-2.1859810568489157	-0.704936201394714
-2.3938199572505976	-2.640582930926496	-0.260193885081502
-1.9168278620447428	-2.5363963718403966	-1.0641471386654535
-1.7418962234769897	-2.550198862322436	-0.8688680539850084
-2.05071002151709	-3.328619771609709	-0.758429275278947
-2.148880473178126	-3.306426084719076	-0.5984465134777993
-1.8043448545341276	-3.125066727472433	-1.1449731012381792
-1.6780567034524996	-3.031298298565482	-1.2912361133212706
-1.7677816583098396	-3.581295187335272	-1.268826459753313
-1.5535677603547788	-3.9054706369960233	-1.184209077506946
-1.5039323629911747	-4.100985479329699	-0.8136457850446883
-0.8615000190080297	-4.001522586887267	-1.2131189257748112
-1.2771849101395298	-4.300627888640831	-0.4227082416218888
-1.0440684956293984	-4.109723448957853	-0.6822085270379948
-1.153447809000282	-3.739841989363898	-1.1683390592723204
-1.211864375020652	-4.664967259387146	-0.6653015820907999
-0.9132699409034611	-4.270496007484701	-1.1759176965681908
-0.8219885346326368	-4.1537227978931615	-0.7752581767211714
-0.518754029557926	-4.574397593956572	-0.9377011846234973
-0.5229980900632251	-4.486918588226299	-0.5296836669026754
-0.5279597300047694	-4.159509878346694	-0.5865404579457869
-0.3531056596976022	-4.670182353401129	-0.16170018470661285
0.03508654709399933	-4.4323913519538	-0.6103549804097244
-0.2150921539881136	-4.742327164104235	-0.577069394307251
0.6874014644898612	-4.8783992492159935	-0.5203984746483905
0.09567220208334487	-5.194348741249293	0.03943711699355901
0.60139721862743	-5.0182097930751866	-0.38443637019389987
0.28443516182570505	-4.931445734349376	-0.3523712073375297
0.5972481896448651	-4.5432655146551015	0.006366926569413012
0.44045196545940607	-4.37904990705126	0.1240893790636784
1.1670743614749917	-5.06527675089311	0.010615412844440869
0.9438346095913519	-5.147036520354391	0.7251143496871372
1.3573765815906604	-4.581351492103794	0.20182696567185068
1.2999718731520629	-5.020322409252547	0.949762548462761
1.3969520644667335	-4.927100935396577	0.23876205444843326
1.7848978263061661	-5.180360779830453	0.3294366968338612
1.6174756142157727	-5.035569217406937	1.2880990166214077
2.2200302113916397	-5.050721188538986	0.7005488257818249
2.409938282557376	-5.091659916466866	1.030046681638728
1.7920218516248139	-4.702771152449492	1.1407624348818577
2.1028909967091476	-5.027348839009713	1.5620761332576891
2.4106845892881905	-4.613397924015624	0.80649679970427
2.175602211248498	-4.376246818156619	0.9188345737034304
2.397079851879327	-3.904674605984626	1.043928488625238
2.858153848873646	-4.5779903211422805	0.9945402254721311
2.777739545895286	-4.652999018318096	1.4475829660005495
2.6200232406549917	-4.273683030218188	1.098910077136037
2.7804563795482453	-3.9448424264430946	1.637181028642523
3.696276144347608	-4.1564345932529125	1.2354127239767565
3.1829005027786454	-4.075936960054126	1.1743057748742858
3.414464055101968	-4.275919935545986	1.6367131758093971
3.257327960247798	-4.045314646162925	1.8189741050130015
4.0006762409322025	-3.5351133959157806	1.2365960840573813
3.628039697932905	-3.9617101772848997	1.731448379342475
4.274797238870706	-3.3812727025629044	1.3385750065186968
3.826784987789728	-2.9918652292239716	1.5289108890645708
4.415350986547813	-3.2079069987346824	1.7687812164031391
4.354013908952719	-3.535887743694829	1.8220543198902948
4.342466145857479	-3.0110127475341844	1.2773135351912306
4.322454426320091	-3.077673038083479	1.5707777701146064
4.411458421519202	-3.0778855408690204	1.0838856861964359
4.720734645992246	-3.1002968392496153	1.7549434889886002
4.989380788157339	-2.4495570911283537	1.182125086816563
4.5271728281272585	-2.6835586959286575	1.780266574880603
4.789633170318247	-2.187381466433941	1.0932754228478931
5.145805063539118	-2.303717515571375	1.4322685754066447
4.633915595472262	-1.8700457487154418	0.8412785932076368
4.703963625547524	-1.7173878187233296	0.7451341926357197
4.949202897408012	-1.8180145409308694	0.7117748847171174
5.097727467344585	-1.734609000571813	1.13815689679679
5.053286390905461	-1.9651051663083485	0.6384586312533242
4.991938484968434	-1.0474450483293731	0.5211662432949826
4.782628401230023	-0.8711240684297246	0.38774239239604513
4.753935827850996	-1.5591844634927199	0.3170689079051599
4.839546529915902	-1.4202429786595325	0.2823772155008676
4.7897040268637845	-0.7267281060150619	0.6070017377997172
5.127009828364278	-0.8954487823927784	0.09367809841095423
4.690286543916657	-1.0170693768911752	0.23226321896744545
4.655817248296873	-0.4550638088062666	0.052514861925143014
5.013052264645984	-0.5799416180365352	0.24920372759488038
4.6100680662388145	-0.8800578077676313	-0.09688332312248091
4.763634767749261	-0.12390161144546896	0.08451448027827857
4.90252291344018	-0.5633504669937879	-0.3230262976203731
4.392876020815061	0.14078492420719269	-0.37960598825737835
4.311353526929766	-0.225055760864858	-0.025544894777327076
4.269798989551907	0.31954562578088175	-0.45353682860273903
4.471353904694642	-0.11884330862966747	-0.10985992008178547
4.183551891293584	0.1309236577586922	-0.32997999605751216
4.133100047001783	-0.15090475527476227	-0.1668269712511764
3.8309597012131382	-0.015274354315960914	-0.17418821051288413
3.5208712642816766	0.19230531453740757	-0.05906860581304696
3.944699305337458	-0.18562995710017915	-0.2636196469651818
3.4999018929328147	-0.27885925192431493	-0.7511559658450334
3.492777930769875	0.10367937474971839	-0.578452732707565
3.534011836844695	-0.24523662962307768	-0.8806403882988187
3.511755042530696	0.2262539692334034	-0.8756935541930572
3.314086300175809	-0.2744946333884042	-1.0138715836646994
3.2205227301188346	-0.08241359194894476	-1.172872518010772
3.1245054501505143	-0.3358214149834286	-1.2448735239628292
2.450071257777022	-0.3346029585045305	-1.053413890291842
2.3513106988125414	0.29236987491660177	-1.1507761108844656
2.123706619974408	-0.26576752168842344	-1.018705200694212
2.5476859710018678	-0.4184822958059864	-1.1107381568295773
2.1215817904041367	-0.39110058414336735	-1.4996247259629654
2.2256688700658227	-0.4782061150543039	-0.8908309945779206
2.0984164995489563	-0.714369414931376	-0.7990121561936551
2.363361865548657	-0.6542839466924179	-1.46361112997911
1.9136279631371729	-0.8946753160356089	-1.009850908415518
1.3390534138371861	-0.8423318216697493	-1.2311537708801525
1.4980447612002536	-0.8485253428513443	-1.5036825118765789
1.1898817255418308	-0.9998453722848212	-1.3993289940559888
0.9151892455154406	-1.3443754187291446	-0.6120876028873427
1.0569859145727238	-1.4677635696299227	-1.4332784563764434
0.6547581586375639	-1.3000812728988302	-0.598402444993089
1.0388340552697195	-1.0318230096963406	-0.8994327816143796
0.5065662225450291	-1.154922042631147	-0.709911879902341
0.7380824998980411	-1.003684937232038	-1.1940654329409432
0.47157946996629385	-1.98826336765369	-0.9640005903344502
0.8467569549280608	-1.7627877585087326	-0.9096098411183369
0.4518879917205243	-2.1082107696619286	-0.6947947351990734
0.01965446556428581	-1.5856532618580803	-0.8637734462354894
0.5505770476721844	-2.42646148004827	-0.8359801064288984
-0.03548956545375054	-2.404380426043253	-0.6565119331029814
0.1713660529420309	-1.9707927825202392	-0.32630036930403694
0.29070495264764	-2.514974888201243	-0.05128309043972534
-0.11075734755276218	-2.1010475069556698	-0.3048598457885632
-0.04152415864385539	-2.839829931539225	0.1956159681584676
-0.0460679613304833	-2.6563593627564464	0.48360990987406316
0.020167077280270784	-2.7710825351858746	0.18422778766493011
-0.7386214963714112	-2.5443818623723984	0.29485351059689724
-0.6973236670133912	-2.8103002299649975	0.8596986388010684
-0.774646222483264	-2.690027453373796	0.5460502364124848
-0.3209139540394509	-3.2444150928219813	1.0507878350276667
-1.0508979322013738	-2.7969579700561242	1.0073150732526686
-1.1924248296496764	-3.1759383887223227	0.9345862463421193
-0.5898757921273379	-3.3880931338172475	0.9236964475191689
-0.8737130536866424	-3.2304571866463183	1.3706674186760743
-0.7169256983012099	-3.337729986347135	1.0266836034845983
-1.2618273007318697	-3.0869968089701416	1.5292602766718355
-1.3823060843677994	-3.1903715233775958	1.6462615381452157
-1.4733460597791481	-3.2347132794722646	1.4610557039252283
-1.838888188040632	-3.7260554050205887	1.8208370380569847
-1.7007081328373825	-3.9295798199208	1.6822233793152357
-1.9758369272244265	-3.527389915683803	1.3978627051998003
-1.9986800146299946	-3.6999711048454924	1.579008027385437
-1.9927051253398487	-4.03318211008425	1.7939647178350817
-2.0813710416896973	-3.720452751869225	1.4354401954159552
-1.8907796614004213	-4.074446420357035	1.3797005949533976
-2.3818655060124097	-4.352209050424377	1.5838081754959792
-2.548993816403561	-3.9134963296485896	1.7077806895027847
-2.7046689129201957	-4.675524316602452	1.7682918338380977
-2.683281591104573	-4.683147441716667	1.6387987884180468
-2.8662313506909047	-4.538608746364392	1.8842222478257298
-2.5145373448815684	-4.6489766110819675	1.584476118256372
-3.08573134183339	-4.516941182277677	1.6426283522312501
-2.5588847406193214	-5.135233450020121	1.9579551076239448
-2.661495754233406	-4.584193745517011	1.560860069846325
-2.964830578301687	-5.300005605501123	1.6868893209685094
