5.0470700701730085	-5.091220884304468	-0.7970201599929003
4.724323094003999	-5.08366360724326	-0.998546795873564
4.411172805191077	-4.380101844529949	-1.0717931827937939
4.3357800740233206	-4.494154848051499	-0.5986374414171709
3.6851783898736667	-4.164747365400517	-1.1315442269638785
3.7580018105531936	-3.6470885202540355	-1.2177327816027035
3.203240370460453	-3.1706756641142047	-0.9567218270304337
3.11906688665813	-3.4227175592974235	0.003398948034776361
2.884535394680607	-2.93824768953262	-0.5680179271717437
2.766264740404219	-2.8572971267444176	-0.36749930307021156
2.0312514961992756	-1.7484300375362327	-0.005089346564439434
2.1592407986776574	-1.7249551061570485	0.8008605234293669
1.68691182976079	-1.710378412804915	1.0514818895449292
1.1952904256414587	-1.0309745713851624	1.1695405637030905
0.7319817952707028	-0.5124311816159957	0.9340769694836771
0.9557254060755311	-0.5264241015610489	0.9465800523058756
0.04439741542692602	-0.6720201745204502	0.8030776511085773
0.13561098168600338	-0.7986885839819703	0.43257933014398825
-0.8780564540567624	-0.6870661491138322	0.9979322673133011
-1.1406426143951292	-0.723665976795384	0.5172732531378483
-1.1792833646209293	-0.6834856322457367	0.3236441301142119
-1.79303939373224	-1.1296291565296004	0.014120788872015066
-1.758721224524616	-1.4171250728964142	0.08307177706116076
-2.249149156003224	-1.5586017636572362	-0.8014122012305043
-1.8202492600469187	-1.8069266790091636	-0.9059269179152806
-2.3883204040515187	-1.9356193612121153	-1.1738832069839842
-1.4763269807135235	-3.32849751713328	-1.193764765656041
-1.7438446486456738	-3.393730705920947	-1.188304966584777
-1.5499473253126985	-3.6016547331069435	-0.9695161257686596
-1.311562002884601	-4.0104398473761655	-1.0002165084770902
-0.7627987486599465	-4.253955688040476	-0.7393379596915907
-0.34635448558582327	-4.849556162424019	-0.5670001008316217
-0.028252824315837033	-4.289690785519117	-0.5499418527409817
0.383855938573517	-5.089392374278244	0.06406225753127892
1.1759589834008357	-5.09520388073508	-0.02910342615339362
0.6897252966174551	-4.453212791028818	0.027987877317875068
1.5098897620071674	-5.080230212578109	0.6837618985248797
1.8995206779652467	-4.518030700075054	0.7140342939487279
2.079524105066906	-4.474700595735318	1.4674478045596022
2.5764675207821286	-4.7046180430918305	1.1552191278253447
2.690724238870703	-3.7880852295517777	1.4179710967375116
3.3153288008010224	-4.180942894498498	1.8311480329442487
3.9131030759004473	-3.5714137539527537	1.4007630928182235
3.726036840552829	-3.443021181271799	1.1738105132336878
4.155536132749254	-2.718113037542992	1.5880771443918995
4.894135067491359	-2.446673215638164	1.1456144827464563
4.82296681546341	-2.419214228608686	1.2146194230000935
5.048608872690038	-1.8367352587318044	1.3236085258971435
5.054382418160386	-1.6319936853419734	1.3168933995925722
5.055793921279013	-1.1077036388302866	0.6081424921053642
4.848487795031085	-0.3863207128723197	0.2723179027165772
4.659769084900951	-1.0115380997529457	0.20072717233917656
4.825070859434973	-0.36270258175439885	-0.2724244273495818
4.150017108753043	-0.48286377343889186	-0.12150564784219775
3.770002860786997	-0.24514811933894126	-0.3577845138750715
4.164081822073683	-0.20481023871527904	-0.6351173283716429
3.2836666118886617	-0.16872495928179676	-0.8055651696993702
2.9116543645087893	0.4898832805381193	-1.2254217046504308
2.2830174606987987	-0.34268206866418544	-0.6004029011779555
2.3473562528165792	-0.37103979040666313	-0.7740597504570119
1.9240549957021096	-0.6978035485334182	-1.381475621238705
1.3541370303495603	-0.5573455867234147	-1.3411918207109428
1.5274299394240245	-1.3775180854077922	-1.4090008312523112
0.7855599780706422	-1.5675590053609332	-0.9425911631918238
0.6597508128224284	-1.536180067959848	-0.8693636365951688
0.4346052562795648	-2.087225331280959	-0.8511968926051003
0.4050246264417873	-2.5458558884254634	-0.29491944866843944
-0.03655822205504611	-2.518670931061031	0.4369992553532721
-0.19331269053597433	-2.4076275894271166	0.33273377439356433
-0.9746352182925557	-3.3113649736950443	1.2931611286759048
-1.2456222405182231	-3.594023437660459	1.495370550660573
-1.4382732233411135	-3.5804442339448457	1.114520220888441
-1.5614414634301965	-3.9318713651317148	1.626864880270098
-2.3498810557553647	-4.031501552245762	2.073255646546429
-1.8470205606137546	-4.492788743475303	1.4730734234431255
-2.0798905733097977	-4.7727261472473765	1.871559584147993
-3.072999672334035	-4.7573349952361905	1.728790175555568
-3.2619304264329783	-5.24253184364066	1.908583127337519
