4.787889350726205	-5.615752488455961	-0.9144675074219836
4.72050256448565	-5.242703689012758	-0.4769710064599819
5.0619001093928	-5.079672049353447	-1.0391216096685394
4.454528014440486	-4.974259271280933	-1.0245196601145978
4.30693044423896	-5.234089323183998	-1.1792294080051455
4.255261757693619	-5.0773882160415535	-1.0257038918376218
4.810055451271491	-4.867948350862352	-0.9400101884272285
4.218542348863941	-4.891746024928683	-0.7551514423260814
4.539127512958618	-4.463916762843118	-1.3187182964378426
4.578986887206242	-4.710761997936474	-1.3340833710959528
4.5110202362888	-4.577290246732794	-1.1928211242323075
3.921984923766094	-4.1646876337597165	-0.7748117718887604
4.233422564542531	-4.206977777023601	-0.9948941287123814
3.7951456906751107	-4.228353835181357	-0.5260484180351772
4.082841727629751	-4.062981775438452	-1.0504442986699511
3.4411773095138143	-3.6646920765343887	-0.5722581520115144
3.575066469433395	-3.540383103142739	-0.6538181825524042
3.2915377401467003	-3.34862823060353	-1.1751996009413705
3.9189938487849982	-3.766165568077945	-0.6909409138998643
3.564307515452679	-3.2991080054712185	-0.543261775892811
3.6049578322204354	-3.563522577309363	-0.9532249171493856
2.95607675786967	-3.408352296418413	-0.8823135203518642
2.814690789303877	-3.310930462892629	-0.1238301834523361
3.132475116599924	-2.79122850319547	-0.34799087884614277
2.7080213549046173	-2.797333628249596	0.15619794558566302
3.0399031643117937	-3.037570699664909	-0.1920057407704686
3.2202650025967086	-2.9360269993281722	-0.010769230355191728
2.567234075621042	-2.161097289941127	-0.09792924106504125
2.8767459356483567	-2.09773891524094	-0.1720987007279945
2.1787281704133066	-1.727339359193941	-0.19140295228535797
2.6955981461571086	-2.549895229917539	0.5238866123539863
2.4520332362266735	-1.967068349877206	0.22880795107018984
2.211488688925342	-2.2770416131404865	0.5699261803358189
1.9761608060212805	-1.3251747440330233	0.14491771775013412
1.9927002747140588	-1.5951835034205852	0.9014785166092119
1.977769704708289	-2.0710884941102865	1.1739304570578
1.9044638542419676	-1.6785851204662645	1.0445352537277905
1.6592620277992394	-1.4887351143637524	0.8722044225553464
1.234746889975963	-1.6477833321506627	1.1198988060161001
1.1574594617317233	-1.2558661535186197	0.8373769613521324
1.6837586549944872	-1.4695339155474265	0.6189930815515238
1.0504844893613554	-1.4201523584806703	1.3154616630379738
1.2606846095574076	-1.1087984160883386	1.0051980527747544
0.9595668421233705	-0.8636444927818346	0.8741612166390724
0.5199516484174362	-0.9552580234740575	1.2311463705096952
0.9616597958150517	-1.0040304320499578	0.6994245037469506
0.3281964862731062	-0.2519259120903138	0.6987431475311286
0.4954431328692265	-0.6405384778749733	1.3036898328446496
0.07629207496683002	-0.7803711610575389	0.7443667836370087
0.023591552866889465	-0.44804685676988565	1.082391521628359
-0.06355453924272214	-0.36692342406176115	0.5977359165770517
-0.5619803536940136	-0.5325541252092209	0.44256601380232835
0.0053588681360763335	-0.5530811572999135	0.621548608081703
-0.7838683623057834	-0.5324746083012958	0.7539130032346163
-0.3639502130096357	-0.39211159169262866	0.29329035981998325
-1.1465554458454195	-0.6317195200101595	0.23577588231416433
-1.0088559016852898	-0.46095099099807935	0.667330549791679
-0.8999309390206583	-0.8424576085738447	0.6652128883777415
-1.0209916168944146	-0.5328946521499344	0.059842301498303135
-1.2333780290926504	-0.263440398067766	-0.0804179844974097
-1.5596084985087524	-1.1245463616437754	-0.12754415092475835
-1.8965626643701912	-0.8994298043093795	0.1405064023952335
-1.836333731573959	-1.2934433751472703	-0.19475029109782027
-2.066032346352143	-1.2735898130087873	-0.29874377416477305
-2.102564303702201	-1.0855730671645927	-0.22037913334198928
-1.5917073611422794	-1.5190083110096881	0.09675930992557724
-2.038108173783283	-1.5386528255176397	0.013555094507996635
-2.21239711573779	-1.7853407335401927	0.13624725190937348
-1.7241902762720145	-1.49107613936454	-0.38965601561915164
-2.390042515151298	-2.0238680286981063	-0.6765497879074437
-2.123218193187411	-1.7650241143675633	-0.3465645564442055
-2.211928336350772	-2.150684000729452	-0.7555764922753402
-2.1810654483001035	-2.2158932651492425	-0.6785192336934489
-1.9089314551742698	-2.0903148320291067	-0.8886776931309137
-1.740903081567913	-2.6306043298744606	-0.9933349063885565
-2.2197068509782705	-2.3603709483592112	-0.7851547689016131
-1.7881361470929578	-3.03962814708276	-0.6958386045869029
-1.9251524715024262	-2.8471356595258337	-0.8592829362766371
-2.2405580578627315	-3.057926983336687	-0.5917955264030209
-1.6732700451410165	-3.4617326819717884	-0.6056353082564263
-2.061056484187083	-3.018232623590733	-1.319464271610463
-1.8002135177497391	-3.3052403965337684	-0.7584598154063746
-1.9502389926906123	-3.551806116477078	-1.2475848592840464
-1.0270362146851726	-3.835132219792197	-1.2792874801866336
-1.3580519997291018	-3.7422441559767385	-0.6490243837454643
-1.319816619495663	-3.739510222919362	-0.8447781347811829
-0.9793486492541109	-4.082416856176481	-0.8095982880058671
-1.0739425187669727	-4.310096437128499	-0.6204834668164165
-1.3937233909728215	-3.6939814344015307	-0.7973407515589203
-1.0560030368305071	-4.219096585808692	-1.1033954033139408
-1.1546540722653784	-4.227374401445694	-1.155929030512799
-0.8385987813339698	-4.687918122109388	-0.5548904135591617
-0.7947191624247435	-4.276582989667073	-0.7386239513063149
-0.4065994888136374	-4.487695815893801	-0.41405378389824143
0.06836311383289984	-4.6852029491481755	-0.6388003905801407
-0.3140417990246185	-4.890216681435922	0.07451240672583204
-0.3948914549330767	-4.648113527504473	-0.011721107503633643
-0.3069174492146148	-4.327836516563308	-0.5849945985172728
0.012567718438950493	-4.4485093824315385	-0.4234038507395338
0.8192559228881449	-5.129097258726429	-0.4663073576887973
0.060594124973060354	-4.559771916289869	-0.06775990005770816
0.7709128294636305	-5.2417059676467055	0.16716926807005117
0.49947381513264094	-4.8918038125169865	0.5186040939724887
0.48142428339964566	-4.852588717329678	0.29708085748760277
0.9364860776867382	-4.943877205573672	-0.011754867066492675
1.2720634233918244	-4.905700605510043	0.12169871654581428
1.3759874523375222	-5.16136010750559	0.523935571910285
1.185368990929063	-4.751514615896478	0.42793027798632616
1.182055605364425	-4.479925180561088	0.7187778046036478
1.8568449338636537	-4.892358671046256	0.3796169027635951
1.3613478490816893	-4.554328227467682	0.9440425281883985
1.4950431384198528	-4.840167516157713	0.9832473996479885
1.8972456452467374	-4.206874177047667	0.808995469213059
2.3557775540559405	-4.506216700038542	0.9053337569343263
2.0485615923026375	-4.919589166533943	1.04019241832388
2.0985445439428627	-4.28859013170605	1.1073643054839744
2.2441902734650494	-4.316553988209019	1.0116763284341466
2.2340521080961313	-4.6115704194169505	1.8535547349371648
2.8619820336363624	-4.112208891017551	1.2761726437814134
3.0199582464174997	-4.401469198576111	1.174549284756381
3.01005000047002	-3.8728247591175426	1.2505798820298129
3.4354764204795725	-4.160083294714845	1.5804695909116697
3.0269261080146497	-3.662831841057426	1.3496672467522917
3.9057848640033597	-4.043773752351061	1.3928249482181707
3.264247815275721	-4.005585537532731	1.7207369955669407
3.756652867455884	-3.618406168495744	1.4331085580308258
3.7482620884352493	-3.754039226491229	1.3750411170560068
3.9139409875240685	-3.824853897304429	1.6678272703039307
4.096709982580869	-3.717892750906219	1.9377089567936805
3.9953779574810726	-3.576050810968757	1.336557690540916
4.439638233559187	-3.4259833648847176	1.153972054544943
4.463312662519897	-3.46734961867396	1.523152035228453
4.400180449112872	-3.1846626556938875	1.751101519496601
4.2215160069726245	-2.5856238524387813	1.5740819919661835
4.597098411123228	-2.519974571417919	1.2202911823743317
4.336294116482038	-2.832584856390742	1.0717853237039785
4.474744781260263	-2.988234351424174	1.551675804392497
4.615286074422147	-2.4756268204079857	1.0344642953921042
4.696420211459845	-2.0010556793211087	1.3963879390759497
5.062959666819425	-2.321300104082666	1.208948221887289
4.743043677925071	-2.1876148008025673	0.9020553137627556
4.701854676441732	-2.112171062183778	1.3335391694954497
5.299144082637313	-2.2340242972770827	0.9845408358007695
4.739293476547792	-1.6580064333505693	1.347717802682213
5.028236637872507	-1.1629814433124088	0.5874418466149365
4.7829794387550155	-1.6047267160234036	1.133240184639512
5.142059458341961	-1.767436667633672	0.45797867650666224
4.848622359968409	-1.2515223380452096	1.0566188240769832
5.389913038292026	-1.0872338312697214	0.6326934037596705
5.5782077398245775	-1.2526223797989264	0.38645686116325667
5.104481350030411	-0.8559563278447432	0.5104780218717563
4.831548074826138	-0.9123330526785626	0.30735530551501083
4.668140130912628	-0.9082011401483437	0.7442507252238272
5.101562452964171	-0.35688215999803463	0.19644782803261737
4.907373650639104	-0.359833350895317	0.2992943136125027
5.108708718366706	-0.4743979211101229	0.12599207037445448
5.002046955280661	-0.3660402111746369	-0.26074408493851314
4.400340039424759	-0.22280922765589672	-0.15425953010324067
4.2424043593300045	0.025334335130246632	-0.022591138706758385
4.6614053536637865	-0.08171706975815896	-0.4807641359454502
4.00905081355744	-0.3192839591164571	-0.5310624294422404
3.9751273350012815	0.16193220845380762	-0.1916395605077812
3.8891008312956608	0.450466897951772	-0.4466810928361178
3.5803472343091087	-0.3581645106080512	-0.2454451818058483
3.9154417361477414	-0.009099222425375364	-0.7745065962411238
4.231744051797657	-0.2816865080307973	-0.5598812620590485
3.29654620941821	-0.12869062721756452	-0.3553273355882782
3.552975781105966	-0.11439773410323134	-0.39472800292065147
3.38405675289083	0.2564944471716185	-1.0036458042919865
3.5704304397883364	0.27339392644933985	-1.123906973233904
3.2131261642303235	-0.01030923201770817	-0.8252366126163679
2.621049366306152	0.30958981656287626	-0.6151959370160691
3.139486633626509	-0.25765255461516395	-1.0493647015210388
3.0655141838749103	-0.2366635126304104	-0.9313971938430194
2.5462235661071384	0.4234836737531234	-1.2877316514712724
2.353654223264936	-0.10797977976303419	-0.6185746343658233
2.3937986656928087	-0.1679905696709777	-1.076967868388771
2.2194145008925075	-0.5012300797054432	-0.7990900145283528
2.0553132547791093	-0.43288310557233245	-0.7686118230055821
1.6109109652783329	-0.2456228212078836	-1.5096655343790042
1.449300541403797	-0.3507003656606399	-0.784893219851139
1.3287537094592357	-0.2795097491040729	-1.3296069847036533
1.7676787773373346	-0.3786676111856796	-1.3027630714942044
1.1099582806931878	-1.0602990812108852	-1.4625064323069787
1.1278768148686895	-0.8358052235869168	-0.7681529785740525
1.264384768043825	-1.0635428408086791	-1.359029703719828
1.1829757416407254	-1.15216711820142	-1.3931920961483093
1.2151085998406739	-1.342793739522182	-0.7860430534519001
0.8602982824132986	-1.657942616638285	-0.9065507809850454
0.778123470136536	-1.5737957016166844	-1.0524505894325098
0.6780665655959561	-1.5658851096991042	-0.685808738855342
0.8333309047574006	-1.8739785223534775	-0.5444533869543364
0.44077651350013636	-1.6417522670163334	-0.7657280827080611
0.8268381740148952	-1.7173685001976535	-0.6905806882375504
0.2533451651091089	-2.1902906569736493	-0.7553990523358457
0.4813344827727202	-2.3745262898562105	-0.5235153428357389
0.29582871148702566	-1.7646877634853317	-0.6725503415379025
0.1667440838708839	-1.9523390453648735	-0.3115528070560005
0.29870323119563463	-2.4121226417803237	-0.17221362445772215
-0.2042433188538268	-2.458371069747884	0.32706045212262547
-0.35398271581527374	-2.185451302176325	0.038029908384890954
-0.5832032325084837	-2.561589659313246	0.6423309332924951
-0.4674404150857524	-2.7845632669975933	0.12646252982771536
-0.30051580739354133	-2.757936317051792	0.9121777513117442
-0.45969501917287237	-2.4422683508261254	0.7107544998557166
-0.6146749175778751	-2.9703868172642265	1.029597734569741
-0.4131091001352246	-2.8025101301498987	0.8530895286628417
-0.8273925315044641	-2.6321756418471947	0.9730672105975731
-0.7119126572043002	-3.0515257557117565	1.032699710402511
-1.1349917410562813	-3.463128874950991	1.370452759079451
-1.024417712042474	-2.8998779909263424	1.0056810336050694
-1.2779324861328063	-3.2093117354715126	1.440341005591223
-0.9808620741000519	-3.0728395207065042	1.177466573369523
-1.3827015702051884	-3.6451333943096325	1.9432284698298052
-1.4017918045680187	-3.7505107366096366	1.3001511509481836
-1.8732400966925682	-3.8245897262132713	1.7299331594675968
-1.9001858296648346	-4.084475801333524	1.317708866251129
-1.7001612655664056	-3.846547770492956	1.9658788290927465
-1.9860663773990428	-3.8500857668033137	1.7120637370193958
-2.0309855564188317	-4.269591680635318	2.192772796402303
-2.4255018823444505	-4.316411135541221	1.9981292912965443
-2.139004868932041	-4.4629441767457045	1.77255839088144
-2.1112896716882537	-3.944693643607178	1.5716854165329783
-2.614645981555139	-3.9946198482152244	1.8599516214820255
-2.1407442147776576	-4.2701284981300205	1.7215631927976338
-2.5523852683648056	-4.74350096514308	2.047888860449715
-2.237551314655134	-4.77756247705845	1.9916697103943182
-2.8099880244128497	-4.353017383267785	1.4174535563426258
-2.9143299027076037	-5.05650719527895	2.2245600592859445
-2.9510714881021696	-4.769189281806349	1.8707276817299694
-2.910717252321716	-4.841947824907433	1.6154776530677342
-3.244648867058989	-5.043664138755503	1.9596962467682482
