4.84307768562261	-4.899751650750469	-1.0328033645393786
5.005008004128964	-5.426435841757463	-1.1808161460348123
4.8457034696549055	-5.165268372309837	-0.5976149295360619
4.834993308502975	-5.028728458191414	-0.8289348752302346
4.710277014255385	-4.698214973388316	-0.9081554278235606
4.437033079422935	-4.433195654782215	-1.1870741467146306
4.563053066487516	-4.858169329612974	-0.7789514822044661
4.2735722940400604	-5.017102170008332	-0.5687497809466181
4.161108589519125	-4.197472780966267	-0.8048410079393812
4.086396595628917	-4.52302458721482	-0.4805970581088904
3.8279436014420494	-4.110247038273844	-0.8207991009262883
3.8593195891022636	-4.532943176527488	-0.7686283613962195
4.181746149428619	-3.830952484947657	-1.136722144923862
3.9586481648741065	-3.6931438692354583	-1.159132652949235
3.4927269732594435	-4.045092244807964	-0.5195867255527562
3.8585978061976767	-4.149949161244575	-1.10354203722811
3.7869145006342895	-3.7538424546626667	-1.1620974265092512
3.6682394602281985	-3.1147667032329225	-1.0179548386935573
3.0898449041097167	-3.435723491342703	-0.5537989399817907
3.0736271205411803	-3.260267783762615	-0.882501080242106
3.060301011693724	-3.366726464326247	-0.890564708846478
2.989003813295545	-3.380728387318044	-0.17101859020099397
3.2928489528095577	-3.162170129400193	-0.7818949041958185
2.900087690608327	-2.9182800682309322	-0.6698495136153104
2.595699160773665	-2.3236058896531335	-0.3321539215325571
2.5968587852126426	-2.5291011884480907	-0.583643909808337
2.8454050266131254	-2.817189716383891	-0.42139769229639623
2.4592645627311818	-2.217484122660079	0.22511198064658416
2.7727441974497413	-2.0667925027109884	-0.1422139425408807
2.3531352041170654	-2.015051507836243	-0.09193059648654267
2.1989468672490866	-2.3907590957719345	0.20190873453027175
2.245735964372541	-2.41584136742622	0.027627372519028047
1.959330901969474	-2.334996411772745	0.5301165252194795
2.3135969921001456	-1.5942024389919307	0.21420745317971818
2.188029705277691	-1.9934231954269412	0.37711210706697396
2.019606769648695	-1.7803670533876272	0.8931007543701905
1.6680472725518318	-1.567919301917211	0.6980140691857218
1.5640663321751922	-1.8078303516184429	0.5866443290466672
1.5341139915707431	-1.404784821600272	1.2136385527764602
1.4637923974248417	-1.4674234534349504	1.1209391430701139
1.0956719837738453	-1.2451779679433683	1.1479161151720456
1.5044765337687318	-1.1644300117788768	1.1374241903484728
1.2139083446921537	-1.2607061819910341	1.2147562750218284
1.1705300890099855	-0.6322680947361653	0.7341215618269222
0.5848628785147317	-0.5960783722863185	1.3416510232629326
0.8302970820387316	-0.9786487720624104	1.4051594784361687
0.16406966967740497	-0.85092529218905	0.9550056984655285
0.1374083907745408	-0.6399716456752307	1.4345737684649338
0.37387949596019576	-0.8888180571347114	0.8197226347596426
0.3783095886670978	-0.5362912648064789	1.023973362573488
0.2246338252754615	-0.8691773461983572	0.8467406078994377
-0.6032065051377905	-0.16588689935149203	0.6079834745432469
-0.2861489516115141	-0.36844768282497176	0.9627374635845171
-0.65105483919811	-0.1968336530800967	0.45727679555982625
-0.19067006432081846	-0.7198241548678236	0.28603335606413244
-0.8808430788245862	-0.24161278444216117	0.2812932907230014
-1.2017339840087087	-0.07751845472291852	0.21602505887209955
-0.4981093010281492	-0.7362724641287	0.2556197979579906
-1.188041648494423	-0.48206319997749414	0.045252052103261414
-1.1409392591359944	-0.8727675844677796	0.13926836633077175
-1.6392252570628063	-0.8275514902038352	0.10729331403683096
-1.7906933605535449	-0.5415083462776253	-0.03841997799888808
-1.425463023615128	-0.7895536149254018	-0.003377269433435748
-1.3464442234689211	-1.2557304078900202	-0.2532927848672576
-1.9583309918077805	-0.6347113950462641	-0.3170199766585395
-1.7024566560699395	-1.025208250773359	-0.1261347172348818
-2.0169766834924636	-1.4128377303337842	0.024770952679975977
-2.031460043333957	-1.4996850815525442	-0.008272403599376088
-2.1974534005856463	-1.0527949412164612	-0.5532846516061177
-2.3514489816712953	-1.9808595311846655	-0.5361101451384018
-1.924178305784149	-1.6661431807579383	-0.43395462697295595
-1.7347074770868	-1.9203538920468155	-0.5874198582836013
-2.285539566104636	-2.3492387809381787	-0.3673562796120444
-1.9102413593646812	-2.2700019398946565	-0.9839421247922479
-2.3177104557856523	-2.3036779119987685	-0.4777452863534215
-2.1377958994494466	-2.425632487887606	-0.5152299581515983
-2.247179574787969	-2.949822559062846	-0.809201665418257
-2.217024383510655	-2.900311426550327	-0.33769978236580134
-1.8381631864053838	-3.118946384465601	-1.1774601061314947
-2.241890468455127	-3.098170496857211	-0.6750463821296296
-1.387109808629945	-3.4016581578700738	-0.8597390909817435
-1.4021653288551772	-3.1977536224891536	-1.1182052275146246
-1.7658606681623386	-3.5798956065835545	-0.8154568215552364
-1.6238616162959993	-3.4746201976912467	-0.9067285278502406
-1.4311868298350616	-3.732003077281415	-1.0812251882553332
-1.2896600581068087	-3.695832603498354	-0.9869025895045884
-1.3227442349595302	-4.288934691633259	-0.4814195487393895
-0.847275135746853	-4.269460078439547	-0.9899743851396517
-1.064140638549297	-3.704037469365785	-1.1951008909606233
-0.8842360748457007	-3.8077001271219975	-1.0615395312683664
-1.0227394228735442	-4.224530119862356	-0.7479273977145671
-0.7503535228242691	-4.359668705787554	-0.6295228508047566
-0.4116808479520081	-4.132182439391167	-0.9086970101644388
-0.4817626532384034	-4.079312481212405	-0.9221167770645082
-0.023254035167327602	-4.94301273067664	-0.7254670057477176
-0.48274835979950936	-4.3641481230930745	-0.3499768376391942
0.31599245674817916	-4.655780718710743	-0.6283188885429646
-0.029063771071992373	-4.94318187064893	0.0648292325265728
0.5869202490576995	-4.641752798993736	-0.5387271825716107
0.2937159852613586	-4.918193697342744	-0.045943336630753784
0.4636625149595944	-4.514469558152508	-0.37984773055305876
0.3462322058784064	-4.945118846045774	0.25401539444053
0.47180164331052915	-5.1673693887657475	-0.10246421594763172
0.43756376958404636	-4.4176330396070576	-0.10834034042388813
0.6735322986772048	-4.486690834698429	0.35110711188001653
1.4828726816473699	-5.047131249338202	0.19498968147973322
0.8689492257028713	-5.022005455908623	0.1994592731619769
1.005679590397022	-4.841233399077275	0.8609936635799709
1.3019311003803493	-4.624823939751267	0.6552566335062594
1.9152623820016728	-4.682308034717211	0.4449666551467067
2.0975108623252616	-5.0333073798597345	0.6391594444306202
1.6441374372604505	-4.438673129049304	0.5418485895908682
2.075412533741841	-5.061642495988845	1.0886647512608256
2.401332289191516	-4.9948984399144685	1.025008029033068
2.0495342554301765	-4.994978011281237	1.1811801524174816
2.2180746160332214	-4.904533206067905	0.8978285108167068
2.629258901983396	-4.826542643341079	1.1505991814066145
3.1080333629842887	-4.422908079227887	0.9557925071812082
2.562850896719792	-3.88248353539132	1.050747880943557
3.3187840602746275	-4.683568658547453	1.366836318907982
3.1662347691540225	-4.5475925029305735	1.7760805966519393
3.087456263244385	-4.113459622009991	1.678550816176513
2.892338125754658	-3.734601948905575	1.2852235651029902
3.335889668263776	-3.929133430043296	1.266571343048732
3.242306727086906	-3.967448651282901	1.6581061201704566
3.7107337096362167	-3.775035647842754	1.758615536584701
3.633038539061939	-3.768768993681629	1.7362523530470586
3.597820971443721	-3.696799951888195	2.111172432721568
3.7055325693158467	-3.176186749709557	1.3986413541481284
4.439249685512051	-3.6894952245190065	1.166717207806289
4.10240809499357	-3.3481285095587916	1.570886280025399
4.374852163746633	-2.97824490719856	1.7604381660229174
4.186699881933019	-3.256883414122181	1.9853921972638315
4.13020594788265	-3.3195482570569546	1.5153681784068833
4.63344989925757	-3.262942926705656	1.3607637618408326
4.5171928181455705	-3.1429763048922377	1.1058762855622526
4.615340975290891	-2.4115293605840002	1.196546530720769
4.427703785390592	-2.395224100149495	1.6098377122655836
4.609357808830514	-2.2921208222641827	1.6435601373694713
4.939642060977057	-2.518910287446664	0.922470021612844
5.219813797445101	-2.0895852451202495	1.2222855021604717
5.233193720360255	-1.9418149379289837	0.6976108101898398
4.980983885912447	-1.407435534031849	0.8362486464320987
4.893329907269784	-1.9098815689818451	1.0747454504634608
4.87405537894636	-1.9821353259079721	0.9991976314701467
4.755124742685964	-1.6723255285413101	1.1147970322176521
5.072751974965202	-1.547320160550437	0.6335079016334175
5.30693768137751	-1.5071227730026835	0.6567728462174689
4.907514637475263	-0.8213738924523409	0.6831862080516868
5.487403125774244	-1.2103076864693223	0.19570937193664859
4.798348220108408	-0.853540793781307	0.2334140265467766
5.056910749180962	-0.9630222242815174	0.07147489428584723
5.437323662608517	-0.8884733454539976	0.26141272898287826
4.892551745189103	-0.7192091125616392	0.1931927380930378
4.837863110962763	-0.7759214609379602	0.523652984638432
4.971018254360228	-0.535506720308759	0.09175539936737198
4.3624328993105435	-0.44203178380860164	-0.3304329869277856
4.529068793136774	-0.19774572471407115	0.12544302147870479
4.328634254457065	-0.19783301338253356	-0.10172209557395823
4.607291046902677	-0.4472232779525327	-0.30221197614101136
4.417622650764125	0.21492656831388285	-0.19184359162161735
4.364006940400263	0.2959135501201231	-0.44333444253359955
4.139455112663051	0.29342718212482893	-0.4853061935481462
4.337322190580123	-0.05552153432952589	-0.5206734529002238
3.9989709267622437	0.1158447384643933	-0.7238986311278091
3.566560510993599	0.13437443163649587	-0.29449136143172183
3.8460299261232995	0.2937935956148585	-0.6765402043912333
3.268341025373591	0.6292001668319178	-0.7319790049445212
3.356445606067484	0.42908490679466793	-0.9969046221382739
3.017297962152522	-0.09846949320239456	-0.40355814884806473
3.3913631570417233	-0.12299212554401517	-1.0727914365047808
2.820220651874589	0.22356528268837267	-0.5979508877852072
2.8482127310638785	0.21907517220691924	-1.0860890817854836
3.140313293792335	-0.38158751275203673	-0.9354131565453039
2.3006335300775813	-0.09271439245234975	-1.35072102418001
2.602980749959129	0.11144295355720646	-1.1242252146241203
2.6490080659193254	-0.5048471839564421	-0.8691493105290623
1.8918254624277369	0.05928513729464491	-1.4527608358729869
1.7195474594936775	-0.6610966863830928	-1.0765452584674322
1.7088158191775233	-0.3282494996659613	-1.456191059768169
1.58933049549097	-0.03372338298190347	-1.5055081501471608
1.5050472969744841	-0.8349189480896311	-1.0046577079603658
1.4075877302099407	-0.9830677969431612	-1.3471455859708126
1.2862464685826966	-0.6604723541376517	-1.2058061280715553
1.0312144093760383	-0.8484772547799385	-1.0449344840233397
1.401111703318953	-0.7065519737461485	-1.1819166279852078
1.5136944999652218	-1.0667996477646602	-1.3970546469747052
0.904653460721371	-1.111361706914317	-0.9183940995902399
0.9106790581276535	-1.480564245245991	-1.0226788700532055
1.0727810932555586	-1.502333765952951	-0.7001376194146515
0.44709077069084485	-1.6000752922842554	-0.4051176456803137
0.6380625746313298	-1.6586854043879398	-1.1957025366941694
0.6136099512211425	-1.2635228259821893	-0.982509557980782
0.1734196498839708	-1.9334201676297869	-0.8297872501453583
0.3701072655043984	-2.0611302333739454	-0.13213196647919023
0.44824782785820994	-2.0208516355384774	-0.652439238208375
-0.03082786319646419	-1.8700304418250562	-0.4401838913923488
-0.03327683041506635	-2.573207601977779	-0.48891469310012947
0.22961829298055741	-2.2538555625711614	0.09273742143899277
-0.05451101277255782	-2.7445048238775036	0.45045011223324705
0.1482915299978882	-2.5415317252592082	-0.2301469343886019
-0.5667249692731995	-2.453612655776598	0.646682043377188
0.09187423520629112	-2.5279178660034507	0.20294587582018622
-0.7447519355952432	-2.267755615576674	0.6337553020294192
-0.05203131060452948	-3.14884268985401	0.8660421186557221
-0.914863567632649	-2.6590173668887407	0.9361984104275693
-0.9342713945097985	-2.8955350220124787	1.3742882206465974
-0.46602279364777854	-2.8276079638022975	1.071602685947862
-0.7430086468915974	-3.3847988100133426	1.3668781903765295
-1.272739920555742	-3.3105159558357315	1.276261611401989
-0.567507887483167	-3.1776180483781507	1.0219896270375997
-1.197157959319572	-3.078347103417416	1.4175689198415424
-1.6126519705432467	-3.2088767365241124	1.2308722649641772
-1.1761277409029018	-3.0797871237498997	1.4353948245407762
-1.7646999494920963	-3.0188107430778555	1.467844351844334
-1.4732348310941235	-3.9088624766628017	1.8854842813850201
-1.6235016433695775	-3.8236565709908223	1.6623556055910895
-2.1274700159991644	-3.841377750613133	1.6456929478606788
-1.5394705638984945	-3.797533621086971	1.3301945546861926
-1.933613767684448	-4.141441219079578	1.8860814317474464
-2.3338947516091157	-3.8263376460275325	1.5065236711329615
-2.5432451917166166	-3.6653741390466004	1.3997221808557399
-2.6456030093325658	-4.024576289744144	1.444044872285107
-2.6654050972571772	-3.7767702305529114	1.3949527383879587
-2.5478191523685547	-4.141663204911313	1.8652498104221273
-2.16227207225352	-4.5571330638615875	1.604524968070082
-2.864502749226767	-4.848080029624318	1.411990522354234
-2.9288834923357663	-4.933092127669166	2.005165815235906
-2.972777871355437	-4.241614313565404	1.653827155789868
-3.1447199150608576	-4.35738743713925	1.7930469718238036
-2.8526486381180294	-4.8466539555164845	2.0019903368163674
-2.7974501025165717	-5.31748871338905	1.744485702306497
