5.181274924896239	-5.179626155481475	-1.1957089402848826
4.785065069185916	-4.689309021492567	-1.1814945257282226
4.252347813212545	-4.909216707649844	-0.601351129733635
4.080012030934337	-4.724335352405835	-1.0758921755404742
4.102349306796118	-4.080282172027016	-0.8810743537901933
3.461253554293072	-3.7148682647547377	-1.0597225534330073
3.2868331648243108	-3.587512723354806	-0.4487172936685324
2.973424117125299	-3.4996239073926447	-0.8607418887377709
3.142130064723347	-2.7239744339455996	-0.5670346523926941
2.9005648043163226	-2.360442653302834	-0.3466212758353611
2.3248003665745087	-2.233470714314178	0.009607400883150763
1.7794541264043906	-1.861304895946433	0.9412822802082863
1.4540679243558416	-1.9538277336570906	1.284379244403302
1.1078984612064546	-1.66628209071277	0.6279126248503112
1.0332176938408035	-1.1898622204822482	1.3308654841352552
0.5011633873897134	-0.6532941480544457	1.0720879847786933
0.11335947345761513	-0.3975587137232527	0.8801411105982903
-0.5667389397299024	-0.3973347408394573	0.8221273057753469
-0.5397580147279946	-0.6631689833495233	0.6016139723752747
-1.3930802900251844	-0.7937510120590117	0.46122121278872374
-1.477312232833599	-0.7149985078401243	0.6152758670897353
-1.537078542936349	-0.5833802484304563	-0.4141813678527485
-2.2029345369720796	-1.639014125374632	0.2140389121244224
-1.807888218479758	-1.8148256462826127	-0.7033860681599339
-1.983436827600477	-2.3789458908983425	-0.9375228513929931
-1.7080339178463553	-2.6904749258475937	-1.1766186475703564
-1.7977622093561103	-2.66867095614686	-0.984417768267762
-1.6491884587001828	-3.0717430091130584	-1.2572138014452583
-1.6385566825127174	-4.0328717361284045	-1.1874204837471973
-1.1411166762850802	-3.857044751468419	-1.0361192096925662
-1.0986908388732692	-4.085256972334788	-0.5372821290765204
-0.6027494556095674	-4.52074113768019	-0.36471355302629016
-0.38480743977670834	-4.958728861249627	-0.5386624265197705
0.3022210595412999	-4.904888870970748	0.24017959471276196
0.35527058889687874	-4.459335695213875	0.19547492227717073
1.507368355580419	-4.74644617457485	0.07163800016756856
1.3488606861037693	-4.982618938780211	0.3249125196186191
2.0436376560665	-4.98631471255038	0.7223495933245487
2.530733723672843	-5.0060791219915455	0.84855108625293
2.592890276419295	-4.511448576544294	1.019803686771797
2.6771202108238037	-4.613786108502106	1.82790168810169
3.512582116795133	-3.760043824163742	1.4769154999828196
3.687418195566581	-4.0483714808209985	1.6816862406397335
3.798402748183226	-3.3897737473587597	1.339953607425073
4.129999006003358	-2.92247175040571	1.562084235069859
4.3120804615517425	-2.3550627987292128	1.3190704645031712
4.676218483543991	-2.6056154572244936	1.0020715403600824
4.837807420624912	-2.1353061725210565	1.5409242889600665
5.583999610820149	-1.769060880320926	0.6976278816745172
4.971341279265511	-1.5677170840552273	0.41767761833648415
5.304637976075557	-0.7532948574196097	0.6042489000964907
5.043873130479342	-0.8123875926140104	0.2502170970012749
4.8335749670048545	-0.4058708164135426	-0.20223162567889558
4.104227720662051	0.31570303207990735	-0.33582882126158164
3.9426939951135407	-0.008402757827771612	-0.6022079275134896
3.6669025372646042	-0.292833809306007	-0.3611173970681947
3.0571357266206354	0.27997695267390854	-1.0580640169617888
3.0431043666823667	-0.33503601060599547	-1.1332343373641127
2.929666177454911	-0.18892275637813055	-1.0798161262511294
2.1024133214047858	-0.3950357969147569	-1.1118503192305227
2.020479094798183	-0.29468317104967123	-1.3370855509927435
1.2467713932266538	-0.42267146145490175	-1.1948298427260755
1.0599195077860477	-0.7971074949748763	-1.2993981509069141
0.6368161422804428	-1.3855433739658964	-1.2157976220989013
0.2601330655641301	-1.4668101693558944	-0.8036822077141159
0.18342547666336795	-2.4689395101995837	-0.5218525709572116
0.38610204765643547	-2.504870134640478	-0.29638971300852357
-0.24688369683358202	-2.764999099814592	0.23636073796038126
-0.5106227076232956	-2.620213021351873	0.41364884736886653
-1.1102956784628195	-2.97836001573445	1.0265585871182188
-0.5076031973511786	-3.562073182808454	0.9788634665568249
-0.7558911975717567	-3.8005554802390753	1.214247419618891
-1.9110987565982216	-4.02989067271513	1.94439875231899
-2.185762055822561	-4.3516546465299655	2.2175554718017825
-2.6035219280418467	-3.748259820963341	1.5978968518001768
-2.651388234764272	-4.674808717716994	1.9120284334578912
-3.0200823150375546	-4.9132811976688355	1.8668146465285185
-3.0749374752491123	-5.190310396376172	2.071511997040293
