4.940955451682708	-5.636389639852796	-0.37314756434687957
4.712272644248719	-5.27132702184005	-0.5077433558789993
4.603951058581123	-5.280716954854576	-0.934953900568062
4.558064231064523	-4.9051413800642205	-0.90764597221006
4.314024956926846	-4.390335388851697	-1.0532486250931097
4.349486761405419	-4.151976404438343	-1.2234450211121237
4.14701617003528	-4.060984137783289	-1.3191893578410938
4.602309937139432	-4.619902874238258	-1.1667022823033717
4.157582091603205	-3.9175278412553878	-0.9740314403762856
4.293576446244879	-3.920758258581718	-1.0555681504027854
3.967063058201364	-3.904031980459612	-1.1999497658039404
3.5327993586216886	-3.8159291934143056	-1.0971791142000487
3.551450234477214	-3.5826790809919205	-0.6880960153103427
3.2090296871871415	-2.867177137309805	-0.7758337188827853
3.0018111545257584	-3.3258508314055053	-0.3971513571738218
3.0264092084942797	-2.904879079775191	-0.7144540193447738
2.582496735384317	-2.863944252558421	-0.3706391400253667
2.882053651590275	-2.798215108452564	-0.5431214162642619
3.018580896928413	-2.3420768487731025	-0.14387970015150559
2.9015732284630005	-2.218815375614735	-0.10965838725159172
2.4833829727417878	-2.360606410766346	0.13444315734769635
2.249456298955019	-2.3391366546780414	0.3751325131440201
1.8527898360550923	-2.280550782146531	0.41137970957572506
2.057653379499649	-2.0968591982951463	0.5757949287995645
1.7027759451852313	-1.4617709159802779	1.1497190875961847
1.5101881267804655	-1.7003161843678227	1.0859546182922593
1.205848094045686	-0.9090102757456829	0.672629130522764
1.2964690613252303	-1.3866953255446275	0.7395882161058772
1.385258058554502	-0.9201630446744732	0.6933619891299841
0.7299254881847957	-0.8176707036230192	1.0395454182227564
0.2909392369604355	-0.2347082729042117	0.8934290436943004
0.47332863647657125	-0.8842759678082738	1.2152542567700015
0.1937577281223927	-0.6004404281098598	0.8420394498536732
-0.10494091256006466	-0.23005839682420726	0.7385411546123305
-0.07055584536613857	-0.35811550974662176	0.9781100482296294
-0.6068922058149939	-0.8570988668176952	0.46294089874760797
-0.5476562795849363	-0.8027445725422641	1.0046553126672007
-0.9432266639421902	-0.7765997105435307	0.5347227120811486
-1.0688810676094187	-0.6701682922543073	0.8017927353570344
-1.5935424301616399	-1.0307414089070976	0.742295482294834
-1.3173226878817936	-0.8339092932348112	0.3124759513463863
-1.3780866163189271	-0.5986360136785269	-0.24714146206812848
-2.0337629951687775	-1.2225141566963162	-0.04723939786831599
-2.171036046596777	-1.3628622494625589	0.09525148308558418
-2.0818122105529167	-0.7702926367336127	-0.6303956564653558
-1.7978635255412871	-1.6485070574411558	-0.6814814188942965
-1.6768202316735275	-1.9263551954987652	-0.6995749466186412
-2.0409757756578752	-1.7273319284152937	-0.8028718752944763
-2.298606021059723	-2.215378935353438	-0.508504215098029
-1.6030450244733	-2.5653992381784434	-0.985638185569927
-1.7235016912266052	-2.826238126415737	-0.8556960010462773
-1.9851109364864765	-2.7998138712754574	-0.614619933854893
-1.4167104224125586	-3.196799329394502	-1.1064032164240212
-2.084488799107365	-3.5092992552393696	-1.1110223105650319
-1.751498730183339	-3.360676176209687	-0.7994196730922382
-1.6425466459378004	-3.4139109558609273	-1.2098934098871748
-1.0855594626136522	-4.045082924113337	-0.8748862561495476
-0.8548164240291812	-4.137148197993498	-1.2532698312962947
-1.4759758425295415	-4.457391772100337	-0.29624244000686917
-1.3402701751410833	-4.017856693884422	-0.7540470638667192
-0.4779706197428911	-4.37384882196024	-1.1751215226480525
-0.7411088558226947	-4.785320451219173	-0.3326629369477101
-0.027687260134125036	-4.892618204271674	-0.5001991832901298
-0.1729022396700507	-4.703084780986496	-0.21300958860236874
-0.24600653002943568	-5.0663441833314256	-0.5085677530459498
0.1852436586578402	-4.626631704376722	-0.24329018738624375
0.5182275393499525	-4.693213683196424	-0.24871511793190682
0.40879590882018696	-5.125086609483787	-0.19458605148633634
1.1586733974150423	-5.0304563695507625	-0.09135141456512813
0.6786410244925246	-5.145380857567239	0.0958289947130285
0.8110734450098945	-4.983680772863326	0.6259952308285354
1.2545139268115437	-5.164426016320242	0.38869158123134334
1.4899863830931233	-4.80901143198247	0.6003930737143175
1.604116466563303	-4.328094102286774	0.6666926858406861
1.5908453402378597	-4.2729450216463	0.6203681922812532
1.7505112289088713	-4.686102139624444	1.1870196363779968
2.438698868004858	-4.778459049819147	1.12972986245153
2.6381105771694817	-4.4399979455149	1.0759813786640455
2.408344234434847	-4.833099658997428	1.5479562230254378
2.6874131973142372	-4.598532237963376	1.7028997663891194
3.016780969125873	-4.521945206285245	1.4310154916573652
2.9568475212951735	-4.015833786942259	1.8752549496496163
3.2093819498217617	-4.057560442892613	1.4943746444777575
3.385948890852527	-3.487812905236194	1.2992832563490941
4.165643970907609	-3.91154332740057	1.6991774788297689
4.175442174287629	-3.8069160484393776	1.6182594681796787
3.964529766089411	-3.7423327513783597	2.0496682011816327
4.339440237752799	-2.9244533080698334	1.2937695502400772
4.165780267536501	-3.098812950600691	1.2487694431382457
4.40934027526444	-3.2903461026567946	1.3203794639783237
4.448349788909026	-2.90240477814233	1.1635687097019618
4.429919146903818	-2.2938763409826417	1.6435204889238613
5.104390797395995	-2.509442271904218	1.5404935789948242
5.292069986621623	-2.189032528371014	1.2781081147464857
4.748074808305013	-2.0650814437690848	1.0251748921429868
4.905170672823357	-1.4812538814727048	0.756014002848946
5.448678443198868	-1.7735748869452603	0.8179784063545126
5.193782875631894	-1.2505605171965914	0.7769416757642601
4.775062289843215	-1.630743980193726	0.5167058730438563
5.039444323642453	-1.0846446356055781	0.584263429277446
5.227202930110279	-0.8772668365301994	0.4306135100261431
5.191567134001046	-0.925955687549948	0.3936964269372688
4.7046829802168615	-0.13327622852518517	-0.04719870852499167
5.3589211315402165	-0.6619615361657728	-0.10503086855426869
5.079274572340196	-0.6415543151938264	-0.2910042941099044
4.539459896343338	-0.24104907715978285	-0.39480772075844034
4.405819688926058	0.20672378454553564	-0.16080739516953557
4.150993685966948	-0.1596578263284809	-0.19913399253888409
3.847678189447272	-0.12519180628239573	-0.30910538831935197
3.5238851043926465	0.06658762085453879	-0.2784524456286783
3.9406270413224562	0.04051044712477636	-0.45315948529507144
3.650369439754563	0.3728182348105285	-0.8170923789249843
3.4488828087183716	0.417668212235914	-0.8414525761955489
3.163681462820807	-0.15466987209669453	-0.785650260363407
2.865442815258142	-0.0959361705429746	-0.5759722535559905
2.5772051516351455	-0.30032940415187453	-0.8067287021856937
2.3111639917535243	0.06509366471680761	-0.6186730932434364
2.592908518011693	-0.2724972320575949	-1.0103725249009952
1.8456153718081194	0.13564457786627004	-1.0830095399752075
1.9985289930174366	-0.44814330345482056	-0.7841971685182118
2.225201931466425	-0.8398899847704508	-1.2532689936249426
2.001291442677153	-0.7718202294137453	-1.3637552264633381
1.3412662623538583	-0.613433161054793	-1.4872621936080819
1.2478492637847063	-0.9613765185031227	-1.3706926076592318
1.096196265554266	-1.4323172120157017	-0.9248831796306778
0.8271433224957478	-1.2640699078354958	-0.7914547097142314
0.874240400505145	-1.4218796070291047	-0.6649088317728722
0.4572888411219144	-1.9329794971578065	-1.0158408117766582
0.25154317846653584	-1.8126099542928495	-0.5123665928761467
0.265457026171153	-2.0302455508677992	-0.1362039517261262
0.05335917587867489	-2.390139775215646	-0.6770600651909339
0.28469976845404343	-2.1597078237552676	-0.2929779693702411
-0.006174328718367039	-2.591049750937043	0.33737081976033834
-0.10330227681250886	-2.2357623751794975	-0.07843473122147421
-0.07034738890993708	-2.390148060670601	0.32761540319268545
-0.4579143954463878	-2.9509571430551795	0.7890696111802503
-0.6490515947054487	-2.5597284301016865	0.7193748717880084
-0.8185623469101904	-2.8304998436838114	1.0317452495191528
-0.5408414818824843	-3.179410179056455	1.2596915366049168
-0.9001769174441785	-3.2262059429854437	0.9111134864310804
-1.1968089584733792	-2.802351119035447	1.085954194878493
-0.776298885156674	-3.6723554714236952	1.5094431737002008
-0.9934129298463394	-3.5899597156661427	1.1567870272871632
-1.3556500180912368	-3.326452661785905	1.59746222188152
-2.0255534978566354	-3.8672784472178368	1.3815946245773323
-1.5007840954485028	-3.6966663427808992	1.6621345685794513
-2.1271966065322427	-3.777114835020921	1.7584813142586346
-1.7630621392920216	-4.257486693622263	1.752141339918789
-2.304183955410351	-4.106452042518542	1.5909227674002577
-2.3814454267176695	-4.380501559302671	2.1253576826081932
-2.865118264493998	-4.8795410883687715	1.549365758308221
-2.7795957861302143	-4.419914890751473	2.0697300756580743
-2.814114417940064	-4.250797465410998	1.5963698595730063
-2.5443068368029516	-5.202837292700581	1.7252857733129323
-3.346711985499728	-5.079019183471979	1.8682397624636995
