4.899110971795072	-4.9134096553683	-0.790547819353571
4.494016679900883	-5.136966239082796	-0.5017629484528272
4.702277364209115	-4.913787571482917	-0.526606946365855
5.110275676910858	-4.843699057618911	-1.2165182326517818
4.178719610499494	-4.624473877823959	-0.5137660960846528
4.036051370931577	-4.504021604087757	-0.5102947748326234
4.400914476092479	-4.637494096124703	-0.7411272943509474
4.034224009723956	-4.3716121542316975	-0.7281310390587667
4.074717887883706	-4.306302132449382	-0.6721756637537452
3.568740012324434	-3.649041510386275	-0.8937724873947673
3.404903917662733	-3.469417804947456	-0.8912495076603161
4.064792443147736	-3.7645619210765107	-1.0454144542971862
3.1934281551586934	-3.3848651272817376	-0.46354070370346334
3.2475189038639987	-3.5800371208581767	-0.7722233765620569
3.6795552053337257	-3.3605592210665516	-0.8828471455629616
3.343958456093884	-2.767754928744856	-0.609050488639812
2.7568922790975967	-2.5755153377814834	-0.1984467249156766
2.5135036180964088	-2.6365378863634206	-0.10842451970037537
2.8829734591160445	-2.47469246816549	-0.054878203845749096
2.3305961034610805	-1.8495541734799006	-0.28683341592454414
2.5500176819924154	-2.277600934564491	-0.06412479832267698
2.213789693179846	-1.8642548286759641	0.33384673622260874
1.865420406913185	-2.0529797655195656	0.16597209916571326
1.8602756608442008	-1.41171428636901	0.7029586960397456
1.5792485371809768	-1.8342291552972607	0.419180643310775
1.4353626578075258	-1.237886589945259	0.8316609908571175
1.0656492174501395	-1.6978140808123325	0.9043539668707486
1.4167038669476848	-0.9332040994346565	0.6594665464185473
1.3107520394121503	-1.2208649998834642	1.0906071657533105
0.9597856299788459	-1.1528951748819147	0.8661296697384164
0.7348709389868437	-0.6025855630174425	0.9988224919369366
0.44138339392471976	-0.9665787381542316	1.1077747651003582
0.029288668885962738	-0.6130839342476456	1.0727454501989613
-0.1594411078624871	-0.8387750233971243	0.7934549894183983
0.20561336279927678	-0.8370545615915279	0.5934499575316476
-0.7848050105745908	-0.3710794711321165	0.5424937241493675
-0.4832271355872271	-0.20802419756351442	0.30874634659428885
-1.1437987673880285	-0.935633367182739	0.9409139872327295
-0.9455469586153078	-0.5561364127524628	0.40664231716092136
-1.2188338641791008	-0.6086035931180055	0.36674944028266654
-1.5882566276373091	-0.6892243140064301	-0.05697714499675599
-1.22160255308426	-1.1856460568137657	-0.11123874207758522
-1.9330900402632383	-1.2807213295052202	-0.13111333485927568
-2.1075057728489623	-1.3420374631595273	0.0993367011147458
-1.6722943597944908	-1.4379809085358426	-0.60169812386345
-2.052255153955686	-1.8844696026476733	-0.6354756019161992
-1.643523300312517	-1.818517232111596	-0.742600251636797
-2.28256951015315	-1.3722123606177967	-0.8586914918374501
-1.5955104137488316	-2.4461432576808964	-0.863511623472888
-2.3852016919708796	-1.9435770674924093	-1.0381938652133218
-2.4201663855416884	-2.648108195753191	-0.5661133798275557
-2.22433200134415	-2.6609523179253185	-0.9399898375852462
-1.6380214888759408	-2.903432270006366	-1.2539066184818193
-1.939400738315824	-3.3618482050422864	-0.7456462904066977
-1.8205009927634273	-3.6520129441955245	-1.181546157794637
-1.6321018227086772	-3.8032631615085073	-1.1916218179484181
-1.632357248174809	-3.5609380246747993	-0.5574194498482193
-1.2574428016529686	-4.067336763294827	-0.6845731580219206
-1.4276841501745805	-4.349838820040171	-0.8375882601767985
-1.3319786875177637	-4.4433769444623215	-0.6929480175686822
-0.8187640492274865	-4.435103639701257	-1.0016517361937454
-0.839672894354032	-4.77684614903036	-0.34262785022932507
-0.6782296817958599	-4.394000668739594	-0.23524057002891607
-0.060585892253306795	-4.38696290144034	-0.7072243610592409
0.1708721551476014	-4.81493313370445	-0.5905741234631896
0.3267732755469187	-5.132268728785838	0.11932448773239301
-0.05430868129703298	-4.901180334415995	0.32906009102895895
0.275806901952834	-5.155600257656953	-0.14560514613120745
0.4026594650243543	-5.071934306930358	0.2894818942585052
0.4989949030129911	-5.095307519860219	0.4878530997977112
0.8023856242294595	-5.175747666832956	0.6625659224128574
1.1429580339755874	-4.693220865606204	0.795519329092201
1.2368478593654146	-5.136798509567658	1.1603507528002213
1.7893781082442488	-4.979101327809517	0.5329728325781313
1.9418717229249889	-4.732426228054245	1.1756820579506009
1.846584957903497	-4.555592713652665	0.9435436560196306
2.024147483477493	-5.019874422616665	0.95035228393679
2.440163136605502	-4.889610479085322	1.681320172968468
2.267358697294495	-4.301916428865171	1.6508122075279785
2.5662869677758278	-4.353139910916346	1.50478496870981
2.8950474333794856	-3.9373829698066825	1.3379916352024692
3.0273432374133424	-4.385563017363187	1.701040679053809
3.6972377772575493	-4.352118356226628	1.5764146165043895
3.566201366440708	-3.911192150060619	1.7287521504305587
3.807386169069283	-3.7746875587677122	1.759270932516333
3.8244600767464845	-3.884213935934292	1.7754444180517723
3.9294135858854915	-3.716670979618328	1.3151318504573986
4.318459333749693	-3.5201270613905216	1.3760104843820975
4.905816830508395	-3.398049932335017	1.2059723027892701
4.7134282795365054	-3.139700699121036	1.3726862468728525
4.534126673792329	-2.6420778038401034	1.3173681731029696
4.998597797446912	-2.6040509982992264	1.519391289111347
5.035414136262813	-2.322697679012414	0.9986109059150894
5.045521624458945	-2.0549444728257047	0.8030145120582445
5.179553912274986	-2.304722082626101	1.1670384205481366
4.730611790157543	-1.862580140364059	0.6730303204148448
4.760993685068583	-1.7566704484534215	1.1493536546273249
4.884287891930308	-1.3447332289607727	1.0038196107778772
5.138804882922447	-1.5122036642217367	0.4340491588089829
5.042531108677128	-1.2379970107673413	0.2850500369774772
4.723613311274037	-0.42885282428294813	0.24627031500217003
5.2983591694295775	-0.7153220970205635	0.5088618728714699
4.5997501902043	-0.4501820758308762	0.37292838503965375
4.552071221570246	-0.791523790260284	0.35629689900594497
4.689389305781423	-0.25724232307332096	0.24102749162770315
4.467687146118236	-0.23638844920025615	0.002366627998237003
4.759249340505734	0.07153528050547142	-0.4701281552025346
4.253932284329827	-0.2773641577242374	-0.6167334145569613
3.8677039886457787	-0.16239040406160826	-0.45179576623344575
3.7034258684364687	-0.0824438368215536	-0.4617475442329275
3.5492364300173804	-0.2667280085602928	-0.36653410526218266
4.060937223554494	-0.2316616626415801	-0.8722447915953513
3.3745970828571763	0.31229359960443204	-0.6217939413338364
3.01692898462279	0.35235915972445825	-0.8225200004296853
2.7357469133234336	0.05954624909645995	-0.631307726948093
2.7412082930547665	0.23767383077887	-1.2571971476394772
2.704819309892386	-0.27448201267258315	-0.6860868315546118
2.8884659845277696	-0.3673204882756941	-1.1981038329929514
2.6388846497475793	-0.6182673122403474	-1.4032554643479185
1.9433040159722472	0.09866019410786664	-1.5423743769438514
1.570284764618028	-0.8593477152699395	-0.6783120112819524
1.3711319428372437	-0.3120202283693303	-0.9271739153092761
1.5465100869902384	-0.6751010560960398	-1.0313169164792697
0.9520007834140399	-0.9466341910276271	-1.1480382890359282
1.4178694628965167	-1.0385679581509946	-1.4312916865172665
0.7774001151070273	-1.3830803176721043	-1.35659129962184
1.157105564363375	-1.2627517852697407	-0.9560404218765941
0.6255112899790913	-1.7407315746398297	-0.6053281074142479
0.7031503152336503	-1.3826352973894878	-0.91364123756495
0.16063674426547453	-2.06597422475094	-0.5855022842431743
0.363108072297212	-2.0267153244831038	-0.18648786181789323
0.476079362105458	-2.5825531666272683	-0.3824937580015053
-0.001570008644641463	-2.578293229198043	0.1760539473499756
-0.15010921374609681	-2.3858039364439536	0.08915167080416525
0.018101392745608735	-2.790996150317847	0.008473334214305628
-0.5485818114812466	-2.6853381399992546	0.9233209372798915
-0.35386719476448325	-2.764672285062257	0.36605987908476245
-0.8041690090769782	-3.042657179116395	0.6847646807424793
-0.6595520334822651	-2.8049555530759553	0.8044873757687402
-1.015125753436067	-3.4015842388816777	0.8160404851570401
-1.200633620722051	-3.206909118408248	1.1121932989438026
-1.4961993376610305	-3.663016106199361	1.4682538487701247
-1.3548867436373888	-3.1703909982557903	1.4747055264671736
-1.070096297567689	-3.6599911373022485	1.61885054272327
-1.4916329569978974	-3.880341872859323	1.8708425631160042
-1.3813254178196215	-3.931728512662423	1.3515039485713762
-2.182929913467764	-4.28494733499552	2.2344604837869007
-1.723751326450417	-4.069847177849432	1.6489774463855063
-2.2772710444008473	-4.193380991340312	2.030770945741875
-2.1121101305301284	-4.3491780908583095	1.902856284984519
-2.3288507408076073	-4.09983096085211	1.5085369197191523
-2.5536108479401	-4.763275069719976	1.403435525971585
-2.9870889876603126	-5.062861789224481	1.8864252995891932
-2.4833020636679426	-4.755271775745409	1.55288036147864
-2.9722321118082067	-5.195042381369013	2.1835699831380877
