-1.0277219286160444	-3.2173531278252154	-0.9142282297640859
-0.9006857093199596	-3.2744009841579564	-1.0339825477745683
-0.834136697535759	-2.98579344236974	-1.2028138115133784
-0.7449973528180561	-3.7066208900629194	-0.46314214999847403
-0.7538251822925056	-2.8014637254690085	-1.0800363102842008
-0.9418800484396034	-3.0542394915758013	-0.6340970877050296
-0.8780126711504205	-2.9913486615082974	-1.1383805294128615
-0.4612144127470734	-2.8157085716792256	-0.589875265941618
-0.5587338295287811	-3.2020520730948565	-0.4730179207106153
-0.2885006757659748	-2.99087563790237	-0.8885634959456493
-0.5403049925934288	-2.1625635498080964	-0.8678976481478831
-0.27362363669004364	-2.6847108944902267	-1.2453339234391243
-0.29523784094654515	-2.7194421742052843	-0.831789631884096
0.13812132846188696	-2.3961117115943353	-1.196935053148652
-0.07001974441988235	-1.929186427807462	-0.9133285521662369
-0.1451945261238493	-2.063769694730458	-1.1368578310682012
0.37276643148102295	-2.063371241127104	-0.6322960162790874
0.36134080032921656	-1.8744077567571156	-0.7852673023157145
-0.0071702170668944635	-1.6484133272113368	-0.4538251315735987
0.396929007133967	-1.0095704069170741	-0.9042190057493544
0.5440076212678971	-0.9755172510447722	-0.7326138035155964
0.42099138868087405	-1.0651333161526342	-1.0097036163721607
0.37236822082675464	-0.699754745474018	-0.5992250501528404
0.4716549563855541	-0.8672917557471758	-0.9565607257195387
0.6961023797479142	-0.8634166072637073	-0.4489387659198202
0.5200328992103117	-0.4401271866791713	-0.4812174603012275
0.6667968457710716	-0.5342884149818417	-0.18512713560220706
0.5411054072832515	-0.42406866205069926	-0.5963020537830411
1.0416439270021383	0.26015635789393143	-0.7972438120018005
1.188181342809178	-0.14810864304105426	-0.40253496901416186
1.2876577600347154	0.10066565867812832	-0.8386157327657977
0.5645744624500139	-0.02519898384941384	-0.7062958288562158
0.885297256178089	0.7658689064966355	-0.8017574015279745
1.168507338401048	0.5834850195811534	-0.5741957695486806
0.7280637654856358	0.6607532945221819	-0.3100851538577558
0.7720065539131635	0.9552642722924622	-0.6895477183676367
1.3377357082645238	1.1445461196537008	-0.6277868158437314
0.7430931647874409	1.451504347504187	-0.2545250054584096
1.3156496712252101	1.1822811595995186	-0.35037730779078646
1.2447779412904647	1.5964779192295318	-0.6559978488939657
1.4129454259053476	1.5826431840601973	-0.7613731486747202
0.7565002415510202	1.5837319502432885	-0.220950313558825
0.8559374669966116	2.15332984025027	-0.18862436935376814
0.9433809535380182	2.272672213381515	-0.10775354044307373
0.9657158840120694	2.037932713066687	-0.2505835433919974
0.3797655851668872	2.468617624849699	0.052863898310804736
0.5932582708510987	2.978144975085998	-0.2937707100456536
0.3283911304835635	3.26741655990857	-0.4915426404118952
0.7521106140193767	3.168788761378761	-0.17355409873245475
0.9670900408155277	3.0946328642002925	-0.45399704741419344
0.5504786910483188	2.9144070466763434	-0.530325132244267
0.45646456773509847	3.4428833593253585	-0.7863847651624095
-0.07564939947348895	4.007821607939415	-0.4783217097743062
0.46734023554345244	3.6392977014275685	-0.4165137904731607
0.15878432950020144	3.470568499075574	-0.5715804218587361
-0.4487909129863124	3.5683822302407116	-0.9237360330280415
-0.22113933016566467	4.027984227306389	-0.9650592594012081
0.1369162100211142	3.824536970734209	-0.47687591259231377
-0.606026919430966	4.087600574733419	-0.6973509227010303
-0.5873813504882083	4.805329429316198	-0.7982972817622012
-0.5297972419677652	4.068255574898581	-0.6657525314587649
-0.8553507654354504	4.445764817302416	-0.6223192720282041
-1.1851948999494364	4.5851408684498765	-0.9421211458764319
-0.8067488632447645	4.213911987239678	-0.6025754366366688
-0.8638612929712328	4.519366465190143	-0.6669960309367678
-1.3298127360098682	5.009891468812997	-0.8410609612569732
-1.8268017539823524	4.859696794941208	-0.41940870124088947
-1.995419770853064	5.231618326499616	-0.6571433995852782
-1.9425686128385724	4.601758466081777	-0.1871651311536343
-2.3650355362913187	4.550537638262212	-0.5353248928615053
-1.7139546061755146	4.468125894575773	-0.5258901875973496
-2.6356262543496394	4.291559276832256	-0.4154723268883346
-2.5562503776195182	4.388809592895876	-0.06321778684948309
-2.4572007574898613	4.1759608725430954	0.43765216368609916
-2.729071023183362	4.578112449877263	-0.210586007538051
-2.948349009000694	3.870349723578638	0.7532516371787175
-2.879396504228162	4.076716400263212	0.5280616960933565
-2.7008780671770594	3.772951810625559	0.08357720156221227
-3.3073830539293088	4.276009865492307	0.6236915263903735
-2.8435153416203445	3.837735964745562	0.5992060438479236
-2.80474592872262	3.527572853004986	0.7945429911392613
-2.856631235805214	3.205157142182446	0.9681287266874355
-3.2471226684695185	3.227187192132165	1.1753988682896175
-3.1227907984786802	3.349196382415232	0.588482091278014
-3.0133850401208813	3.18126521492341	0.8752552132942997
-3.0605875815682317	3.1400781116379095	1.0579442549753306
-2.870342470642621	2.5929142372521423	1.468692629995104
-3.096389855042099	2.4539119930386213	1.2274293213081546
-3.2447633373549034	2.176348035951643	1.5386287931901321
-2.612563477640047	2.624460592474162	0.8410594722148147
-3.009429708425771	2.0433232953970766	0.918596715434108
-2.5805145410386157	2.1604285463585633	1.0546635296935998
-2.5634965651791424	1.8279952037709766	1.4921849608943307
-2.6093903185281806	1.8505187723712027	1.1374640960482936
-2.330511376638467	1.5027461985774242	1.2673780016178002
-2.1537058518479344	1.2879931110315812	1.639635333002178
-2.4978089982967977	1.3206511012149442	1.4418567080717954
-2.103096231187812	0.9310145407806117	1.8355372629427258
-2.2338056340717527	1.1923658545500788	1.6588458307664138
-2.028642324352747	1.0358826249366238	1.133403423001084
-1.9001281984647023	0.4223532278987957	1.3354954284305163
-2.305937999020332	0.2243212916869991	1.3117852308449096
-2.178706505330817	0.3571300211525501	1.8899508252782569
-1.3729500742636698	-0.16538647215305524	1.6245471725250908
-1.9043716984024366	0.18126348499239697	1.689482322787455
-1.662281957232631	0.09252069390748519	1.408016165613231
-1.4275301925271116	-0.3796244973448373	1.8700972339578161
-1.1279648010183063	-0.7529715852185497	1.2867923409850657
-1.6970206044032263	-0.5187103735749693	1.4000787111126456
-1.0944159128865882	-0.778054029539788	1.5786606644906471
-0.9272422474633034	-1.029089829651212	1.205145099796781
-1.2560260316743983	-1.0522527496817047	1.7946237010765538
-1.144359559879808	-1.087396120753039	1.5263326577644885
-1.3999661114101127	-1.1929394767164858	1.7596970880880431
-0.6778049161221562	-1.696515162073823	1.3705492197669797
-0.9015030432891117	-1.5297409034209672	1.7470004373679988
-0.5332276178777219	-1.8445664688689556	1.5407851243133006
-1.1769103978882518	-2.1981558868085247	1.6753741061498566
-0.9614254258669734	-1.9444370638608124	1.4725014172178488
-0.22681055956709284	-2.689702506249735	1.3767601055513596
-0.62822932606831	-2.7968934602392337	1.7153926337662488
-0.5517090138291902	-2.9486461489262448	1.866698717840876
-0.6741405165612515	-2.8278092605433116	1.5277990369582881
-0.7201106002308986	-2.39962282801553	1.0331343667655546
-0.37794618909606137	-2.672890842782701	1.0204450540248735
-0.6751225882464277	-3.333725724048971	1.6318815437570842
-0.08163931062345253	-3.6166774228837144	1.365751619010342
-0.4616948078847334	-3.701005251857193	1.2807386489918453
-0.4001452407946683	-3.5504709970047794	1.2712912846404616
-0.3475142540922297	-4.1878488125998015	1.113229835309506
-0.2494910715873334	-4.010309466915897	0.917317271176383
-0.2364517287850757	-4.3004526424219	1.256337096683334
-0.6964285392180757	-4.151890540638477	0.9021612063877567
-0.8080990662348013	-4.164466482332633	1.3034787586414813
-0.2015833306202366	-4.366544562129094	0.9907226731508597
-0.8493014878569661	-4.949439953382944	1.1280165318485555
-1.0002910429950753	-4.645242322967363	0.7763719613672921
-0.7149427718703903	-5.234332943283668	0.8032296067597782
-0.9691611778957498	-5.365032468396889	0.4954642774366783
-1.1804174965297367	-5.241843621040117	1.0106860824967057
-1.0956916247324	-5.352396039569939	0.48913989426387094
-0.8708096327592448	-5.120587421289843	0.7633346802159775
-0.8758521846072275	-5.475800739450072	0.5027455921316952
-1.5496554053535332	-5.332024442593754	0.9043177816006682
-1.057348863651323	-5.665614291390551	0.4658237980814533
-1.2787305505221545	-5.734720082436768	0.3034899609687056
-1.193557671930751	-5.577126527993716	0.08165006420854187
-1.5379831255486465	-5.290513412368718	0.07519736305616342
-1.5534365450541732	-5.699923917500357	0.27757070233688896
-2.2869424890332684	-5.1916949224353495	0.19953861991870292
-2.38271469963188	-5.187706915458169	0.2587048161124691
-2.251405670538332	-5.271472219800627	-0.13049898911456156
-2.597847592789969	-5.58644451624117	0.15270441658040604
-2.9110389645030343	-5.359954662415112	-0.1454284959756254
-2.822701931390647	-5.607917460336012	0.5327702891533674
-2.8348209872609607	-5.583978472975255	0.40137398543864244
-3.0660507162676436	-5.493980646016315	-0.034364411283048124
-2.8489238278554803	-5.317457996328731	0.4175956598596466
-3.300868411729832	-4.6449692039666335	0.30738355076385415
-3.0780283072115266	-4.893212047389733	0.15170020237166354
-3.1758669084210536	-4.3317335713577965	-0.32398944833072446
-3.5507567393810575	-4.311374525707151	0.25467143470752407
-3.674563788862107	-4.145960019300409	-0.4026506716322437
-3.705135477089201	-4.031560371360318	-0.2156816389088751
-3.73389038571131	-3.9329641333564465	0.10599205359753722
-3.3608504600094147	-4.048415761102673	-0.275207381574893
-3.1598736424543246	-3.7314978621454724	-0.12198500012960256
-3.845244237729818	-3.3885392405596026	-0.5230080343326686
-3.1493842614415652	-3.712624506153194	-0.35239753657129713
-3.861596110269958	-2.9417616229524146	-0.385045731512491
-3.510073031191487	-3.265627054811809	0.08255481636119977
-3.4197136336109826	-2.6599140742436065	-0.47018662456853855
-3.2704626126851917	-2.7857104645894104	-0.22625369028682962
-3.817153677429812	-2.9002927077921323	0.016831727303855515
-3.511223726356839	-2.2832111930429706	-0.46328095464563135
-3.004730555782916	-2.5266665474490426	-0.19861192949247786
-3.455025819467499	-2.0051446832389788	-0.6333509048101033
-3.816482578487803	-1.4226867376227976	-0.582122357606697
-3.7837026791103083	-1.8425390668928978	0.021322545528302705
-3.0644913139975603	-1.479914473192327	-0.349891165870556
-3.7134457256244495	-1.2142752154467895	-0.5096260549013641
-3.4366783402706513	-1.290217788770453	-0.6990274840433278
-3.050277087620583	-0.7495813282182984	-0.722380369850847
-3.3362977434963095	-1.1022314199088452	-0.7140544470839164
-2.9694316050663145	-0.6227840484613739	-0.3359919532689227
-3.35768767510006	0.07361518152871482	-0.4910935592159107
-3.101804607382302	-0.4058959607544299	-0.15870498332639804
-2.6583453473175758	-0.3697233218736048	-0.283743582160244
-2.9478708021656685	-0.09078635660625722	-0.44830934170959924
-2.8915225911506077	0.3108674477099651	-0.2592032377389386
-3.0403076450511803	0.7743915834095443	-0.8067088581550753
-2.974196997177221	0.6934653119545408	-0.7724068747874806
-2.642411495402472	0.5365177731426672	-0.7735140285897906
-2.90225953706394	0.5499484980804527	-0.4775037249246077
-1.9789299332068153	0.7343839653392195	-0.6325022812453062
-2.5804292265539037	0.9092657668922767	-0.33842282693895764
-2.241661966734331	1.3868016731410184	-0.27984205655273964
-2.1227338688766566	1.5675283546368832	-0.2224702930696001
-2.278109194726592	1.548869971170331	-0.4141675348142664
-2.003768236447485	1.606206468555437	0.0833933570824652
-1.5476284049650748	2.0422196133617705	-0.407274219374831
-1.5765761556999394	2.2840662076379776	0.05651334643714845
-1.6320244185350914	2.0904731483796555	0.008286396767901327
-1.9914573978607852	2.991205119645406	0.09451926384742931
-1.6459576385820402	3.0201780621288243	0.17017121086482684
-1.6503894909113845	2.949293845375861	-0.026558208968430946
-1.3146725366656995	2.6062559805953915	0.23957502389508809
-1.728922774615523	3.065490089410076	0.7489867677471427
-1.3494364130267118	3.1609826291583816	0.8794317908556505
-1.097479023434325	3.752848008133105	0.45479065485984127
-0.9631715462326841	3.774676591657531	0.5743731207041106
-1.1507348020630024	3.756836502765726	0.8463344222464046
-1.1557954840567615	3.809595936178626	0.943383017328465
-1.3427144191830147	4.559627897995953	0.803889781187974
-1.0468951194173886	4.654164093251388	0.726090410460212
-1.0726572539002532	4.511526272895758	0.8508203695865633
-1.1953212606510548	4.854760491816759	0.9169608915484061
-1.0383458428551977	4.849335220868435	0.9493198266680863
-0.6186910660476312	4.478779416319361	1.01652634916812
-0.8652565911841219	4.8179016021947625	1.0365312548807686
-0.8214416934591899	5.346097496540505	1.364159097910396
-0.7239361672945485	5.476135245877496	1.214520028052671
-0.9586986513775096	5.324605704833718	0.9099577330809363
-0.759047726082466	5.475304839070963	0.8827812545829995
-0.737401632083975	5.997356661858679	1.1841185314261988
-0.5386703330664742	5.950288598694744	0.9584059058160875
-0.7459039044523171	5.72764602116467	0.7684571095657212
-0.4241675271641143	5.972778125337759	1.5792102302246658
-0.3825540264280567	6.2254546457762086	0.84043913696039
-0.5632480591245548	6.213527286125667	0.6858450828179805
-0.4487807363635996	6.230307644423725	1.017884663025853
-0.1799955424091051	5.9712670671148	0.8265818961394655
