-1.2710681746406598	-3.648277106392677	-0.9102225346972785
-0.7798599842363895	-3.050285155632527	-1.069612839328144
-0.3159572473599306	-2.9164295985563897	-1.2340566178428678
-0.6232770806299077	-2.498142894357347	-0.6930348232335964
-0.16255824127802154	-2.569168036225663	-0.8064657783228666
-0.16327949594835178	-2.0281655507889185	-1.1802460742280227
0.1955007014073381	-1.1551459639479156	-0.8418882705307194
0.25967715786859835	-0.8616973797125027	-0.7399549991060956
0.41383071863065324	-0.1992713727341362	-1.0051064894201094
0.7481912633816585	-0.5732530608790511	-0.8715380753181982
0.8747307304139795	0.2254156918701576	-0.09199350165365594
1.2646336275192134	0.6972863130856215	-0.7001218266646099
0.6629482718971486	1.2628058819216847	-0.24566405757174048
0.8181440056564521	1.5571369636195729	-0.3517449534818491
0.991450279496829	2.301518962818172	-0.2722902198579292
1.0607990455956768	2.306322199970433	-0.4762296234744551
0.6826794351854909	3.2027290589788935	-0.7660008772786149
0.44758039396656824	3.625097394148093	-0.29916070919268545
-0.33884178259805703	3.927322142128809	-0.7925519423656849
-0.5540138862467681	4.1146117245067915	-0.13818946551334355
-0.5209734659271731	4.271565841465788	-0.44136218443374997
-1.4959124356527165	4.3450303756633835	-0.8668252634141239
-1.49283285211989	5.019920369744325	-0.5923698099170034
-1.6943427542891154	4.639117390760179	-0.6561999013470318
-2.5138026147969503	4.717842197262371	-0.09760098345560442
-2.6532671443919438	3.923529534028289	0.3597671900957813
-2.960254893825846	3.903888157708702	0.3011477081137974
-3.240379994292769	3.747170061746292	0.6113603610887733
-3.084284898693711	3.1953689045239217	0.7027579513505926
-3.396442516997248	2.6417395520618023	0.9476188340051918
-2.645093293115653	2.375183081411976	0.92454094624227
-2.585510127528523	1.5684191274333426	1.8324171085499372
-2.5303049746950936	1.3541149215824728	1.3267537425425413
-2.369026999223926	0.6781631006326353	2.0105646864171196
-2.0791292551736724	0.25156357792920514	1.1783308086799018
-1.5228902803369433	-0.4253926663372396	1.360392344321239
-1.731269142855869	-0.4983016124582458	1.9396478396331063
-1.500484172041764	-1.229958857033011	2.0084918152575364
-1.107916759030093	-1.1233043830053209	1.2996507542139177
-0.6329487666542696	-2.1311826447621045	1.7748325661103448
-0.1898204774346377	-2.51616271104458	1.324345508691874
-0.7177755508033479	-3.2019850883292524	1.8676595679818315
-0.6275361665362219	-3.075604665294556	1.146557591651729
-0.3078244031657671	-3.730923808254584	0.9704467019894272
-0.5155317492988373	-4.4597953491468685	1.077964402793905
-0.4715261583780104	-5.11224818763835	0.8191022070615139
-1.0573009290180524	-5.210382795676765	1.1557341991100931
-1.264992189153849	-5.051134909674856	0.9265018264721503
-0.829276097208688	-5.937777284544998	0.3334477290642989
-1.838529249700226	-5.82977013252565	0.8575722932374159
-2.2876646147591346	-5.588065996413337	0.6841641106931742
-2.803979665239149	-5.543959537412432	0.06121034060496294
-2.948965188618784	-5.477811146863845	0.5146828245344623
-3.1502118429527752	-4.951471471567869	0.178019885036434
-3.0702686232181993	-4.184448025053404	-0.38074429450644326
-3.7689428558601663	-3.495725442843848	-0.43755749868771
-3.2849905930797734	-3.594300120869761	-0.4368750270994167
-3.36262571004203	-3.2708162396354084	-0.26598387530742895
-3.9042602262947343	-2.3557300573928552	-0.4018641191054467
-3.7709548707571496	-2.006596744976542	0.14594331557315987
-3.5871336839018717	-1.2792855076931033	-0.5321508270404389
-2.8735246100960534	-0.9780344934565707	-0.4415721533111878
-2.838088126045264	-0.2983728550327246	-0.7683572106646795
-3.016130814630109	0.11556583191284076	-0.10752303665959562
-2.8151524560046997	1.0268889745327714	-0.25158694328677333
-2.6301137027283863	0.9913283907726417	-0.67650646782269
-2.196048553829649	2.1033391328929527	-0.03822506297805495
-2.0218397932816456	2.68037135648862	0.002199102959246413
-1.9386349591275571	2.3556694589895533	0.780985324641396
-1.1130659816750044	3.261836104678352	0.21665537898226475
-1.0908723164624425	3.3993783700484017	0.515603571427437
-1.3843690530667323	3.850259071980414	1.4556929956886009
-0.5624408772476466	4.240675259391574	0.9615379810869474
-0.9893939548558038	5.3231309518385475	1.404797458502838
-0.6220337390207331	5.376624337723831	1.5190302382505494
-0.6015571741341074	5.722287007447788	1.5854455867492567
-0.460809397692463	6.54875678626276	1.2386107728276339
0.017768524369652372	5.535097383017169	0.8369964914779524
