-0.5051982962342152	-3.8930726604425407	-1.0208229538036444
-1.2300165004235386	-3.6693342844310437	-0.43052105009734865
-1.1518871643472408	-3.4853003661435324	-0.9310478916891515
-0.26262474138793845	-3.5364261837442363	-0.8902244836297197
-0.2781626705513389	-3.011674451578109	-1.0734096912745732
0.029775576699962447	-3.2275721140675446	-0.7925007611378665
-0.23415610275567966	-3.02765422673083	-0.6681778621394772
-0.390847951057408	-2.1745653916875565	-1.04942245307315
-0.2814570113727505	-1.9080213506844066	-0.9949638880987115
0.1426768300178367	-2.5027232144093325	-0.8222500594139155
-0.0007471577309120514	-2.0955986986241264	-0.8463043214277253
-0.008524922212203023	-1.504242691059269	-0.562476026693824
0.32863875506123974	-1.2295422431271223	-0.7158088269732552
0.6350889399393912	-1.5846699082656657	-0.6633289215916728
0.7584387898670489	-1.2495684193931014	-1.0571101587591984
0.7400341687837998	-0.9879172749771152	-0.5229638650583753
0.4698071413795941	-0.9374915224159306	-0.5440455910324984
1.0360053425345117	-0.8965586781446213	-0.3680622575167999
0.5949087033224136	-0.044185627688233975	-0.8233641250347045
0.9553249969283549	-0.2790823087210687	-0.09559600559174919
1.329920676891084	0.009505147516334855	-0.36860232299257545
1.20214207941605	0.314290089675238	-0.1932205842484931
0.9307540107728197	1.1196447020675633	-0.5470752240562544
1.1386840908640117	0.9963527503599847	-0.6153974167341998
1.2592464934612497	1.022767061106702	-0.732568310445579
0.5916170229025624	0.9961174324944396	-0.7532022493007728
1.0391962508472021	1.3067329045555331	-0.3078020762822079
1.0819894864925992	1.6954836551698578	-0.7361755350416048
1.0881634805423435	2.156784046876071	-0.7062039731559226
0.4322727904923387	2.6302036982586676	-0.17423716478853302
0.7049124390431767	2.441749572633018	-0.6090578262598579
1.1024298300735145	2.6822725289712417	-0.5703126569900185
0.4246490015845553	3.5748603784352806	-0.5818726086592335
0.5066370620086652	2.841502209603332	0.00917828474239446
0.1559566306556104	3.401761634397019	-0.8918717360277622
0.1586556116417849	3.5489393189025096	-0.6665351695015717
-0.2764668121914527	3.456686206375473	-0.10474366160895654
-0.34521079987035186	3.711449160165404	-0.40675632950644547
-0.1501002438492618	4.468972006927437	-0.6528564641841647
-0.1631024138845324	4.262509972587029	-0.9144385695112992
-0.642946838328086	4.0786362211539124	-0.20356134811936755
-0.44384231577463706	4.150794216385873	-0.7004216810772286
-0.8422533998669248	4.264555779052647	-0.8248234725529597
-1.7604981881277513	4.491719750110443	-0.5416967472384563
-1.8148221004609295	5.2846278385530905	-0.8147289999556623
-1.7199824137071555	4.8581144982869	-0.639541320282793
-2.181769014747738	5.166844487693098	-0.4673521093434819
-1.7519142314048088	4.1872807605479005	-0.3231737320975435
-2.299912829231474	4.274265692785397	0.05399610524752141
-2.9190812776441772	4.243191533569442	0.4004008168727385
-2.7003767623579553	4.135717405428748	0.28786407711677287
-2.9394191251104687	4.0278701249036075	0.23427238292893418
-2.642581597524479	3.763284577053971	0.04145370317512535
-3.177981302697943	3.470643133697242	0.20692147763332436
-3.2686558142712965	3.205196905709884	0.5453595657905179
-2.7237179948365773	3.1933680747577937	0.7705513416481531
-3.2082829548924474	3.114177241208455	1.1621161178347044
-3.2530373407400455	2.6726772662845737	0.7722302548944331
-3.1770940017413944	2.449545741641305	1.0670487828665913
-3.1654461570899377	2.0214922660824497	1.3988410358653858
-2.8687036276277587	1.9569057003183428	1.6568705986960603
-2.7425984893346103	2.018865411159358	1.505522588479762
-3.003179669559241	2.300720187082486	1.1066821304078824
-2.383634304753444	1.862984407393983	1.3873691451244075
-2.6249813022911432	1.403220069311328	1.1681539839950266
-2.2848411028192075	1.108565222221515	1.8127708202392383
-2.213543437666467	0.7255674669076833	1.4124634092450778
-2.141589897369313	0.6755043526351634	1.4060101483153413
-2.2074499473330107	0.3249387888624844	1.3530943720178608
-1.508855814663895	-0.0015713380774193264	1.335546677802641
-1.694542000747216	-0.1925509788056624	1.8173120505300426
-1.7230058056116526	-0.5124459418447996	1.782821322443351
-1.6388486486343785	-0.5271538631670417	1.9306377555801553
-1.1817640542308672	-0.8050016043778199	1.4257786698348085
-0.9694585097533903	-1.3129977113210836	1.8135307244978103
-1.3037078745052413	-1.3863515681684622	1.8283856125316742
-0.9809698371661069	-1.4756497053171556	1.6108178887678264
-0.8895286716649536	-1.4332515256596747	1.2256531463780833
-1.2064608607707759	-2.350750940140183	2.009331813425155
-0.8693326422601191	-2.1275657854359205	1.7875227347552682
-0.5088664629426288	-2.684324924240267	1.6243644699817825
-0.906947004614528	-2.1359806907505505	1.200430579973026
-0.2703276341576609	-3.1248509917133225	1.6459491297862252
-0.1860611488510583	-3.1375085744964535	1.2672125607399685
-0.4371463622164514	-3.0921389608926644	1.054903967846577
-0.21064501316396822	-3.8883524339190316	1.0827492956091334
0.05028111553203862	-4.159678013984896	1.0412193348647625
-0.5882729567130659	-3.9830755529434683	1.4071912254535857
-0.6509569276825904	-4.077671040719575	0.9323336722660039
-0.42083822506153135	-4.712158145156269	0.954934409315691
-0.9074710411610832	-5.069056702161845	1.273091111923431
-0.17143981712885126	-4.980569634468021	0.8693777999630188
-1.1624604760429724	-5.006996597403151	0.9618180560167754
-1.082773250381806	-4.717662112315242	0.7997580483447577
-1.0490640064783072	-5.401717784799007	0.8624434784574619
-0.8041891216049947	-5.837322340138826	0.6226760822433657
-1.624801706728367	-5.543048382693582	0.9005690241468425
-0.9514607291013414	-5.928180807926685	0.17850481463403095
-1.4862964220457486	-5.9414188163867445	0.05708396927808712
-1.4723321905828108	-5.460376250444345	-0.006444066606398853
-2.3864746411661963	-5.730234800586058	0.7797039690132338
-2.3921602613722124	-5.630334800133087	-0.040350419585061775
-2.3993515538504826	-5.298360931097135	0.22813367297710102
-3.028278335756215	-5.1222270292245025	-0.08226110468269382
-3.198893250970321	-5.128379257308046	0.4538175371281088
-3.025505576361044	-5.034169464861694	0.27370434252056025
-3.4516650525516535	-4.983593022788179	0.05678542721320373
-3.172764996499988	-4.902245116298095	-0.30511209575834464
-2.819442568707905	-4.459039779934945	-0.2450562349345325
-3.6914355216483963	-4.471136181104044	0.41547106684976537
-3.669486873009311	-3.9093027952991726	-0.06681312982542009
-3.4530255940345986	-3.907128579009841	-0.4081139397394826
-3.5841618557361574	-3.745965025474542	-0.1622279344262071
-3.620470750526962	-3.1468282270171692	-0.3988130308079393
-3.763219827871967	-3.278383288304191	0.181422966158428
-3.6436036800893103	-2.251835180156419	-0.5234927047425559
-3.4536269349409747	-2.122900316611765	-0.45626842969568016
-3.8404835734461154	-2.3028716874758417	-0.2098184727838024
-3.82101452619845	-2.150152802687269	0.29168807041995537
-3.039235801062814	-1.361091989889883	-0.6523414853959449
-3.3930522405430468	-1.122370374201254	-0.5158525464547888
-3.1917616365631716	-1.1681516032181607	-0.47343420454633167
-3.3048492956839763	-0.4167927213310798	-0.5532061815052487
-2.8287633820074	-0.34529484218683393	-0.40308046131005215
-2.785313639864232	-0.48439581444535273	-0.7419953855297974
-2.7529382101059268	-0.21974096368666157	-0.7090898484750138
-2.958557668901162	0.3816146055459839	-0.7312386677372592
-3.0200625600330184	0.21876417506801754	-0.8004813120867716
-2.623453964688456	0.8608141211814561	-0.1203945652660543
-2.6004354818032507	0.7670080823694011	-0.7198335125577688
-2.7204138173229655	1.2950604846197082	-0.5946636292679072
-1.9596182592845266	1.341330823191182	-0.639668500873169
-2.370585955355342	1.7619252958609641	0.3044053669715444
-2.309693664289035	2.2040439398957394	-0.20800377069989417
-1.9782917871545438	2.396946002170732	-0.25987695328036886
-1.578663048517089	2.7866727681290957	0.08352347358491008
-1.8066724865316006	2.297518634583649	0.5377263387013815
-1.367397427899855	2.64699789048066	0.7253932428401629
-1.7295742785238533	3.1931409914819557	0.4008211513999602
-0.8539547638170086	3.1102155240049587	0.747238345390492
-1.3070762365590753	3.4020238834291883	1.2911724193167926
-1.37199724354944	3.720428137601802	0.7748741532816334
-1.2980951190891337	3.8088497477896546	1.277379175030113
-0.524417906998386	3.921819237485396	0.8904556670735422
-1.021515495819422	4.343204000899217	1.1640448122308846
-0.7955812840492534	4.401814842030508	1.5740577094228028
-0.8863617808687022	5.319503363274571	1.2005523327703902
-0.813838053336172	5.248098345619234	1.501995213999899
-0.05306034751967814	5.207516174394307	1.0242788605201347
-0.7552462582921706	5.38929537780988	0.9918487480732255
-0.4310277797470565	5.9125361313479505	0.89422338784298
-0.7073250552358364	5.977958672653002	1.2872874080615246
-0.5999634201143833	6.562823667986587	1.1684763253245551
-0.0274977768811826	5.824321201401328	0.9599084565088969
-0.5233016860137311	5.4639590413995585	0.8013194439999365
