-1.3771329284291491	-3.9008925697775063	-0.4101582409218848
-0.9026407435545499	-3.460885719692476	-0.6012882060373349
-0.7937550995536232	-3.759686779381537	-0.5944952619088423
-0.9181562380981166	-3.144947590104869	-0.9359306084015068
-1.0177245947321614	-3.14271309420798	-0.6517644302679251
-0.15754443683789976	-3.3721452426477243	-1.0181017792020732
-0.4497482795206884	-3.194433831468843	-1.1848871121380156
-0.4162723444878518	-2.674338285320866	-1.1425802907524791
0.08061903086421252	-3.0809624769256456	-1.2036814516760606
-0.6262291601101916	-2.581589623086836	-1.0936948208057689
0.2681604846817952	-2.820832631945042	-1.2065361254739626
0.1038679223305583	-2.7856601992047474	-0.9257733206410378
-0.40957074748601596	-2.604149262898403	-0.42740427512261747
-0.24527487370156165	-2.296111721367067	-0.31602623394263885
-0.009038194086869455	-1.8585051700162118	-1.1435868635593365
-0.2077822589833389	-1.5714145716930306	-0.7315817487226437
0.3471499055675922	-1.6634244180135207	-0.8981831495908235
0.6163777799879209	-1.5710866941150134	-0.7741426479773111
0.5205562839505843	-1.607948297814205	-0.4201668439460402
0.4127661863098326	-1.1283128734572916	-1.057222576209097
0.7967683597300114	-1.1070838784256978	-1.0245604689899843
0.2352677361954343	-0.9275577332915317	-0.5485164370932845
1.0530440238180436	-1.3489490245222882	-0.872247599288131
0.8038749141049513	-0.5557181464152717	-1.019072232034606
0.7084487680752756	-0.4626280391731036	-0.5298130504846417
0.6498652488611625	-0.19402474833384875	-0.5688515203059673
1.0511398409844208	-0.1939586968975282	-0.7468415661071846
0.8911732499339495	-0.6463936903189096	-0.7860055617141551
0.4943186395316166	-0.08452089336895596	-0.39504914366028687
0.5196837399810972	-0.26105924502609984	-0.5412230781825461
1.2140924951177792	0.14013984206087032	-0.5716031227393102
1.0680229738974658	-0.0394925941702768	-0.49442893339158356
1.212080781864748	0.4529314766010392	-0.8112540038587206
1.0362932785865533	1.069039601862104	-0.7675791384215918
0.8575180906030019	0.9011523544892535	-0.5007691040831055
0.7735202148125137	1.4683762785219523	-0.6488967728101591
1.258254312224567	1.3345948700096066	-0.4138010868846902
0.8140973232379888	1.1140162739556287	0.1381101614119533
0.8685997378550293	1.2492790308759854	-0.625743289603814
1.411004034125697	1.3008008462028124	-0.40664885875382795
0.8812917636143677	1.4451164806540797	0.15497981250873638
0.989982589529224	1.5994367841537531	-0.3859851856302643
0.8483744207022943	1.7244507116173686	-0.2478788194866871
1.254674784984125	2.318005802173343	-0.5534170838657327
0.39554544112518314	2.3671279387701056	-0.4653889202691933
0.7635814814961636	2.5405250147090106	-0.22793861169260632
0.48775576473438587	2.460484334222354	-0.177789005188708
0.8958170156328478	3.0213814576535136	-0.7636308911474063
0.2549482884177424	2.7663391700693083	-0.41635236133408227
0.18573147133939238	3.3849419463191097	-0.11715305222790595
0.6639531663571275	2.97384926740631	-0.7904045153352156
0.032447098548628844	3.719114932547625	-0.5075494526061655
0.3949411644806837	3.200727027218123	-0.6359470150254446
0.5091502204181151	3.746033027079011	-0.7805621191617066
-0.0378985633100149	3.8985255995203287	-0.24396658808964822
0.030012668378788965	4.290601742095025	-0.9224841604224064
-0.3012778400532592	3.964211184116085	-0.6681450975463488
-0.36835323678806176	4.32422009439599	-0.8343079688151542
-0.6307427774140715	4.349240266769313	-0.4451122607952721
-0.5278441181439176	4.479746840195875	-0.926764165578012
-0.553586618700383	4.154482456914256	-0.5792154169096541
-0.6674888115324649	4.224405899125633	-0.7092028532393652
-1.1563057469385245	4.373349911073375	-0.33990738150753663
-1.3217025149525021	4.791481397512561	-0.7725187874637558
-0.9511204704426596	4.375912130022195	-0.3870171758628399
-1.8417977196430526	4.849477771677603	-0.5311719773166365
-1.3908643500922206	4.8106005931909985	-0.4787811308112726
-1.5174766902186119	4.527243279752804	-0.08080592427208677
-2.158377098721025	4.533320821176034	0.09378362454211786
-2.1218846185823494	4.866099170672403	-0.27414091854104894
-2.466962945131134	4.446573605368573	-0.28452035837331735
-2.4322840273486124	4.335492341621213	-0.293919790700348
-2.088131465115579	4.6450494890305265	-0.29623889141324566
-2.7246991131065506	4.123606619082599	-0.029882410881464927
-2.9125181704665914	4.162288557685034	0.1453991892546609
-2.9387557284493813	4.140154330721435	0.15043612528553507
-2.8523244830308183	4.079705819614366	0.097470773802282
-3.166637286101405	4.482426613270574	0.16258668870909398
-2.593655558426259	3.992314676534825	0.12551016101075432
-2.6822045972697963	3.809294486655703	0.5961380004221111
-2.728513199704059	3.6499142582301367	0.7797870326023714
-3.139847244058126	3.2449655606864094	0.8557731730228956
-2.972881649862652	3.6048095318578803	0.6522838811583774
-3.3112268872076562	3.449541172225498	1.161450062687335
-3.395661275743385	3.576433487850246	0.9861915805359746
-3.201488198529846	3.2776208026091904	0.7294372152299915
-3.4140534413007173	3.085208585833644	0.9688963534275861
-2.6501468354699034	2.627068925998258	0.8831587131076498
-3.0835976364571174	2.099736081815845	1.0025779409469786
-2.904278503470568	2.2224700004440154	1.5288088284069854
-3.101722847786276	1.843777029257797	1.8424772879326352
-2.4713458409103373	1.8774773693958648	1.0147549097500277
-2.7148827200831738	2.070900073882823	1.3064531378094664
-2.610080216448429	1.9445914265950095	1.220182964029356
-2.498729010854873	1.3411160507105113	1.3989829298661531
-2.3747387191415026	1.6608026413132064	1.4898347129358722
-2.3943674159351955	1.654826703446648	1.42153490069634
-2.2702719641277187	0.9246410095704971	1.437022413062817
-2.460698711282795	1.1495463391128595	1.662577579677476
-2.22367394144797	0.6679881075504306	1.150526916844281
-2.161902227874999	0.7177398114690483	1.449086951534378
-1.6708262492057007	0.1491156481348217	1.725486149796207
-1.3869523972567017	0.08116596876509616	1.4424065282735326
-2.1160189542221395	0.03495627081419017	1.62324221801429
-1.5238663854893169	-0.33782215111367986	1.3673177675821386
-1.2460063262611798	-0.2295426162538139	1.2666170249675175
-1.0716967967845505	-0.6422018488296559	1.3129975382034274
-1.8409759900744938	-0.28788305599007613	1.1056869814915247
-1.5470727111678573	-0.6451378088869933	1.3762480049244972
-1.3421064518177979	-1.0268833248707279	1.4467834366349583
-1.5244696661475097	-1.06653081596806	1.5405559934365494
-0.9203009701240763	-1.3409672057079425	1.2490966604709017
-0.8409044478317402	-1.109639656823242	1.505825544518125
-0.8759972410199561	-1.5929123836722	1.7076292035638423
-1.0293214787607607	-1.6823884145418433	1.1737384697532938
-0.9860210813286283	-1.6832971057730206	1.1236001956438413
-0.764893865814537	-1.5934908881718	1.5865897620772302
-0.9418850821852267	-1.97290286193163	1.672050098385886
-0.9276898692397579	-1.91364194252044	1.7196303384026144
-0.8518726676991687	-2.014084413054151	1.6530753928565756
-0.8470265056993145	-2.57577564955871	1.8618925042484085
-0.055649464130164694	-2.847291776067907	1.057278913583052
-0.9592581511402003	-2.6220625676893192	1.0907964202017484
-0.41354164094694223	-2.7635038494733495	1.3296245370884678
-0.40776644855271815	-2.9781085508927685	1.3266261444063236
-0.2202974898378739	-3.632450094485258	1.450155911129455
-0.5200160749823121	-3.6109293463177967	1.5947907432100998
-0.8235414695056996	-3.5780352113694134	1.2188571103407662
-0.3089098691913671	-3.8488753993163405	1.0934543682865137
-0.017955380935683052	-4.0202249798339045	1.0147860386321423
-0.4701696833477361	-3.6557105166889543	0.913656867499908
0.0028076268877729182	-4.183925836846862	0.8008194193410965
-0.2569145949421454	-4.373660457655533	1.0861846088805889
-0.5218159099677832	-4.080723705772754	1.063188225286388
-0.5382158819546652	-4.400604563588663	1.0152124658789687
-0.7268113073061406	-5.085859261851191	1.0814647615823065
-0.8562681903609822	-5.112673487397064	1.1642152530175962
-0.9089097578569294	-4.848106528668983	0.5982062712180294
-1.1757750762010244	-5.208701115024239	1.3121200139463713
-1.1130307712563512	-4.9193093746228564	0.5952075983686381
-1.3562263243826334	-5.561453619674085	0.5575124713689941
-0.9748397965588046	-5.253614364275974	0.6102577702032044
-0.7571795834346274	-5.660972554808577	0.5622502171923615
-1.2812648389518109	-5.081268808321929	0.3165860095882538
-0.9296050979328089	-5.823031922451731	0.5034338489458565
-1.7205371569347743	-5.153559840742885	0.5818793250453256
-1.6681434197358485	-5.819054803966624	0.6904291982606302
-1.966221156484099	-5.461598796587	0.015746275659239695
-2.1343169294709203	-5.003861167246179	0.23115742464009562
-1.818032454487379	-5.790469280704821	0.07917112708285
-2.135744770019823	-5.582106672887257	0.36251450151023057
-2.645289938821784	-5.3274374358964875	0.15311189632022007
-1.9780642535541875	-5.838765833290543	-0.161011250708583
-2.5450526894200904	-5.761586464813076	-0.05445359427045676
-2.8300079935973037	-4.98060055100896	0.36986265177630756
-2.6707586010165265	-5.1578862718702405	0.12596079805701044
-2.962843331926714	-4.970624438000717	0.14967245218312575
-2.9849074117952	-5.372486344823406	0.2806036025690016
-3.0487577012338947	-4.848789530824776	0.23804723826290974
-2.9332483132860707	-4.898780159537194	0.1509619606623575
-3.156912086131784	-4.213746192119941	-0.3604582741596896
-2.915402711732259	-4.385446995382688	-0.2677020043058692
-3.709209703038165	-4.291745578297246	0.420607974438223
-3.5835033024250538	-4.1873290947394874	-0.1606832637164986
-3.591013289139483	-3.9510369531538014	0.02599698901085873
-3.8311715482964854	-3.7279955215570957	0.09333108279421776
-3.557924933458411	-3.356041767325885	-0.4575542690905553
-3.564816644265551	-3.8940419257178087	0.3559137320229565
-3.243867588421777	-3.6355203775797253	0.19926963330306335
-3.5241773368302933	-3.155574827732011	-0.13339511786050207
-3.7392715464602038	-3.185648861436214	-0.16459185046863767
-3.67022021026244	-2.8025833975108045	0.19237256792779556
-3.842978475801946	-3.000698389434911	-0.44022255162513424
-3.819021001710129	-2.6635057222303877	-0.05043791864631819
-3.7544010919099984	-2.6137763851555835	-0.48430319436710456
-3.5510956096583794	-2.5361977216133376	0.15210051377691425
-3.2570797787793455	-2.239530428762215	-0.19737458020999743
-3.345381799137111	-1.6901588842122313	-0.15174254969443823
-3.18477626310073	-1.9177886754450189	-0.530839635847833
-2.804419724294782	-1.8684690679065636	-0.4765902944169944
-3.2681317527699325	-1.03218571723677	-0.5429150260225999
-3.2236158095506062	-1.4577284500214445	-0.5304842835489014
-2.9478284961317236	-1.106900551265959	-0.5841974775774947
-3.4503845208758177	-0.9666560352911232	-0.046855155076886645
-3.189313282168441	-0.4191449332062389	-0.20179049868109278
-3.054167985455633	-0.5259381720273705	0.0378575505270331
-2.917850042587503	-0.47721240067006077	-0.7389292253723418
-3.1991387683750543	0.002246066162507332	-0.29454693735589377
-3.16585141574989	0.34575768643638827	-0.28617908248535695
-2.8053641482318477	0.37273588857163886	-0.2539881138793746
-2.8431076917200264	0.8422182770180342	-0.42751349070664346
-2.7092237270936526	0.7443515827943764	-0.09642971471023853
-3.0196779108466214	0.4081780109002271	-0.5724175342439952
-2.612654921425162	0.7329432607309594	0.010682393820163116
-2.480182860860247	1.1246914028772115	-0.6474611634664239
-2.1376323440364846	1.0104546263901135	-0.06322723056094515
-2.448239236187063	1.0493066205759525	0.2615020386206882
-2.443972360175733	2.0389040699537544	-0.5125102200603247
-1.9317979786740738	1.550498614134473	-0.062307576030421474
-2.1982238665282225	1.7432397238440598	-0.43202833866289503
-1.8872715055790095	2.0482220989407325	-0.27270967701705495
-1.9077565028732226	2.24828893712417	0.28027928526074053
-2.098620319845284	2.874121024647207	-0.3139510363537392
-1.5822126684327353	2.470092757658365	0.3592052968411124
-2.011361796096542	2.5676351369345203	-0.1786075884451977
-1.686891244885918	2.9111959907661245	0.5354435236946299
-1.8465649491703806	3.1034764120634852	0.46816952501400133
-1.5432402652401664	3.544985976368719	0.27264638457553714
-1.583715984561628	3.6450025651305293	0.259115894854136
-1.3754644185881035	3.683424133576965	0.6122848704658909
-1.0839765584598369	3.6344349136959977	0.4460960765487094
-1.0561453316209715	4.091791124989146	0.5699862174016076
-1.0471420362464001	3.6510879364051863	1.4033247515102927
-0.8870511119530555	4.290877765100926	0.9628219370733608
-0.5680081100183769	4.218223098017956	0.9581310983148797
-0.8350257360263412	4.674512769129155	0.8440323480462293
-1.1222384671422698	4.512185070759632	0.7429758364315854
-0.8279158693781729	4.56494875288129	1.51398178062008
-0.9142124620234644	5.044401941952396	0.8994565960069343
-1.0699496788188223	4.659116283961467	1.5033814969919037
-0.44661205831930906	5.201695851236563	1.292873241346962
-0.8948759306611576	5.021169005913394	1.104189429785255
-0.6866932987420384	5.861549059965668	1.3401014214794063
-0.34529470570696785	5.321460183119502	1.013616340178349
-0.8452538062603718	5.448962594481089	1.6270442964803034
-0.4300888702171365	6.10644079615345	1.2440967704906019
-0.6201206303088055	5.77536566563275	1.1008140751635618
0.036199485022057054	5.872955169026896	1.1092025271027035
-0.3769638073712558	6.746534778429629	0.8262312619627441
-0.2933753905768808	5.8769616722652565	0.7328355983856146
0.1757849085090395	5.7756128952345005	1.0362495613848672
-0.1016407811993959	6.146190143380646	0.9235079118032921
