-1.0438301509201033	-3.348025260204225	-0.6524309026837335
-0.6301811162525806	-3.742929708273598	-0.6585722909160208
-1.2246354657125658	-3.115849733444202	-1.2604810587052593
-0.9509725804516175	-3.524087634751182	-0.8336838489541111
-0.35774977993914214	-3.4427600825708438	-1.0065386771970704
-0.47568577655080213	-3.144089548121904	-0.918524705936369
-0.7610672276756607	-2.99607013032853	-1.2750423161369207
-0.24985900663086813	-2.8323705499237026	-0.9524353431797442
0.01145487203046891	-2.746634695211026	-0.9376671285024403
-0.6636174253880328	-2.3639208759477994	-1.093721864363117
-0.1780886128537127	-2.2679341166301032	-0.8641836672127374
-0.012357913236176188	-2.3089860407746947	-1.0901253904556167
0.23278715791055338	-2.187338094327129	-0.8857199451488456
0.026578832348389647	-1.963159637139987	-0.8380561467264781
-0.054306872406602924	-2.2767624826109163	-0.559224775056652
-0.18428556628698856	-1.962559275278352	-1.0639952716126717
0.012555920807986176	-1.6155763142155926	-1.0954595320532166
0.4479792935105187	-1.586300357500417	-0.8398578998044426
0.23202529592256382	-1.175119239996115	-0.9083052873003374
0.04346634372167234	-0.9022586264395348	-1.015473069287048
0.5334988451954261	-1.7210967906276164	-0.26631577994300837
0.42180120963781964	-1.3268313632684752	-0.7939765863640025
0.30346662390175333	-1.3117845694811123	-0.7408905865165781
0.9329304881065196	-1.1766522320316513	-0.5896040838227677
0.8915028752914597	-0.665019838128817	-0.6412755074203393
0.9471488116161427	-0.8249792427705247	-0.8435187955963412
0.4041604906882612	0.00809690612540559	-0.8746520137299656
1.1131386744509215	-0.5166835957942421	-0.7623038569929222
0.477025081264417	-0.2923144321716997	-0.7782460456088685
0.6760749752723455	-0.3316210574252508	-0.8917021744479158
1.0175929755041615	-0.05937477887876835	-0.0368839187092308
1.1197001941855518	0.1892084628504584	-0.1911638949016471
1.13168430078664	0.43078903139594665	-0.39584541187299693
0.7197423012884592	0.3836279670941832	-0.17741673800298818
0.9970333344100161	0.5415774384840801	-0.1418170852827263
1.172542338288757	1.1122270742944058	-0.34376547082450015
0.8844008856427509	1.0338164767858937	-0.19973754829654589
0.6657119827758969	1.7047900571732215	-0.5174982242343563
0.9396802925356992	1.1404079785674814	-0.4561881177020659
0.9682128368918762	1.2785872717235778	-0.3696048140436451
1.045565469784707	1.9450681564624897	-0.6423093534895492
0.8000437535311182	2.2402778487203823	-0.6351692288196747
0.8949550909294628	1.7417343904865445	-0.6149181260137678
1.228188601000532	2.3330194780338394	-0.590332811776363
1.2759801775731496	2.0988583358889517	-0.45702202642174294
0.8797911561222586	2.535499453616106	-0.2540270786809048
0.4370730660012151	3.319726635511281	-0.7895682639768729
0.7642804469925905	3.1351599587517507	-0.38199223001092997
0.23379051656000427	3.2190823585597856	-0.2539406082544825
0.48998368442127044	2.9585696586783556	-0.4780319653514358
0.1748812873856861	3.516002934006167	-0.20087758672129574
0.6355688540466223	3.2415469653120526	-0.7613858648993512
-0.06527501177635456	3.2601664046927046	-0.5650681136347214
-0.009018875500383106	3.869995623454172	-0.5781416036022379
-0.33441811523770787	3.855974549087265	-0.1656080862022853
-0.27052403015897836	4.378886680544601	-0.6708252276538825
-0.1762251114430703	3.8821440803704528	-0.4366718562644273
-0.6232638407992559	4.395195362581032	-0.2735974883228952
-0.33254857586003006	4.270273011299714	-0.4242248889132464
-0.47412767210793794	4.389455350065752	-0.4728742582334433
-0.8005536179093349	4.8142379108963	-0.9229259018375251
-0.9318696086826354	4.596493286700136	-0.46927345318068636
-1.1322679961536966	4.73903253977573	-0.8411071432481735
-0.9839375866710439	4.885266110879645	-0.5574729922858033
-1.3765406053349905	4.434069660853451	-0.41600394874051005
-1.5974621385807737	5.068265102435292	-0.4034395969516713
-1.315590195970765	4.465372726620009	-0.2915597562928275
-2.0952168575942296	4.3784510094509494	-0.3421153420122919
-2.117832494380282	4.522065341212305	-0.15697055495488244
-2.096990773654873	4.415453580515135	-0.030034716165679765
-2.2474954742588427	4.651124851609309	-0.27761577738010934
-2.4046829344959164	5.008037931407111	-0.17458007781670448
-1.9726919101063274	4.172487704466635	0.07109292900881592
-2.2898039907182657	4.066271353953799	0.04304260612920674
-2.580266762152429	4.1488735853826135	0.438491605652251
-2.5818081454858786	4.465281688005364	0.19523389532991486
-3.1580647284976133	3.8301239273524286	0.29977060698565305
-2.8430816551794056	3.6755798567649136	0.4185770160407587
-3.0282814727264995	3.6686382904627863	0.9716852048109329
-2.7468875754864848	3.8626070736048614	0.5739288288909127
-3.297271138031281	3.296383969745782	0.5583680358028935
-3.321542020428775	3.585034698612649	0.3057289419003819
-3.0124939330818465	3.0854863490340763	1.1901976367392724
-2.8416190452416226	2.9683914445277084	0.8830790275895963
-3.015136038046655	3.456326484269539	0.6663924697559497
-3.3052978256918837	2.7985509416182874	0.6585525174902995
-2.9764124128758844	2.783723239721797	0.9595642106432427
-3.389102405473293	2.4171502696014566	1.4086221126531173
-2.8531583573953463	2.613774521962559	0.8971044688599898
-2.7454144038661163	2.1947517709445346	1.5985614065664517
-3.2072074488438345	2.398041937889339	1.4877434839556898
-2.871297352242296	1.7927087404848012	1.232610948876051
-2.9557885612415293	1.9573700545823554	1.4744095623263997
-2.678322482221491	2.187211681085925	1.2360171265663524
-2.217418094749767	1.3361196399079092	1.2740962750598575
-2.341829024971004	1.213928549847827	1.384620336127126
-2.7078143323058983	1.5372504772023055	1.2227870739067461
-2.688376974672632	1.6576574480064639	1.2080474997070667
-2.3905584565573355	1.3591633434913009	1.4789438050487107
-2.102094652570071	1.0214403052703909	1.6290299651101803
-1.952036995947331	0.771795617846702	1.3950466621770445
-2.1180358046418863	0.17761594461270513	2.0419042275973545
-2.0880734022158034	0.517435508945986	1.8003425819922274
-1.4672963484179418	0.08543226923726754	1.3258893096465796
-1.181011517269123	-0.2762184775694996	1.3039716937324743
-2.004857581070528	0.15002165500370856	1.2775031782524244
-1.9607556851905752	-0.4886451922641317	2.0123611435690414
-1.7625098178988141	-0.660200651389993	1.1420763590297092
-1.161263897884572	-0.9346336210897547	1.2509785854104063
-1.0145519764842554	-1.020165393949819	1.5755040786982928
-1.5000438521385835	-0.9930381988514069	1.9972009780602518
-1.4453026983413526	-1.1831782413842635	1.182436920726879
-1.3683211658476833	-1.0168734700872892	1.3030331274237308
-0.969808239811358	-1.714883410555821	1.3992310487649302
-1.2388327471786054	-1.4295909844536974	1.896106474536083
-1.241581430482793	-1.985909820797519	1.1768069920271822
-0.7671523883021301	-1.5467816625083368	1.5694969767694684
-0.2505929098325477	-2.259895069192769	1.285502278204117
-1.120992645499597	-2.115948204711234	1.7826728525014008
-1.106764483494565	-2.00099952401682	1.4767489098982485
-0.9881366290493978	-2.7439333641069643	1.4218171662746935
-0.9313737012319049	-2.779034269307042	1.1175656913702068
-0.3467196483095075	-3.1292675372979244	1.6515210318230182
-0.3417094307895494	-2.721459365749313	1.309297828802352
-0.8237673580443383	-3.273984205692456	1.3506125389352157
-0.04363575980626122	-3.5774024199996677	1.2101700753665585
-0.5298594377787949	-2.9261192480971134	1.1138410890955739
-0.7406591847597873	-3.893410435990556	1.8102613571479806
0.12090885324428158	-4.001502082979563	0.9131500703985107
-0.8026902663751504	-4.197685769238041	1.2166215412053631
-0.6848434858723219	-3.762688361694976	0.8630333655410356
-0.5125544580591537	-4.493625747499014	1.0163475888596563
-0.252105846711962	-4.650143007405296	1.5026307477317904
-0.6160314801835356	-4.525724399568746	1.4862148804864561
-0.4543944055556406	-4.593908659577917	1.0710898180304556
-0.4295926209159989	-4.66478010893927	0.6966556804930603
-0.1356090485570488	-5.129741737247905	0.886295993541489
-1.0555026472373759	-4.502570748537561	0.6362744827795896
-0.6789787852676589	-4.821069591678354	0.5511717626765759
-0.850744969454597	-4.926851101415157	0.5056345288745707
-0.5718030685486218	-5.314376205639089	0.4470574940326959
-1.0208866104490049	-5.4937335187003145	1.0172501519680477
-1.2912424486874263	-4.879022377736742	0.41899493103065183
-1.5368977679316518	-5.618291828996917	0.8091615007113087
-1.619172179987821	-5.036195331044522	0.26495695515652246
-1.4038674949415726	-5.576235087798406	0.17617164115600015
-1.975194834758357	-5.634667330259489	0.1615941914711761
-1.4207245605983614	-5.87560732416431	0.3483503461501273
-2.0830282218270355	-5.338660822852988	0.1721298638531509
-1.7058625662986442	-5.432341505908836	0.3316258151909113
-1.8307129372609587	-5.6138752167256465	0.39623099933559136
-1.8590679557539507	-5.655133535760559	-0.13846711836863243
-2.4676625077285523	-5.080281453871798	-0.04594566055478119
-2.620762147378478	-5.055601730721066	0.018223347692612635
-2.7490746963687203	-5.700860201832391	0.47563231992843674
-2.2278992925203225	-5.389007808552108	-0.008716394600632782
-3.016724238294241	-4.754668986986691	0.19040402878571017
-3.021676591215048	-5.087783781761653	-0.3107839783296929
-2.881291702316356	-5.047739066020961	-0.008839649311048192
-3.2829785508484575	-4.773014236700113	-0.07813507705162942
-3.166787196000908	-4.133089950609309	-0.177071386933834
-3.5320744181865544	-4.76859436770801	0.0674281602368697
-3.4914590452154086	-4.393404705101848	-0.10700781777699203
-3.4143311717587546	-4.097481388070829	0.3248591300799049
-3.439115503880941	-4.156418500381568	-0.24595849519763108
-3.2154440896580327	-3.616483722431564	-0.22054342706563146
-3.1581585593819375	-4.024889045192497	0.03768000728772003
-3.6520999863569314	-3.108269725503554	-0.19030430428260148
-3.533179609580187	-3.5558293259558953	-0.024398703706922764
-3.0490115225392165	-3.39406070236761	-0.5214132423699914
-3.73637040390908	-3.083791044384635	-0.23103111754871097
-3.2021327944609093	-2.6787971405121884	-0.45852662155438517
-3.828450068523771	-2.57687905444837	0.11614466276203661
-3.031550164927044	-2.6865819974803764	-0.37003256001996
-3.2535299034535434	-2.4080498063965874	-0.008058296478508198
-3.2411552458798307	-2.3650565200006084	-0.18687795294929432
-3.7425507427061238	-2.3588577658541268	-0.31054525058741456
-3.0703524897144447	-1.9278562418729097	-0.5812690847249331
-3.608711061803639	-1.895445496822132	-0.3420377378329609
-3.721241980434666	-1.6701001386974994	0.18958325651981578
-3.196606754303308	-1.4893133045227034	0.030809998016194218
-2.920862318099877	-1.460048325283039	-0.5358792209581698
-3.57291973171829	-1.0907104214409769	-0.366152062921267
-2.8276802131701815	-0.7422437984381837	-0.746451115555907
-3.0929001704845884	-0.612917697753155	-0.04987099425929642
-3.4359745410920803	-0.758609461876669	-0.12352544031515578
-2.988046339215168	0.050460892139309266	-0.5207973655617222
-3.1514104146476436	-0.26143269631512944	-0.018565986174302718
-3.063227728990211	0.05262543227230787	-0.6672734053065505
-2.800953403389194	0.42757237280120675	-0.18663663334219427
-3.107067953476254	0.20333178095407514	-0.04819040093624494
-2.48066240413794	0.7300454277621962	-0.5177539646530379
-2.4613830135910146	0.7370349305963216	-0.37653047939590867
-2.3380482549050807	1.1500636877111443	-0.5935765320359426
-2.8030631332961358	1.2469701843739684	-0.17607146305938426
-2.340279455289566	1.033126350332086	-0.3476346508867325
-2.617613555343475	1.4400185771312257	-0.3573710168432811
-1.904661958386444	1.2914325554335084	-0.1780564226809872
-2.3919003395520555	1.8786133284121331	-0.20737446417653616
-2.3998342443051954	2.1559333316781495	0.18779461274842357
-2.2805120576630484	1.7838166019556467	-0.3461806696709512
-1.9566754193930689	1.9808017409340537	0.26677640162070804
-1.418795485122423	2.512776269815016	-0.05053116312918804
-1.457836480282251	2.573837882770636	0.17922184557722304
-1.5593585618027803	2.823052645210383	-0.14680186359235775
-1.8155331420361511	2.8851456422396287	0.41391511968847616
-1.7772899832506688	2.7482984936096106	0.9433858053813305
-1.0069125093590656	2.9857196007429043	0.23662638381865722
-1.7343898547129513	2.9446854837571053	0.43187456111479594
-1.5634204576448805	3.2129452276648496	0.5939060770336908
-1.322191595900505	3.712606671951557	0.9274549587062094
-1.3923417020666462	3.6394186377960223	0.7360763672786425
-1.0590346302061224	3.9409702872997125	0.7085094124885714
-1.0173247464871582	4.114486149450029	0.7205300819285358
-1.1483681083225354	3.8129378887155108	1.1189697503426623
-0.5945720097561026	4.256395834228169	0.8406025693740128
-1.1718816308973252	4.503090847782438	0.7672391445123047
-0.737505739030721	4.978772752351661	0.9590737879898228
-0.3381369169495718	4.521471912221476	0.7932982947882853
-1.0106443617489345	4.908298417111911	1.3436673663448548
-0.9571523410945516	5.132172368394578	1.450966125617399
-0.6982451314499487	5.48843309361181	1.5528586529364574
-0.7279550053188927	5.86071079434266	0.8392670017604253
-0.1222715548315374	5.464015396601985	0.8232329586358823
-0.7125402132474793	5.799113454872378	1.2925057292510713
-0.43300751860424325	5.9601695353024695	0.8282525058021535
-0.33140021934430364	5.834054010812433	1.3608679991251558
-0.548310215601746	6.213697919681119	1.3962869431126563
-0.470330961584838	6.515475263236255	0.7798040658076001
-0.31592258051099265	5.873645139176907	1.0194830129483305
-0.36174878143873235	5.729373529430368	1.4391868999187158
-0.166147706203421	6.30688254589338	0.6304126367804024
