-1.3351079375047963	-3.0350500401004417	-1.1834529958160567
-0.7862608188779974	-3.07897323612349	-1.009663057900649
-1.100675580416904	-2.8316957141226453	-0.9237365989030089
-0.6045780113850637	-3.228407587233602	-0.6419032122950029
-0.5147897504834169	-3.1062508773868385	-1.1134098098335565
-0.47689123392899746	-2.7693671526846444	-1.195314635792137
-0.40605260822834166	-2.8124661972881855	-1.1089795134936407
0.27540135993277537	-2.667501637987584	-1.1701810996386823
-0.08482064897109964	-2.6120845942431865	-1.156809256340369
-0.1565698725696335	-2.4140981940178667	-0.6253873733166416
-0.01520114621088775	-1.7197111221156842	-0.5595568954234162
-0.07703882301234533	-1.2659792358925344	-0.8801427744298089
0.5508932532462265	-1.553170793750392	-0.6528220912020295
0.24948166405046784	-1.1756151311237493	-0.46751452990826303
0.7646105494170432	-1.5352722870944608	-1.015625013320122
0.6647361053827918	-0.7651301606996812	-0.5399701113568395
0.7245808044626141	-0.8049533253013063	-0.4859172179406054
0.3610726444855304	-0.5046651253646186	-0.4872438808528714
0.629866085733622	-0.5996944490967964	-0.23530980765135123
1.2528628083734095	-0.15231759898236769	-0.7656215415517216
0.6092560768825951	0.11509896100435996	-0.3233043808496029
1.444697468760988	0.2012015625654166	-0.5835633602097944
0.8805429375830898	0.46329705954650285	-0.335844577660405
0.8096231254355257	0.8190286223789576	-0.3674692647711787
0.9122608477360045	0.9825845142074667	-0.3046051429806559
0.7640247589254124	1.157869967854679	0.03711436779682997
1.1392340711152724	1.9626646890772634	-0.7456044859413012
0.524139868855111	2.198767890637133	-0.15362944880770657
1.196833963169387	2.1021806528031592	-0.4255073664152954
1.0855463761326631	2.301105391640391	-0.6158170238661526
0.9702813914768471	2.200656383313123	-0.7786676337602972
0.30915950891929794	3.3761576936640183	-0.7299420828320817
0.4650290013857542	2.665920541207905	-0.04469696243678867
0.19342991889124056	2.862544941371957	-0.3852728757700181
0.2729780257090536	3.047959803573727	-0.9038448331680028
-0.17996567449455933	3.2815827709217498	-0.39410051277024505
-0.2327880551685853	3.713293666018635	-0.45014941154332877
0.1333502601127523	3.719730312197564	-0.9798635601032001
0.13526798147849517	4.353191895821151	-0.9401712194817177
-0.7512969335306352	4.754239696072978	-0.5541038350559017
-1.0301676327739635	4.575151872561486	-0.9832978594355286
-0.7723354609947186	4.562154245395705	-0.6063222420483069
-1.151949198440839	5.0406806703602545	-0.7461007181323008
-1.70094367571018	4.672269421600219	-0.5198194271946156
-1.6826243793311197	4.36546411352119	-0.5775059588494535
-1.6441383115350554	4.751980390874661	-0.6595061385486956
-1.9550286874859493	4.640011968295916	-0.665495107051426
-2.519114604217993	4.937402031775246	-0.3780030215627438
-2.7415745336180164	4.616597700733351	-0.26597713198945894
-2.8408885590987243	4.698728274454287	0.2795452022158345
-2.8174264352997964	4.01821960056606	0.41615718609165164
-2.922185710204247	3.9057091435406335	0.01213558574362908
-3.0079895408543655	4.2835409953148655	0.5774182626520592
-3.0209946984893814	3.5307618733504067	1.066905693223168
-3.2238023532296385	3.2930533039058187	0.8413259543318845
-2.628958048019754	2.986552088352844	0.6617858305751727
-2.8601044704241976	3.1190701493137674	0.6574233532267066
-2.976470041551994	2.5157083046158415	1.484158819668684
-3.138272822083163	2.888317874238695	0.9368487099915052
-2.8086740606662683	2.161754001025841	1.6412902711902382
-3.1564926584744386	2.1288311727254117	1.7420248793734365
-2.966324220274686	1.7331648415673333	1.1857416282202402
-2.52006446877301	1.7296168446015532	1.1524156387164284
-2.126084991550101	1.15746641987413	1.569506680808893
-2.443782689379235	0.8680864737937194	1.166970708346144
-2.0901770970560416	1.1209655744241074	1.1876167290318964
-2.131701014698231	0.5250260443606395	1.931513107425871
-2.1593959460874146	0.8818280414138636	1.210537179835994
-2.017457776032524	0.16028573958538103	1.7356370893712083
-1.8379026340289233	0.2985757380796649	1.1298820881894307
-1.7459368092823948	-0.38511013139107164	1.3905093723360424
-1.4120682818816628	-0.4204403341931876	1.8627756355232774
-1.58479727257995	-0.9619753589928541	1.686424250238634
-1.4005277554299727	-0.9711373471053789	1.479985811150112
-1.187365416572924	-0.9008471678085642	1.7845862394188243
-1.1327845342920055	-1.1158803384457983	1.5461725185766961
-0.5769652346544372	-1.800705831382483	1.1954688619911908
-1.2292470955779837	-1.5018569238122539	1.255313867319647
-0.7390018512017951	-2.2208408779367765	1.8261827631383556
-0.9082068952359331	-2.567723810002743	1.9349416501755587
-0.744271257466753	-2.453130909076195	1.5796176054591649
-0.32228346357140614	-3.0219270956905087	1.412915766937259
-0.4296450925662063	-3.1904815377689326	1.409766553207505
-0.4620086172665113	-3.4558368398371595	1.1199856891123163
-0.3838694331137482	-3.2068635473010074	1.4695638303366172
-0.07935384945128376	-3.7793163359981907	1.0577270509843157
-0.26619465622055394	-3.9433888704492945	1.5441035019563207
-0.5149193098233382	-3.7647609128629513	0.9013000942809662
-0.7745690926959622	-4.567411026389585	0.8695903234774712
-0.8522198360269321	-4.440471450437323	0.8416968530904978
-0.5879982484990971	-4.781718061129084	0.7579898855364517
-0.7032465563954867	-4.502069672131421	0.6443929204245121
-0.7918416369607456	-5.354124808611318	0.7627233423655122
-1.064130695035895	-4.885643591886172	0.7322795122047892
-1.0305157621923016	-5.51881166685401	0.7181954128348202
-1.5839941536954454	-5.2388367445679735	0.6998411784083814
-1.3767165307974283	-5.206128875380618	0.23970165904131463
-1.77290514035449	-5.969518033374738	0.7003493237653853
-2.0125297893578025	-5.308843240860219	0.4800046951735045
-2.0909171033504568	-5.10709306185224	0.08862429565591912
-2.1357290717185897	-5.559921127669336	0.09533825908717776
-1.9726450677530463	-5.329472816146457	-0.015557293795784605
-2.634935471468231	-5.536785429918991	-0.1250220487328983
-2.878596474834288	-4.951140770255019	-0.12428031943052448
-2.609240384479092	-4.741964452452906	-0.24394141406397785
-3.268145674099658	-4.383462347883725	-0.1352328468439346
-3.0159943402772447	-4.966364715549937	-0.041995556540275814
-3.5593318339748183	-4.560408095048509	0.044160943782163065
-3.575796197021143	-4.464921284584154	-0.426110142266148
-3.3440425563075062	-3.8263204888281006	-0.1944815518546798
-3.2618350632874065	-4.219106393439803	0.22650688028310761
-3.0856639928217158	-3.9242832154562386	-0.1214575480204243
-3.181378086435017	-3.570303192630319	-0.5351820954860521
-3.3676875781323012	-3.4667387164585812	-0.45782197296311034
-3.8652810698441096	-2.667156867801621	0.1200465967961043
-3.790104596699183	-3.0189667325921357	-0.16754730010676644
-3.7594501428361404	-2.2486653718168452	-0.10022173326421768
-3.637455416817329	-2.161584168269372	0.1332226795832827
-3.3408184978743645	-1.8483257730675398	-0.13462556906159118
-3.234349861423496	-1.4506262090959254	-0.3526399973006936
-3.64843428045053	-0.90266035806762	-0.6401007530806769
-3.446972157628498	-0.8531137796801717	-0.46596487455842783
-3.0593990307051624	-1.015643375424105	-0.40894847752604924
-3.4318537565994256	-0.30964506963923777	-0.4758122997235702
-3.063783322207047	-0.26328080293107303	-0.5544798276686287
-2.9627206819514513	-0.20687333561836047	0.03300827304848497
-2.3725931920715317	0.28018638044537714	-0.6588885610433443
-2.7465509988366112	0.6104683060508986	-0.15233870311617215
-2.723809017468449	0.6620020678112504	-0.5515433257748426
-2.557146437779628	1.286390364726369	-0.2298333361659347
-2.181217161283706	1.641510351882646	-0.6470584731312763
-2.2467532722809844	1.5562523688545817	-0.0987047507050206
-2.464079565016757	1.3807153165833679	-0.13694951233753172
-1.8420365975141881	2.038662526885657	-0.32883034096361463
-1.621569531172694	2.185171345589334	-0.24416480493765058
-2.0946419951077084	2.295309328105929	-0.20522920182752546
-1.7241177765437898	2.3530669571579077	0.048459135219753036
-1.2976801449735946	2.547149161608284	0.4547042949250103
-1.810637334029221	2.7289733966036027	0.27347609656671845
-1.1661758193971232	3.1467899974285203	0.7214016471715188
-1.1750226705071556	3.196637561999339	1.0456088411733446
-1.1468955113464698	4.020781116154147	0.5284157469785852
-1.3501661861420295	4.251091888814184	1.1080938230887973
-1.1134811638526556	4.23955760840063	1.434011731743172
-1.1295195961313076	4.2100387314312755	0.8206715106385201
-0.4468116380250703	4.463060646993324	0.975148737632677
-1.0906138829811745	5.214671835591591	1.5284255621937883
-0.4661050811461238	5.247744759980143	1.118210617613464
-0.7941295635843266	5.067022491769448	1.2925923229831684
-0.4444078218872952	5.592905183635754	1.601335214568793
-0.34549040241277795	5.641730523559279	1.338876616867619
-0.2953007115527352	6.3671261156942265	1.097909834091707
-0.006977721010779314	5.844159918192661	1.1175635556268144
-0.2575508125174335	6.355090234763296	0.6405164612527771
-0.28653981546407703	5.599328196209726	1.2689231248497597
