-1.3779210341795052	-3.375848554729579	-0.5774022723947033
-0.6150504370659358	-3.6284695181475954	-1.2331027650558632
-0.8061397132683352	-3.498907091136538	-1.2829483428897799
-0.5287766114737386	-3.0650761168406975	-0.736640829843844
-0.19555263114679367	-2.9461161144531287	-1.0008869805040264
-0.3427108753936383	-3.2114139306418883	-0.7382338195404601
-0.42611375317302636	-2.2399166378225743	-1.266122409730146
0.06055189277668471	-2.949911825258689	-1.2422401806861219
-0.03513067429904637	-1.9984489373148202	-1.2063597403740887
-0.14487170895859425	-2.298309286972592	-1.062536119054799
-0.026276103319378907	-2.09989098333674	-0.5107021578906169
0.7089651472458628	-2.076673333417337	-0.8686431152983815
0.1566369937194111	-1.8468924912650087	-0.9602631497315248
0.7480656926639458	-1.732801375472491	-0.4724997825644023
0.4331710266752009	-0.8952651482033539	-0.47931357593312907
0.5791483061829494	-0.9519939165529363	-0.5490793166663611
1.0811246522705757	-0.8357948164353257	-0.5981492432667905
0.536965362879996	-0.5082249231288347	-0.21511097452507266
0.5702620427814029	-0.19485602110304834	-0.2760421443318206
0.9608369987718924	-0.37692453488624883	-0.7314807842530836
0.9378052356462611	0.39814620720851585	-0.670580795548939
0.9407739116681566	0.17093401130354163	-0.758841351469491
1.147434217456896	0.8651375590319661	-0.33195000771330896
0.9274300065568296	0.5322654658951363	-0.29731141992100085
1.05499442397603	1.0126982724655882	-0.5487341575897317
1.0953336870641026	0.9940867360534658	-0.4046555298980893
1.0598205331784398	1.4012699210369404	-0.264102751952524
0.5809357585322507	2.030231658906241	-0.02790796656767469
0.6808944798481971	1.8713438741801227	-0.605213633256696
0.8397582108381102	2.3854332838763663	-0.16091926111420407
0.7124995363079087	2.4985220520750993	-0.11290652535837564
0.48787916536679915	2.6638338951622362	-0.640386143015536
0.6102087747520938	3.2931656927023902	-0.7319660436659549
0.8610162759035083	3.158737696201017	-0.4842690266531603
0.1056504897090981	3.6903242870626443	-0.3784739186984549
0.07972533629169201	3.443377943884907	-0.3805061114302666
0.17366628464368322	3.906853415336201	-0.9349720532885266
-0.41414602334052564	4.327140034221329	-0.6519726266163163
0.30488199439879216	3.990241115782834	-1.0299095343220341
-0.5538238784903022	4.026574901703569	-0.5894639007564941
-1.0148098023859426	4.493657628935765	-0.48227209798266124
-1.0370727202136099	4.310576267154465	-0.47280431728886296
-1.0971792505043947	4.237971324865072	-0.9253940466581028
-1.2192177558239692	4.701974695440443	-0.5503822133681279
-1.4936374607936242	4.941287327777976	-0.37974499855878874
-1.6054410957988667	4.331586979488266	-0.35222797861980315
-2.3761782431800182	4.572389568353929	-0.10060305631822486
-2.3232901698690442	4.830661496301504	-0.3691357305492936
-2.0448805059832917	4.4609001948124165	-0.19618651804288956
-2.438081235316913	4.367027974840761	0.3048809643797175
-2.981100299476018	3.941327880848443	0.1348979159940722
-2.546669581225413	4.101285769528362	-0.07509244679080171
-2.925521857823327	3.9208286784335944	0.3744063358359407
-2.5016894329629875	3.647688159582526	0.3982693182181577
-3.1517572371846487	3.916867197473608	0.7038784842770828
-2.517441684207704	3.067777512645672	0.4075815517494212
-3.432814760915092	2.9622639219441016	1.1324079430216623
-3.316478362455126	2.5688383872778218	1.113508013409815
-3.0925713249807734	2.2737055027856705	1.5095928261112597
-2.9051879733211083	2.3740993702967494	1.5659977296137457
-2.8996839346549326	1.886900062743021	1.1815940995742684
-2.2071937837966837	1.7570994466118897	0.9467120499775566
-2.692500976359093	1.5674275620673854	1.6458028807924299
-2.588067807821568	1.6000742298937025	1.6780287149893418
-2.7855310435542098	1.6148939559345614	1.3164012105132206
-2.4052216005607487	1.1426878719995295	1.130290639009335
-2.54573651874323	1.2973234320622717	1.382137709036339
-2.4225079358056125	0.29986068910037766	1.475779050491525
-1.8285528218023073	0.09322145368249565	1.2199473061847481
-1.3204417508092265	-0.16091761635327656	1.6106955776581446
-1.7727518982194805	0.29315078832914	1.1603130989198385
-1.329893178801011	-0.26361916956240616	1.5886146350182304
-1.487110851475923	-0.09226541854554493	1.3134776570648252
-1.2135666978023218	-1.1168321663187015	1.6362683846308186
-1.5685295916019202	-0.5490190309871509	1.3029034152088532
-0.8919103570533622	-1.2348376742273057	1.3522127439400735
-0.9876229537049128	-1.0481156194854901	1.3378101860746956
-1.1174424145951614	-1.829940178013536	1.9290553003885984
-0.6148883371708445	-1.7098777597019308	1.2671148113788888
-0.6808961664081564	-1.8098365274518575	1.121723367732578
-0.5604346183069235	-2.487840059060162	1.6628678402880723
-0.5669893808246861	-3.083847621509702	1.666035403513821
-0.16675924721650381	-3.1181313563474764	1.6095254692785654
-0.42750074019221174	-3.0754092452048347	1.4838574707302992
-0.35671847363369047	-3.0572917336537886	1.3124616039269124
-0.27068550760009935	-3.6931086420612425	0.9782157757785832
-0.5985418718433116	-4.1121778583731405	1.6622093852185738
-0.44698461678881174	-4.487009312044194	1.0315901575911395
-0.6442383196835495	-4.505635118988887	1.606378380714221
-0.7713206306582058	-4.683698770634511	1.151577953133961
-0.9099296819942	-5.0271301931065855	0.6723340719611537
-0.35698064009240194	-4.848761535523563	0.9415195299926467
-0.7797463463495081	-4.806392582213502	1.0527279281121662
-1.0033423247255313	-4.803949108612334	0.5878643645872352
-0.976286339443873	-5.624960161723859	0.5345419206846332
-0.8935031882066434	-5.321882757918724	0.5145967358830621
-1.3565639678406227	-5.72683898791822	0.8800907454831961
-1.8088619728576691	-5.14789543560344	0.11666002416471383
-2.001721563293335	-5.541764745308911	0.9070604348366355
-2.0868999819664884	-5.228426122777616	0.5752167844570674
-1.912245526758742	-5.649962941790274	0.09422853717129388
-2.604404426336137	-5.1096858373566	-0.05792516955940749
-2.511372680273214	-4.985529478203447	0.1054864256469939
-2.6589870853834294	-5.046981502110695	-0.0012833602051218196
-3.0105973885135606	-4.967705445288618	0.31587156992072496
-3.1359913781671844	-4.572887611932001	-0.3402226337771868
-2.584631836570556	-5.091641798430855	0.03514952414924605
-3.0734711374077857	-4.412624685567288	-0.3789960840547426
-2.7914962374864327	-4.5617341667246825	-0.3441792117445939
-3.09408996253332	-4.216455019602353	0.06238290635917437
-3.3779676121128537	-3.824344596471325	-0.07144851060802448
-3.785758555338223	-3.904559103994709	-0.20324426369168558
-3.4320441938709987	-3.2878458612286243	-0.33511497411833335
-3.81429277664008	-3.435260641138432	-0.3607761912041867
-3.656498829237025	-3.204965379139603	-0.5715422425953762
-3.54906976546623	-2.9402423148636774	-0.6008371786294157
-3.861445797475189	-1.9586017927463404	-0.33984453511939683
-3.8405833635089195	-2.1423359082836924	-0.07283086511029868
-2.9957612747449973	-2.22648504388183	-0.28202798542748564
-3.742645252755841	-1.4768481919733438	-0.06379291196802761
-2.889855045960599	-1.4466314393519215	-0.35471210189635405
-3.2756054140224746	-1.139024216463894	-0.25044178711898213
-2.9587438475886385	-0.8772546093846614	-0.12211915687122932
-3.2701875420069406	-0.2606223463702928	-0.30421549688981353
-2.707595605282772	-0.5282419880500743	-0.41248000819237485
-3.0796817923552497	-0.22755144782389686	-0.6348190864592586
-3.1145235871773242	0.541506049322688	-0.29405171822194653
-3.080969911436493	0.7721215700052098	-0.6971759792645033
-2.7061696234439343	0.5816070959017626	-0.8223688819385526
-2.1450350584750377	0.7622960594038142	-0.38991638723427313
-2.524200277418074	0.881615017982331	0.03848479843114483
-1.9620490913814441	1.3182558663388106	-0.1132398280029504
-2.208088347438847	1.9539814428829394	-0.2627862539207666
-1.7040904995793698	2.301278087260116	-0.47625732463595494
-2.075790714474162	2.6407059967798965	-0.42618789199995943
-2.095750067877021	2.6104226248761386	-0.2885663615321399
-1.5314678914111952	2.564416089024607	-0.1035973285931529
-1.4712697257998935	2.8946025494032877	0.39208477233371686
-1.2027355890160103	3.117789355054683	0.22363629361290985
-1.3046186309303334	3.718349335568469	0.3036889270405034
-1.6070714921844407	4.065420620051001	0.8374379132886811
-1.4733333776124216	3.684999054779796	0.5964364699424459
-1.125612914722597	4.386717164391683	0.8225509539838596
-1.2123636265696418	4.383288650448162	1.0067548248405207
-0.8722675368902978	4.459781656842738	0.808206184885788
-0.7895260173689779	5.017442894880858	0.8539966209007191
-0.6144345641915205	4.934233090780131	0.9094139050112786
-0.8388155236551621	5.004970468339219	1.1809498796659235
-0.7393354783938874	5.281475590501977	1.025063620582461
-0.5076221689337651	5.795012065253119	0.8099144816027183
0.055497705739990355	5.901832427544288	0.8754167292571797
-0.3851141320171778	6.161570529768303	0.7899631729189595
-0.5962370089672102	6.10228123946706	1.5281908883569586
0.25523461600453123	5.766518727077392	0.7427641310473255
-0.22965273483105675	5.538990079500524	1.0017821710920898
