-0.6937981932089536	-3.844508738794322	-0.8112314136904039
-1.183793857229694	-3.542603165475583	-0.5167734033390798
-1.1486818211892345	-3.377473505359748	-0.7625471023231054
-0.7923386413385411	-3.013040034875029	-0.9336040471563153
-0.8513758458177116	-3.604415351147149	-1.277230233562995
-0.9398569673990845	-2.9057239670856108	-1.0593795733995768
-0.5040593946494958	-3.317844414743637	-0.4132164086662925
-0.22616598627245632	-2.840165111119005	-1.1904968090873735
-0.4291076266759295	-2.9658916656824323	-1.0520496825929029
-0.4616874065534434	-2.5194043328566287	-0.8239205740383028
-0.4381971065887119	-2.5533539758291015	-0.43798034339830416
0.06790998166457929	-2.774423692075321	-0.7369595270775047
0.29105517617991084	-2.662710975091087	-0.6039519786911138
-0.2641398492585064	-2.5667416517493353	-0.7335708622658363
0.43436141879869683	-2.474753411326983	-0.7984760183342898
0.1647055739057829	-2.2685133840614484	-1.1099738098893916
0.3623128652090193	-2.033835992379076	-1.0209431155344788
0.33280208260669264	-1.5942920852388078	-0.6129742552012738
0.25967380325489475	-1.3115233267329782	-1.1310678580950018
0.20073341944107342	-1.4439885839078115	-0.4777066215940774
0.7851394507662551	-1.4204523248051326	-0.7219203705836795
0.3925512444730841	-0.8176121859964647	-0.8129530480719611
0.35353599922227036	-1.279190743599163	-0.24325177261814424
0.8915884931265936	-1.149204890661165	-0.6009259402811928
0.8243780691100238	-0.7913243424786097	-0.40957221415381995
1.1521620884204398	-0.49904170710264606	-0.9133170472117089
0.8045560603314783	-0.7245945701108814	-0.3734642296329608
0.7845591069829112	-0.23538013615801556	-0.3314072034584652
0.7110444380100166	0.029859138155045484	-0.42109620128752534
1.0794104103471076	0.22951413855134056	-0.7233999779677345
0.8925367081213511	0.22670189055978457	-0.1784057841105532
0.8758008159385953	0.06889832060005778	-0.6016708304983824
1.141419112385255	0.7497958130437288	-0.5015556388401099
0.9942932141412258	0.42672872499314146	-0.6673304086799743
0.7664767353398326	0.9447872201906333	-0.03258375673488645
0.8708630833423228	0.8426411439018446	0.05188166015455076
0.9483511526272297	1.2362594046053244	-0.0937257593058598
0.8212930469929335	1.383401209937446	-0.6023111753617465
0.9510397166098795	1.4750425682484833	-0.3349381221073837
1.168357784676215	1.2813311957887794	-0.03577058419278756
0.5634853753022393	2.1879005058854974	-0.5799541579300064
0.7167445648448769	2.2627554024537266	-0.37722395343707327
0.6231155581026999	1.8962105251321502	-0.6064949078306917
0.5248679125349847	2.5577274861558332	-0.7183003646780386
0.5568541279417243	2.2650295894934835	-0.2945050771190052
0.40290906515149993	2.2173099919359602	-0.6488622835343115
0.622364208791407	3.1179597173152316	-0.5329135068056974
0.9554938107137073	2.550716420458542	-0.4423155462480173
1.0224918676056292	3.232805428630746	-0.7262348658215408
0.6771271164663023	3.055430870474755	-0.1293864392855656
0.4020430057390536	3.0443547716388846	-0.4895124260051713
0.384878523272965	3.1331790217799824	-0.7575418412252575
0.33506797444649083	3.511035487524735	-0.833505548916767
-0.24064170552220937	4.171571054697608	-0.5017773403269702
-0.20488586738186426	4.032522770811346	-0.8683848142527566
-0.4545828611782368	4.177210841651334	-0.671447514797866
0.03400844209767051	3.9226653655608796	-0.35481181010744667
-0.27092353317932527	4.420575565596433	-0.398901917872836
-0.5716407825364517	4.095753575593016	-0.6270208469558917
-0.49671274470463966	4.388972786309028	-0.9739835603103915
-1.0116449330997215	4.513844386951412	-0.9268148895487746
-1.0938728675659273	4.3966045730249945	-0.9607058000504995
-1.273235273837975	4.129938935418086	-0.40298598817782505
-1.1616769880231443	4.576026330012315	-0.37529702791615616
-1.0781037684487393	4.4283432346643945	-0.4173483267516077
-1.1660324562447992	4.8045562059469065	-0.849715748921843
-2.0019313989587793	4.459473766486978	-0.4047766263556982
-1.7005416953194101	4.646734878456655	-0.029196307286126433
-1.7432473770757593	4.461208107765551	-0.1931372416795364
-1.9467489344746476	4.86998774332192	-0.5526184409327357
-1.9704506641682955	4.515814209558181	-0.5470443815121028
-1.680411499643876	4.1945358503492	-0.5016880850309727
-2.4657136385544725	4.273194736997564	0.040227566412741944
-2.445455928716599	4.266854719110938	0.018428542298148387
-2.2615659757336792	4.215778706707498	0.20675758724433313
-2.5300657743244743	4.582464102162171	-0.04012418747108337
-2.9885087551392258	3.796469230694808	0.06992784892248685
-3.098411432752888	3.8534123786260452	0.08204160371520386
-3.049517709873266	3.8945350843545103	0.5205179183544417
-2.580543323793766	3.7964123805791896	0.12052031666345449
-3.27895202550775	3.4115477286283213	1.058141616625295
-3.1428624014879785	3.7672494110830383	0.3269860951424064
-3.165171464397248	3.0728140715214476	0.740725527423783
-3.109208891513374	3.3008021145562654	1.1236194072784365
-3.211787772132168	2.9877658247443715	0.851195948601718
-3.1278291285154545	3.439297632578275	0.8732923403032938
-3.200506207323051	2.9086292179775777	0.8091442616981935
-2.8095098769710845	2.6971319616723957	1.0688894892344112
-2.8750249400100745	2.8652865501146607	1.0245313935868645
-3.1824625819011083	2.419042187509186	1.5802617348305514
-2.3275024292378896	1.9579371859261903	1.2700475535366795
-2.9720515001040364	1.9428133377970505	1.7461704376181943
-2.7489677695301697	1.4896209851860802	1.1780016822906125
-2.406179490825687	2.0275568402399453	1.0800983606136476
-2.71094004718767	1.2959476928971572	1.8051705985761621
-2.491118840581069	1.6483677806136692	1.1841207175194617
-2.546442881918275	1.6644627645021368	1.4113709493661841
-2.0917079868670445	0.8456781789096137	1.4058323066607479
-2.5254855522071926	1.0661247504519633	1.3943687414983084
-2.261821742526751	0.6980218921113099	1.3280318777119058
-2.323917325565179	0.3753224431205786	1.560154590189688
-2.2452425178145683	0.7042256961988498	1.7328099359829596
-1.6411547561707738	0.45549978354040577	1.1459683269793093
-2.0177452870013584	0.15640126433287616	1.2605788976515964
-1.9544886863735955	0.1814722162884712	1.257658630596942
-1.8292093729025052	-0.043256869632209094	1.8992612513305325
-1.6352197935758666	0.009055526591406293	1.3671986821209177
-1.147827693453655	-0.7521664016520447	1.1129111898743835
-1.5350601691765222	-0.5504992584730761	1.2365471682077998
-0.912406944659442	-1.1327757815397526	1.142199108903378
-0.8465623184725776	-1.21077978046121	1.5402831897602522
-1.2482766812356407	-0.7150908569882799	1.1170551652371954
-1.4940266091327734	-1.4075433856402422	1.64898758090202
-0.8931286037982122	-1.2805952994966305	1.2646542855293317
-1.0709210318362454	-1.547952913854631	1.9091008772740703
-0.9188718394417854	-1.2063267923924805	1.1241363759333396
-1.2174353545016015	-1.7434382172164127	1.7166174078189878
-0.7127012412098196	-2.030532991484894	1.4114372454286497
-1.089207910217893	-2.21703636046207	1.1470772966232738
-0.9410966291151583	-2.229025223361842	1.490384981262276
-1.060380970676319	-2.2557235501583945	1.4832457060044746
-0.5735104206020398	-2.3592999586415537	1.202560076699429
-0.671086567114325	-2.872279422937474	1.6947654201429263
-0.8482563992702843	-2.707154155123365	1.4170438655880262
-0.5242588835722306	-2.9342646888961323	1.39104064736562
-0.7279965943102745	-3.2932177521787085	1.5265202876630641
-0.24656624602116928	-3.1351444192817195	1.3706375588667847
-0.8079211826741637	-3.362767713045744	1.1028758715685192
-0.579263872700407	-3.76343684758842	1.3085725338380705
-0.2816896437274464	-3.7459332711982243	0.9665695090489276
-0.5474867459108336	-3.7554058189676436	1.3611671437658894
-0.37063526860528295	-4.257658113167445	0.8771397689312708
-0.5089235115822548	-4.250200932173517	0.7317223759989484
-0.31808286358800797	-4.786490806373566	0.8426119460780203
-0.8721723439974222	-4.738274390226662	1.3412934824470284
-0.7366472249140156	-4.937053601024286	0.7305791303819128
-0.9750415285428841	-4.408909496656116	0.5631495128265315
-0.6647862839748232	-5.20576555376897	1.3826827118322873
-0.8885643561926623	-5.242478157438446	1.0975563469473428
-1.1737001932035747	-5.051895900946652	1.248708204113849
-0.9632274969553134	-5.14708243421235	0.8209756581739853
-1.2274435157240613	-5.298218161122856	1.0565793019148628
-1.3876630565483135	-4.9284810002498265	0.4614645071627295
-1.5815430674848545	-5.5692919983325915	0.974984630823456
-1.2864152594381735	-5.824125212753955	0.3667183221918659
-1.4739626563755115	-5.427792863850022	0.3217097405321524
-1.7876015822208404	-5.870833800057679	0.1986037221303441
-2.0581097088884728	-5.644849978864237	0.8330181304834455
-1.6722928104156405	-5.381459178293412	0.2707691132832132
-2.141429233731242	-5.72547146968538	0.21219693097427794
-1.9439347058729872	-5.8780179859051165	0.5481090953239944
-2.0717677682710045	-5.748639405001373	0.5254113998726216
-2.6738482929331537	-5.427201332951185	0.6448569004743558
-2.806192388889678	-5.228091294252503	0.035784204994354696
-2.971660849603398	-5.130865965947007	0.5068001328742344
-2.643072028191379	-5.264629475572445	0.3581615575555036
-3.009048739088832	-5.192947854951059	0.5174498847477584
-3.136434237769993	-5.198168086750166	0.06498243250894714
-3.039189441738342	-5.216596661355288	-0.2657435831034791
-3.1680678199268657	-5.107321228147601	0.19909149396639053
-3.067768946946357	-4.995612297840974	0.017421996341343615
-3.3714718568641784	-4.325552858179824	-0.13790695801674047
-3.145307104989576	-4.275811956203739	-0.125685774754087
-3.426254353294583	-4.424036024216217	0.3599412062106681
-3.626907654683872	-3.6168972586878736	-0.39839483607657505
-3.695118849388222	-4.288027127718825	0.22462892156430048
-3.3899615127857565	-3.7170159319211704	-0.11058652295301219
-3.3989124403499638	-3.400870594258268	-0.23802955027011352
-3.5235112841805996	-3.3442210483546457	-0.32002764841120623
-3.454290090633214	-2.9641978916557186	-0.41937385061747523
-3.745437297954708	-2.678892510744208	-0.2059034019585151
-3.889955999818525	-2.9992042086516735	-0.5013026238982344
-3.193559883709531	-3.0039433009628183	-0.5690428111758711
-3.324262281627393	-2.1516381181030324	-0.5204722527095953
-3.4188449014304245	-2.3565613589147727	-0.39815202600758026
-3.7501509940433007	-2.1491410903957324	-0.26641966084657476
-3.3637086933721614	-2.2596922440854335	-0.28050563090253045
-3.2998781249336337	-2.0805993318694966	-0.03403094526002959
-3.6735798875212318	-1.6309532907025628	-0.25406967071511033
-3.24209769133149	-1.5588122791142736	-0.6036028410204117
-3.4477381253387653	-1.494510298832901	-0.6603197148863248
-2.8563303769514214	-1.4446117968085397	-0.5774063637627479
-3.258614006274099	-1.1025407163124936	-0.39432415594895054
-3.1782787895711397	-1.0203890170944616	0.054535914831232546
-2.6700594864276823	-0.5994098902254911	-0.7262305418679542
-3.1922198777504702	-0.6630314238904835	-0.7907630962408367
-3.1292760119178804	0.008068089684828972	-0.4017384898990155
-3.02182623231169	0.07395769928671869	-0.25402181179951844
-2.9522726291231067	0.553888940865341	-0.653254294874692
-2.7688423900146626	0.46286122825697396	-0.3208397639392637
-2.98288414704736	0.16235568544781234	-0.6591708980994012
-2.916896673552754	0.6246845858082152	-0.7781273904091794
-2.628262062415723	0.9318733757168771	-0.7101518688051396
-2.5415156210831014	0.7409029063835305	-0.7723694249199834
-2.3729929218107344	1.3594960567664494	-0.20553323818057634
-2.14384468720123	1.1001126664030154	-0.24278668266387882
-2.2829073093367995	1.3078127260409227	-0.6299293238910441
-1.7872568283713899	1.4036167271575035	-0.4780016257851274
-2.478336777968584	1.6646813191007859	0.18559880919521266
-1.8254807709091045	2.016726405042674	0.02257107516881185
-2.2938058300835626	2.272643765704176	-0.40774582566995066
-2.191068245364348	2.513199236282486	-0.33443425063762333
-1.7757817689830646	2.236765596710167	0.17846011692886932
-2.019266484917325	2.5569391525392007	-0.1476661608299587
-1.6141369189484118	2.476876453709804	0.384498026064839
-1.4938194819751054	2.7127026351582453	0.49574777907254275
-1.4637254448415602	2.706497094117755	0.12660421631103777
-1.3621453450691976	2.8381360759492753	0.9514130526077005
-1.6944710282292357	3.1872518559343215	1.1570667420378424
-1.4645173367887843	3.3514216981631915	0.37402800421321714
-0.9937951154171658	3.4072469388028104	0.489964189473155
-1.0496798723846106	3.9245657759061476	0.5318765044231532
-1.0065757286891777	3.5223189945780264	1.2027120906700932
-0.9964911607693568	3.7273076299198347	1.476157745858492
-0.502893006832548	3.824492157611776	0.9621153066812659
-0.8672006269529092	4.119901125414742	1.2839335858147876
-0.5270184539388099	4.43641786128815	1.113361185325066
-1.04111320290448	4.3957643504060515	0.8334611430576243
-0.6603998843172395	4.64937309721813	0.8392795600495248
-0.8112444334117669	4.649493497687924	1.6358949671469825
-0.5161400952121795	4.870827731594426	1.590006649443354
-0.7130026902601984	4.974175892771086	1.357497041426177
-0.38696063244232415	5.101647676615978	1.03660298406598
-0.8007659646640326	5.326433329987079	1.6691858038382597
-0.5466842965817491	6.231980839835115	0.8268329248784011
-0.8066436957599012	5.964911265887668	1.2977583427631165
-0.696572077929369	6.099263384800915	1.36665428374682
-0.39227534387084595	6.583222618060072	0.796982516725707
-0.05904951500094924	5.820201455696424	1.3692982724032103
-0.600376405348526	6.5192120714454465	0.9735131310693155
-0.4584528695270035	6.140278072896201	1.1790548008609947
-0.29507124572780663	6.01956062268118	1.3026201835284577
