-1.0108307453538936	-3.975907879702933	-1.0340339389468198
-0.7945651606355812	-3.7833245505779742	-0.4455761712515761
-0.8119511618561129	-3.3134441949711277	-0.6586954143966949
-0.8304781077765738	-3.4237929749741376	-0.7281507135549864
-0.30485163626118705	-2.864425737940895	-1.025934304114196
-0.741016931939134	-3.129738610023148	-0.5538808357880319
-0.6467872935006441	-3.1373248335911263	-0.48099694628446366
0.08294999428090089	-2.557846504648558	-1.1688264177205907
-0.12627716241304876	-2.5941510508906394	-0.4198310471842257
0.13953854581126135	-2.1865267978320437	-1.2071844720513796
0.3563031759658738	-2.0457853235105383	-0.8145276230094789
-0.12072865389067022	-1.9810809238906404	-0.37047762710990406
0.34678377537979854	-1.3842574728645025	-0.9634879587683308
0.5957811202604338	-1.7683829068485477	-0.5221731537386305
0.672889735058181	-1.143690299709236	-0.382484181159752
0.30713320048607706	-1.1473234023201229	-0.6768659271460694
0.8800597813673332	-0.9122843999742973	-0.5781055551858161
0.5622221882099925	-0.8061531962087919	-0.7757930434374126
1.0672520053837162	-0.28653417675036985	-0.28121167038733963
0.8306319331369725	0.19396515356290484	-0.626651445107372
1.0921544968875905	0.20594369337749402	-0.19856075187937727
0.988669171536201	0.6217473626240279	-0.8332630417613732
0.6837622747792828	0.9895993873517861	-0.7727693843926033
0.7539876178062128	1.3486332848201517	-0.6245874899995896
0.596622671536744	1.0585295332205065	-0.6194038802454588
0.8961481785893997	1.0498079987171343	-0.10468271254478523
1.324768692835202	1.7916066333882164	-0.5312651962211011
1.3511418499378318	1.5366273083192346	-0.31388928857520537
0.9139458104407907	2.45071396537562	-0.35517924478295293
0.81240742606821	2.5773842617991902	-0.5908302982069329
0.6968707461843008	2.8236227943680743	-0.23106319947474607
1.1115681912453448	2.8050714592271833	-0.45411877580849125
0.7006066548249948	2.8472571193164633	-0.784125612550208
0.6976670160238886	3.5140664042993284	-0.5622838672795787
0.880762525599176	3.1121225349376838	-0.9025036062529949
0.1163422953643021	3.3751949758212705	-0.16995225815930215
-0.20397522292241083	4.318490326788222	-0.9314562698971787
-0.08482274148881186	4.3571287294776955	-0.9140109589762451
-0.3971660463891957	4.695673465950979	-0.8750099807908055
-0.6627343444350067	4.74477537056029	-0.6324831399149591
-0.38435723740242844	4.54606998857423	-0.8335744326029526
-1.0929918722436471	5.010454946054409	-0.8436952997455862
-1.4961738651281897	4.416096831698992	-0.6031049514803314
-1.6808133325215484	4.381136325042889	-0.7312326727311955
-1.2087174201385995	4.821232860869722	-0.7628597924289842
-1.9675563363930362	5.042065673693023	-0.43999013585561053
-2.374476749145458	4.485553752576238	-0.5358655121775223
-2.4920736816714597	4.823124847100926	-0.11558105228432736
-2.6675727047843454	4.353469748512907	-0.3192659259166408
-2.1620587545855257	4.453563015955561	-0.003473070979767068
-3.0170766581188717	3.9902935952274707	-0.13145884786131412
-2.4818754130140204	3.709306829937765	0.2185038122306258
-2.444570448240537	3.8767491468025033	0.15187979228270324
-2.9764488898082124	3.652973741058601	0.18419754151754497
-3.3424487370447786	3.264612871503685	0.8676633986322374
-2.924714924286805	3.7155000773410123	0.5496083532837648
-3.152913396785566	3.2780073442294713	1.1651340096163052
-2.9366593338699474	3.1950501191122145	0.8554023100427322
-3.0791842321934846	2.752484965297413	0.9662328399685061
-3.086543823214658	2.8179889660889432	1.2186318347012177
-2.798922263624444	2.466785005366039	0.9806005123915442
-2.837827154830852	1.6640144572129687	1.7902627657186165
-2.4060769874856542	1.7558803500269136	1.409248409402813
-2.4206075586528217	1.8587851843167678	1.2206805433850714
-2.7483757600615237	1.3013074381704834	1.4534281197381822
-2.553363429040734	1.1508463272919371	1.1621869432918395
-1.9932409362786125	0.8659744655205454	1.3435595256548474
-2.254134448995488	0.4106648079731494	1.4958800219495432
-1.7195196212621124	0.4861714484536531	1.612713736683107
-1.600953135972024	-0.26748770129150373	1.2063381301437006
-1.726800791692066	-0.4338073430183108	1.876663612756374
-1.3401331942584018	-0.1254194981449459	1.3176117748747196
-0.8899639055784176	-0.6682574415165469	1.242190005048419
-1.3873549324974728	-0.4580772960915982	1.149734732347887
-1.4298565275026762	-0.9361686943573254	1.190707209658776
-0.6224741939326973	-1.564384946647467	1.320449251206354
-1.1861060782023336	-1.3253808337816426	1.3054426944361144
-1.0936970393674024	-1.8913680484099014	1.5194696872095688
-0.9273563091566287	-2.0384902564460674	1.8049245953522948
-0.8222249831462686	-2.5463367530783456	1.3540969443678559
-0.6557101137320566	-2.4680697276185675	1.8599679116108168
-0.33760543473624327	-2.5523264131231684	1.1246341520392722
-0.7124997822994924	-3.1915248697664724	1.883171408210469
-0.2880388437806236	-3.355090397939226	1.3341166231136476
-0.18300545397457557	-3.321898773616403	0.9937325782538663
-0.6996727162806671	-3.407691298573068	0.9739372463455275
-0.786336873212337	-3.815505735906006	1.284438870199629
-0.5749182798527147	-3.8532325477502027	0.9718852722085538
-0.48297395629177453	-4.151561720706628	1.2666811173061268
-0.8355711123357498	-4.7792976653360135	1.2895590197246714
-0.7683445104275387	-4.523303543780907	0.9769559012476826
-0.34164589089937913	-5.2663432678112105	1.1160821824931269
-0.30550930887067407	-5.238083914525843	0.8243320058606132
-1.1707164952787512	-5.125202808868951	0.5399549459136925
-0.9584391447005662	-5.4861453296196006	0.7078498197131602
-1.2934878865962363	-5.8098528887362395	0.4201282154848005
-1.3423758394177865	-5.463285521908875	0.7802240985937245
-1.5814515432130338	-5.551600206857115	0.27663693261919425
-1.7033067972202893	-5.319999859662589	0.4419912580915436
-2.314482879650705	-5.445829987332941	0.5986180036482202
-2.339670407698593	-5.7648752687237295	0.35807133406053404
-2.4066013252216694	-5.395434336516543	0.5417240416161713
-2.3921490793886075	-5.519100192424895	0.08866235948576034
-2.20015209100161	-5.405611524508286	0.07174422407832864
-2.5075742737762896	-4.969966621490899	-0.026283987652093055
-3.2107811761599248	-4.836424740242479	0.4677592635051005
-3.0690542199534008	-4.755438772573933	-0.039878258019012625
-2.915068405337168	-4.705763476677293	-0.2970699552947945
-3.2854666653974824	-4.039843365514759	-0.3844047109009537
-3.4826079699498997	-3.685427377537654	-0.24347263450608064
-3.088384131689987	-4.186631424357999	-0.3651346016386543
-3.7553909656118822	-3.5649440329490756	-0.43698554340757767
-3.1930642840199974	-3.383952769697163	-0.1587400056882643
-3.178898829193734	-3.259464040201347	-0.38936737956077627
-3.3279763082135534	-2.777044034663153	-0.17012678844288753
-3.4311448706766337	-2.7328911391783124	-0.6165091390451951
-3.5065581019042846	-1.9599241008716177	-0.4595534012847827
-3.469166376286953	-2.2829560595201337	-0.3486165956936338
-3.6958193862029973	-1.4912994965169224	-0.6649287279484081
-3.396316489492557	-1.6891046173068287	-0.5389032675049694
-3.700099852470548	-1.5734593393271097	-0.7247473453554155
-3.4257174656138987	-1.074856939748248	-0.053462974233280725
-3.152322563238872	-0.5994052645608049	-0.5925083757436822
-3.2584591384076367	-0.6713682940287334	0.0695494176569178
-3.225069129810368	-0.06999417251012152	-0.3377117360275609
-2.6904300531534338	-0.3616849209204804	-0.20067347240073186
-2.8185195565575336	0.5154725567230946	-0.3492456668427162
-2.806664105051903	0.49390373968423845	-0.37306450327523155
-2.509714661899248	1.0734183251173963	-0.8013540345423243
-2.50573622990997	0.6318220118173385	-0.580948574589105
-2.4462070214485996	1.5417022013206396	-0.22295926060570093
-2.1693281521230827	1.15132200548932	-0.6035271064461047
-2.1833544408998993	1.9012125366396047	-0.08193250930368645
-1.9900783179820507	1.6298932270557513	-0.47398332719624525
-1.8806166677505065	2.109362038013882	-0.33342723617414805
-1.7233416489228952	2.349593762578153	0.08621272619640574
-1.5538416641767725	2.9519203400402274	0.18146390491345427
-1.3923878478229001	2.978199074149825	0.09638979377559886
-1.3964356371730733	2.9181948915295424	0.8728488933951739
-1.0718959506766006	3.4443792602192573	0.7112175484839638
-0.9214744875418857	3.3622622772798545	0.5974262694004551
-1.4677495647961123	4.023604550985697	0.598753490419626
-1.115374372135906	3.891569247166136	1.0564677644819005
-0.559002069440702	4.166616931604102	1.0325277013211904
-0.7161183607503511	4.174812891901475	0.8426280992675275
-1.0345052638439476	4.885034807652386	0.8437234413010085
-0.8038596223779494	5.493350049145759	0.9145872725035619
-1.026868095264514	5.512253018076235	1.3248124051506707
-0.29732858696223474	5.495385285991321	1.1655202248649021
-0.8109117746707556	5.366982281831018	1.5479139456512487
-0.04418335425440001	5.794211584839065	1.0204581980563459
-0.5163381162888072	6.272229602900154	1.0186329597419272
-0.12588997610907138	6.182519047459177	1.365014080989212
0.1395029892125359	5.884183021950001	1.085938288172251
-0.3142310972836697	5.7175212494131	0.5875646706912104
