-1.34123189586616	-3.7910974256110386	-0.8146874887225887
-0.7774051527173739	-3.4092178126901356	-1.1187786674306532
-0.6944163239188814	-3.6035498146163762	-0.7526272037586775
-0.8422996975048671	-3.4959455058062714	-0.9408514844095812
-0.5261532286324793	-3.3767113339483172	-0.8198194203295424
-0.8250373988816473	-3.432403279663818	-0.5188869717760392
-0.8293266878915981	-2.7346060828932464	-1.1403732078768298
-0.03887073281147668	-2.915710295972957	-1.2794255115060804
-0.06072517296471647	-2.8535360510634367	-0.7511129703287298
-0.5650188474004777	-2.904739595934947	-0.8623480726765673
-0.318364729158933	-2.5087158050424483	-0.5596530838774272
-0.12230815615771917	-2.1862126429372055	-0.8766207468547602
-0.40644429576228425	-2.7418835350222013	-0.4633396155297651
-0.31038406946106734	-1.8091882645971982	-0.8038557080781622
-0.27209018686227116	-2.4843714640721464	-0.7706337999702639
-0.12743393491708865	-2.027864952816752	-0.7565590824260602
-0.04305011664589076	-2.1095438090510124	-0.8126657313415513
0.13759908912452753	-1.9215841761479813	-0.559235842632246
0.14741504956704343	-1.1812261064723533	-0.8781115294550361
0.3301063241556807	-1.8193481970737935	-0.5497935293712787
0.6293829220001743	-1.4199633131902551	-0.9590795939533661
0.9091601168307472	-1.175037562192946	-0.7641943588631483
0.823988181017608	-1.2190846192112583	-1.0426355532431213
0.49858502724063136	-0.5301006255848018	-0.5376448221922997
1.1071272082647798	-1.0409821949480214	-0.6452728297017498
0.9701402108919194	-0.5096359538118704	-0.8073575162085027
0.7901039403959996	-0.112575992623968	-0.8910939847680377
1.117735704362275	-0.40613120920131573	-0.7596492152789646
1.134620748192403	-0.043077706069257427	-0.815373440741709
0.8178262266387489	-0.19733478034494828	-0.0003751766995788719
1.1005768843933654	-0.014523242022075389	-0.8756190386113992
1.1983077396009416	0.4241363355115772	-0.7138089326701992
0.7546398967351106	0.7047089199272598	-0.26239238204195303
0.7278311887214166	0.5607874375271487	-0.7621217750868786
0.9393365343270746	0.9000177269406431	-0.33991995467629643
1.0662138536058772	0.6802089230760539	-0.20332557520371264
0.9493514847648786	1.44031574595755	-0.4856623348739222
0.6589857394730757	1.5435947843094657	-0.7879620434984833
0.5782962561619346	1.3891620826994626	-0.3968044434500265
1.0072689716111913	1.3964983836591172	-0.43213463915460437
1.3021874289269957	1.8113488856559534	-0.38135262569900585
0.9580017520158055	2.0048027198758946	-0.30889274108069875
0.7480208246160414	2.593238983068577	-0.540299596461482
0.5196874490541101	1.8912024881451712	-0.2185655297424911
0.7744056523710987	2.0866648521831226	-0.6181844807647742
1.0168373372890298	2.50006574356215	-0.7580525760454344
0.799087479588777	2.4607956493595085	-0.07727356103924732
0.7394707081535945	2.6216633412166406	-0.2587080113496867
0.5873594961806081	3.01985185788972	-0.26323545373694546
0.5723488428898988	2.9553757111770267	-0.11196172832059847
0.08294458615983093	3.0553189344900407	-0.031194434016806882
0.892308300702378	3.1050075274055717	-0.8540804056702546
0.4102722940223481	3.3389619883480024	-0.545815216030159
0.19464409833723545	3.412605026682828	-0.26002906236055645
0.09796607433725985	3.4800296824382153	-0.6111909206196188
0.05759575934661437	4.172527545441277	-0.975762794325217
-0.014713365948873736	3.960818974866561	-0.8467945099960572
-0.47070843649020466	4.4262294226455925	-0.9650742229660448
-0.4979676594646577	4.103441313420715	-1.031861907302138
-0.11301183504068879	4.314185140003019	-0.9553340199176418
-0.8110049301034801	4.721547887132092	-0.7448178563823465
-1.181916930773963	4.862303038026104	-0.7829320771208281
-1.15089686062078	4.774534775378683	-0.5278564029131126
-1.501504034788963	4.617301261015364	-0.6123141873476766
-1.685497383897887	5.059866714074148	-0.7220986717000686
-1.7214623067556307	4.450392909075311	-0.4360536412387155
-1.468423258981724	4.388681445139783	-0.5870515134165512
-1.678267412355694	4.502447095741808	-0.378931309725553
-2.279119180735996	4.684787527437529	-0.713764888047682
-2.294612276521068	4.690951980103324	-0.18696734424477146
-1.9679958702571971	4.460669456299949	-0.2648386770877319
-2.218749578316792	4.738761392069534	-0.21611140197138856
-2.749780537381504	4.683928882888014	0.1368592201565768
-2.8319658455414016	4.004588729907212	0.4373051507871689
-2.902985033697529	4.6266763889756595	0.2767835501046866
-2.476585551974418	4.308801188700002	0.06155185210221392
-3.005421488449228	3.792960287223502	0.22770289876088015
-2.970754784093536	3.9580787866069094	0.7894941903020194
-2.515930452120697	3.881661805169459	0.3702582166739062
-3.2841514315821705	3.4992177282965904	0.551280471356509
-2.4416635642143936	3.2798768108162895	0.5359593903574089
-3.3577306179308564	3.212515777880297	1.16021234635508
-3.3553754653384926	2.9814124808959708	0.5634814774371559
-3.1426867794139843	3.584500438367421	0.9438349540051514
-2.758049813969891	2.9554494660453225	0.91674274048094
-3.21803648914104	2.670822442177629	0.7057594710470783
-3.2918041860717095	2.8003967548339963	0.9438849969761913
-3.1041742679888573	2.4904949385701887	0.9125421843782766
-2.9755266542197916	2.6532842263478664	1.0125034612214778
-3.0514959885907125	2.633926218739037	1.1019593088107287
-2.5898534909447846	2.2023863633847434	1.2730297748314814
-2.862417406044026	2.2337133559321383	1.5651449576757057
-3.04127824785494	2.011905228561395	1.2297584526244618
-2.9665106387187334	1.9869500352161311	1.049762571422046
-2.6473622582366794	1.5692192238950482	1.2768066271569283
-2.8538149795116987	1.6353383640081622	1.7216678313298743
-2.0586513456010236	0.9192515044037721	1.6132830080690508
-1.9818275757565225	1.0808761655546464	1.3370990925312676
-2.388322654134801	0.9117028245059219	1.5513244488103197
-2.463261919618064	0.922171720133103	1.7142322993248849
-1.9423541561826934	0.6008448584731971	1.713544634847513
-2.153722092278077	0.6275476451457016	1.302372125463263
-2.025145639143802	0.39153437051087636	1.9256019613343298
-1.8465256825810092	0.24365277472802715	1.5839521244824413
-2.03520336238597	0.3656313600338492	1.215947857018886
-1.6787631856865017	-0.42262663341802487	1.9719487146091934
-1.801307415448739	-0.06512375531684444	1.3133697746597266
-1.3902619940287337	-0.2752771967823485	1.3222686335073128
-1.3202951567836188	-0.8565417001930388	1.1641604775636034
-1.3013909108350163	-0.4255756142564534	1.1786856431207395
-1.6180338252470818	-0.3755266081523553	1.454565078027874
-1.5693017490336958	-1.2091752440397574	1.5090634151020623
-1.4471902138116848	-1.3647198934585392	2.01444066489345
-0.992858383245206	-1.7528013172299015	1.304973626125628
-1.021978975503985	-1.5255390350406266	1.7836200348941782
-1.1195313726905918	-1.4858314668963013	1.6383072108574979
-0.8567893282973164	-1.378863585423685	1.3663652964041146
-1.1264296640779063	-2.1538951951655725	1.8218827452675215
-0.7305207257807833	-1.9269527228513166	1.7025252763341965
-1.0594991561606437	-2.002001136390792	1.3206785032542145
-0.9662196481576493	-1.9217255850399106	1.2001513586786738
-0.3739919163143973	-3.0124737370781247	1.541912978339686
-0.7679818197840833	-2.975775820964197	1.7757509766061021
-0.7571646867365903	-3.227889258956904	1.0712555942519502
0.005564402458201334	-3.483934819738563	1.093684165633901
-0.022631914152371868	-3.526412536672156	1.4417881284932097
-0.35896673316982086	-3.1889610777330315	0.9597782632371491
-0.7200810700259502	-3.2987722838700932	1.3167866709637446
-0.7480666234284433	-3.4189215569521463	1.0082738537304206
-0.722723989892476	-4.0992976226646345	1.260788313245749
-0.7373429433049477	-3.828752888674769	1.2797505275214602
-0.6874419796234819	-4.244827829617551	1.6077621746303346
-0.267560025569732	-4.1951129480756855	1.0888747366882976
-0.5363952394456121	-4.760352666406203	0.9758395218696527
-0.6543403174443262	-4.40212486390967	1.2754573089514425
-0.14588928531882217	-5.01025042742707	1.0275892386162442
-0.7868630186965992	-4.804255581551643	0.9705949850986587
-0.8895762274972434	-4.8246171245775695	1.042278283097184
-0.38066307590089254	-5.256672255037065	0.9013338327816272
-0.5873362138005666	-5.05991200774201	0.6969368240615852
-1.0450534022186275	-5.5053828109394605	0.5468104969746432
-0.9876897231049226	-5.21713237516332	0.9210682276654991
-1.082269560163617	-5.48451492628201	0.7690522851840244
-1.4792442989294208	-5.473173618962839	0.23416348283345753
-1.673437737042051	-5.320172603617925	0.33818041536288307
-1.402895888754709	-5.349901633124969	0.4830484790709275
-1.6677360528009184	-5.911949908094455	0.9691251195186893
-2.0551724869939445	-5.433770931618407	0.0048584868930879885
-1.9894234100360189	-5.916804219765194	0.3454400564181206
-1.82876113904651	-5.780010412268258	0.4654402283139478
-2.465073729741838	-5.179335947325374	0.4663922393128369
-2.360089411387919	-5.31661568146145	0.08197344024374578
-1.8977447273287225	-5.50407698589034	-0.09885348301692884
-2.7516574991382146	-5.495161913209225	0.6004043331725923
-2.3039013723334394	-5.25499494953348	-0.010727647782202865
-3.0751701385981467	-4.9172100505766565	0.09361286017942838
-2.771027736368305	-5.38574316233415	0.03181203039105163
-3.027150268463553	-4.931532234294882	0.296977471741446
-2.991648352262852	-5.1574694642635635	-0.20440136309236967
-2.9039498886898167	-4.867663372364021	-0.23235676892081553
-3.4260699510507493	-4.647188565183237	0.18038314305140452
-3.4521533888240135	-4.303991393025207	0.06480446541738771
-3.6832089960904244	-4.475522677955846	-0.29014980187905787
-3.288280458829026	-4.562827595447657	-0.14118964722665334
-3.7634686935085853	-3.8254244783924856	-0.36358730157045444
-3.4418381175873605	-4.113440671247396	0.31729193037065984
-3.6311834147650037	-3.673792928440618	-0.13653915732133892
-3.8392765030868388	-3.8470567019608346	-0.19555738124334998
-3.721652370972952	-3.530166762495364	-0.2475160765703588
-3.4298819973601606	-3.468530664523661	0.20171019705215965
-3.6703380927895095	-2.974663819087419	0.10624087202298849
-3.314237180566315	-2.902843566406996	0.010114714536810565
-3.478868084826672	-3.1027656418348495	-0.471395791820826
-3.9094618078374266	-2.7911239812741355	-0.4202774634156077
-3.495469379728778	-1.9997926309948375	-0.35918368480193363
-3.4745761596988225	-2.131784714370555	0.059357505801400756
-3.4042810499103098	-2.3194311025104097	-0.31490433275667584
-3.754315154199302	-1.7808085305195034	-0.5940111331199733
-3.499095081737414	-1.7214679209196282	-0.5030308193415822
-3.1122287241950324	-1.4238716982540445	-0.6945777350132938
-3.642632806904617	-1.3899340192051595	0.007023870684587319
-3.5758702395359827	-1.521890638302306	-0.7250152748099008
-3.3845949333605603	-1.2461030191441764	-0.5775765478143959
-3.465724193168689	-0.9290134235188191	-0.5082390558861306
-2.839714891956724	-0.7257835066683554	-0.7451461409966469
-2.8970579138881787	-0.6508137592297288	-0.6305315096202188
-2.8533280419484788	-0.31795832410566915	-0.27562150682188324
-2.83117353436047	-0.3368033861972167	-0.04865640095649271
-2.9116654849580206	-0.22010366628695432	-0.23926290406084205
-2.5358877718505566	-0.012434143476582116	-0.16554463019020849
-2.5992236294959623	0.2833021299440628	-0.4098671683011924
-2.8473440803785377	0.37506154312166395	-0.07029377023848793
-2.9577625132575434	0.7683726528871897	-0.6317242721149189
-2.4762744036281124	1.126412292499678	-0.4303625048640688
-2.5039012420302065	1.1610583242940975	-0.6234773806445416
-2.546661962972972	0.871279785632666	-0.41788007729525656
-2.2610050616351662	1.131810203585138	-0.2847546469335488
-2.455257853349592	1.6359868492302394	-0.38489609053710316
-1.7626661807907742	1.4228276680261527	-0.4390270359252123
-2.2014239810278045	1.5346840889122775	-0.21116486951820013
-1.9454080164993184	2.2262296115699662	0.044218591628887416
-1.682183649535391	2.060342342623667	-0.18300895333694855
-1.904220792752717	2.3926351571291944	-0.0037876098427843674
-1.6833257788185931	2.501672324752082	0.0009427390742824948
-2.012035448793328	2.729033132124323	0.2869556280893713
-1.1968403368709273	2.5534820510181166	0.07402248278573612
-1.4852553898756298	2.8190984456360475	0.5811321776527739
-1.6357208643586223	3.3223217131253406	0.44772655452711496
-1.7303228999091478	3.048607246415455	0.6372965473600887
-1.4177844364145311	3.7459758404790606	0.8816078011148623
-1.3140178782970469	3.2970816377261496	1.0594325688292638
-1.2427751216136467	3.8173189958694826	0.6212320669170313
-1.5015610457783561	4.016270485909606	1.2706694281571655
-1.4322267032654603	4.4498626679387705	0.9800637896217954
-1.369197285832837	4.212073303492732	1.4921449132839548
-1.3031101814021158	4.110382087625456	1.0273001965015982
-0.7048483741473902	4.1875467419657975	1.076809427332492
-0.8077670872469378	4.897546546752267	1.054986955166487
-0.6426656636354163	4.977054289699725	1.2523147687807403
-0.735034962488821	5.3351093844945225	1.2268045839799158
-1.0687980726771171	5.360853823766368	1.199091759920711
-0.23620236501486236	5.004617624082178	1.3341362543258843
-0.28084276725378443	5.1732671548172	0.8719659013018031
-0.6352637066623735	5.52839298027933	1.2106765399707466
-0.8279321070639936	6.031595390650926	1.4451024989317864
-0.52346370645799	5.652238838875922	1.6492287289089669
-0.521885808283409	6.202965034772295	0.948016974060841
-0.3711530723269846	6.004624641365867	1.4123003149101365
-0.19161441866037876	5.9160590985626955	1.3139941226740695
-0.045254136135119194	5.737430218145983	0.7514733301433776
-0.3872398661021481	5.939871189719645	1.4646913885659083
-0.28726759378914446	5.950514419438434	0.6083537495421886
