-0.8823885137367891	-3.3188585953680287	-0.9898679811392367
-0.8677331161961531	-3.1179368271034726	-0.9087134447290279
-0.6974174792036564	-3.3075063381278182	-0.6994722034877936
-0.12058204997000177	-3.0035446882233816	-1.2027838451481785
-0.08930254077123512	-2.3710902961766434	-0.6657471715453951
-0.17081961264275747	-2.0771484940221194	-1.12903301217171
0.38857286954322867	-1.758724355441677	-0.89038455994818
0.8263012677307825	-1.179980408242148	-0.7500414665400006
0.5718356054336498	-0.5195344936487839	-0.29141880383532026
0.4973985825333069	-0.24900437723400215	-0.2655706169963087
1.0318190660460664	-0.020924371767042593	-0.31185282910385514
0.7591188626115366	0.8537277451883327	-0.661465503526503
1.3950538720857686	1.0025053056020998	-0.7776145114462298
0.7288272317624889	1.8259166793004677	-0.6516622391749974
0.5462743625383246	2.512776240553039	-0.25971619152332626
0.3631319044103194	2.2381289061521272	-0.5992333781235866
0.42519866863681055	3.530696561403502	-0.7768641675374826
0.6477069236188953	3.6015924478463033	-0.5161517466859743
0.2825117845721064	3.6291042421927107	-0.698994976960305
-0.034412039603309075	4.0844145664817795	-0.796283016479718
-0.917115140476826	4.710859504832766	-0.5085502489476875
-1.2667469240855427	4.524715630270487	-0.6387774620405482
-1.2840857968806065	4.685569162325041	-0.7986122173986758
-2.3553963523479164	4.287715916128909	-0.5224606778185756
-1.951775418831183	4.492735525989606	-0.23366378420397926
-2.8606778776829582	4.171714221592739	0.4355207664801536
-3.3044555714216615	3.9854970554507885	0.2134215795094834
-2.9337956408226447	3.1976380580057913	0.9444400649893453
-2.836699439600777	3.310505420123075	0.91850718088523
-3.2886606190262144	2.856591006375827	1.0150817484694934
-2.6404792537842403	2.2635416586744035	0.9282985248977944
-2.356139138649605	1.783157023937833	1.526359714558839
-2.422410135133607	1.6509519506260704	1.368582151049935
-2.232578630268491	1.1006531985390486	1.72777787496039
-2.015211323586777	0.4130903084022446	1.5573358536665969
-1.1962782096368247	-0.21440712290851327	1.1527736731287073
-1.2640297724473555	-0.6598743382749241	1.134272894350881
-1.307146641911534	-1.3498861366334225	1.5082280263041987
-1.3649281149907722	-1.249573723388663	1.1705940907421526
-1.0171097034097523	-1.6583553230475663	1.3948948351631847
-0.6161238799150601	-2.6259892483466016	1.532755509801643
-0.8381067994141754	-2.660339452376273	1.6254686458319525
-0.7042210963030063	-3.167655724686382	1.462500148982289
-0.5150560074495052	-4.132663058571902	0.8667017405410946
-0.6592832043660335	-4.678676223413078	0.9106599326508956
-0.5810022650903374	-4.738843170509691	0.7927545052997687
-1.1000200354071634	-5.325970497800337	1.143391472397146
-0.9956051218559728	-4.87463528664989	0.49664616931334005
-1.384529260133617	-5.940888455560797	0.7040344285957252
-1.9451529443982993	-5.06913826693016	0.051464795238676087
-2.5111375200890897	-5.848265817279194	0.0071113048459069544
-2.277232131587162	-5.674446740072457	0.3885510571672159
-3.0192992181881175	-4.820302274728646	0.11118806766063527
-3.0497579738372314	-4.706352807751752	-0.23331779204849784
-3.5953232953400946	-3.9861884771825506	-0.27526500857236774
-3.796554201680423	-4.193537594888612	-0.2754950655572337
-3.358226213124397	-3.7461564415121726	-0.30099237724662653
-3.482781064062154	-2.693787359495205	0.04811548074317873
-3.24859940677187	-2.23560383406069	-0.5133110455119225
-3.7585163450750945	-2.0759628998657194	-0.4000789941313584
-3.428294749792471	-0.9462792526169411	-0.293971485494263
-3.110822142018534	-0.9573425804948035	-0.2816447600548997
-2.7879989377328505	-0.5767038848333514	-0.48519380645597954
-2.9344509992391092	-0.11792252272443982	-0.4974927706604563
-2.365461017283417	0.4348927337654601	-0.50963552414712
-2.689880513051702	1.765807209958192	-0.4567793104551756
-2.1199681963106656	2.133268230973286	-0.4840935365340149
-1.9568487207160072	2.072493487869591	0.35864111398218534
-1.9879559724486844	2.7961722506236106	0.21042147033762387
-1.2898505927625297	2.8686476610935996	0.4364505071089796
-1.53413399566094	3.7641257451594745	0.4405070737557403
-1.022807567043083	3.8850294246499697	0.8999578425551658
-0.9952927682628184	4.548099703715194	0.8369207852451188
-0.6961516289384334	5.368343124454208	0.9888455907699203
-0.9376750535414119	5.212726085443821	1.3334904853874805
-0.49828666557604406	5.969040630117949	1.2151863700193193
-0.47671825951275826	6.724038174091778	0.9323301511627166
-0.23209665263590962	5.5224657981720275	1.3144203074360123
