-0.9000920876659062	-3.41317725885105	-1.292704825753637
-1.0407369722656545	-3.7275327803910265	-0.8444999419999482
-0.6009706465625081	-3.2463786708635447	-1.15264073399831
-0.8646313219460153	-3.3227435474250955	-1.2490950813939485
-0.3743286487621572	-3.2171663472854477	-0.6480838739467687
-0.7106499492194815	-2.9003367107729945	-0.42994075645566665
-0.1751401085389518	-2.3978829336332455	-0.9361926756314818
-0.33486308008636134	-2.8755129814579714	-0.5032035060427072
-0.22204920205321454	-2.4887963377098083	-0.860100816457846
-0.21427394446560977	-2.261700177633957	-0.833908917074713
0.3372828087255758	-2.3481874463234713	-0.8747836319020379
-0.07997959858892945	-2.168772355424105	-0.37980267696167735
0.07369719538587594	-1.25568305705968	-0.7686459956604424
0.5335573035766537	-1.6177633968376397	-0.39419172790897117
0.17875621509290776	-1.4461706157102012	-0.39223698230297
0.5277034432608849	-1.3013518036476195	-0.4126945471233332
0.7440408190717627	-0.6794025813927347	-0.9633873081159875
0.4639927740972127	-0.7179894910834808	-0.04339138540302079
0.4890684163217955	-0.2439354441642302	-0.5402863817714818
0.8298954458377009	0.38069923751677476	-0.6045029798252404
1.218885761876356	-0.1953493269168291	-0.20243911172765527
0.6788498579150607	0.727217838583227	-0.46554146319672474
0.6039171198429633	0.9130506202508974	-0.7881004118300309
0.6343153788138954	1.500246250791078	-0.7437274759073207
1.0484290064799318	0.9117647800681373	-0.5593243398139517
0.6878122614657995	1.1219674228909096	-0.18297937850361534
0.5766174525406833	1.6126714821182115	-0.1975179739425621
0.7408127951600537	2.3985016675510273	-0.5849006634506045
1.0948907818538107	1.926928260004153	-0.6903051553841327
0.8032975687338523	2.070573820346414	0.08017449696797307
0.9440175001833745	2.7281071280622076	-0.644508146823547
0.6046541080472871	2.788878192897856	-0.43327548565242413
0.6019307427327316	2.8943108172756755	-0.03200931229268189
0.23343469949753587	3.2168695481338028	-0.39129864368967415
0.1389985446597111	3.1689871465613977	-0.8899301165054305
0.06605301215915385	3.3996518576183146	-0.8117663543540198
0.0872730604746223	3.5680190363355857	-0.8281625015522046
-0.45714448134771946	3.977073854615838	-0.49451397927351426
-0.6696264393560322	3.9048387211898357	-0.7293790657219313
-0.6973575964634301	4.0635378571371685	-0.5669859292806072
-0.8694035435902078	4.449180502573673	-0.9145587545062492
-0.6848488291086512	4.2999130111418555	-0.6114520334196024
-1.4658709273432184	4.40641514493189	-0.061471523105754544
-1.2575093629582372	4.672524064150854	-0.4265465780191994
-1.5484211642579058	4.950443072224102	-0.5121568016860272
-1.5467416688755145	4.8050643575922285	-0.6093375834364003
-1.807523304885404	4.60168179764035	-0.28012249731995376
-2.3283579136052523	4.8458277003342864	-0.49758765689447315
-2.384295205755623	4.505635964852483	0.3483413783989808
-2.605440587966517	4.24128943995277	0.15464762946152916
-2.527725087993865	4.4353700186450515	-0.027655365662628162
-3.131610746029749	4.275471722010749	0.7090549086526978
-2.7668184998918193	3.80881554066573	0.5693842672594317
-3.289683891796866	3.401607499838686	0.48910938601534126
-3.2702099308749317	3.703385923777377	0.4241457384338012
-2.527758358139425	3.1010637944682697	0.6839852798788493
-3.423289886129154	3.178690828958015	1.32441026757263
-3.162624693035089	3.0125917298791363	1.0829545801957141
-3.3782670232524072	3.065514106664022	1.0113608594337709
-2.8811184753009793	2.620495419443297	1.3473780403700004
-2.684741360676041	1.8457906735458978	1.2829327455289883
-2.540896565386912	2.1716754627647488	1.234331068411933
-3.0078666315827194	1.731806651286953	1.7476473511826194
-2.525954635420981	1.5415779369501479	1.5271403486001716
-2.2029540208934155	1.0399572809587707	1.6683630103108888
-2.6371833244356306	0.7988087999073802	1.2629166006817096
-1.7121158699227497	0.8509018412640393	1.3017430548651485
-2.2412478235372233	0.7614746448262587	1.3764724809268865
-2.0707318569368103	-0.050662833921015143	1.1163626547895484
-1.393197500656635	0.044321278803735875	1.4891598312873215
-1.5612823700833562	-0.06124181638060866	1.5070958938977657
-1.2535909232301639	-0.42789970890100815	1.1498982496422694
-1.6433997962933393	-0.2736924108215655	1.7685201350403332
-1.6889032343812955	-0.880202391433878	1.1450712954990383
-1.2514323108861825	-1.2491472838553914	1.6971739471954035
-1.2845089891232027	-1.1416350814544889	1.322558186099711
-1.1072965981884701	-1.1839642384753217	1.4327867078418952
-1.0994004346369668	-1.787750749748656	1.6912288924101972
-0.6109978015543798	-2.116410848750209	1.5856658394761318
-0.6930182645389878	-2.325809501355955	1.2941860449626488
-0.9374608795297784	-2.8392108906502216	1.616631796515795
-0.39158304413058886	-2.4273263978930295	1.1031606592311007
-0.8818605898483122	-3.155660675856057	1.2013604116766285
-0.2880951447421106	-2.9277079265558985	1.2217125835239
-0.5625346414827985	-3.42158628473211	1.195533974721509
-0.5127811236157357	-3.8973158253492435	1.7096664511140478
-0.807906408631571	-4.125510467667342	1.6791793513366842
-0.3584241721798581	-4.442068524826865	1.3153794308263858
-0.802901404565668	-3.951972676883508	0.897009934799441
-0.29140459062377877	-4.216389037457461	0.8515744977330856
-0.6173461922897303	-4.583550111079588	1.3639699129378196
-0.4336878425124179	-4.898584707174337	0.7047426408685936
-1.138220849781816	-4.79766745256951	0.5792077722352538
-0.9411887779417404	-4.89980359910098	0.9262185691306255
-1.0839917438725535	-5.349853268930918	0.9925873707374783
-0.9173068416624559	-5.594038633290818	0.7717564796474807
-1.5473689949541858	-5.804617797439128	0.6958662490765861
-1.9050180408779738	-5.819865117647563	0.9396054681246507
-1.7188277164674228	-5.738361007918007	0.367837968615755
-1.8578109339000197	-5.449884277483504	0.20899399965127008
-2.5080363502651672	-4.97196943549302	0.1919026678535305
-2.042260032122703	-5.408785689346905	-0.1529946976543772
-2.3118197213132063	-5.768532840375034	-0.16835972792121118
-3.0137985506538474	-5.582968475555372	0.12309584322720574
-2.5131348926405312	-4.9667121495281075	0.08540314858620401
-2.8530154368542626	-4.98063894498491	-0.3329352876645684
-2.8180721104707382	-4.7621048332283324	-0.06391430184483177
-3.007605221681835	-4.76173888733818	0.24174039670117886
-3.6434843299325257	-4.279468930146427	0.05453282432378109
-3.4876412888017017	-4.4287836088829335	-0.3140906231418861
-3.7231846266552755	-4.176398017638691	0.31369926362443235
-3.055629672592948	-3.988228380527296	0.022880744447012713
-3.0584481981089153	-3.7659652061403976	-0.1616894756335141
-3.224759062474497	-3.09163353677685	-0.3733232804427985
-3.5308252256790187	-2.730836419765099	0.06869510530418976
-3.8799082868346506	-2.378742154317291	-0.20964506013329454
-3.1977956408256243	-2.689813524745956	-0.1657966615858455
-3.289079764994558	-2.3904095671842853	0.11794522577942157
-3.238052236536758	-1.8582385625600424	-0.5154226913907408
-3.4064833814308533	-1.2191484240509274	-0.6269279033077504
-3.541986304255979	-1.3823122881059802	-0.09094506819257597
-3.3455937735314727	-1.2160867867479985	-0.4733109806394167
-2.7993345850441607	-1.1563817309630924	-0.28237923913703666
-3.2174507249669246	-0.6729714437195182	-0.006727331219472554
-2.821168908587491	-0.47694476382168793	-0.5253109751535707
-2.6842150353189176	-0.22568345026230935	-0.2023431280555701
-2.5186467875408205	-0.12434257727202136	-0.6762533972102599
-2.311211149524129	0.4252666570287981	-0.7286431429063939
-2.621194833906408	0.7789187794570951	-0.5932662839596378
-2.0727472142940635	0.9616008442412843	-0.47274340760883815
-2.531777469923785	1.130605714427305	-0.5504894067871423
-2.0308493689341454	1.2195569113938056	-0.5185011244063115
-2.34657560795118	1.5349207603405894	-0.01762056317571148
-2.0698982500807235	1.9046273379663203	-0.2670204905297092
-1.7568277829716616	2.170488670200872	0.1569295433396033
-1.32966666911331	2.108747017028067	0.18066569640076224
-1.903667605115369	2.904191703196099	0.011488486398540998
-1.6276643524664667	2.9229160433722465	0.32118426728729077
-1.282466561853938	3.4454071324534765	0.12171912319847847
-1.192651059399198	2.990885762063565	1.0779419350110269
-1.314107199898491	3.780934759448402	1.1131435130910874
-0.9800481352298863	3.6958163079583617	0.6396691206291387
-0.8237044978596838	3.904296801172742	0.7645019899722867
-0.9514109290094617	4.203045070422551	1.222519421598027
-0.45276483980389004	4.528489133602951	1.0255570405448986
-0.4360379551652186	4.5335496224519805	0.9573312688508915
-0.5174089575812202	4.946349331232634	1.3958992950288704
-0.4240518259428864	5.5373837492590186	0.9174324694205351
-0.14407371215379294	5.339221466474987	0.9425504358883138
-0.08697499956234522	5.7770945057407435	0.9736078177539803
-0.7500522455876111	5.577610527349179	0.7646502036610842
-0.42599387600405425	5.810934791597757	1.5579214913847146
-0.6437566785572849	6.079062454138638	1.2441312787261452
-0.5592919767955286	5.679855590826197	1.3335484989753663
-0.2926622970704591	5.678744731202737	0.9710276279731025
