-1.0294502895619289	-3.380413817104327	-0.7819845288491519
-0.8912271761255772	-3.6556253916203385	-0.46112499777430627
-0.859864073824377	-3.7041588304035775	-1.2306712936673863
-0.9883129387939387	-3.7004899573944376	-0.48793702663859806
-0.4656520070555611	-3.281847792187615	-1.1683555035551914
-0.732221460103924	-3.360327301565207	-0.7366000764738796
-0.6660436229830271	-2.940673182154444	-0.5147408571019687
-0.6986688664646273	-3.338624848701713	-0.4491610597131317
-0.5960717677816754	-3.108774594929352	-0.48728546325704936
-0.6280121564178786	-2.7374110607459907	-0.7883565498570161
0.1232450206889204	-2.8644060235601394	-0.6833785429588597
-0.34496607940490687	-2.4568212595926973	-0.40303632421262703
0.006683655205999894	-2.5210324470764567	-0.9970246852707716
-0.06186468868855832	-1.929441193304166	-0.7818902324840571
0.3252761311446267	-2.284911610893257	-0.86328628368494
0.5143130419230099	-2.3402140567101077	-0.6932199429255852
0.3638207226061452	-1.8629861465870396	-0.8746668701602414
0.19384577880452677	-2.0835593007451774	-0.9178892627921793
0.6874939630985909	-1.859523396188984	-0.867547993310912
0.6057775606231071	-1.2720141349266219	-0.633883567340155
0.7980267743394113	-1.251800481593341	-0.612485647248305
0.8585492370986408	-1.1327532372949496	-0.7378683233838441
0.7186527989444911	-0.8298213786075481	-0.9083493945216976
0.4001326017791278	-0.7127591214751887	-0.26855771128567807
0.6632789302056616	-0.704794053530352	-0.3182295955468496
0.6392217209606236	-0.7385124267620135	-0.237288549935327
1.1502816656913784	-0.8303017332596635	-0.5769247700418683
0.6116902848137045	-0.01287014836988487	-0.4259666805762766
0.48543144292462237	0.4314397084109213	-0.8974418544515154
0.9374538505019475	-0.27237580688788493	-0.6617112845852555
0.5834680870028768	-0.1081114693313226	0.07467555654407287
0.9197280190829773	0.17595592761134798	-0.5047400929006419
1.2186919384820112	0.559466069112299	-0.526950224976045
0.7908678282476277	0.464139915938899	-0.8267654357087698
0.7902066286735188	0.9161189694835428	-0.7870065673926427
0.7336566087812678	0.7613575951129561	-0.44558160276029757
1.3802849658460667	1.0736512464375165	-0.46301542990854605
0.6206403840251974	1.0917319572892055	-0.08071037083526189
1.0644973840962724	1.7045762714650308	-0.46324057705901245
1.354136665625875	1.322434467125473	-0.5134721608713742
1.0294479253641289	1.401494955356755	-0.38666168483243313
1.0375266018089984	1.7814780345087313	-0.17132111535502403
0.700191494867662	2.025890093518935	0.06280562159249581
0.49234761762863816	2.4274449980596886	-0.4198881097953501
0.5497911804051523	2.4154918958442955	-0.3723142843407643
0.8106579022236419	2.284857130111874	-0.7531122648644657
1.114169968401017	2.3416336580070354	-0.7164650470672296
0.4644819742043659	3.3207960341572313	-0.6420000692227465
0.6151942525631666	3.2981449053829794	-0.355281909415713
0.9266541298988545	2.7811341629889927	-0.39742909737593246
0.4795165692249804	3.4405171807635297	-0.5688386190927163
0.015072753777637865	3.85947360482516	-0.8631230469361628
0.24125972595272147	3.19143625490823	-0.5417736105513451
0.07683135083126308	3.3178314739121886	-0.5140358667890637
-0.12861970923483695	3.7818288793408783	-0.7031419869838925
-0.09345193933261314	4.131660757425503	-0.40019037267290014
-0.24072295851028902	3.760187300660805	-0.9364858266612455
-0.6080838241093512	4.2192647122326825	-0.9133357224093813
0.011822509620149524	4.331195677485304	-0.8194411337717639
-0.4232279552144975	4.044868404511229	-0.8222198818058231
-0.7925052654666096	4.767677248730543	-0.6830448147850577
-0.7747524314346746	4.162946300008027	-0.7092902631923511
-0.7527301460515625	4.152417081855289	-0.6124271750669602
-1.4119198031787907	4.209537515631126	-0.0843835718169661
-1.3376810438145337	4.340232527977027	-0.449592475018291
-1.8574908647860429	4.715815932847428	-0.283909043349441
-1.719562065707841	4.877112498497202	-0.3304335766074722
-1.8850364542290055	4.689567101231351	-0.013786084800630372
-2.1622348984001034	4.880444886256476	-0.2607941431495008
-2.4099946231938705	4.80162497338426	-0.6842497936342419
-2.0049388689285887	4.300843270595484	-0.5368663830609751
-2.5628500044868754	4.430948295136684	-0.18128056840654594
-2.4239731563811455	4.627814461684472	0.2428066918733922
-2.4736231808737963	4.162723466076283	0.35756716443296155
-2.7042252892436043	4.087446098656199	0.03551416036745869
-2.8383945426849415	4.195327694018518	-0.07156268505187013
-2.9218143341753646	3.7563683700737274	-0.07576168744273146
-3.0620086984360784	3.977941336423434	0.3848498273027381
-3.2383215165899166	3.8178967536188	0.049435968873959665
-3.153399792178776	4.0732447761192	0.45526699955746835
-2.586161727251168	3.371826229064199	0.4189405754829759
-2.517661981994162	3.362416499787229	0.6125357669294877
-2.602418044667425	3.2081852863556315	0.4929550226917129
-3.230975362304628	3.019159111717366	1.1905843051267342
-2.733690160500826	2.950549503154197	0.9992034158190739
-2.5686230830378394	2.6622650867113364	0.830974701975053
-2.808239825926139	2.678522575568574	0.824061546173208
-3.363012523466721	2.938518247172755	1.2033938666014774
-2.648215284523163	2.474882339174815	1.2881510303549852
-3.1373457491411703	2.4418315744477415	1.4749268573328222
-2.832435750079643	1.9503801673117984	1.4480587713522757
-2.735158050879724	2.345452285615891	1.3798183423425163
-2.5657838668989066	2.051695819302757	1.1113244650278056
-2.3248008498079855	1.5704824234913055	1.1686985189717336
-2.6206589711969572	1.6390629452127012	1.806558604863806
-1.9902101061232955	1.409079488233012	1.2353843725627516
-2.528530970138874	0.9398878123958501	1.1465808676041562
-2.652480389657714	1.5111935085245225	1.379182102646892
-1.9697932453615357	0.8198912746044056	1.1385138492734834
-2.2355487328512913	0.7860594493078229	1.4372669828245426
-1.9343614834881149	0.5763988801848103	1.7333718199466763
-1.6670130085086963	0.6216922576138356	1.3619867013434326
-2.0916212994484824	0.858283379492882	1.3942470891926086
-2.064980304816171	-0.15364117291476287	1.1342232727265158
-1.750155780216517	0.12130721957495749	1.6478275034301908
-1.623966539063526	-0.02489628678684619	1.4499333477663954
-1.9341890744132608	0.30096574404253007	1.1930576749299098
-1.5939900227873005	-0.210994553979319	1.2840941284299707
-1.6490046644604293	-0.26168432913398143	1.7113148715031263
-1.3752993059837633	-0.6410037857077625	1.7872301234046966
-1.061689068384307	-1.2030562438627386	1.1069046967254943
-0.961672393838071	-0.9296884429826768	1.3317626356927068
-0.8549234643074419	-1.236421179627972	1.2299210880087537
-1.2912686497234989	-1.6444590349977393	1.1562302478444302
-0.5326796062094477	-1.6529056530031012	1.2310175020623126
-1.2819086338582135	-1.6109022770031765	1.0790542122415019
-1.0183566524068426	-2.114726048735228	1.5773168977248555
-0.770725672463175	-1.8452112674146464	1.142743784866171
-0.87530640551298	-2.474396087890045	1.2101714632103633
-0.5029096963623328	-2.135864569599894	1.1843959352968687
-0.5150264187222596	-2.7930533021025017	1.7873701464359644
-0.5872412645664896	-2.653598304130066	1.541479513461435
-0.6871808592796348	-3.087812146337659	1.7343863528390815
-0.8843843338553553	-3.160739230284928	1.507448413781363
0.028204141751460354	-3.349965151521946	1.3493350984000974
-0.0011272591097950535	-3.480771467678361	0.9868386430525027
-0.3140454135353854	-3.37473587914536	1.6698215731006596
-0.5438052956028142	-3.5763080361723887	1.4362664802183682
-0.7261743001159163	-4.015147924102847	1.1914935946446232
-0.555748252254319	-4.138658086307596	1.6241152712283426
-0.40045915319477654	-3.992644447317054	0.8876408031347816
-0.38251166417043836	-3.945060844874108	1.1712789317651957
-0.7326972274341053	-4.594547652318141	1.014352620198914
-0.7677137673022215	-4.737066432706188	1.1141234976305843
-0.44067438657316493	-4.720914396329371	0.7672690459961724
-0.8357104494906267	-4.425501956673697	0.8610244377936315
-0.8613799693683261	-5.025430693521404	1.1866961499539554
-0.44811540890774215	-5.289264597367639	0.8238855964321459
-0.995823335248362	-4.8999005843523165	0.6095176439750519
-1.1387330074409552	-4.8965403788243425	1.061640527300908
-0.8520520428587702	-4.938339148178846	0.8006396838946644
-0.6295631026309002	-5.340548391172724	0.3866099459206489
-0.6544464055915193	-5.637218361319916	0.564236781167384
-1.4173742816147004	-5.840793165970164	0.6220249615055949
-1.3969557594589017	-5.5403278018199495	0.32734924670031856
-1.769312105107716	-5.940178760693053	0.5905846735346623
-1.2696587945531577	-5.4362648538063185	0.06027389576093405
-2.124134635799696	-5.47429737215353	0.35798250463458936
-2.0757239406147807	-5.415600198385286	0.4332258701088135
-1.7843928186061677	-5.650589124222271	0.010661286973097303
-1.8900121111078736	-5.349780759988367	0.1060673980804845
-1.8289825940809656	-5.623839661996579	0.013652639571750586
-1.9393233116535935	-5.496625204960509	0.12033202340624663
-2.491782671971035	-5.126021084273446	0.15396109840804356
-2.6419919156616776	-5.536721547499797	0.5581359470693346
-2.574648168980097	-5.453660449845563	0.21556971963689986
-3.100703501124885	-5.247357581131121	0.3754918073315734
-3.085835876139491	-4.963538068909823	-0.14126190920292186
-2.9999920143357217	-4.954361184641334	0.40737085435140175
-3.4136647746620317	-4.7512091773217024	0.05133016278717656
-3.296464254275732	-4.524322386407139	0.08354830203448521
-3.1030153841371315	-4.199053439649148	-0.06233741509959101
-3.669797314206542	-4.355666557684248	-0.3961551748471252
-3.6764236401931423	-3.828076904780076	-0.07368946720191111
-3.365567746699867	-3.7223411327544618	-0.037019787868354415
-3.2521499638468456	-4.1391294903219045	0.23479062575975862
-3.605836369270101	-3.5011871497232607	-0.3033182477172862
-3.709002562697104	-3.5532861751350278	-0.4942234878833387
-2.9876037004775573	-3.5639857347437696	-0.4609329924861517
-3.4504416777312104	-3.1808422705462602	0.009168994434542221
-3.8404200351657156	-3.113239060406173	0.06117194460155373
-3.507477441828212	-2.7750967068271217	-0.027922077256334776
-3.5020219544264366	-2.8569829283576	0.16851292934120765
-3.6498579358427077	-2.111119868862508	-0.4844568032273173
-3.7020296985309202	-2.073516233898308	-0.5095924461354256
-3.5971594593078864	-2.5861245122729035	0.19115394055922597
-3.83475422066036	-1.6673959851622777	-0.24889430779282262
-3.6796076174059196	-1.800069554503887	-0.3669968890069648
-3.502394016233838	-1.7437049217696368	-0.0303301941494718
-3.5439182798693456	-1.6281174692339104	0.16756445666276953
-3.500878720503757	-1.288693209055233	-0.33454363165375633
-3.630543164790541	-1.127669598892354	-0.4274594174207398
-2.8403642265981466	-1.099532578223843	-0.7421422823292121
-2.9221836061919335	-0.858012769493098	-0.24095059100352934
-3.154394135096414	-0.38461527708311527	-0.7363223757804275
-2.5528903142393213	-0.8390563496031638	-0.7560705469430571
-2.9279855707458546	-0.34474005375296435	-0.4477412036535482
-3.3206687349354156	-0.36493716996758496	-0.6880740902323385
-3.0556151002899066	-0.13590494464162517	-0.2855149180392397
-2.8939976368147966	0.22003819605673813	-0.4108413216344613
-2.7966026415029646	0.38904476671997	-0.06923800676357894
-2.807463448704683	0.7451857964780462	-0.34252669493156074
-2.939372888706402	0.6508258587034697	-0.305984423902424
-2.274308643594206	0.7973726307192156	-0.16094397296649254
-2.414147106975654	0.7602634379663363	-0.22359491892853223
-2.0103608110157984	1.1917581463346554	-0.31521458156937143
-2.5173527391784267	1.5221284173625695	-0.5501091260296508
-1.9080184655479995	1.6032446033320307	-0.45450821168158584
-2.472881291249223	1.8572438163510685	0.08237961692469686
-2.2641004717664783	1.989584598283726	0.02152103920196413
-1.9589595839924074	2.295476948046433	-0.23395197635324883
-1.9692310056027897	2.5293452630248865	0.05877821650557613
-1.7524676544130902	1.9933828314011757	0.03544429424855822
-2.056149388087983	2.740398703561332	0.0473903820360953
-1.872012002623726	2.44992377202238	0.22240492042590493
-1.1793515981566591	2.5935354179669945	0.070319045751183
-1.8590796099488132	3.094390823177168	0.8472873543687962
-1.0515118597289705	2.8168624250677547	0.22629639713446972
-1.224276021750624	3.238269450155526	0.6670835132107895
-1.0159809916099625	3.3307629102912726	0.7791537130769756
-1.2479087221552585	3.5712207548161268	0.664834781503106
-1.3872280708237543	3.676565914932266	0.9726793744333441
-0.7022886047069705	3.599987932089134	0.9948917696027801
-0.7374187378613409	3.928847988850527	0.6037253339068458
-1.385147022860762	3.890869833902784	1.2020406479136758
-0.5785194735986979	4.401873368516948	0.689067648065246
-0.6295756195954957	4.420202998022147	0.8637138864752006
-1.0865311653346952	4.929469222138091	1.2085144230166907
-1.1171299562852162	4.903222173161266	1.3485631876256603
-0.6390416035868174	5.301510841647906	1.307343779488081
-0.28675577257725116	4.981648788483086	1.1638449069185786
-0.9287516332573456	5.511538244525286	1.063782553760017
-0.6094025288408778	5.123706852776736	0.9508901562466752
-0.6187377762060198	5.519046028582474	1.3755985796317076
-0.25825176861456	5.561308864643688	1.3369790851330428
-0.6036482758684211	6.019747091501072	0.9119792375711171
-0.1142274278039418	5.6538881430218435	1.2102495823995723
-0.6706447693850865	6.079522616098853	1.2037061766022552
-0.256301517098413	6.64139111024756	0.7737714228318899
-0.16701955232303545	5.794409164867052	1.1517733918422262
-0.32042839178897886	5.735510831126972	1.4004694736739818
-0.11991990773999939	5.907593224327972	1.2800804318263879
