-1.0569956711792714	-3.1400106257143365	-0.9715400625361862
-0.672022323307312	-3.6823250958122045	-1.0537534316312553
-0.09066235805786682	-3.3776096802329554	-0.9990445991486133
0.11048166057758357	-3.0786123627961395	-1.0102861457459218
-0.3462289805236005	-1.884455573773061	-0.9250805009750912
-0.12823309136308914	-2.1868962222896036	-0.9807691773520846
0.04707033967492225	-1.5445671207474483	-0.5403708802553103
0.2804087078793768	-1.159586949025114	-0.9300127268905897
0.30472325885087825	-0.8049784107552576	-0.14141766454470606
1.1658405993222603	-0.526005867393769	-0.8100339605390753
0.6811376971663445	-0.10454572323408545	-0.622161243340997
0.6671110066232344	0.4935811913525528	0.029801844885433026
0.8401628949163166	1.0536227137244611	-0.5577559320316855
0.7167658137649903	2.0735263608251158	-0.40063605511297085
1.2845959760303582	2.0691302543918124	-0.742262173001522
1.059692108828424	2.447714644554883	-0.4995853244486358
0.3311032797132317	3.282923550671442	-0.07915216565093797
0.2517236202166564	3.075501474779732	-0.8779768816298215
-0.29536181340929796	3.8899707626424065	-0.5614579160673423
-0.4844021824220257	4.256847823190075	-0.5524631747520161
-0.37567150472797084	4.453369066273083	-0.7564940896918205
-1.2808575266700428	4.729905878941016	-0.4769077215984012
-1.9541504473508888	4.506764656470947	-0.054925487672764506
-2.100205973376789	4.332662015830254	-0.6076020445756187
-2.5354770178274593	4.277457514760651	0.046127685361319504
-2.614683670900761	4.403998120262912	-0.0780420728637945
-2.8940987530003865	3.9244897019798377	0.7808353660530039
-3.380729733978038	3.1783658956468193	1.1212340830138592
-3.034614309175756	2.9730414405486343	1.354808346077051
-3.370672888390686	2.435033540222514	0.8532989714339803
-3.00034565722344	2.2454737865685943	0.8825516351592487
-2.273818470417027	1.6322239878288118	1.2830393687715587
-1.991572417929048	1.1853147955833343	1.5637141557082632
-2.1898505464910776	0.8041825720070951	1.1558715502385268
-1.5659185080157543	0.057733251791869694	1.3251813412109166
-2.0078148835214433	0.3869353056029887	1.3612894568103602
-1.4775261659894072	-0.19931765318727912	1.2676271160916908
-1.3262994350680173	-1.3161710081095404	2.016571987444797
-1.1764434588150765	-1.711567533527493	1.7452081103701138
-1.2114955379983345	-1.8848838773160401	1.2922228913911444
-0.9574868631373114	-2.4326904128811124	1.6462383213075191
-0.873234146266565	-3.2198042709679195	1.4434076829599798
-0.37654640556786767	-3.367059239618214	1.084120545527607
0.04076472039308987	-4.093805609540845	0.9853181174814466
-0.1604562977939219	-4.379002056942503	1.0745126869733532
-0.2875041013150059	-4.906134131945313	1.2430805831155747
-0.3302457362820014	-5.293686507100933	0.44983776367606954
-0.8623129627161787	-5.429243943644993	0.5215468272043106
-1.654538884958861	-5.613165580843408	0.8360394809651313
-2.114117976253027	-5.4909995449317694	0.08597282899605507
-2.386450551540685	-5.045427567133039	0.009141908535382562
-2.307482636395184	-5.59238499394932	0.18116511845125033
-2.6512971117513904	-4.948049173807881	0.2991146906724328
-3.2789492520790473	-4.398788754321828	0.23214194242887937
-2.9828196644571063	-4.718757321995652	-0.3631084937851244
-3.3142069857134855	-3.7112734606640285	0.06053079220759272
-3.7675005176934078	-3.784260715721414	0.12776597717936822
-3.4143264044768347	-3.0120448855259543	-0.17957048030882328
-3.5985700637978884	-2.67776294772138	-0.11308883968459615
-3.2968597554063503	-1.6405044689285089	-0.43821201011029187
-3.556289619043149	-1.6128038565073346	0.10527784146776087
-3.092411607191872	-1.1553176047226341	-0.5250314596312412
-3.2462045060493008	0.05241944008119448	-0.5437539498227544
-2.9229441813261077	0.2701068252977077	-0.19350637258434233
-2.67242069027831	0.8681964416413063	-0.4740220400784957
-2.2064493654976385	1.2507877101854337	-0.1443772164065691
-1.72505296747542	1.366493341740111	-0.3773913581668782
-2.156872467837025	1.8842181582067234	-0.049728009575008225
-1.879099855570899	2.425727524083726	-0.05087580581764756
-1.378036725690676	3.0314732398666493	0.5141096967560794
-1.3520995376979417	3.723729665174618	0.467373726811397
-0.7513383413849857	3.671238613858108	1.1267741713244002
-0.9814404947846007	4.496678425972595	0.7620100426028759
-0.48220599225448346	4.630391751743684	1.4655559171463395
-0.8109694236514158	5.364665152664154	0.9444973937681672
-0.6702879980584142	5.72300526498153	1.4423457500323877
-0.37299223608827614	6.203159607781073	1.4211155654916157
-0.3527372552048975	5.756184727210821	1.2265066633201696
