-0.8789399306457246	-1.3297515391826429	-0.9793325959547906
-0.49740892729091524	-0.9081409564015726	-0.8282077265544854
-0.189860774137119	-0.32223356828328376	-1.124816380759151
0.3696923402274054	-0.3464154134911488	-1.1267947102839053
0.4441346007432648	0.1754428506379297	-1.1508120773929356
0.2839172467107612	0.22149986454846618	-0.9887284889671173
0.27515305521485867	0.9025955648386329	-0.6332313426479065
0.32408104595730247	1.2611141393813747	-0.8931059348035807
0.5442954495876348	1.930820163457458	-0.5793547588915783
0.8579058921848903	1.9972753661668317	-0.4978528851084767
1.1803322523885313	2.702379063369914	-0.6349329946770395
0.6076020354498434	3.3850530858166428	-0.22152170459128662
1.3891363095138898	3.54790038349193	-0.9158541825871594
0.558111939770848	4.610167463752372	-0.7824560165209775
0.7233286863016393	4.446252997009339	-0.4276242502502412
0.3034116993215561	4.86247247618689	-0.17809883356721634
0.005335520417141217	5.969414583366104	-0.3471851266427999
0.5229580951607347	5.768538320790632	-0.549208714872068
-0.2877817323420516	6.05096668950082	-0.176049034899183
-0.80689847979211	5.809939419499877	-0.7380443040504696
-1.1755831051281178	6.131295714423314	0.0585779204904493
-1.6676565399784273	5.832956456880181	-0.6789621719256246
-1.9239813982571583	6.22375436762183	-0.28775467222438844
-2.274771127172893	5.502157965517205	-0.10091003214537764
-2.818285040515053	5.192452967800614	-0.42321932177850796
-2.863176060203352	4.940561389005039	0.3205828537326098
-3.1441275783449596	4.580256799996268	0.7758211980746051
-2.9878537775904688	4.1423594859561375	1.0593306057048122
-2.816254801772348	3.208990467043067	0.7136827078730086
-2.0196401323398065	2.7959389779984867	0.9832252348239209
-1.523537594379424	2.3886173872433387	1.105781113482615
-1.1592273110951004	1.7724904424172891	1.421097581946405
-0.4850095326700865	1.4149294366339322	1.2504020624446879
-0.4872464201253158	0.8258184846760948	1.885426907031845
-0.6135686928016502	0.5352615289309657	1.3725056576519725
0.32001423725697153	0.26685801666099285	1.239761347672686
0.3500315404606488	-0.6336480174953477	1.6929780276486224
0.011659750430333682	-0.6198763984966202	1.5925840253820343
0.7541008949133763	-1.4018175809961193	1.3786217101029687
0.9824341993050821	-1.864837641283811	1.019779099670991
0.11026750740909555	-1.8962881109467866	1.0346618849728468
0.34184075301456535	-2.4561019022488657	0.757894656201678
-0.03541692735145423	-3.1541696344464922	1.1255207013157893
0.19610081753085978	-3.200858352278374	0.43098199977039303
0.3317180291366313	-4.136471234818446	0.4482118690352846
-0.7483086437536213	-3.934538262609561	0.4089459353669027
-0.6332466141142867	-4.483308933591022	0.538166209055117
-1.4188182976842176	-4.324503808746705	-0.07823188178305693
-1.6689609994422094	-3.9697300245837654	0.22901869271725134
-2.1057933630736008	-4.154978521642089	0.09114194907738254
-2.042856091832734	-3.8236918254837264	-0.21302255899273265
-2.543420082597354	-3.57873797457449	0.25410548293319885
-3.255660052872848	-3.3833855595244815	-0.22675992144486706
-3.0523395287921535	-2.5967277349409534	-0.46715446742166566
-3.0782495927454936	-1.7801110320093365	-0.31472992287222523
-2.9651110888134378	-1.8614650662827956	-0.10856714235416409
-3.2525344431042473	-1.0359986720145418	-0.48743419349926165
-3.3976112588087655	-0.9301009722107556	-0.24696957460408941
-3.3292856995636826	-0.16186966262006758	-0.34176245899253765
-2.7242752541053745	0.49326479480838176	-0.6175832023849295
-2.883488236287424	0.949299357601765	0.06530402311431238
-2.9461634026259365	1.449127420241012	-0.7454448832610913
-2.1907313450473276	2.038049530659375	-0.775626294987517
-2.033609776125116	2.6022086321215596	-0.6348002275038961
-1.9316987005852138	2.786160346528678	-0.0005522641046344923
-1.344082208573249	3.35849406874904	-0.023954255296945948
-1.4783979083318743	4.023382783777366	0.4610110491585615
-1.7719101790576675	4.408423776490933	1.0331753553754757
-1.6838873486082373	4.569241838039409	1.009835628217388
-2.19024095490398	5.004570818874402	1.1562825871605997
-2.1615925009395314	5.661300629199663	1.7409659930468833
-2.5982411313373603	6.322658445033538	1.7266176007016
-3.178001637288663	6.530101182370852	1.3277104331198646
-3.317379808695121	6.478640076048549	1.7250981482545047
-3.7029428228900243	6.885574468843131	1.9608156073452163
-3.728002743564475	6.810389188978285	1.1687014258021167
-4.642585137239776	7.179659310868866	1.1815407858054943
-4.347043132403019	7.373222284923658	1.402893883421552
