-0.7409293766198513	-1.001845362080839	-0.8259927088304487
-0.49652896646662925	-0.8603795918968289	-0.745386003133211
-0.17643453775031115	-1.3197012983035936	-1.1938753485227873
-0.23093695543847892	-0.9719695208416904	-0.7368790669778095
-0.2900061638593565	-0.9693640075559906	-1.3007609550249166
-0.5188427191957188	-0.4337829352826096	-1.2389411475192473
0.1486377241407335	-0.1461677177539078	-0.8888546257392409
-0.12102531696631036	-0.1810916008829076	-0.6167440551393205
-0.18880513475871047	-0.12932063139587197	-1.192910739036555
-0.10309908309299498	0.5574976276420931	-0.5976806080341792
0.7602114381137952	0.30765620276323724	-1.1073008296852884
0.33549670509439133	1.2352782804534572	-1.2448007243305694
0.26559946218523967	1.1181144270598553	-0.7180578390616782
1.000604302517371	1.1636246180136158	-1.1673769206904714
0.6184851409615372	1.0515830788807425	-0.695655720294841
0.386775477907986	1.8936256514909808	-1.1131667349857013
1.2229316136909536	1.6575769281995076	-1.1538978281963688
0.8548897452063964	2.1729502441597366	-0.6022002259093051
0.6513195978251056	2.799427566011535	-1.002366621712778
0.42589675297360347	2.779217328147887	-0.3031723545253866
1.015492075797855	2.7422785993849246	-0.5121753969160219
0.6833988845913654	2.845271341058666	-0.6613049483226969
0.6498455443577708	3.0702103146774995	-0.2282155379111822
0.5656701835445052	3.215950834846982	-0.7122364034372082
0.7285521850843695	4.029358523935412	-0.5912420245265004
0.7523515578683059	4.169782094135296	-0.469234533730973
1.1251589750248188	3.889612443054301	-0.31429586360543316
1.0607539376641109	4.655166736386525	-0.7155254121744541
0.9539104374184224	4.815145373133347	-0.45998975687615407
1.0749411987969437	4.668551048522857	-0.31572147723456057
0.26385911324110745	5.289907997308177	-0.1756156284990702
0.24821541147482565	4.952196501020479	-0.36029198738380463
0.17129405231070333	5.369233540905973	-0.7056739669547907
0.6509364941955436	5.33658124625986	-0.46506462227830303
-0.13182531123276753	5.991357640054858	-0.41670381639098364
0.03159962181602649	5.6943096784874925	-0.04483185982086657
0.07037560102321727	6.303628722479029	-0.35788083579744
0.19115681580949084	5.849185599453218	-0.7119885121189388
-0.5231508366357428	6.216889967668538	-0.8291443370091022
-0.9278328318331643	6.267358311725334	-0.3001550598847865
-1.2041589465596654	6.315577846087228	-0.7032762831342788
-1.575684209793494	5.841947459997312	-0.07241727333588743
-1.8038317235478096	5.7852110410029525	0.004588933626870961
-1.1555073318715778	5.941022077372199	-0.46413591530209186
-1.94946404617883	5.976240427686473	-0.7011032387727356
-2.3350223439202096	5.75250299866377	-0.5054975062786625
-1.9134679630159832	5.497788674679602	-0.4169723770354109
-2.105033788347731	5.223564051953299	-0.1090543875743133
-2.187616030349991	5.248346623023162	-0.40435154283189545
-2.491126147474482	4.9207655700536375	0.2562753036489847
-3.024924223911254	4.331521026661435	0.44982896784264154
-2.845531600528276	4.5575354600902624	0.09236811159585212
-3.097939027494147	3.975242610659573	0.6681447783395114
-2.7322781117996673	4.332689909746856	0.6065723685770836
-3.1019069219038533	3.4989433614733265	1.1015547201625633
-2.78984573465205	3.9591932520868864	1.0148436576242363
-2.338450017645564	3.6366932572257955	0.814682362305331
-2.578838821315614	3.0800885570179255	1.6909182363119437
-2.2546591884728553	3.3216733149721307	1.3364175908718556
-1.7670793403398681	2.6569936994672867	1.5862982458193353
-1.8471270878726056	2.8071783185453265	1.669214651483519
-1.4740077356955976	2.21206058072422	1.6841859774547863
-1.1870244063547861	1.8014629309055112	1.1473827474798806
-1.2537745948540007	2.0674971601261434	1.4113233772631977
-0.9534271194104615	1.571310260029156	1.4387075638221987
-1.066326266940356	1.3680707686018225	1.7523267865470689
-0.3783678151130859	0.9196391834641882	1.814141961899573
-0.585647037125399	1.261930939643644	1.3173337811903254
-0.7226153647993949	0.7250085928769605	1.6967299933125046
-0.2600995218149661	0.4265520350331974	1.2015786132927269
-0.043256230024279474	0.3037757138236066	1.8326125722932394
-0.07084387693065275	-0.14120839979089927	1.6372257362093792
-0.19503317531824577	0.008340240510778418	1.1504324777833381
-0.11050927185390502	-0.09429468244509343	1.4391320871924846
0.5447921022631186	-0.9111527310235279	1.2031625786383588
0.374299987027814	-1.247799870753695	1.6821238192670673
0.7561356989690163	-1.5139710387174647	1.4497627818323915
0.21440178620114517	-1.749619121951457	1.7681505547421188
0.17519843483714026	-1.5426026669223907	0.8162071419931405
0.3496406374206973	-1.7889843927637896	1.365454659764082
0.1383189950905456	-2.4559214763642463	1.010817938665497
0.7904342115042686	-2.7245248288806705	0.8306130251912734
0.5290849732656068	-2.4471165286334555	0.9637385600304087
0.297324903981573	-3.0640247456001113	1.224882815936136
0.5886240326487966	-3.2920433087813037	0.537159084489513
-0.06003043706218386	-3.1106964612515573	0.946604835587922
0.5463623712852625	-3.457971807509627	0.4006532948729367
-0.3843325531957297	-3.216508036726354	0.5865106133268444
-0.20564647610759645	-4.054214125627672	0.311346552487422
-0.30240553451235774	-3.8152035793318646	0.0789174779273398
-0.4830540440764146	-3.833121869383119	0.4968472359362375
-0.818963732703962	-3.9571642140149788	0.38560115322966293
-1.3273383334815536	-4.230172672501144	0.8112591828343986
-1.4197244627616175	-4.577318410450165	0.6689376163999474
-1.1505924419071483	-4.033339090552989	-0.10590395051420184
-1.6532630308346872	-4.188364516775999	-0.13195514580222012
-1.883017529898635	-4.07129402699882	0.26198301345308056
-2.210062629977856	-4.373295602963422	0.16930612508294274
-2.1666725231423847	-4.1809670263894905	-0.15051247981015298
-2.4236490952396705	-3.925075153805582	-0.23308196374997558
-2.2223593757963753	-4.077412331445307	-0.21537140842978214
-2.9448868379677733	-3.9266356996368983	-0.06847288254550221
-2.811579661307225	-3.4181181399655696	-0.3170816034827603
-2.8025214959545792	-3.5995142480501756	0.11732769349522826
-2.955160560314742	-3.2079022948008755	0.34658696768357383
-2.8427671183266843	-2.823127208350985	-0.24086384627085777
-3.220139502758757	-2.4822046109245814	-0.021046576348225488
-2.839127013211767	-2.3501969590322607	-0.44750406959944056
-2.8857516019767964	-1.8366735585634475	-0.3399455380470686
-3.0862747093373804	-2.2096044961468704	-0.2877812252698432
-3.098258901372556	-1.7252862563660747	0.08809435099717033
-3.472096734303559	-1.3174889109523926	-0.19694143650509466
-3.1107176448889433	-1.1749081212669334	-0.29629593581616465
-3.5315658151834537	-0.7142922050576219	-0.08513879590953
-3.3293572430062146	-0.1941504393788851	-0.6721048119222892
-3.2639621527450764	-0.49742613053167406	0.25256186381863666
-3.3695071762920636	-0.42952296250472005	0.003258065364863727
-2.9273429544248533	-0.016151316443409974	-0.3958852602930407
-2.9575956257233718	0.5618552630644649	-0.12510072585366305
-2.6098748831735685	0.49541061971157313	-0.3403251558373813
-3.1825223578248645	0.6769655782124301	-0.09261675168483063
-2.9175606374765346	1.01195051505855	-0.15811352332299822
-2.718367546166129	1.388547794353864	-0.624289694103614
-2.4492451328343687	1.349303149911893	-0.24012750387355186
-2.216651224880348	2.1772627994249487	-0.5894610684114514
-1.9841596381264428	1.8681232757312813	-0.6591899135115222
-1.9705782975439394	2.385293511712508	-0.6028914714256884
-2.096750788267448	2.3483813067150936	0.2251401255442499
-2.164440652411101	3.151942332098807	-0.25470583069680786
-1.4368018882286282	2.9466685432503756	-0.01614422243017921
-1.4041355303797607	3.2110341862855076	-0.34361107250620204
-1.8606081863889663	4.193827366492764	-0.1065831442337351
-1.3401854432529934	3.528256594822134	0.5575670283792905
-1.6346150891044662	4.024906440457802	0.15602643117618817
-1.6369071295036124	4.70976863845619	0.8517518865066928
-1.4215676304679508	4.491964742436046	1.2006081997237126
-1.9851176366294498	4.700209834633408	1.6312945774456895
-1.8751663545485835	4.757155905236674	1.028543045484176
-2.1764890100766685	5.759039263933637	0.9833526050723591
-2.19614785916525	5.192397358028239	1.5134358101739653
-2.1002208849477673	5.5107873811408865	1.2747208527708573
-2.380578672414567	6.200509238238239	1.3017042630326987
-2.758632102286068	6.162665908856946	1.5720659133780677
-2.8738220873692657	6.121991417253482	1.8455585288635836
-2.788510463224423	6.072619014573599	1.7350995438020766
-3.224450831356835	6.554245335731452	1.7035107883679856
-2.9548144310392743	6.687288887840048	1.2813070189968396
-3.1345363523034377	6.6168766587735	1.677112306936153
-3.25760049783269	6.784784336717036	1.412761446678377
-3.861951974689095	6.7271336587907715	1.8869739727227646
-3.9447047308164245	7.030058812183192	1.448470088718602
-4.502216330271963	7.427219375106106	1.73904046924955
-4.535722128049879	7.051655092600328	1.5376023433780603
-4.080502726082512	7.171703831773433	1.203333109449188
-4.4356600963493324	7.074380047894004	1.373382180495828
