-0.7799085470432514	-1.3536611921925985	-0.8662456593813009
0.10861026705656995	-1.0483732915009207	-1.2296982501469977
-0.12520552532931706	-1.0045429312245489	-0.9792762511483557
0.033154162955821076	-0.6559352532745467	-1.0424007153858303
0.43358352000199	0.020645396634843605	-0.7952262533972138
0.17985138637132542	0.5199826102356883	-0.47183040121205333
0.8562258618811757	0.6344257125027263	-1.1962950917840312
0.3420799444920065	1.7128259118157727	-1.106579288228278
0.6686288034298077	1.671274358460341	-1.0857511694418158
0.9106583631521149	2.4332934716001375	-0.7541153100318931
1.1057189183209044	2.9254990889650303	-1.029380501678435
0.7000810183747848	3.1353690535760266	-0.0585718767524257
0.656851845226	3.4027386760349065	-0.12612808378201512
0.6406261175223351	4.13865103592314	-0.547714471049659
0.838170430250812	4.722433329071527	-0.4637986680121605
1.026083491312228	5.1230642945762295	-0.4652457607141851
0.08883138331735536	6.002705523835315	-0.46073560737712027
0.29432247321782345	6.23621053720884	-0.651477291766392
0.034320118989829895	5.957189100247079	-0.2677096908643567
-0.6722954356429588	6.438974439354505	-0.566814434005413
-1.0002027553774315	5.904824243069727	-0.04728136876285782
-1.6762926240905205	5.96106436264779	-0.7998091131226316
-1.9628041442836717	5.553364135291336	-0.7050305166583408
-2.3290334889133018	5.523763807303153	-0.3088488775842724
-2.7291548915508757	5.343232577138758	-0.5581586825215552
-2.3928711993949365	4.585176642574879	-0.1875386962824746
-2.5985267531218015	4.140133213121753	0.7440080456113023
-3.090150216351258	3.9060157982078247	0.9408884946978717
-2.072109314188019	3.565502212182684	0.8972857213909023
-2.262270665826315	3.138597060179534	1.3077264695922506
-1.4572419095944822	2.336887850737594	1.4881132125666432
-1.5496531583022546	2.1059137382022883	1.294042878508293
-1.349093001134381	1.6540732662515003	1.3322620441115642
-0.37954338535333665	0.9021779636984629	1.396061938242645
-0.6338707016082591	0.6425579351016828	1.1465104199553229
0.16769137418940627	0.12623866750452098	1.4542245880004652
0.2591820438981756	-0.636964777838157	1.5039282221045989
-0.10981740376822341	-0.7896587357338769	1.8118943505591054
0.04365733857669316	-1.541485987582149	1.3770573748450263
0.3463192344315644	-1.7489773364780872	0.8554057432915415
0.836330737148097	-2.501301548955058	0.8941797884358058
0.45642969824673724	-2.206493336132441	0.6266435592518715
0.23324221130862838	-3.201445670139052	0.8776035576008728
0.011404600352727223	-3.204397657570082	0.3326370699461028
-0.5034010100064373	-4.220635602770081	0.641816365766019
-0.21372516532621677	-4.083614054234253	0.06434052322195483
-0.8172753963021213	-3.8849105888628364	0.10934400972364089
-1.0367629850202738	-4.551102357839292	0.371267411690946
-1.136529297144107	-4.52662001585262	-0.20258657273323438
-2.467695772301153	-4.1692145761178505	0.19061588492348785
-2.4829578932837597	-3.897543602559896	0.14790291107143755
-2.416054578053642	-3.3374307611346437	-0.04031476693341102
-2.737177244361546	-3.2014351982963722	-0.003920513970733175
-2.70707682446279	-2.885553500330998	-0.5083418757790236
-3.467118431305469	-1.9592218796654866	-0.5141724767361799
-3.0087276980580278	-1.8970707732109564	-0.32157705275810444
-3.1029996503371757	-1.2395566111200633	0.008108470015913971
-3.4321902916232254	-0.2132191496549124	-0.4108507298112384
-3.355821559558604	-0.3964602050581411	0.1569365638903062
-2.585121520991298	0.6514583363626811	-0.5853450628375874
-3.0055119194281525	0.9224809508601305	0.12484502771003259
-2.859777593013435	1.1444750985397931	-0.7419992613644669
-2.4738759682915874	1.5927103606405015	0.047210968205149584
-2.497803952590964	2.633562757892599	0.05326981211316584
-2.1108685896058765	2.8097715964563124	0.23315339954577907
-1.9566638259985354	3.9209612148493735	-0.18722900070354442
-1.5089239850357274	3.581029064476437	0.5464389528614989
-1.296783061908275	4.146569380914753	0.4951890586719322
-1.5505009536076484	4.632849008541938	1.3066823811603552
-1.618399956852309	5.135748854851663	1.2319299761391096
-1.8242683533344852	5.399477781399969	1.0924791573588786
-2.840206702056716	5.664992973425561	1.2822190281810943
-3.032931333815876	6.650183492925722	1.4651936046689944
-3.1815362700921703	6.263393705195194	1.2941522343938894
-3.790274340632825	6.992043719680245	1.283843309570335
-3.662432773254904	7.014386366840967	1.2419065971852088
-4.462272085521991	7.613535185600952	1.2862023525953612
-4.373938111124098	7.269300304141784	1.1561778888380598
