-0.31493716708639286	-1.196461290866971	-1.006767211785396
-0.5456285492337114	-0.9670015490083292	-1.0833434953314462
-0.18544063302189173	-0.9684803350541397	-1.1242344110432494
-0.14953727434270747	-0.09566503033049922	-0.8554839662396896
0.41185923431396826	0.1808112471496603	-1.1283642566133971
0.17114150339626893	0.31936928523401376	-0.37894499919681457
0.17854386368670927	0.6630113131496052	-0.9721252061993768
0.24380807104312477	1.1434062558633973	-1.0496427328364304
0.32136194173033983	1.5959289186852554	-0.951668104094354
0.6118073221807997	2.43193123657962	-0.38573845954769503
1.0638373243316042	2.711070440491418	-0.5257326604616425
0.6627359456278938	2.921332664768692	-0.4912114218438439
1.3412578602535838	3.7712899322524773	-0.5694497864224604
0.45715907924771143	4.0319204170386405	0.08584106843136807
0.9719739321818497	4.291381713192684	-0.622459698701486
0.45821395194201653	4.914400641718977	-0.17618756213955744
0.20436987514644483	5.391448241636545	0.09611933249550486
-0.13649337977408071	6.3600765152252094	-0.7373363771554334
-0.2662025798761709	6.360352549796943	-0.39752421625443435
-0.7683837620089763	5.852665972158238	0.04636595327525894
-1.2963713895417828	6.154727192077143	-0.3176138946452002
-1.4922004417567232	5.811180676103612	-0.2627191507657992
-1.7397183312754807	6.166626064821909	-0.6478306324046852
-2.553886786358357	5.566868321708877	-0.2779240959449155
-2.531263773427203	5.39582692326768	-0.3763687510351351
-2.803517929504059	4.513248350160109	0.18938106082324385
-2.803864659584164	4.278914863776748	0.13867094483258066
-3.17334977108753	3.4829449568661026	1.2609485668260525
-2.7350544757232	3.9037045911996193	1.0623005362888134
-1.6677368627302553	2.7360726931438912	1.049269243867846
-1.8440829693678846	2.9408715569445047	1.237552162644994
-1.7082366411539491	1.8817145176818664	1.7513832942748389
-0.9391076797523088	1.729329526941935	1.2117705374162668
-0.6730447830136664	1.4619063940343864	1.5567303980431308
-0.4790639517077532	0.9108572176676866	1.2639020946790351
-0.4417541063466709	0.750305095301965	1.4792673971956931
-0.03515879453482501	-0.0031317565120014823	1.2800726669922864
0.214367089099675	-0.8982270160756004	1.518983829003207
0.5393053575754883	-1.5715189170492776	1.0003964322936787
0.23086689048669407	-1.1779735392295116	1.0318693538237693
0.4338339314989654	-2.0916672484874512	1.4142864330370641
0.3452671706680606	-2.6474125753484055	1.0432141767377838
0.739350974105476	-3.452613918752828	0.523948738132344
0.3770230280189481	-3.1823417407644166	0.32985097692830384
-0.45119670137344947	-3.378043367483518	0.48824561018429896
-0.5498346229545394	-4.031606477666337	0.12500881131347963
-0.9412461381566826	-4.473775968928208	0.037276625792319606
-1.3155426036962525	-4.406247330034173	-0.11561451549640298
-1.3743934990985949	-4.226452278716417	0.1269671014426222
-2.4958409198266476	-3.4751791044270863	-0.28337055426460095
-2.5945157929819933	-3.6705460379993116	0.3951992554804667
-2.6937309314577718	-3.703085294004828	0.35262286251924263
-3.2369123886580806	-3.0072603702775895	-0.3651912434015466
-2.6424119982137926	-2.883713023291118	-0.456986372943361
-2.7788085513943575	-2.26318124923053	-0.021703552079857302
-3.353133435233863	-1.4400738641508726	-0.5718596450321499
-3.5517613136083317	-0.8745429000089338	0.05462786620234639
-3.21979547207546	-0.8103741921701856	0.11161804515759732
-2.7811811881632327	0.24526336891438366	-0.5222324002819103
-2.8904429728946885	0.3618435507906324	-0.0812318037785641
-2.7561951502037907	1.3661706647586067	-0.7099185944922333
-2.4400966065535505	1.7134464433495393	-0.6454217836658716
-2.7900628923033666	1.7201839037912592	-0.6061138384098316
-2.342370493775375	2.0811465290719853	-0.4808633854929072
-2.285843108400253	3.008603046875273	-0.04706385562718285
-1.403055689745801	3.0891548447553268	0.17173841263846845
-1.2446632601936185	3.656798805713321	0.17360206600545133
-1.8602111028512989	4.686829997770219	0.7853209344396547
-1.7540184719271628	5.0995217418880685	1.022058770319793
-1.8212398077593797	5.01538146705294	1.3372349957629828
-2.5642095888349434	5.469029231994306	1.6828224791500286
-2.4071376533658437	6.075194888171005	1.3931322545705216
-3.261987541543911	6.095580860943899	1.5651306895881842
-3.1801338315709105	6.719842787999075	1.3374600572471347
-3.7983787316537887	6.636862211954687	1.7106453415474645
-4.361553193125927	7.214505444252032	1.562014094552025
-4.76577750147542	7.565168770718622	1.3134454429652123
-4.999008654076153	7.00068610905451	1.4758761491957078
