-0.37799739234608853	-1.6761281787411635	-0.9415890580668055
-0.25207251680531884	-0.92179515751693	-1.2385762168652228
-0.3855108461264466	-1.0466104882547929	-0.6637842323443881
-0.5986537305945405	-0.3470956439274576	-0.9757244707219341
0.2577177345349252	-0.9419008578151663	-1.0928851763066796
0.2421294760848135	-0.6543856323870829	-1.1272654093430545
0.06445614578570247	-0.583925955882689	-1.1699293996952704
-0.2922071223527518	-0.35307709158340445	-0.815008346808763
-0.3066080330044932	0.05235472846354511	-1.1902562523981208
0.15410963838407077	0.3476319620396226	-1.0129215359823442
0.04069436026952261	0.5337571231734222	-0.8765172018964629
0.09007346302730881	0.6480700259621548	-0.5339306423039982
0.41305619123959403	1.257219033694224	-0.8873895599427425
0.13178218394493219	1.2617219456637137	-1.2018001817827888
0.7375596560698938	1.2953190236878347	-0.7508627013331264
0.5059969572093534	1.8323397554964065	-1.1069499761759953
0.530331666115527	1.77117996017562	-0.877578601216935
0.40132561692318885	1.8435723039854235	-1.0046910360593109
1.0321996009514605	2.4341702002572454	-0.650625608325407
0.5539526588796313	3.1169211444424434	-1.0151790512383911
1.0515832962716263	2.8120650018197066	-0.662707008080989
0.6606522591624816	3.150389169362569	-0.8646023382451317
0.4874506800309366	3.637010055590228	-0.36629883785122797
0.8255571328324899	3.88627116946378	-0.7427624202528372
0.7747320401250151	3.765301034731388	-0.6314046989705562
0.6016914434536621	3.645317078408569	-0.5962695815448337
0.6435044095516447	4.397446377893464	-0.5055187793920891
0.8942333883969029	4.312758937661924	-0.5191367625941009
0.6866564268954132	5.171967197943347	-0.535902856773104
0.3211922227582225	5.194282107017929	-0.6948804085408328
1.100782998548981	4.755061070381621	-0.5705796612235965
0.15335954452065895	5.136196303034368	-0.5021629609193362
0.4402227257589818	5.809575035813013	-0.3495581387186497
0.5002285897313233	5.743910864088109	-0.19265989070703593
0.550164798454677	5.635193851589074	-0.6424315210538849
-0.1433010129772866	6.00465008155419	-0.0657895489670387
-0.4795496830714291	6.170039332454244	-0.14861919589664752
-0.7157027114161743	6.317545066143845	-0.008267986381068959
-0.14352285922647756	5.822593544524118	-0.691366500513562
-0.7555958942116378	5.9002776438956275	-0.373695003442329
-1.26388129810868	6.620162451588361	-0.77359004018192
-0.8891228301833332	6.45713973853208	-0.7467189827115653
-1.3436309543260647	5.908167998486234	-0.8089678328891903
-1.5688581494553842	5.770851008129129	-0.437004306549695
-1.658588443923247	5.910201074012153	-0.5378836465014192
-2.243335151431212	5.4549943879566705	-0.3602736985625479
-1.9131554748451758	5.481549625323797	-0.20217154583087826
-2.749793300147204	5.296014986036849	-0.5188286711623084
-2.194462170708585	5.153286136888376	-0.06819374144374968
-2.579602430574643	4.63027687980309	0.18056539153427137
-2.690824527427559	5.1458418056137205	-0.10354758093731237
-2.918140567576262	4.758138355555387	0.22052656892879596
-2.9782712530975246	3.9711976134693416	0.5884172162298968
-2.2448168998126805	3.7289365279402698	0.4453544890176155
-2.7528408724289246	3.7966285213553825	0.7174290627795679
-2.466703106685717	3.3211297682931873	0.919749352845108
-2.058569446541507	3.1366050165759436	1.267280801502561
-2.2872822646238857	2.8658112038525703	1.4268744045991637
-2.3402003937153535	3.1797841772241937	1.5989879762857824
-2.2270303210709548	2.752157884627053	1.3440119075425825
-1.5275591551368553	2.3578709155844533	1.277772363702522
-1.686829327706394	2.5919145464886166	1.1208959866932862
-1.69713584239265	1.8320777356547309	1.9091000938703595
-1.2699048093398777	1.8208747978195678	1.4340140904271892
-0.7321032336144379	1.5397407209583442	1.6081279585872603
-1.1556170583305585	1.9048786024920368	1.5352477760466865
-0.846174264971225	1.3169451114032187	1.7007093078055386
-0.6882549110878907	1.2836938239444073	1.4791040467740548
-0.3397675128753227	0.48183504651778525	1.7070334978192345
-0.3147922895865073	0.9141248557187538	1.3783921860650623
-0.27875925426329806	0.07272912624952169	1.266250356827718
0.4316086790109551	-0.11670811710477846	1.1546138655889209
0.44713924926025	-0.38921873362468173	1.3168344464215926
0.22981092855010243	-0.5544762360692526	1.0612519487193168
0.05948405147504049	-1.1323070972121503	1.2734055031162046
0.5497120232224173	-0.7686596130230363	1.227225564677986
0.11099726688422104	-1.586892121379491	1.796373117673646
0.10767326043532746	-1.6244612244006538	1.3017796522335594
0.489436261020618	-1.8428238603002702	0.8077086110317533
0.11791542129523705	-2.005070134661248	1.0984462001852893
0.4609035781803252	-2.3095981356389554	1.448540417698866
0.5127757302281781	-2.2379557405723367	0.9720488634149265
0.27738418109244206	-2.3081368753034637	0.795711685886058
0.6273293198297322	-3.2601456780084366	0.6630041072817643
0.32912196907776486	-3.026125312816626	0.8368472299686008
0.28059625932335613	-3.6320318398252023	0.5814510010586271
-0.05186650592631764	-3.8432961076424004	0.47859681924804226
-0.041604970055317825	-3.94869871114407	0.946592953941167
-0.24756765344630172	-4.192544727679855	0.8619965507331461
-0.3119981546709859	-3.5571316311738586	0.4234902819737406
-0.3251300217934925	-3.9926805719069107	0.08938686797126805
-1.1131059052633996	-3.982722147349378	0.2238783225111085
-0.9528312153735772	-4.118339900179322	0.41049799913036733
-1.3078961703193848	-4.3396591852437725	-0.0717301756716136
-1.1683606643369404	-4.547296005004226	-0.11915622306021798
-1.7977876567566742	-3.7611442794741587	0.17894221447928937
-1.7830536474093037	-4.603886293462731	-0.07587848157585547
-2.1047472264449407	-4.226104059717327	-0.2322121378739459
-2.3133810477851964	-3.9514520862927283	-0.3428135351190899
-2.022557704314729	-3.599799658965595	-0.22527204457633943
-2.8499918501703014	-3.9220678078112474	0.447284638610519
-2.783165598536864	-3.198805013379939	-0.09519816697257755
-2.5602872834088135	-3.6962093502585547	0.044853414678273806
-2.91327914459134	-3.169639363166181	-0.2707707183557397
-2.982647826542357	-3.151716482711813	-0.06933180758128427
-2.6361125892643367	-3.0627235635503878	-0.2936064351659823
-2.9524878687896656	-2.9317186258642085	-0.12772379709921156
-3.1203092344568972	-1.8700650807507793	-0.39776326119792604
-3.0462141017512763	-2.208713064697483	-0.3042290391341993
-2.8383676896477024	-1.8823009451431862	-0.28198330194241106
-3.247531110914662	-1.9812992606455186	0.21122673254411206
-2.7004982360172196	-1.7020648297922036	-0.5592491876806068
-3.5813430495524026	-0.9000634766219413	-0.049446181195565764
-2.8824384842951196	-0.5438358228266148	-0.4798490164380965
-3.234446757114394	-0.7019462350226454	0.19846513926502352
-3.2807995615812975	-0.12735799705387096	-0.632465813185378
-2.7892058063949117	0.14485534292290497	-0.4679322953784145
-2.593740281585645	-0.17917487449340233	-0.5169284184120785
-3.0020640033498625	0.6320002018485036	-0.4690321594324868
-3.100484871649906	0.3560633081296772	0.14140054677923986
-3.0796386281630106	1.2761089013383087	-0.17479833727294614
-2.374551049970298	1.1088203143288657	-0.406085775497508
-2.3999302824812068	1.6508873979124086	-0.6177426663545216
-2.5282118082946345	1.6008289010876637	-0.4720200185452056
-2.7431686165884033	1.7863630582230177	-0.12131825210267255
-2.3828655044875275	2.228053689322941	-0.00829613015377162
-2.3474764729616355	2.449538497310424	-0.44602578038499974
-2.1189633854707663	2.8012135070720063	0.0846928798075619
-1.9658580831497154	3.2871137646399284	-0.35271322132387706
-1.6037038194407311	3.5454873263830873	-0.25051846330164673
-1.7793374849479862	3.814418625239105	0.04028710730773788
-1.9666217067017588	3.434218136759288	0.5191895968545539
-1.57653674830829	3.766345463633087	0.43884097278763035
-1.1720183586578028	4.105908835494439	0.1582088491853468
-1.939575774663778	4.533751943828862	0.6749950149865787
-1.5468636151823514	4.984430245782787	0.6168350085705876
-1.8896669650415694	5.023493223729321	0.8153871385153948
-1.5719503508742112	5.417448525991375	0.8361716126913838
-2.2332647015113425	5.493549233180975	1.219489274774449
-1.884666329090018	5.03691785754146	1.4091418152544655
-2.5755934924951562	5.323026081549247	1.170156880076583
-2.5434955504359196	5.633719185515775	1.274438646016086
-2.267068824192599	6.104533690339143	1.2735220996744143
-2.9703263533147384	5.990438347322429	1.9435861321309218
-2.645389882154599	6.002008932776279	1.6455958543880598
-3.3136039050613695	6.518593001799507	1.5379714276273442
-3.7335361119007153	6.275925856545381	1.359921934147399
-3.106675545211834	6.798732432498704	1.203400587250242
-3.4603910166512217	6.589042339411395	1.380237121429225
-3.644799763258675	7.183436425120325	1.4358417054385462
-3.949883492705418	6.818408956116364	1.8528659530354854
-4.536796319364108	7.654439872050326	1.2493037166891552
-3.949320975876157	6.853998044438606	1.0972041886355608
-4.55824703593115	6.908817299231234	1.4310263195956094
-4.413840346774837	7.399822782717653	1.2559182158637143
