-0.9636930765179325	-1.037614710346407	-0.5541713200744427
-0.6734161164091561	-0.9209389814776554	-0.7454368526792556
-0.2874762598591101	-1.267522210093343	-1.2189808658604426
0.05005688202419223	-1.1001075214475597	-0.9427293926572301
-0.6347992071068314	-0.7972160467960443	-0.5896541589700577
-0.2963960384518428	-1.1260208407717776	-0.48703286031861825
-0.5371794697063136	-0.30136010617265196	-1.2520427632417293
-0.3755053821691844	-0.8102461938514798	-0.7557995321639386
0.338078602722519	-0.36627136402193583	-1.253282740179167
0.14894801321257145	-0.6462736631104944	-0.657857445012497
-0.15068453182781572	-0.050549772055331954	-0.7254068037081254
-0.15374807593932188	0.2988335935007433	-1.0163603498825875
-0.04742030693728755	0.6103808249264335	-1.2144029174258448
0.10529417580222822	0.060390197011845115	-0.7600764743310722
0.358930435040719	0.5945468272283899	-0.8696681323859055
0.5396676426447475	0.17823896269049325	-1.118356208565046
0.35264899883001255	0.9843352379678729	-1.124811503583697
0.19319366961107917	1.068074347116289	-1.1305675148886347
0.041440536601134795	1.3760775885571999	-0.7636237336845645
0.34481255978758524	0.9659250347196171	-0.39328936092666866
0.4425925961052651	1.1901477918083627	-0.9401407168672457
0.6911904660182773	1.0811084694134518	-1.0523225286477034
0.8410057556151607	1.4777541636428018	-0.732955368697986
0.9851540921302242	1.8336672122899915	-1.1664469377182147
0.6218203139833827	1.6811221576516984	-0.42842608846036334
1.0487343451141635	2.033009000939383	-0.6598864847446563
0.5892502296999048	1.9047045594039012	-1.0154970565479422
0.4689535943501828	2.3101333683434206	-0.3903653845184245
0.6022504749258286	2.4751434735113387	-0.629996341373532
1.1910295249244929	2.453594829992519	-0.7261274047655698
0.8927385549029041	3.1280792749235995	-1.00204429366947
0.9189209300206843	2.8879748076098313	-0.4204760625764328
0.7480276138666739	2.8039016130070604	-0.21283353429552376
1.1647871227707798	3.164957427091166	-0.8275468731412685
0.7726911545605506	3.257562090995774	-0.5651924537537514
0.5716669559135188	3.668016701034117	-0.7967859079937096
1.327620641936436	3.5163896942123474	-0.5490470831631586
0.6323560983334442	4.476805041291863	-0.8222518231018032
1.292517924615482	4.047543291598808	-0.8171210606525015
0.8179108057300444	4.298850406919632	-0.8354719187733768
0.8308686062005137	4.3684345742879485	-0.062183181876264704
0.90108261121731	4.65125625440308	-0.7194280302245559
0.7082726170607268	4.529833232782893	-0.4500404930829647
1.0419426840518584	4.520706894783283	-0.3497578879280211
0.6236446219309155	5.061153893463607	-0.4911966859007071
0.8400707445004656	5.09585834407557	-0.6266495614442634
0.4488762404073541	5.3854852278219845	-0.4519368979064061
0.8339024376151626	5.151067348736587	-0.7723926271070375
0.12896805458803012	5.163350588002522	-0.021820740434808417
0.6853443947736292	5.351251533552996	-0.3182863437111837
0.6538917668208998	5.498607412003775	-0.37802200516687723
-0.19358612903069994	5.932034423605499	-0.7592249893369147
0.23218712395563673	6.236348176157179	-0.47667132412503777
0.07628659382283853	5.822523702520071	-0.29129327612526956
-0.524715520409753	6.567903816674554	-0.3845516482995833
-0.4425045630017099	6.396206657426782	-0.5149759821106211
-0.7342689524788647	6.485545612853545	-0.26018714968154755
-0.8137993006204265	6.688352317776782	-0.753314449257943
-0.4855022955548389	5.815975758302088	-0.5913174171817899
-0.7384743022175079	6.128870149315358	-0.32588901477765453
-0.6827466306943706	6.386139357844537	-0.47506970301478724
-1.0543337519146974	6.290969032271609	-0.37054372550705406
-1.6164139474740613	6.491522354726079	-0.8018733083602055
-1.3675725864528006	5.8786020332946265	0.006085185928123904
-1.242192192979577	5.68347119655186	-0.5554679913429995
-1.7180844125571155	6.298431244454266	-0.6059622981292664
-1.9492107462756847	6.026244326151904	-0.27668847483264236
-1.8450769342745663	5.62769668590588	-0.26167972944103535
-1.8495608540994497	5.370747369473726	-0.2675305798183931
-2.254933980512586	5.168500117652568	-0.6171496328851898
-2.39974993855901	5.028209721353935	-0.06551006617396349
-2.7258667840440944	5.051648779293556	-0.5112176876145594
-2.182356680093509	5.001528744852511	-0.5431748605207287
-2.907427725516417	4.722108883377534	0.3335363520874269
-2.5141269946742435	5.022323582786356	-0.061783376971379145
-2.968626949245322	5.2114177582837105	0.1752664089670895
-2.996727193555558	5.0290018501712135	0.28630710400257364
-3.061023686475896	4.696108681096665	0.08839446203848077
-3.068741444337414	4.203006591077093	0.45965790295021824
-2.6765608747453475	3.854946045128428	0.29730877225866925
-3.0778923049562934	4.064320019012603	0.7587342715153785
-3.10600807425737	4.254075032591527	0.7368510355644342
-2.5894253140379493	3.559462441468103	1.1761823756511913
-2.545278402539564	3.834983273323269	0.9880160195131222
-2.6254088406783103	3.3367221864138656	1.1755438548272785
-2.546478251979387	3.49906101886094	0.8646519951424493
-2.106063286736608	3.1263776895305764	0.989969124373857
-2.279563829871636	2.573682955349744	1.4717348290225716
-1.5575235298120491	2.6174866800170533	1.080702441157738
-1.909004176853999	3.12237905852838	1.400566048865577
-1.7365606978090957	2.664842097813459	1.5838887523783645
-1.537782556279969	2.2893501073166074	1.2224487906167436
-1.345707480513522	2.2408110820469083	1.4582227892555015
-1.6186038433597854	1.8035238574231254	1.4995557206483388
-1.526420114785064	1.8602914458058395	1.603767266135166
-1.4662330451405166	1.5444402479296726	1.2958599785731122
-1.1749943354739645	1.5575608403530974	1.6326966794334519
-1.146655774162673	1.9675713142973517	1.1879824206887886
-0.9357422071252514	1.034916754968758	1.5434271560552708
-0.6346951409552838	1.3725697232761873	1.2877339368406187
-0.7894562118837033	1.0378868510535746	1.5441099866042043
-0.6771183229881075	0.6344875702017119	2.0242949883935664
-0.7225762065716201	1.2382953395754979	1.4982563461514908
-0.15108905414155638	0.38653652861963356	1.767467656805894
-0.5051169446370183	0.20246791317218427	1.4099490964230397
-0.5191299151426947	0.6281100944525873	1.3638830670330782
-0.20812784047150118	-0.29903033977103355	2.060028852452673
-0.36736936095337286	0.47251036431150695	1.1633620329793084
0.30476496969061745	-0.10500090634418102	1.5509740299979642
0.21617742167114679	-0.7372501847477362	1.626008587664196
0.27105469695670503	-0.8819330857139988	1.3763461166061044
-0.15807707290681822	-0.8725254387102787	1.7781498267185776
0.5091733278841312	-1.2903519657404674	1.1747068156079827
0.7396166917400314	-0.9582946322236019	0.9470699357198716
0.626853771228514	-1.480192603732511	1.3082071374906308
0.15121194252213727	-1.4082359079971907	1.0011415883931107
0.8392972579274292	-1.6698277736789022	1.3174684751848726
0.291681249176992	-1.744261525881241	1.398980573004869
0.4816504567401667	-1.6480657339255473	0.7991911186827596
0.29326062005298853	-1.6122493428235973	0.7587602541187847
0.8054714948190586	-2.311219694468461	1.1229903320752652
0.46523462257671644	-2.6348393014789	0.8071959274392602
0.75296445804773	-2.35880923705449	0.7909949314130745
0.47791462730123496	-2.29928632982935	0.8772814913150417
0.21878045776487443	-3.166747489827763	1.1102761491387785
-0.037492196890784396	-3.342719615299671	0.6850604261610612
0.49123122662881186	-3.4225147842690804	0.5624116969740337
-0.07574947589907133	-3.149603491761037	0.33702131733834856
0.31769038470889577	-3.049537217089348	0.6786638888660576
0.1761047812560505	-3.0545358101854942	0.47894458430518744
0.07949875197309458	-3.5596252343096593	0.44554752085607985
-0.14353151031181244	-3.963136794653356	0.33891323602963735
-0.20652709326491359	-3.731424509159766	0.3669973762149868
-0.393698641238464	-3.9666386830577047	0.5346064560190327
-0.5366773960990884	-4.192891984980557	0.12698960549297075
-0.6945004789896061	-3.6781992070145972	0.2735956271537777
-0.6386361426272839	-4.406019225498826	0.6792622075345209
-0.9224792041252912	-3.981828636926419	0.33076198644203814
-0.874900116518889	-4.473404774087839	0.029408064426338143
-1.3773871309927883	-4.534647204548024	0.060756014832215155
-1.3596153303270384	-4.009848951116635	0.32441796455365635
-1.7150477587775672	-4.362743486804742	0.31750906698309234
-1.3058258170075643	-4.5997021363833275	0.48089885469615723
-1.680795944013846	-4.094691317023324	-0.020521282350781545
-1.665303867143267	-3.7660406666440798	-0.2536953963483117
-2.2312872774243786	-4.288669582322719	0.009828520292883669
-2.3226080231916506	-3.964386078422772	0.2562315719269312
-2.138102500589051	-3.4906568753204334	-0.3399323441514565
-2.052885506014894	-3.780837773681997	-0.24148071584244696
-2.1990443483471163	-3.782295763788446	0.038432506557120216
-2.8377840431744543	-4.118850986603275	0.42643272326674514
-2.524318188713274	-3.516059952132657	-0.01028481151819044
-2.592559568458643	-3.5768777227197965	0.21573440029421725
-2.846333855980078	-3.051854869254638	-0.12537592724975571
-2.4309691530636677	-3.240448431285449	-0.2392428887222663
-2.854284146604507	-3.0201846922145412	0.23757254521875582
-3.0557541055719724	-3.040527958324156	-0.3517151774582657
-2.9463689646073226	-2.609797793476403	-0.5024983200152813
-3.348279743723019	-2.7921683351668722	0.2384039810848776
-2.726904482842012	-2.3540802161015044	-0.36168069685867854
-3.2687364660531113	-2.8043358623039616	-0.24209032628855065
-2.9677260521930346	-2.06834497936114	-0.23408598741502162
-3.330753684020016	-2.468789932640491	-0.24414529304833166
-3.365078287912344	-2.159060293759074	-0.17087324222692057
-2.993950949238103	-1.6124890473117144	-0.5058170665949815
-3.4840409394191942	-1.3970222400632557	-0.08941999422008695
-3.2530339861787305	-1.546000509597691	-0.2531691826896384
-3.584534780755029	-1.3019020651802564	-0.2174002955053912
-3.5374151783733385	-1.2747455236579395	-0.49811083319852634
-3.2465656748373335	-0.8205062874497115	0.10726980596145852
-3.1546043291142203	-0.46729990607722016	-0.35440128899754975
-3.204956502468309	-0.92860457908155	-0.49772938287513624
-3.3643268255094267	-0.19972400342097818	-0.16394471918584275
-2.991747864810695	-0.4749301377930566	-0.23128569225351914
-2.8688553146067006	0.13374312725452026	-0.5960078001683535
-2.7884106430117526	-0.13452587042522618	-0.44267564137430193
-3.237366644497465	0.11965166971664327	-0.15224458446388334
-2.924201710318995	0.38719127334311526	-0.19199264674868566
-2.467116688566373	0.41124203999818126	-0.3841889961675746
-2.9044954659001028	1.1805495156214791	-0.48874222844306525
-2.94992066230602	0.6447819606869791	0.18580016785876163
-2.2948468401712656	0.9230482419133206	-0.7707094089172725
-2.361444082131189	0.9084305655298124	-0.49772949358736707
-2.974251217829086	1.2457594874256708	-0.22451550582206625
-2.780107991042801	2.183302057097451	-0.8012982699231158
-2.6825024093774457	1.5970578495477348	-0.618614105859202
-2.0878926296250593	1.623115673466868	-0.242171996746824
-2.316405059230812	2.307414607026804	-0.548371902091172
-2.311093824737986	2.666828141221393	-0.25092690153681263
-2.2466098859591934	2.3547367473728498	-0.03831116304614213
-2.3134818814436127	2.3297861391453245	-0.5655625771491213
-2.209002130915552	3.181918894729648	-0.3912262897477101
-1.9754709238078676	2.878772434208704	-0.16333190569193867
-1.7700261175067569	2.7440766170568978	0.3015861576112917
-1.8292185472774345	3.6132611552240403	-0.11049043907926148
-1.6796750077728888	3.1578799696522237	0.4022459114812815
-1.3769304283624337	3.6745178439553277	0.022130614476104093
-1.3251931196414857	3.8051462045029085	-0.10861712381997785
-1.8246157283926991	3.817227957447491	0.706039780138234
-1.1010327850179262	3.695359579146356	0.2425160021919392
-1.2197938897212195	4.194663331514973	0.25110384008422604
-1.5031214854871027	4.45296078370514	0.32962401246400574
-1.2757068833885212	4.461045395551463	0.860556022347785
-1.1870545219294364	4.388720545890272	0.8542629713231499
-1.9270935445211324	5.178395813116087	0.9421041897622657
-1.7649161710576329	4.884488692266117	1.201907863939649
-1.827305114328265	4.913269520427615	1.6133026281466205
-2.2410147199632133	5.438895122059501	1.4995489539638989
-2.094799426369953	5.327253567182556	1.16126594353676
-2.092487163785802	5.7099802041213445	1.6242107496905795
-2.5754995729630994	5.833060241927029	1.1568706168860923
-2.535381631442699	5.866259447872451	1.2427471989422754
-2.010408660647403	5.58542613135741	1.2771929820909826
-2.908621455271435	5.801965563788146	2.1822060369656295
-2.6958460218255262	5.917454658886274	1.3818323150539475
-3.114712254377285	5.825047227747217	2.1964812884808413
-2.815340385263737	6.082981253486961	2.012485967807696
-3.1061916460129586	6.363712576415748	1.399522332859624
-3.3561664110189517	6.397841715767207	1.7908733066881006
-3.5033249124150307	6.942255063436267	1.571194834066171
-3.680746900260496	6.393814673764168	2.0368324630676202
-3.6852316372768708	6.8839564907558035	1.2205366901220318
-4.056101127614183	6.837856092984142	1.6644831408611833
-3.545492272270133	6.765993220018785	1.7702690864312527
-4.017822290298971	6.677644926432219	1.3030228727386608
-3.902865211364233	7.0411403841270825	1.8557983002169867
-4.2594188308532335	6.744189066088979	1.907581405697412
-4.630795097974163	6.985571014436156	1.6070515863659285
-3.87063607068353	6.901143383649357	1.2529609143757647
-4.2020540723391715	7.418205296008877	1.1490523254848397
-4.761315758614498	7.787835687694615	1.460781807589215
-4.855356652178536	7.919024896470962	1.2463943195840077
