-0.8882206000316585	-1.2579482159024782	-1.1629493648097733
-0.6123167572494417	-1.1079709646613254	-0.8458295209682467
-0.21114655507435176	-1.2818545560778123	-1.0750539218177968
-0.16797895783829353	-0.8403801676135282	-1.2662829069778265
-0.2820454486510193	-0.40045040780678665	-1.2828814890300548
-0.37551919543536283	-0.8581903228401772	-0.5010813133526102
-0.27747312120602186	-0.8642278691512443	-1.218269871054856
-0.2582956132149541	-0.4170308232091017	-0.5805032022805399
-0.052123075351322545	-0.511814385968371	-1.3121114635857631
-0.44219329405509356	-0.4701412645797791	-0.8675992387400405
0.06870146764554297	-0.29683006631414177	-0.8125065958736515
0.3828946373133926	-0.34325321919996094	-0.8428144947060965
0.3398814409804402	0.03533402119906354	-0.8648884450437662
0.11445293428263248	0.27974916495548097	-0.8054486088141014
-0.14636844348097375	0.36348014168723825	-1.12838913766821
0.02372640994545988	0.7347741084942456	-0.6357123115267458
0.33725572013035465	0.7307188442975939	-1.1332203085963912
0.4509346518115537	1.0124672486883626	-0.8699928121992323
0.721544892087646	0.6119488686416567	-1.2350885331718444
0.3365874012396087	0.7479171645135785	-1.082283417197141
0.3929037211273037	1.0881772841439679	-1.1374846426263674
0.5329382258220228	1.4149837284614195	-0.8958802139880658
0.9593712629597119	1.479408362792857	-0.8870324350733358
0.8054892043789125	1.7918216959149587	-0.9450419754696228
0.7905935630285098	1.5317053164358707	-0.9712163472014326
0.9712697912370566	1.9770671412599843	-1.0313352462248955
0.4274400957478155	1.8783254241176717	-0.8314647159435454
0.881331080006916	2.578332677672292	-0.9197565838525442
0.7458276121953051	2.514555327929623	-0.36854363676358615
0.7613890870184628	2.766656234481167	-0.5971372880991318
0.7560715990773095	2.4295467233058154	-0.8640916175889976
1.0046315911501837	2.867649399156777	-0.5970610533576539
1.3025717010867996	3.010699161262414	-0.5943353750501383
0.6234561968622566	3.530207927374159	-0.7333885981350875
0.9001902372971029	3.3562541111573276	-0.9041676387776207
0.7936738479386729	4.067061434071984	-0.8617039938178862
1.2345853806703115	3.4876208751757813	-0.6020739589584018
0.7937399004040195	3.7688076114593976	-0.224944726600267
0.9425096132465176	3.760050294015935	-0.24660449657395955
0.8930596838288294	4.410006012811941	-0.519217632061384
0.8924418651995893	4.384693452818678	-0.11210303160281365
1.2456185913158064	4.334660963403542	-0.5233343835357351
0.5757625797246686	4.360673889281656	-0.038457586297259705
0.8460469419458002	4.569677914809505	-0.8223430169070034
0.9775328772041294	4.617981882432687	-0.11231428030669577
0.8586543152420189	4.864532541156398	-0.59748320178191
0.42664617363200685	5.524523354864907	-0.15298637944191462
0.8493763453620844	5.5442095916049725	-0.5504608134295138
0.6315531710307948	5.406690615253388	-0.23619498675158757
0.04128481854563669	5.666165478621283	-0.06587765658705347
0.18765430122004068	5.615315998040528	-0.2469230351175954
0.19233518994412613	5.907319491034019	-0.49450497483913514
-0.214834259051555	5.597859309652558	-0.18932564837749255
0.4584730346687831	5.683013830705185	-0.4722111063469496
-0.16036013822752704	6.396218648844747	-0.6400439217969546
-0.03911954657197314	6.058265857308509	-0.21186434517668518
-0.5650148828027457	6.270961631339786	-0.23560065113850182
-0.4171511315846438	6.534075497176445	-0.7907047356763619
-0.383173455696564	6.183278175691205	-0.717291858113073
-0.7536990602017225	6.370940640963747	-0.8497287191147315
-0.7794168311626312	5.92970371413691	-0.3519064121077733
-0.8343399852000425	5.9210920206116056	-0.5721423114209123
-1.4095287679137356	6.440409957281324	-0.6965650421122526
-1.3163593226742787	6.041189976572216	-0.22134209507333436
-1.2635450151913559	5.995388655032027	-0.39098591267171057
-1.6520493065540494	5.781573833344159	0.03685901187428986
-2.1884604863608383	5.879691091042265	-0.3441113107044047
-2.2001672364492	6.122337174750725	-0.46473419888969203
-1.9852288320971065	5.65250830338099	-0.2892819892411257
-2.552204797787292	5.527094921808882	-0.68098786413343
-2.637327297176723	5.972982648306512	-0.6482721328584332
-2.3660820805761507	5.650832399135853	-0.39239068115450615
-2.613528220756921	5.688445215015434	-0.5407515320751263
-2.240200754619379	4.987670398077732	0.04492156761217242
-2.601123911184571	5.124565889221414	0.23283052706105944
-2.5643127631770097	4.978263571113197	-0.1150707163245806
-2.262950309442469	4.288211817990116	-0.017680411465752527
-2.9646059965055973	4.836681160795458	0.017418124930552156
-2.650531344200508	4.4966211785178505	0.24379377299697763
-2.713446468885349	3.789984872922291	0.4200699758798361
-2.7446608895126077	3.9196537822799975	0.5368144760903044
-2.74800941003202	3.5453392048349652	0.48009416754175044
-2.395276838409173	3.669551725243836	0.8266461976064976
-2.3748577677209073	3.3060270796688056	0.9160946090898434
-2.337841229913497	3.4076926370662557	1.2047052524866988
-2.486104813727317	3.400750123204203	1.2830868835688003
-2.2369284303832426	2.9064434645429182	1.3212227562188577
-2.2929688666025805	2.9736181155823367	1.588659984096593
-2.2491062063749014	3.304623989511847	1.0898488396871218
-2.0344632959201965	2.3276457037951817	1.094386045624262
-1.600273581040844	2.8576060889126063	1.0989085248294335
-1.9173877770829022	2.9090951307913246	1.2914207558568696
-1.8404607189627629	2.523905968186199	1.205182699485996
-1.296443521091701	1.8213894499944057	1.2860555254347963
-1.4961431706198853	1.7681518008381665	1.6556446180447493
-1.4870989745490886	1.9530740580694852	1.4370958290522107
-1.373037132231584	1.4549017881332729	1.1848778368186568
-0.5270259491749469	1.4722465728990506	1.2280096813638381
-0.8782567542891415	1.2460792673191634	1.5156954990255744
-0.9346131613363181	1.490416936582072	1.7084569340668478
-0.8594759003910963	1.0004457721917848	1.719567087608048
-0.5570223041624525	1.1471236097023538	1.7058078576414935
-0.3753563924990181	0.6447908777355169	1.3518618951791632
-0.6855911020324551	0.4327352465551319	1.2143325634190114
-0.15214972890334044	0.18784939245408006	1.7794933633937027
-0.013678709125453659	-0.06208240719152644	1.9295472397195628
-0.2855327467716174	0.08033897588872652	1.2761791392975153
-0.25144823043189307	-0.22571591346540432	1.8021654728307226
0.2863393649272992	-0.3294295581576767	1.7474778849517807
0.5058176962065948	-0.3454224826418707	1.4495818868097323
0.08581215601747452	-0.7846913996799909	1.2263574147353116
-0.1002421172359878	-0.9929090613009625	1.55475321585944
0.7671098835888118	-1.0218406414379646	1.0203244175562478
0.29650982067876575	-1.3970269146572596	1.2742778481031023
0.09306961534748856	-1.4344237759115348	1.3916291063263246
0.329875581336008	-1.1009624748843514	1.0022394403663322
0.13699572091271728	-1.4696099887830951	0.89875423091642
0.21805159271156493	-1.6509986296866173	1.6319869851121307
0.2909298675517124	-2.146483817790798	1.5864101852248624
0.7640452853127297	-2.2026954800899956	0.8461456552409105
0.21386106311422973	-1.9420138728644427	0.7823111779419654
0.44770313371392456	-2.7166986444500685	1.2376606524017255
0.5275539124596064	-2.183393093462743	0.5737855391625297
0.332552705596962	-2.415074231060508	0.937828574503517
0.04846505866447525	-2.3569452757794127	0.496695672211163
0.061757662723583656	-3.146043101128041	0.8441808504427177
0.7096912184557259	-3.466885405516032	0.8691013744088172
0.4675510309765428	-3.12925986185936	0.713882716426852
-0.16584609095023006	-3.2766418179309986	0.6782726466316092
-0.09777210540741593	-3.067337106194064	0.4749217990025381
0.2658830000788163	-3.7542490939721658	0.5249301769440899
-0.14150866070362134	-3.502190769574583	0.3762688878849281
-0.3212144366709204	-3.865731238637092	0.25523432374811256
-0.1080170244183396	-4.131830184940947	0.5036372418646355
-0.4685410283823267	-3.7100068443862786	0.5927623832211534
-0.3135990535352198	-3.9347271282907323	0.2674919230903008
-0.6124386103949633	-3.921404734444566	0.196381480015681
-0.7162380791022369	-4.227209354507813	0.18917096325302488
-1.0640693655287023	-4.557050604414788	0.7583596880469591
-1.423265330094175	-3.9105847850485267	0.2995542794281969
-1.4955441338188955	-4.150560611556377	-0.1112300430516375
-1.0403471788097733	-4.633015762816432	0.40685080952126473
-1.1676061209379043	-4.495215169302447	0.16646698018345726
-1.4830841386970497	-4.470008455199023	0.08293998176384032
-1.9742207807638164	-4.536638953158374	0.19750791938430506
-1.9885347584712219	-4.035561635878513	0.12178096326259952
-1.7379890073441275	-3.9742173633477536	-0.11236302581196328
-1.9573361015481745	-3.9269863937317058	0.25768484508978523
-2.0476706647673346	-3.969806732729722	-0.08803208850807481
-2.122743245219631	-3.587779622856508	-0.3075227137377769
-2.3941077374720368	-4.172618468292515	-0.07152682475310917
-2.908383847793656	-3.5637246605122144	-0.03680959331777073
-2.543097295454724	-3.6831512933458366	-0.01542980752460249
-2.613217409967893	-3.333197764586772	0.06683976658788154
-3.1621115199832093	-3.2103595335953785	-0.20209011177442238
-2.457989324659327	-3.1291530298554076	-0.17030108184485426
-2.9448142398349977	-3.365145234481627	0.28349105300251337
-3.015559420901708	-3.0140664906365586	0.292014934494357
-3.2342070404848844	-2.8529721258450205	-0.23458372083109802
-2.5615959159451194	-2.811030082901763	-0.5286031752994532
-3.393960586343503	-2.2259143758790607	-0.25378875571671544
-2.976162479213131	-1.9197896592443875	-0.5199489524236938
-3.388380332576813	-2.2631819839754455	0.03969009015003888
-3.479608124459678	-1.7305781252353998	0.0965012915199508
-3.5533477642745925	-1.980078097773783	0.17400849571223376
-3.524887094913432	-1.6090266940355664	-0.40757794244214607
-3.250127936968996	-1.4505044885773266	-0.24459294934867826
-3.3893645068765514	-0.6938506500083215	-0.6075116544957448
-3.1280635531997985	-1.2279491345418017	-0.1846803221269525
-3.2192415499677507	-0.9607267634247244	-0.1368803416527461
-3.4140839511995793	-0.7672350886276595	-0.41883359050316393
-3.5347240263657502	-0.3191789129967978	-0.407813701140717
-2.7519069010748787	-0.5915054740221051	-0.14516726187446283
-2.77140791561536	-0.49643559178382957	-0.4821490527096013
-2.863009085381479	0.2963927900402857	-0.6526879721226263
-2.787946929086229	0.2513445165830103	-0.36777943081793874
-3.3823564596860343	0.24928231421149943	-0.6273700611372628
-3.0144445370215425	0.11830352868207814	0.1798627281256434
-2.5135889921061194	0.30675196044493286	-0.4883007351576285
-3.0465420607958493	1.0600460197919988	-0.18759036968823162
-2.3574088665081945	0.7746952448507074	-0.3765745012948367
-2.693609300600214	1.0512484542882647	-0.07553145050314802
-2.76166180780302	1.0510942671472696	-0.5544868496479959
-2.946129213523294	1.7348880532794853	-0.5667997075612847
-2.713680464442539	1.4169015668994267	-0.43070676573708644
-2.452552470153874	1.41304328604389	-0.3162500023246635
-2.3541010756538703	1.623651040841778	-0.20196063237338813
-2.460792159940241	1.916003976715727	-0.018551390265869383
-2.323320219915624	2.588342459700046	-0.6399950263847097
-2.1259208658238173	2.5139959205826155	-0.6900761815846677
-2.432585573719458	2.9560934526968357	-0.5243779881495164
-1.458509992718475	2.5833012424400614	-0.5884408211155435
-2.225487077812678	2.8750860661078597	-0.07685965615822354
-1.5959006794954886	3.13074834843462	-0.5632939300366607
-1.7754885095204591	3.153455180081532	-0.20532327926638416
-2.0457468346040164	3.4371658599564463	-0.4311840530288997
-1.9925756541008912	3.3814980109413795	0.24548329179883277
-1.508720696887138	3.87690937302059	-0.16073277195230046
-1.9766328615401685	3.8678481431550034	-0.06752610822295427
-1.7265961258818483	4.551448742688146	0.19952228175504222
-1.966834429413229	4.7108761948436015	0.26063639594463883
-1.418107691174515	4.74001339423849	0.5270155928494357
-1.5964810616345324	4.4353807464879775	0.49182536671940974
-1.8255258000741117	4.517300644594378	1.4454620161513252
-1.6919614686112319	4.445027149525861	1.6473700703908853
-2.0458104280185516	4.912495504591736	1.0409161611796347
-2.189453513646708	5.2492710077974944	1.6594481193710306
-1.8701694528786748	5.237118554288554	1.2563628854786444
-2.1798210112685785	5.233502555211645	1.8451465196191692
-2.435162699641359	5.721224736411739	1.2677602461626205
-2.06152120468761	5.341241525827498	1.7366585358749302
-2.2790037551784117	6.070986235257428	1.2677948963792818
-2.350931179618095	5.957728210345616	1.3190781021794011
-2.626983892251116	5.769633832621836	2.081484144213177
-2.6929281219114496	6.255528449559978	1.654425354658322
-3.2550386157194366	5.917277228622726	1.8532579793478599
-3.361923581610616	6.74907779134783	1.567961080007512
-3.39180661881125	6.350589001192814	1.7972475039573008
-3.56200233328582	6.0952919241930115	1.6579187240264832
-3.1664524405130736	6.772344077972499	1.516910594967511
-3.0095624983711513	6.511763659432467	1.3483722677634402
-3.8979028480942186	6.49637872546656	1.654612952336136
-3.9902506395017783	6.503259275056319	1.6554633884639154
-4.094986365669645	6.9605669893147555	1.8429278738382497
-4.1873063270762865	6.910742458204706	1.6275857424922182
-3.765804962360897	7.141000520874119	1.1847329367415897
-4.176570340583783	7.122901311559166	1.7848027198182774
-4.547691031487444	7.312759132860643	1.807626550123965
-4.119756557613798	6.934122516184126	1.3265794071068615
-4.242511199917661	7.438852531617437	1.499104843940854
-4.713085433680935	7.146171808861609	1.880829951047232
-4.284593920372979	7.014674280416269	1.0566850274345887
