-0.6674836193940223	-1.2566666680482745	-1.238508925438215
-0.12350356569156662	-1.159813978665262	-0.9463270057081735
-0.30082148012360654	-0.797356184230814	-0.9112668095640548
-0.07075554912590598	-1.1285640505183339	-1.220308450046376
-0.3922711218422392	-0.6511336227274761	-0.5842254166069251
-0.3899878256856554	-0.5047386078661579	-0.628395208979187
-0.22646751685837596	-0.6300619817429431	-1.0239894376919971
0.26882082036414456	0.08743022720982957	-1.2652642870618973
-0.18127332180436734	0.27990038249517507	-1.1110129785836587
-0.0048935340303751795	0.3216846176312868	-0.7923383685254545
0.04351316804107891	0.26184690789851206	-0.5652544050761171
0.12547011784809084	0.6807692208803289	-0.9505976891114923
0.8841527240282638	0.622537901024985	-0.909153468226854
0.8192128231554212	1.268156747325079	-0.7641409914143026
0.18040561131662816	1.990847101495494	-1.0319321405230548
0.27045019216262384	1.3762916311693472	-0.46425143373370314
0.8749357213574385	1.6462760124020315	-0.9916954712682002
0.7595920792245434	1.8174244938919526	-0.8391711590329297
0.6707968036129145	2.0103962273810314	-0.36409926775051005
0.666723171494964	2.8400038609201363	-0.8305399827943987
0.5145470361933138	2.7377144382952903	-0.2004414854615807
0.8148376113950682	3.223614987117812	-0.73569251654946
0.8427542660380306	3.5459853160303707	-0.39746823764595307
0.8691399285328891	3.9239796689377275	-0.7440707312300168
0.9349602283388325	4.0884228620169445	-0.5855013328174067
0.8027576574555418	4.1409468149664725	-0.6462154389445144
1.2053290708405549	4.265157449938986	-0.8579209537206758
0.8524328025526107	4.408951869140193	-0.2509168796404365
0.47917225594661067	4.819345554676767	-0.5854713372377424
1.0109851682435904	4.66903331098776	-0.5517693999867997
0.7660032651824398	5.256797556561297	-0.6299207408870234
0.2663831218718249	5.098178153263614	0.05354294091044598
0.2326750760654271	5.448533785849599	-0.7046612896909621
0.3158978196573369	5.365245900593121	-0.23905392671997505
0.6699697191783384	5.5066981184746755	-0.4730115908756223
0.07041780274716591	6.026111345567265	-0.0915336056913395
-0.5064881874193289	6.019651214009722	-0.6553362368755522
-0.43367694182784355	5.897016970198206	-0.10660250319978315
-0.967858001267221	6.378227761590488	-0.40801756562634606
-1.0289756238068786	5.871714756415873	-0.15036659729423485
-1.3997305513729286	6.425190653421393	-0.8183503915024982
-1.5986254862379181	5.993315456770132	-0.4642812780367943
-1.0323168878554427	6.123891798680476	-0.6237977013132312
-1.530288782999105	5.902965432454277	-0.6908385791032907
-1.8597986741525914	5.905042692521799	-0.20884826601388173
-1.9583804809125476	5.489493988514733	-0.35015507143331415
-2.528648990525829	5.946941123951717	-0.6524540918790994
-2.5881923878445403	5.513400075002312	-0.6495088352072613
-2.8768641396636925	5.298402434125656	0.015937879629105978
-2.2196868799969787	5.114320080526094	-0.11838558186569798
-2.5044686358126995	4.480255119465248	0.573762889998735
-2.3742296225676482	4.495192432885258	0.1269033849323964
-2.8462129486063015	4.621306534846683	0.37578459931668196
-3.042103834892785	3.7169172020670653	0.45688463164190324
-2.7269184405466933	3.834651422426342	0.8348959359290371
-2.9448397133645146	3.9005023138161117	1.2198760176492116
-2.7628326821256284	3.233173457575404	1.4739725843503728
-2.463199178401754	3.345806046054524	1.3437769645963518
-2.3171925943530205	3.290948495816869	1.4044878551135898
-2.1591440808971445	3.0062770288181158	1.273997217151179
-1.805095835814082	2.4867554551057136	1.6770162822170391
-1.8472548058828409	2.13660370736945	1.6616361707452412
-1.6726698458736613	2.338011971283167	1.6620753140634155
-0.614593487752584	1.5308743621173897	1.152209732214189
-1.3046544505798172	1.498272794747282	1.6944210581652663
-0.8679164103024358	1.6320315018533629	1.419388474094343
-0.5298069557602746	1.15777638323864	1.2023828930054967
-0.6471741531293593	1.3323476953149553	1.6313538924631605
-0.5302596750019245	0.9160837355459459	1.5409365877909549
-0.6518891807532105	0.17490886302094613	2.088445432452713
0.2227190636129921	0.1256532405447144	1.4495994329876871
-0.3898495155205709	-0.2975845145478695	1.249154639445492
0.2522360047421484	0.03646375769499355	1.5389485856338014
-0.12334058763639022	-0.8185637514478975	1.1560140615904384
0.2535848180469918	-0.5762332369700418	1.5384467127761132
0.4214303968897527	-1.2977577333944623	1.7322014753304902
0.22314817549730745	-0.7660060732441883	1.0874404443511299
0.24345855525176122	-1.3209614331345005	0.853127910773679
0.31796462182667706	-1.8517604382118413	1.449146385312138
0.1874317563256608	-1.9336935136647364	0.8691667359810811
0.9967000579253121	-2.3219506794241225	0.7465744437213037
0.4220803650829022	-2.688018247464174	1.243093024950698
0.6385708604509343	-2.3795061923859704	0.8221979788870827
0.2002347387744858	-2.901017497700673	0.666436182337996
0.5339649337743924	-3.4481800448751705	0.5569277632426624
0.4081493413043174	-3.537023617095781	0.6928154884011424
0.19708117046647194	-3.345631252293299	0.49198359481343357
-0.21281881386361245	-3.5549157173523787	0.7126483250823819
-0.4036032587435351	-3.6719196503216933	0.5118812420729753
-0.5158010748047033	-3.8550599144913305	0.0921300912024163
-0.2843397829319152	-3.8838507144626573	0.24834423717355458
-1.0244477850403002	-4.236681346223432	0.5261605512328063
-0.9924045193746357	-3.7677410386844237	0.3083325393439117
-1.2908702364450892	-3.9784675643373895	0.43872096924502074
-1.0834868940045919	-4.446422363120541	-0.19751194150509974
-1.862743403271623	-4.614820260269079	0.46439580522461177
-1.3098488686751169	-4.355843773181476	0.12710944348965209
-2.2893227464970782	-3.570290066426501	-0.015659297523398896
-1.9403390175755773	-4.327915658054867	0.22565105195536334
-2.0661879361407283	-3.629762550536487	-0.31658309776436044
-2.8498463467687216	-3.95727995764406	0.3368962731186022
-2.6936101199561557	-3.8142466960311943	-0.21480078916507306
-2.6570295885599724	-3.037823546786815	-0.1914471491038508
-2.722640409615618	-2.9339222651861605	-0.14075847166298144
-3.295324823469467	-3.005722818809738	-0.006723793263966604
-3.278847157714498	-2.671753364880671	0.08050173693736928
-2.6345340125808407	-2.863266370766208	-0.19656767951828535
-2.888904287441079	-2.2441942051748978	-0.5433404508455622
-2.6499193058305783	-2.262399027153913	-0.2869595673182944
-3.1656868627947836	-2.042619418005211	-0.5745611480796338
-3.3533164957808568	-1.2556556208341196	-0.0677639059328814
-2.8669881153033057	-1.1208979093988307	-0.4097713724326897
-3.0803312449425286	-1.4774201234281663	0.08828001445993194
-3.393715921172575	-0.6313446024529485	0.010845463341808692
-3.0641872028851607	-0.40409221831806574	-0.12150496903669883
-2.6571162450583348	-0.5348066122783475	-0.3051317584579727
-2.9727198106299015	-0.31604504961820973	-0.368501638234784
-3.346090189408038	0.3905120975196016	0.05336833849784128
-3.1882539587673757	0.1146946567131911	-0.6360853466011233
-2.7761276220130737	0.5373538726889904	-0.40595995300668686
-2.931036511704108	1.1505660991628637	-0.1416651624176828
-2.3465391439962033	1.2576772090017037	-0.6753099124906243
-2.200874334521566	1.5241786159740904	-0.6584543423400967
-2.7076090227213117	1.9272148266329565	-0.4280386198485896
-2.1044796402879453	1.9723420295403788	-0.2694153162626842
-2.4074624774037274	2.042106774343063	-0.770632592244322
-1.9491809552704615	2.349945026013774	-0.4214398893958591
-2.1815883463923504	2.325502658183819	-0.14236314499795877
-2.0934802029178767	3.1117526388612764	-0.1526630440456529
-1.9855571019847065	3.7006178593138714	-0.5073244335482673
-1.770515050762345	3.3059709031403792	0.40055841344757903
-1.8358052880925353	4.10171278150488	-0.004352527995606981
-1.9716756540688793	3.8258003394121833	0.22092370274904768
-1.9832955692992735	3.9260429082930166	0.13954881439923636
-1.858311944212924	4.824663403549265	0.5799184607217798
-1.5072964370240096	4.431207515975265	1.3267103939215712
-1.2253339785374462	4.78667328253214	0.8733182122355896
-1.4371832507619628	5.146706334992086	1.0758769734895055
-1.746488008240922	4.836490620163068	1.1616035165371814
-2.4580226886639998	5.426344783005759	1.3545155005849825
-1.8597601464011815	5.631253135121282	1.2950471605496683
-2.609300783862484	6.06677894561384	1.2901299909909985
-3.017447721006663	5.607968310141351	1.9779526844930317
-2.911099056425405	6.280853897924188	1.845704195159565
-2.6649945439096987	6.248470652305904	1.6400187531380515
-3.196095969893154	6.247169377828589	1.821427855892697
-3.303501724527592	6.15527124347649	1.753528391375629
-3.2774130324125883	6.3187396106815354	1.92322860628816
-4.095922505890379	7.225706213473298	1.7540287507590588
-3.9248437381792964	6.782426737976152	1.4199797557872575
-4.283645075069389	6.987601536610441	1.521611038573441
-4.077139009066984	7.390098831829333	1.3557966948747449
-4.513521379019907	7.620383166957549	1.553736934581749
-4.642839522842866	7.745768084704177	1.0721075768419803
-4.578904585682008	7.542275149361671	1.127006673304122
