-0.823094005439705	-0.9522172562197488	-1.1236507793581643
-0.6209086884809596	-0.9564869499527686	-0.9325229156333782
0.0890382245868806	-0.4526598379209542	-1.2663563410544074
-0.288052335780114	0.16774382682170108	-1.0718896168217573
0.09862276064840197	-0.06789980918872046	-0.7847393901016315
0.6878615934776142	0.2652413604249746	-1.0517401486785758
0.03925143759949802	1.042727894652563	-0.7878085639418579
0.505355335313661	1.75645957781488	-1.1771381784138693
1.0011208767431738	1.79839251874942	-0.9716967471165391
0.6871855546650009	2.157588389427523	-0.9246006009862697
0.9520932684750671	2.4487787409570494	-0.7889636132089497
0.48453094848856715	3.518890954779308	-0.35613720127148607
0.7590464714807605	3.817885114416966	-0.3416823765106639
0.8749605577214932	3.8808808813804814	-0.19316267784355445
0.631586721893473	4.707797090097887	-0.6282614404674722
1.0446988625357085	4.791362007360974	-0.38450509874212757
0.9334037855495115	5.274656312761855	-0.7771711421710406
0.033936198838742215	6.169443423405905	-0.32509420938497224
-0.028133977716160774	5.885152741155684	-0.7213385809601406
-0.9589831540888406	6.333660318198401	-0.3360363739007196
-0.5307708607700361	6.006295668171759	-0.5575030441540458
-1.4874109738732773	6.210053911272847	-0.2705787946504138
-1.823899905707616	5.771987115240701	-0.3156326595152056
-2.329426866892325	5.441702355416274	-0.6722665622887326
-2.7650685792740757	4.875185277434129	-0.5392960951894724
-2.141797905947258	4.355573179119024	-0.03647590784418203
-2.846199078934863	4.150567853568006	0.5204863936544935
-3.1185586317591167	3.849980483540852	0.5144413153267493
-2.7461304171634215	3.366219059883732	1.4029646031234666
-1.995781259108102	3.3593947635938304	0.9363910103735222
-1.5205452967769337	2.13118269749852	1.5633761625054285
-1.3969414742561894	2.100244988823733	1.6987032649083913
-1.2911676341236809	1.9675527935313437	1.3264133354285348
-0.31413422332385976	1.099088595306299	1.1780827329010215
-0.12020881816806284	0.4064995635815634	1.3848294754617603
-0.5196344658056751	0.5266745277212136	1.4780594260541196
0.052643039448604545	-0.38549154050008194	1.4945018095183682
0.2766478790606181	-0.39682553801828657	1.2730123482942108
0.40159423731062266	-1.3181171599872008	1.0865428014102154
0.6206043200677003	-1.6196515725216982	1.3675346849183536
0.813334034687808	-2.393089377104915	1.197801965456724
0.28501202405198894	-2.9929506364638874	1.0875302161875298
0.13506808557235678	-3.477617602778299	0.8348844785265636
0.45734417037649594	-3.514984569005553	0.44372168003641993
-0.251631137132461	-3.4480830288763125	0.27391123400522915
-0.2920305859937753	-4.068645879161615	0.36246943479681726
-0.718119225709962	-4.063434529221383	0.41991851891146204
-1.3370726118312457	-4.376281577325303	-0.17351218891384032
-1.9086388641169547	-4.281782753209496	0.25873485061492824
-2.4469660321305335	-4.156090162085697	-0.002434515531980541
-2.4346955758567157	-4.010703671625352	0.12073360021320906
-3.0742474504679214	-3.275948171297774	0.03386211333004935
-3.2929489648404844	-2.749419948423301	-0.19676538606385224
-3.2825061699917817	-2.2226274120412666	-0.5241584698877856
-3.1568961817165953	-2.02682514499515	-0.5433324386494718
-3.5072038406075094	-1.1112884936367526	-0.14100194579027392
-3.5356274125629117	-0.6714287794084622	-0.19220698200048192
-2.866582184700001	-0.9196797474855903	-0.518028780149699
-2.882934953856952	-0.27233202450833466	-0.47927665405435793
-2.767529605159786	0.7397024132052995	-0.3405772408981531
-2.804374801910158	0.9628983840273645	-0.08850586841857067
-2.814219435806171	1.3403344371356734	-0.38764634540433396
-2.5411483251805604	1.6634891465843622	0.0714692365563766
-2.546785956086417	2.9913894620065014	-0.42675952542326756
-1.6309977732851864	2.585794407086991	-0.034225877357564105
-1.7329702110386431	3.736344726942387	-0.0909466224051586
-1.7516201844989034	3.710634109434274	0.5193307639899339
-1.858070630337406	4.37319425453891	0.6323583287060746
-1.6776698378330457	4.8172424460382794	0.9382502335778595
-1.8366161080773362	5.358646272703683	1.0807603954702019
-2.2810941244094867	5.715071921234635	1.109381029574001
-2.6612126458591407	6.098501932948647	1.4693039385019602
-2.5524648629387396	6.1488231432210565	1.5520777151567606
-3.7469997167181774	6.563595411570306	1.6464857225724157
-3.360850319342606	6.482120097099203	1.3145975216606915
-3.7207714977654924	6.8848389391499865	1.1925675157176963
-4.406362282264711	7.268418988089474	1.1767710018916242
-4.39350215027	7.554633865192658	1.0858231797694913
