-0.28099424534069695	-1.4164933289381216	-0.7795681556632094
-0.6471353758466407	-0.9465796815878451	-0.6136036574352375
-0.4336891882951398	-0.9946974715477991	-0.6300911800733862
0.09999159098482269	-0.9509778269474598	-1.1026248238739282
-0.150454361535464	-0.8684883301819653	-0.888836038311272
-0.01252262835251261	-0.6288061521293484	-1.1026626558596626
-0.053147727424576074	-0.35300788343309475	-0.8755308500707126
0.4461671097820795	-0.2354288294486258	-0.8881687145687421
0.009261747634132955	0.20133745756007165	-1.279618317450026
0.6527899640706037	0.0566225691478755	-0.9476817373225922
-0.008616996431764112	0.6228754363848589	-0.9304421326433904
0.17075944898104614	0.3910858153609233	-0.4531019102382564
0.23346868418809974	0.7092508819983258	-0.5115898357502446
0.8254198707875575	1.4224458164648972	-1.002324401656761
0.6713988138300233	1.0998741226930688	-0.4964089989194461
0.4120527167990223	1.322164368818479	-0.9688683156587271
0.5687964498115756	1.818958163466635	-0.8100459391990762
0.6735898162240122	2.499751560480084	-0.9076381955694638
0.5219531453840358	2.762672809248415	-0.9686058466893768
0.9319302887690859	2.3846117956775323	-0.9111451992587457
0.6382658506208789	2.6597032736416706	-0.11142622731924978
0.9357952843356575	3.1396946226126805	-0.6747814371957028
0.6041181851931583	2.9985890408739593	-0.6800768504680369
0.830771150130031	3.141688418644973	-0.8293796183510881
1.2230584884564581	3.4957174855239224	-0.3580148460662296
0.7383320353927609	4.002430604890439	-0.1692992808540862
0.9688967219415556	3.902113659718224	-0.10618891559315136
0.7323115892662713	4.658604921928983	-0.30142686512557526
0.824204915844776	4.466594017831632	-0.14308939679097143
1.0004031974388383	4.95166837620103	-0.5809070065473745
0.3782013743333801	5.442105353970301	-0.2695135770654594
0.5207605059373528	5.333081373562925	-0.7913171996699712
0.13765493304629556	5.74207780766254	-0.5807439906426982
-0.10810641448448666	5.517038281494603	-0.49067802705420505
-0.030533641022932767	6.060985759580767	-0.11418702975407047
0.2368680629201907	5.7331451900031505	-0.24487930174464456
-0.1955057029700994	5.983003329482	-0.1254466744908227
-0.6353250319589413	5.839197196581265	-0.7360350610281325
-0.6937825938959674	5.806129932396111	-0.2521242280013838
-0.9429173526820241	6.279764094501549	-0.20032569849630577
-1.4085611031883412	6.26055474632708	-0.7321185569881968
-0.9708011832311529	6.443300546351805	-0.6138064698086175
-1.4903702136849786	6.3712301594746314	-0.6147282397257956
-1.7370614362534087	6.153788012403773	-0.6483838744948627
-1.9535132972135618	5.976350997875275	-0.19676150843420004
-1.8779783328174848	5.477781973362337	-0.6569306518978067
-1.7558210586950156	5.2209260165500355	-0.4464949656350945
-2.4695616437718444	5.1367843999651335	-0.14499407208378845
-2.5564047154470693	5.220642285540828	-0.45832329446058573
-2.5471711844510088	4.793548287926793	0.4220570354877184
-2.700243364147008	4.703742002731854	-0.1454570641425162
-2.9645105953754918	4.406006195985018	0.019029695559736326
-2.425223223351	4.246300258506415	0.4800515106451797
-2.7421971781227934	4.090599972654523	0.7578137611551223
-2.9831937960247283	4.104880161074778	0.985084622477743
-2.8759685627329175	3.8262737493888883	0.8702011742811526
-2.458955657195468	3.399215818777548	0.793058439445099
-2.4421995987760425	3.6699429867024156	0.900670851429184
-2.3648601391217574	3.486063427324242	1.0472805381513945
-1.8425723318196963	2.461187129892072	1.3615349391446911
-1.9650640415112335	2.689421487843262	1.563466430987822
-1.6880726514005322	2.5541336122030645	1.6484685435942588
-1.3813255667118098	1.8946775209446791	1.6069000138637417
-1.5258729042086883	1.9892999953679413	1.9550046117258963
-0.9175476336011864	1.40906626741712	1.9506462365468797
-1.1331147577362715	1.8819611954995052	1.532413870870359
-0.4362519301225285	1.005360767516934	1.8553508918478179
-0.9025763038011104	0.7415654648720789	1.4559239068229646
-0.4906631826173806	0.8949677474453219	1.1606531082534064
-0.019986436465821877	0.5076885466943915	1.6661769700633737
-0.2916616940629847	0.05864336995298916	1.2710807452615072
0.0810228806953488	-0.27143842506681204	1.1446356461600802
0.5095562627446688	-0.19784379059213708	1.1726289406665322
-0.23254590797006391	0.05963289149694084	1.2763732427077585
0.7206978547373388	-1.050568021697188	1.2097844817523784
0.2998184676245679	-1.1888869472739014	1.0903307958900212
0.5381274141243039	-1.3899205624843196	1.4447417443309023
0.37093718896465266	-1.3896041329376398	1.036065918386313
0.39647415779531314	-2.034439472740311	1.4492002472954182
0.6650075543315522	-2.0961870010512826	1.140796949389856
0.2252366654631143	-2.5574455880847955	0.8430974067238667
0.6552814856733318	-2.7629311647891495	1.3470458864625106
0.21790330044030534	-2.2257958487767944	0.6569082007703523
0.13763412887984924	-2.9901009036992954	1.1759452106107728
0.4550548949213515	-3.4797321957261245	0.5933964461317099
0.5266101672937087	-3.368346479668036	0.7944246340205796
0.2646425262065218	-3.0802402886008697	0.34154507498147896
-0.2286003573462405	-3.7042538763168156	0.6169262517390771
-0.10595125553473639	-3.885630479379224	0.20348964312130197
-0.5249604657128617	-3.658582553911713	0.06299353399970228
-0.20995265025269272	-3.9212039713558013	0.10293379423722293
-0.5063386735674154	-3.875302172782926	0.1660129317694672
-0.9908010561825111	-3.847603488076233	0.45977776532213377
-1.4182548974746578	-4.229916100269813	0.1623006724936849
-1.3311396912121232	-4.082664065557963	0.2811042741112839
-1.5981365212066025	-4.384121762325381	-0.03679962783632429
-2.0602518340156517	-4.56640850859473	0.07892940780071783
-1.7758798699380063	-3.937998784617005	-0.06285908597150913
-2.2486118480058677	-4.157460794666873	0.1605049044693268
-2.555282617856626	-4.236299669247094	0.1810344651162068
-2.63714387529219	-4.111051832286039	-0.4032797813445091
-2.7724768555430783	-3.705420910229841	0.04533442748945882
-2.969586839274897	-3.5967750072804847	-0.0842546798594313
-2.877698704674338	-2.7342572518295603	-0.2521663158067053
-3.1044459738128114	-2.6423730577559548	0.13212566390615593
-2.7987264988361784	-2.821548514218539	-0.44213019417700516
-3.216954283538763	-2.8749427718504452	-0.044346129282163194
-3.3437862576244424	-2.691391434326765	0.42110094556656374
-3.4911594282174767	-2.1310543451567776	0.2719090746262647
-3.2808298757980157	-1.6751946011542356	-0.4892490670284968
-2.7760311617045956	-1.8851998090437876	-0.21208963727285302
-3.1355158243494365	-1.0160880675450032	-0.3452614421214596
-3.3012034292250183	-1.3880063278755799	-0.1291830155313013
-3.0711771580705163	-1.2138243052462159	0.13410677751916444
-3.3765947976181114	-0.1618221497156277	-0.3357100850735769
-3.2209801996769025	-0.6994978808107373	0.08700946927031594
-2.946597464299119	-0.09433044941666507	-0.6247745240252089
-3.272032692529419	-0.09913309495545478	-0.33818058697767306
-2.832763027726389	0.12363888907369155	0.09721246501413994
-3.1359329652744377	0.5037426636650044	0.20287000108449027
-2.9846169172324863	1.3590741624875404	-0.27543286236101394
-2.444857009913573	0.9329376062551046	-0.4914749517159199
-2.9866496274924743	1.6694647057993548	-0.34712715995329557
-2.6957322943220547	1.8317282049329247	-0.207307184063524
-2.315768086465818	1.7213468044359492	-0.4073624421283878
-1.918429888328156	1.9683786724992174	-0.6673248008813133
-2.118864787094207	2.113971966899505	0.13628637963259782
-2.273667120034823	2.413772340940361	-0.233696174719359
-2.1290142993997847	2.9638611648777067	-0.344283422278964
-1.4921782582120113	2.8227401031934187	-0.1759777316365695
-1.2382881138933368	3.075769223973418	-0.19471340988192076
-1.4098640797880067	3.3683868260726912	0.27559860594517555
-1.180579995316607	3.8718858975055763	0.09656951529876975
-1.556144709758187	4.4674403076359654	0.16523994895227376
-1.9437658595281864	4.768351671189359	0.8677640871889706
-1.8632898504727438	4.946133186047712	0.7546905588287224
-1.9000016709212653	4.505860003731488	1.4778159390176446
-1.935292101225949	5.426521163315862	1.2035433412747683
-2.0475175255353517	5.603838340214158	1.0700931445983048
-2.051254337852308	5.56423519224159	1.49381929819506
-2.586864349567917	5.54369509692308	1.770774569024078
-2.6957513201765204	5.924158320264395	1.2975124600496861
-2.667139503232023	5.902767304821006	1.4104446186552444
-3.151981919747043	6.002025698502704	1.9950321879868547
-3.0600476671318555	6.362023003724121	1.966628865859742
-3.4381163051364734	6.081840033881474	1.7559107840506396
-3.5295581919244183	6.5281116882877255	1.4171569550677554
-3.37867579891921	6.359913668561076	1.3749932786688324
-4.05499401590734	6.516459109110046	1.5388260417770814
-3.8331207026384617	7.054792157924914	1.8591599192530706
-3.9247718557050435	6.997158333402313	1.2701276398544064
-4.579144199308405	6.770455699986896	1.6336769715564112
-4.557737109858621	7.062767565766131	1.5259062693945449
-4.69742886038542	7.755760853139852	1.4221890816434024
-4.813582654448773	7.468201341551361	1.4248340296782676
