-0.7891029637461834	-1.4747942082611334	-0.7969313108564248
-0.16719347972946674	-1.32115005715314	-0.7319746362334012
-0.0010298364755362277	-1.0939832996608128	-1.0805080910909515
-0.632211802464445	-0.7872942527689462	-1.268392367771777
-0.061977376180917365	-0.7351925421670523	-0.8757696092509372
-0.016186742718723668	-0.5437340576845577	-0.6360020466623568
0.19578527546189395	-0.656106010286102	-1.0576949506534485
0.20134948846285494	-0.41232839131167837	-0.5436834775891617
0.15979080582549304	0.4442703628429418	-1.22935112291941
0.4556566163765775	0.1358287182679387	-0.9911602575695289
0.1639266807381376	0.5883745097872622	-1.2534141591190298
0.4993527943224858	1.0784069023765737	-1.135855150743044
0.6049554482228513	1.251503364169411	-0.948305009357769
0.6762406067078286	1.5380139460741469	-1.0288435210025328
0.2351708668083429	1.131036135090187	-0.6827723300323832
0.9568296269988968	1.574105141462124	-0.974703792124231
0.7868772419513651	1.686283495504998	-0.5626001371318007
0.664267983096203	2.1374860247122047	-0.5998893806049445
0.4236357486029726	2.2262619492028577	-0.4373556085702808
0.5255358503729035	2.7548427694677375	-0.8999942140301919
1.2203630639527452	2.4759075973398055	-0.5248728895720662
0.9969739845661195	2.7842804578329954	-0.6568615383921388
0.7161836409270427	3.680785249140957	-0.5594039047314842
0.8418223162820214	3.4670457651304427	-0.16330420078988928
0.6322232865720345	3.9633684570625842	-0.33529260248105164
0.842280947823403	3.9762094703553488	-0.6139077964608182
0.6715196352979265	4.166278239769094	-0.19830113123077386
0.4071672966618106	4.423587980464859	-0.7228169744569258
0.9176154862938175	4.740815414909547	-0.17589781559697415
0.4753261670551288	5.0034144233283415	-0.3586348186309738
0.513098662606899	5.149398517592079	-0.577464613732784
0.29121583370086157	5.32763691387414	-0.3244210511764881
0.1208979257964576	5.658053611061658	-0.6896121198872834
0.2556220543918566	5.343477086103638	0.10043962251773686
0.5391358488004021	5.500708242018417	-0.5747252813970106
0.382905120533369	5.606211251543754	-0.188660147719243
-0.4005020023340179	6.580597977843606	-0.31755779426956576
-0.5694197393143121	6.4214607429291375	-0.668910045089954
-0.8543053410389196	5.8580486015919195	-0.7123919396469346
-1.0681144630021646	5.811851996263753	-0.38807569794204655
-1.025937720788976	6.186412235481575	-0.46572646164263076
-1.509993341089182	6.008522552550098	-0.08078615584530757
-1.8053968460987377	6.160707793684661	-0.3191532961709742
-1.9548114040719171	6.205760146141032	-0.5608389361677186
-2.1280404930707215	5.620661754460144	-0.4561025109722845
-1.8271058574942582	5.911273163345017	-0.5345956965377596
-2.132933958324122	5.33829629339564	0.07898730875221482
-1.8048484861312892	5.227213946072554	-0.6162937295052374
-2.303404767608268	5.111834917045528	-0.4573157986020091
-2.8510997793902395	5.426035910342274	-0.11070522277815048
-2.2926390643084766	4.503662662271272	-0.11665023269788449
-2.7270507542726152	4.258345876902463	0.7168756695400371
-3.0056958937208975	4.156613339827029	0.6057775905337429
-2.538865247248268	4.2819151586856625	0.6732383356602536
-3.0641428024850423	3.890799074666547	0.43080003533124683
-2.855193838017619	3.911826980526239	0.6639467372332065
-2.309833752192455	3.4449421476195914	1.1086838444408222
-2.438315508513551	3.0523560629284003	1.2616926025063488
-2.427593352652284	2.972767188068066	1.034308355264241
-1.8723449973163662	2.6744348418657076	1.28447951251521
-1.667610738510148	2.64598633738592	1.321846258679215
-1.4871241739912366	2.4877750435932167	1.5724913648532377
-1.2607888617916387	2.221574647885173	1.6095679447635396
-1.477940014917225	2.178659050689137	1.3210909182478099
-1.0492762741976218	1.6405500796196395	1.6391336226785782
-0.5004119494273528	1.0736888408299987	1.5635052273616799
-0.8508562289651888	1.30214736690575	1.2371338904433513
-0.45019772013711046	0.8875804546064844	1.3814488822042241
-0.07816125884066372	0.7715753194364208	1.6335404777721223
-0.23103836641239528	0.9092868816737062	1.1549178922966872
-0.39822783002476014	0.25913805712824156	1.9568197409999288
-0.1286096622131203	0.22549671304974983	1.110160294337784
-0.07877931864250837	-0.1235780560057732	1.6107757677390246
-0.00394552444824714	-0.546708346002582	1.4857462207263796
0.599378169129384	-0.532439268292259	1.1133678219330272
0.1335046300895152	-0.5913709305094855	1.3034984823721452
0.08725962221421832	-1.6142857133490665	1.217272342741078
0.2057325874717372	-1.3504996153333346	1.1877935174095382
0.08527274144788778	-1.608630593767277	0.910547539352263
0.22961764072323468	-1.96166928172698	1.4540007461689766
0.7002382596750484	-1.890949612287738	0.7338116115336302
0.563678116467845	-2.528521011540441	1.1573894288995716
0.36199206033166226	-2.5585738040276573	1.183268974486929
0.18177961261626793	-2.6265230864134557	0.660652177944805
0.3250347248649494	-3.253351769440523	0.8970138656814325
-0.0994121390611114	-3.2080239415788054	0.43333064038471264
0.38193567726636274	-3.7938997355866553	0.8237573069789652
-0.4285034661324252	-3.8571989858287474	1.0075059934066786
-0.10103403989561321	-4.104316503129443	0.4824860709755325
-0.34946727705019165	-3.93965428777601	0.5328072241946228
-0.8353418193156864	-4.226403094078562	0.3123779440637553
-1.0554426974007067	-4.192903290202435	0.19792977925410316
-1.0956518254201215	-4.065350500665938	0.1300196093739895
-0.8393320511465218	-4.493292710492339	0.3349600184071076
-1.6677379698294037	-4.48537911890233	0.725489773602637
-1.7241939455820763	-3.7783704550807906	0.12566724877338753
-1.7541147782185504	-4.5996858652204216	0.04398308974695381
-2.182878795428308	-4.090026852790357	0.22516425857328048
-2.111790657487001	-3.652450617784635	-0.22093544267080906
-2.3387107665513196	-3.8492943618842395	-0.06746426048307941
-2.84579349920186	-4.024221754742787	0.44379420505947303
-2.7076090779938498	-3.572268691649411	-0.30863383096255415
-2.837467185595805	-3.364777224251174	-0.3435438745274986
-3.0316377217691457	-3.2728366753036156	-0.45837262776132
-3.2114684313947706	-3.3233829350503155	-0.18838149676252297
-3.2237180449203757	-3.1165840528423527	-0.1713684468812815
-3.329411402748713	-2.5525051532541685	-0.43814967376383007
-3.382943011625655	-2.3066786736096807	-0.23177834670071729
-3.512429600906943	-1.7236579756842336	-0.19560225443128276
-2.905203146282342	-1.934338218211843	-0.44038923985808864
-3.313079424671151	-1.849097966638338	-0.49229676764494423
-3.171482368938767	-1.7356402691335497	-0.5602912154129353
-3.4841132364008205	-0.9220748965544157	0.14860887193725614
-3.101528701839078	-0.5781519374870624	-0.524244517205408
-3.017251613523463	-0.7211847726467899	-0.046178001576267946
-2.8150638484134074	-0.5494861426153878	-0.08286072056263949
-3.0664529233209565	-0.05690469359005407	-0.03918510202609882
-2.77238326313266	0.27184206562643687	-0.40945255912019585
-2.7932035130427364	0.7071220687106778	-0.5502240114697338
-3.208261226487761	1.05334215232322	-0.199472929551322
-3.0879877752468463	0.6322154262125657	-0.5938166811167512
-2.9824329933216602	1.1368021266132242	-0.4269519046513013
-2.780534987504809	1.1988608353589276	0.07121009885026863
-2.52826525273986	1.3415778729382022	-0.2396330465392048
-2.41325509636035	1.986287043508534	-0.8171711538987833
-2.295429961176107	2.4162014865116355	-0.5270557168740843
-2.407256179644744	2.446708400069555	-0.14522663221650378
-1.9296310017748755	2.841180478639641	-0.34203445940561295
-1.8036303138469836	2.6917053718787343	-0.1446000323512706
-1.9824274859675417	3.353309533207882	0.07046364555441409
-1.5226447008778599	3.0996657291330094	-0.2549756994183574
-1.7440574467861243	3.9061338209449166	-0.0482288513274311
-1.2748707270722979	3.627079090056932	0.41717478888714965
-1.5968630426748702	4.556741060703213	0.45357698319859685
-1.8583189711635726	4.594583334821803	1.008136076910486
-1.6474849109381118	4.232995462970322	1.318436643245249
-1.6991089017031036	4.573431360920681	0.7643004019384227
-2.140398920010556	5.162689582497403	1.1665017406437923
-2.2576662221420327	4.888119992340387	0.9116228708146648
-2.0784279882095102	5.245122356066041	1.182157134005055
-2.0291537408680007	5.405901084978071	1.2121422316166566
-2.7137466646300266	5.57621011117424	1.9373719183366536
-2.58903863500061	6.127132456017499	1.3819931631143507
-2.932078889992569	6.004842207820911	2.040306355041985
-3.2885773483727276	5.891928403973575	1.3571181003747883
-3.1836068773239643	6.436432384278028	1.9922558888799227
-3.2439217920288597	6.4881743175381175	1.2350618569533567
-3.4976751402206974	6.633264578868747	1.3115904489104908
-3.3775034252400293	6.484547167513116	1.774174793095135
-3.5162680574680776	6.772238660622616	1.2731541685279852
-4.12658026343158	7.102352628297686	1.369063579741785
-4.109481038864541	6.873054252983943	1.75442365966904
-4.763262198073972	6.978205344231947	1.68523126229364
-4.69488862571208	7.6211866060804585	1.2023421490586272
-4.545321140554272	7.7459843805578235	1.2507397511830323
