-0.9156300326671416	-1.1150246476818693	-1.0147358228837229
-0.5911505469688337	-0.7298319051987693	-0.8473451246893119
0.11297203376555986	-0.8663231751885925	-1.0037974279172954
0.09726290951971883	-0.3249553073828584	-1.3292877539910068
-0.05256937009163748	-0.12073558020646163	-0.7359773242024311
0.25534677275981826	0.3354086987962346	-1.195207876909119
0.24968118424447827	0.5717915838837395	-0.572301274733438
0.5471561995096255	1.549344358756036	-0.5160193847452995
0.6457479663055687	1.728654816046047	-0.3362439038848112
0.9625606044368457	2.4020335144110545	-0.48846635453921705
0.9052755804288357	2.7197983570516993	-0.5907044201316635
1.3373686258467035	3.1474470689940643	-0.5536697366380742
0.7402906795243991	3.419362497471666	-0.9181729920573506
0.5996583843765724	4.042203220793593	-0.09163238383062666
0.379837508576033	5.092189070530468	-0.5635870085442881
0.43515995098040305	4.795822435663448	-0.28247779981820986
0.2458168145844743	5.195031927713072	-0.21604186944524628
-0.12040001394740152	6.11273590179461	-0.1149135194239973
-0.5301291327599108	5.8097641511656635	-0.18432500398601614
-0.4359693645086279	5.915335643984789	-0.3081268525388905
-1.164482405516265	6.007778577369484	-0.35988516379399726
-1.664867710919625	5.903660438659719	-0.05491839723456249
-1.8002162214167368	6.095605410171148	-0.3178438461717674
-1.9298500109834023	5.699805120798168	-0.6871171485144776
-2.387749375561701	5.16015522776582	-0.0367408612776684
-2.5126201086281186	4.950425925356015	0.12518721698400886
-2.540190650511164	4.319874400685623	0.6279427683872869
-2.7557557324879376	4.178176218488078	0.8469845539034699
-2.225761541765733	3.3170657808643407	0.849775416933222
-1.8159295714462278	3.055452419834748	1.4362487951660377
-1.5482485686614937	2.289960681989378	1.6414451180862282
-1.0416302269844748	1.760050219843325	1.7372361914163958
-1.142394459645446	1.3861532751916412	1.9755624764458668
-0.63972865837109	1.0922304506356013	1.5789059355596886
-0.7076210337586003	0.3773038042347893	1.203926333096644
0.12105950404412691	0.4898213163342612	1.2706873676913468
-0.280137094398168	-0.2820850946233474	1.2257852917655674
0.7953855959955356	-1.0666712662414515	1.0422656848433625
0.93861001550568	-1.6057327991814214	1.1667607109154199
0.29532932942940837	-1.8176676232910554	1.5465381373780955
0.11883077497636588	-1.9711709881709818	1.269183339071426
0.4276486895345573	-2.6004006450809865	1.0896684782503896
0.261956406944947	-3.01329562758257	0.5638128700326952
-0.26683239354407745	-3.637076465412874	1.063496724301727
0.04007192650750058	-3.9628645504806723	0.7795499946793415
-0.703567479114022	-4.214778088074813	0.09601278970183669
-1.167251920364718	-3.9904977333721314	0.6429797854065905
-1.2459321587225531	-4.390331387638183	0.5693159573955092
-2.0303417862124666	-3.889775653874647	0.14881308655932685
-2.4673445633021984	-3.7168530006956377	0.10411685287956468
-2.2471442830551887	-3.5593175479786785	-0.0413717519095676
-2.9507745845300777	-3.509138660566678	-0.20896849653174382
-3.1594640367246303	-2.786090805607672	-0.3026228715608246
-3.4122508668401252	-2.8678492799629987	0.16706344316294486
-3.5419369202368003	-2.0726529484874456	-0.5084331154206151
-2.792368858020561	-1.9781882950602039	-0.2039528308379659
-3.424266243281086	-1.0128587529729192	0.0992149882802843
-3.068098807858025	-0.4367848320530824	-0.4352071503428697
-3.4255648456112846	0.10716956870394861	0.016524566142053998
-3.249082145569986	0.9553591476300369	-0.5724294410278662
-3.0695863496481213	0.9719977604367286	-0.055452799710767664
-2.7115551747487547	1.086831234069681	-0.6455218246278924
-2.649967396710241	1.676518276785624	-0.6458738123041274
-2.2117425633848513	2.8270468095352714	-0.684034035165328
-2.2062722897395473	3.4878764737956995	-0.5841794020897383
-1.6999354139224239	3.8680649557668954	-0.425281226562795
-1.6567886686280011	3.8011689823571406	0.6128778184860416
-1.8081482349619233	4.190293580044372	0.6599530330303125
-1.9961893127799577	4.891662458757917	1.36408493969585
-1.6713132779675146	5.0738669418209685	1.0845269093222205
-2.00190876716309	5.531422633586726	1.6148896774737644
-2.9136455398055174	5.86069130528942	1.6539520217693116
-2.928432902685353	5.907299914419215	2.1057403865554187
-3.209438757671106	6.467213365394104	1.6492829711582557
-4.114567688804954	7.12863353635931	1.7588874838880124
-3.8457186870224467	6.799537096047711	1.157878358780598
-3.9155686302080044	6.900891508396968	1.1508784968399777
-4.704535285878883	7.59665792582216	1.5364455087844795
