-0.49012187327801804	-1.4362171375505668	-0.45625648468412316
-0.5324935909645225	-0.8046832332698293	-1.2682253690514096
0.025554743741090236	-1.2010087661481634	-1.0794386700888814
-0.6155705077881283	-0.4533615546941576	-1.0685252882608411
0.10634172126343178	-0.5426699322406344	-1.0028819631654375
-0.20394662926496931	-0.3168559818312495	-0.791830082081903
0.044502821229634226	-0.6885496462228312	-0.6284465515717051
0.5196449059722575	-0.3593589051796661	-1.0655796395307626
-0.21220318515799125	-0.08559931977965268	-1.1793928199549488
0.09409091720348695	0.4088162317351514	-1.2486149011241325
-0.06452381422339087	0.23100380790215316	-1.1806552565153412
0.12261157854863516	0.35851329002027515	-0.9940280288236552
0.48675826650089293	1.0493771478894511	-1.1028119066259077
0.38490654786071493	1.3519436446864521	-0.8004993394053329
0.23019439986218285	1.4990535040101602	-1.063145095929757
0.4451646869370944	2.206734801244898	-1.1362222333721022
0.5871839505293526	1.612028444414471	-1.0931838834497067
1.1637864753778477	1.8626799553107611	-0.7353214617226629
0.6911495141458789	2.8685624000663212	-0.9874823938151581
0.5761731898357083	2.3456145976525717	-0.6166997026142239
0.5514248199045682	2.5669074002769854	-0.41295429707651976
0.5392739535156128	3.2028159044162865	-0.5958110951710043
0.7383804888131644	3.512699954779344	-0.6483462946832692
0.9379594056785036	3.688508166762724	-0.9074079158669761
0.528400416091483	3.399276246899569	-0.882385553275286
0.7267252259803911	3.9465461092587493	-0.8973572050004092
1.0790501540983939	4.058255515162236	-0.2841562874382286
0.4926179073611763	4.617065554384581	-0.4122590037138847
0.5219388052485778	4.297380239393227	0.13841068707430326
0.501721211370024	4.990267482099807	0.00650735931950297
0.50160411951077	5.403876634870864	-0.7309946788840413
0.19475563582575187	5.16200806353015	-0.15841385140038988
0.10987288723249207	5.180405755081008	-0.11134951802129267
0.23594967292733726	6.026068842853371	-0.34168748139893634
-0.13940205123168659	5.466197778452087	0.0036169756363089167
0.43634393004260497	5.638948510992387	-0.5573680318364005
-0.27335577102708986	5.750910969370854	-0.5305813390958566
-0.08989904250449787	6.400831304578554	-0.6007601237952319
-0.6559793869915597	6.348353396622147	-0.45544148168030396
-0.9238198288154038	6.097431615579498	-0.460591164151568
-1.3981104959299238	6.065460456161689	-0.2962011475524715
-1.3099339657984452	6.731276690010782	-0.7864326269441394
-1.7673155283358963	6.245984205889933	-0.3819561633073105
-1.794334269310772	6.1532755641267345	-0.15905071021269568
-2.002008843702783	5.586156964414882	-0.3269588420081674
-1.9612096901686193	5.542853933953121	0.06075362460562195
-1.7886940706902865	5.234284423343345	-0.2838232880585605
-2.6973962077591187	5.478246226340756	-0.6427862996860745
-2.749398785737173	4.936238899670912	-0.33201319720241396
-2.518850074927205	4.697768281281364	0.2890385331500989
-2.252288416035165	4.677596342976986	-0.08568144366245317
-3.000895244038872	4.351552984391978	0.05460273449404951
-3.163690335035905	3.9845393024688045	0.8203594649764117
-3.13085963697971	4.423112238293241	0.5010632019458898
-2.655910209285	3.920854831744139	0.6820528155928178
-2.9637761477838245	3.2671274688687593	0.7754421766115455
-2.4075083295347337	3.0662739004793735	1.0606764879008996
-2.1313902576138783	3.3108199835971917	0.9464124259347969
-1.8855682761062798	3.2458410330741323	1.0224019593305984
-2.0465094681363722	2.567605423077734	1.1568107063366808
-2.1125746073328635	2.137439452601023	1.501543114993987
-1.4761303541546202	2.2475077173346634	1.7485301770364696
-1.0129334801666972	1.8303880335827474	1.2401283722273575
-1.0060824950921452	1.8616194319950223	1.4373132120336003
-1.3329859854999841	1.8583777439873912	1.4328964553048564
-0.4636878182120391	1.5570335988448603	1.1704576390710537
-0.5160453393020251	1.058341643301466	1.5007581470678524
-0.6726651165198408	0.6104834368728854	2.096619236878017
-0.7566718237653065	1.1075854472404145	1.305918916651509
-0.1128591346794261	0.5299232220338315	1.2820652704953506
-0.28634406360288067	0.3802146383729149	1.1508852031080072
0.4039971504700677	-0.3511205283879931	1.6102340167355929
0.26758536029667485	-0.290713594484725	1.0898152381113126
0.17743894332008248	-0.16061827985742105	1.4810724750992867
0.06733590362804659	-0.31083076515883445	1.3218012396368368
0.664599518668655	-0.9857186348150894	1.407708972511494
0.11623518510128514	-1.1377637100526063	1.1854487615618334
0.17580217902595976	-1.3175052901975537	1.4866922327060375
0.47499537883530474	-1.7077881747729764	1.5798721520728636
0.13040919141148424	-2.0087830644707543	1.485698794730062
0.40633642574873835	-1.7987240080487865	1.112737250478733
0.5856720950535295	-2.5748226607277394	1.1450632757106476
0.4347273943231356	-3.0669887355429406	1.1268982947699069
0.09648351356533266	-2.486849048091353	0.4436000499162711
0.4962696349084295	-3.459501624211678	0.7451775829678905
-0.1864128922759168	-3.305172903462764	0.6962570254946598
0.008634270301039637	-3.430635750452832	0.2810077163720858
0.4162608916632051	-3.9859795934988167	0.33729608044851045
-0.44738061267638696	-4.065576645998838	0.5237648568132474
-0.6132692236177263	-3.846179207131828	0.06865229736589648
-0.7604942087886003	-3.5976302713349457	0.3021122729745377
-0.6176739758361431	-4.2454280716136275	0.12486288495463262
-0.7520619725734361	-3.9502292117962488	0.03807686015569978
-0.6849580638847733	-4.60832024035064	0.1362063178329907
-1.2905763692964425	-4.487557600342205	0.27322375476893745
-1.6625469999809783	-4.338755195208919	0.32625064615236377
-1.4673140261239985	-4.5818698029108935	-0.14487317518144976
-2.0375245629914587	-4.175593229053723	-0.1746016442408862
-1.8341600499433546	-4.2917335719693686	-0.31582811548017603
-2.5098463571147214	-3.803353715089431	-0.2997186101241275
-2.688452071133667	-3.7409928614151378	0.062371787700949255
-2.943063862888081	-3.9738831836607846	-0.0809913562118183
-2.72754549200911	-3.2597185255404924	0.22289843401435966
-3.057392491364222	-2.7576735472553313	-0.38661618111342705
-2.5911180549874295	-2.8337221728283084	-0.38587776416284075
-3.1994396014636153	-2.500220567998511	0.04069580314971155
-3.0346522558481257	-2.7834996740928477	0.025967665502056425
-3.2369028055360145	-2.3942845517898976	-0.5165257279961258
-3.1252024438863923	-2.3805216805496783	-0.04468046253016078
-3.313791503885081	-1.8869415370259843	0.29356378965629526
-3.46476152026098	-1.0542480526597506	-0.3654883656449548
-2.9075102067662484	-1.069250105103283	-0.5119540295952564
-3.4780635763237724	-0.9141705190858403	-0.344450919992613
-3.499099396167645	-1.0796253486622427	-0.19030647262750633
-3.402418377102255	-0.18877436951240523	-0.48909405816795937
-3.409248791140015	-0.49392740019543846	-0.5142048060558314
-3.0862157454997794	-0.1131263987754148	0.018370768343848987
-2.9851985387293705	-0.0247151725773799	-0.5430182606646814
-2.7041458265557066	0.6696863879031222	-0.4749894115846639
-3.1725523970529363	0.37394509996650743	-0.6040069041168635
-3.0568217764061503	1.310957448893797	-0.2984714060726873
-2.5539887451584846	1.0233544844138092	-0.30786064376294087
-2.07554553671359	1.3196880131476951	-0.6872907004365585
-2.5961465026966786	2.229685719954201	-0.6212720860061011
-2.775104824020292	1.6496179744735997	-0.7003717903845404
-2.3212678594856033	2.18732709119428	-0.28677253446799866
-2.091779847832292	2.2930902634684376	-0.09303664147256963
-2.1153946595734476	2.7267617682393928	-0.3458969614061136
-2.1297590151746912	2.617517481582354	-0.18814298049690248
-2.1104151644515885	3.7603356574421873	-0.3912612508222417
-1.652498786160233	3.197984203178506	0.13735768989734165
-1.685840307700575	3.633137500572284	0.08050396876437121
-1.8328131183220266	3.8951131510918087	0.48982859468434226
-1.2524244920595096	4.360933411549098	0.159809725549073
-1.8499537257950354	4.360215584579465	0.42912876849183534
-1.8265310500996046	4.8301505312185675	0.9824788849111535
-1.663713339951193	4.973711671784362	1.2472636011298515
-2.1005521629989223	5.177190785828796	0.9880232999771085
-2.33058963158162	5.387414829484189	1.290360638444243
-2.272356251728753	5.066028196090508	1.8850761916732135
-2.501919869895461	5.430023925831881	1.1304996113031642
-2.7972450086640093	6.224884680739776	1.1880108440178376
-2.1019835582442257	5.875580128925888	1.494283550098583
-3.045072562322751	6.548217207576582	1.7457989805206677
-3.28187428006593	5.893213001647696	1.8825319882884184
-3.4696653275998184	6.295954578230371	1.6590327764130064
-3.5391269926004396	6.426244499757852	1.9758643731795105
-3.799033548361824	6.728281765792382	1.7467999746872471
-4.004101877888025	7.084709322562981	1.5352573723374847
-4.264683036123302	6.635959120575558	1.7942424832983725
-3.8244708765547992	6.679923588875765	1.7222990553886919
-4.4734717421314905	6.987543450053357	1.145077619309054
-4.3274226411844925	7.074847405942581	1.680675699570855
-4.1030214786747745	7.061482194164961	1.1268991908196813
-4.604857419386874	7.288063884797046	1.6062074083274196
