-0.3690458785885007	-1.590067617191601	-0.8655380275818507
-0.6977600245210086	-1.411707873821455	-0.790823015395768
-0.7726151624067401	-1.080140310337759	-0.8241045367720071
-0.5322324827170113	-1.2392665696221576	-1.16132825265858
-0.2168169579484649	-1.255104672981	-0.536277998470635
-0.5494373730682169	-0.829647755157574	-0.9451390652124709
-0.5147034558493687	-0.7036066256085058	-0.9564317144270652
-0.4748890462538936	-0.07491994797886192	-1.108498965706259
-0.48786756677123566	-0.042521453656368835	-0.972798682331989
-0.14847323583138217	-0.39604826465987	-1.1737863102758728
0.022011057871419548	0.19100037059580266	-1.1069211059296897
0.10501038040410376	-0.2996470632228945	-1.3258062777761506
-0.09631810448039574	-0.12709816873198726	-0.48797849045416064
0.5094413997204161	-0.02930224197425657	-1.2848295742201536
0.5044934412636388	0.13221562094994593	-0.7282225131392989
0.34000753753360907	0.2854910380366388	-0.7048990291551092
0.3892776161157324	0.45608034777381445	-1.133299168147608
-0.0038996154672767055	0.8147720328592429	-1.170683864327991
0.36742988849052927	1.2804996538848115	-0.9472741370810285
0.07848465164496125	1.345365633544545	-0.7371098821572911
0.2277356343233275	0.9306244511311589	-1.1375581719258
0.903525034695244	1.4420193078290056	-0.8483906148832371
0.3715904338117326	1.3605858936082433	-0.3053643561448697
0.6446799490895142	2.08037772424366	-0.7844159638425763
0.3676795535991375	2.1963608806907904	-1.0211736083950496
0.5111323865044921	1.8458951260121779	-1.0053115366172753
1.2506867160573125	1.7999901237512752	-0.9486826041600043
0.45680116897954326	2.0424682294281427	-0.2047319189843415
1.0262821177838708	2.548028123570867	-0.8656237024970326
0.49510403910857875	2.407425480454482	-0.9673389006598686
0.8624434759522732	2.817378811001673	-0.48326014523301597
0.4831428961136053	3.278707969025632	-0.628741457929797
0.8503670270689916	3.1351903931414267	-0.19456476995631367
0.7043003020350412	3.0197119853680707	-0.7731419065887857
0.7785836118819709	3.135310285256138	-0.7138206240872603
1.333929712180415	3.4675957079938797	-0.8141924635497632
1.2154395618493676	3.6305010346279483	-0.51316406732828
0.6947233081938808	4.058637961903788	-0.8192759135986691
0.908089063055113	4.02387674228282	-0.18631403086327858
0.7897914409003111	4.341837090937377	-0.26172039250297185
0.5146640000483038	4.3435221566355295	-0.413755633665679
0.4267265739173803	4.399581944926687	-0.3394898490330315
0.40502976962378984	4.995593331903104	-0.35815198583935803
0.5227532087144386	4.884903369485703	-0.6916610754703819
0.5325066261434577	4.658282850882018	-0.39946997890268743
0.5660939373083769	5.144742075200655	-0.08830253106778119
0.9001064530727807	4.953209049230611	-0.34284323304894526
0.16953343297231666	5.380902848396192	-0.6387637370419547
0.8286781031996495	5.335952719176327	-0.7622174085702561
0.3518241886682868	5.275991804801227	-0.3059851223064547
0.5880501622754318	5.743044905265845	-0.4165765772364236
-0.14142428053939515	5.530717384238498	-0.5223938056333616
0.45415308511112334	5.809502275887956	-0.7910721740756075
-0.44565755134401475	6.065467011367035	0.030701187361710458
-0.2887853696968661	6.4424763916296754	-0.37369428407255145
-0.2592725451645276	5.992314186416057	-0.4144499813025446
-0.3907291416407128	5.9830560875847825	-0.6899238312603092
-0.7725058291755161	6.004643443465214	-0.41592540808803935
-0.6439196567079208	6.402543445482894	-0.799496190979385
-1.0611172826057622	6.554414499232629	-0.48902372029458085
-0.8114383888577119	6.242204557799608	-0.595809039446822
-1.1886032237863042	6.129287479273777	-0.015435975217529596
-1.6391823250788922	6.456915578264827	-0.4321784645426223
-1.7662177936387895	6.054136790093683	-0.11689655625933693
-1.809944524491752	6.4422208131724314	-0.4013191040661538
-1.6538536058955116	5.96300067067829	-0.6742308675360753
-1.9251061608118905	5.469835629778765	-0.3136069722973255
-1.7900549411054771	5.935481435902389	-0.6502248079220265
-2.3971106055354108	5.506661192878504	-0.12145469106547879
-2.5181276801182806	5.745698431004675	-0.4347256162752797
-1.9915128364426584	5.396875821681768	-0.09277236962071944
-2.533932860364006	5.654392687305718	-0.3810363385750757
-2.7766765421334147	5.636794398271324	-0.222032467844423
-2.9153835864705693	5.24673695079908	-0.33934255114958317
-2.3599445605512392	4.9463877858485485	0.14271328888779156
-2.6114002939996412	4.984232839268443	-0.22765070192769904
-2.897390097884751	4.661194300978209	0.4791646246362078
-2.750795732783309	4.901396767486364	0.03148139063744014
-3.0028794856196983	4.15056874078902	0.4223214154984847
-2.4870039143506375	4.1775395608681505	0.5493865234410719
-2.6976766420748044	3.7597733305174423	1.0997635391082072
-2.571876605899144	3.92347099320751	0.6603977755853674
-2.792293608079488	3.434323460562036	0.6355433725771122
-2.9426324084278046	3.2149686881232573	1.327413606742709
-2.4358394597240176	3.371117036106843	1.263460925282553
-2.6447316898150866	3.2152054187618977	1.2234153601347477
-1.8614365367677606	2.7825624816705963	1.4103419209143397
-1.952972103122883	2.7340964734091715	1.2891504912436822
-1.6926519460367027	2.658730915110894	1.5853169452079743
-2.167456871892507	2.802638671493951	1.7863202462331484
-1.8895455140486748	2.6017318506286546	1.1003526073695558
-1.6688284921185703	2.4209956738509777	1.3353247373971566
-1.8142908814432572	2.1767270670462135	1.8576133233256311
-1.5351524080135341	1.9916311806151423	1.549650713685188
-1.3986387060979024	1.8446192885018355	1.8618051487895426
-1.1429662075996747	1.4355517685461279	1.3255054567885598
-0.7959491002753104	1.4075225182218916	1.193779855754376
-0.5316850612048853	1.3044005635351965	1.3129351435732737
-0.6647065680728186	1.4945540864749849	1.4565378040438444
-0.84516700892561	1.1907545515145626	1.5414278180710927
-0.6206522109779855	1.1671101873600787	1.4334924133155695
-0.563866719652961	0.9755767453100415	1.6362567998410946
-0.04481358622477272	0.40815983883336576	1.6325434878593121
-0.3097140694272461	0.521485775358008	1.355082868153389
0.10627236021803554	0.41241299995861136	1.472198978315053
-0.17609522749510576	-0.13937384937816752	2.026927116911585
0.24732650638988513	0.07432471636022375	1.1293840591396114
-0.3131180608954797	0.1533888890965318	1.2797426244850778
0.2646647279684908	-0.25362421080312936	1.7153927046908555
0.5751528338694931	-0.659417709038947	1.1143808647084001
0.39492792446831204	-0.8938388796393276	1.543465415491231
0.3663159527450213	-0.6380130094871715	1.4345166785972805
0.1602801693646423	-1.2817948075608028	1.2272148682141544
0.26622140188071175	-0.9467562202848191	1.3126116428140235
0.2132921243498803	-1.4402590076327846	1.2328171542676065
0.33476215650297286	-1.2756903132207142	1.0763648247984954
0.5521912011878171	-1.8079446292982375	1.6810441866948183
0.5820786442138995	-1.760284215486589	1.3573553935782519
0.24067523150337383	-1.9741967277053174	1.61133259663178
0.674087316466456	-2.0712349306059292	0.8212466145031354
0.2870719245975129	-2.029904155614481	1.1392087075464286
0.6670320366643309	-2.6043635727975865	0.9614775494099362
0.49918440963083965	-2.5935469638195876	0.6171817477356432
0.284589623591144	-2.5362434835878815	1.248518543459364
0.42367138241309277	-2.766321940660828	0.8023095112016387
0.3075851734556124	-3.2444233413088255	1.1624080962178114
0.44374949754946974	-3.0090396630307747	0.7896078443924006
0.06484695628289605	-2.7271915257239803	0.3396155640422149
-0.020314652776528552	-3.4366390366295096	1.0167557959956413
0.12696249811499333	-2.9948800165594633	0.27500432422299464
0.16345466410493997	-3.5505181615585317	0.7249208908885973
0.19565572698554168	-3.763238134954071	0.7537436090291301
-0.5038183875968462	-3.9969276399346474	0.9481066460052148
-0.41482909609847296	-3.4724987019395135	0.2678472539595868
-0.4676937821542356	-3.4851841301264788	0.1512115148124174
-0.8970095106191706	-3.8828019539561347	0.4180984307896254
-0.8943367605367953	-4.367471706240084	0.6164916155782468
-0.7413841355125976	-3.99058881427728	0.398883740476385
-0.9932023903608918	-4.135314408351422	-0.02007126971576978
-0.936952234027034	-4.157083684052392	0.2259022430587434
-0.8583934721195668	-4.3499027326317945	-0.16435901040614428
-1.566465615754677	-4.411732217655587	0.23308732887762632
-1.7477750334931923	-4.248397963862702	-0.19005031211160475
-1.3733634052983854	-4.108756399499893	-0.06741315332871078
-1.812634508855243	-3.8175669263502297	0.03646233422512518
-1.9471079094895027	-3.95936520212711	-0.2914020562457505
-1.8567758066441455	-3.8805459626498533	-0.01857997702951425
-2.0659840524792754	-4.199796715421527	0.2868695898136771
-2.1113931201248817	-3.938057648644933	0.24128625593324843
-2.4650137369933596	-4.1039003302126265	0.48146013777849866
-2.6646925343248937	-3.882257472067547	-0.19771221788221255
-2.773252829001706	-3.4609811049923227	-0.39433057279860034
-2.59138343564378	-3.119528989399945	-0.25050415151731437
-2.708005642564034	-3.6533628057838947	-0.440301924549976
-2.9290278040771804	-3.640678019003088	-0.27630422961732604
-2.4853171566219503	-3.4538105476951535	0.03786672018368298
-3.12614290868654	-2.891197273838319	-0.3927159278470172
-2.8031925324358498	-3.091374723817747	-0.2757094989871136
-2.6839023178529304	-2.995432000607243	-0.25963465861105683
-3.454055284236378	-2.8622364435897216	0.41182224764808495
-3.3712043323969976	-2.6694656878053147	0.3466448437435147
-3.0298517403616216	-2.40011335169588	0.061596302918784374
-3.4940925140081194	-1.7833050860498774	0.132585870139189
-3.107056846443009	-1.6585722724016443	-0.06233374142837622
-3.0369474026630665	-2.0799208087589127	-0.20518880111103466
-2.704872585020664	-1.9423318594781989	-0.2640698228326699
-3.487187851765662	-1.3653978559128146	0.2041569257056285
-3.1024398824999495	-1.5454505496330573	-0.5262481463134627
-2.8211590296001328	-1.0745598727709154	-0.42382314055073234
-3.337369868750986	-0.9483307755201836	-0.40529328272138065
-3.1808746525958624	-1.0655028602304784	-0.07066242525241662
-3.4435599386866373	-0.6118924267279064	-0.36995678658482334
-3.2541357226225722	-0.6419780360154208	-0.13238727675800976
-3.2688887388954786	-0.4905434864469075	-0.3873126645741166
-3.3849488056360864	-0.029492972903021497	-0.10343863501197703
-2.65755242229209	-0.22758485238322174	-0.7135300834635887
-3.375612775304817	0.2833600275526445	-0.6555488878749863
-3.218567556410737	0.2741986988727419	-0.1631539231002207
-2.7959507093417364	0.999302157476128	-0.6761561814249395
-2.846062384665934	0.4395405948981665	0.07870530197829595
-3.0675543489264236	0.7273521039395593	-0.6976611335787527
-2.564349288929842	0.7705196474055886	-0.7410387990603509
-3.0536080978129863	1.523189463854718	-0.05447634198443796
-2.891996911756463	1.753527527858754	-0.18257158757840952
-2.6504290292162174	1.8112508202350641	-0.798109672119795
-2.2080657419761294	1.9115857652988149	-0.5068235312752295
-2.2723550356410973	1.7224736061382064	-0.2930671966438926
-2.447791284270748	2.3175606628558523	-0.08539840350831174
-2.561667736171612	2.382998293463455	-0.3194525508694156
-2.5204953881601684	2.73144129319493	-0.3640488316820847
-2.3856344508442855	2.2856957581060016	0.23317557414745949
-2.0186629911259426	2.4870811492961296	-0.584092946357034
-2.3054968609857625	3.4559598260531548	-0.3808304675280153
-1.9622171800920798	3.4764108254463246	-0.33596275663568653
-2.0131597263477836	3.200509073704076	-0.3764643169089138
-1.342548426318026	3.3473978720893243	-0.2602401899968566
-1.5827106489944702	3.408136787792259	0.3800805095503409
-1.516588326023114	3.7894890059761126	0.23822925520668986
-1.5278476433012211	3.894532090194386	0.6629766412234009
-1.9987143904126452	3.8283712763912	0.5642769861177163
-1.232781921104912	3.8611098703765787	0.5058227482533166
-1.77883061531604	4.511000386245623	0.4627769062720716
-1.8112364226955946	5.048457749910762	0.5751431481427645
-1.6384319029268841	4.369388191952708	1.1905403266220655
-1.946831630910341	4.717651658438231	1.177478016643109
-1.6649724595677973	5.157359983414281	1.2282159207303187
-1.8294517966913988	4.807740205485034	1.1536743073465918
-2.2002744269846204	5.064284628099184	1.7545435451158957
-2.0086307652737183	5.470861359588169	0.9793355055092248
-2.246825437897976	5.750859672900901	1.088319389855906
-2.135657851601616	5.338145155537533	1.7414724826046857
-2.217262485131818	5.795918730904685	1.7622701930516702
-2.694345442376757	5.642765619939921	2.060412528207422
-2.251044535238729	6.02271248306975	1.6129861515143182
-2.9281691785051516	5.738192188738557	1.2593873931806117
-2.450915334504604	6.135227508404523	1.310213170239278
-3.288256814832693	6.15393059040874	1.6026399282644486
-3.0332028165839513	6.744031640888498	1.470339861403863
-3.563665495235843	6.3580467513663015	1.4878307026900273
-3.3890993314410536	6.228571090502742	1.5816149145721776
-3.6951792847732947	6.327561158941392	1.6608513149212187
-3.4734938203189003	6.887045434164404	1.6876249997189774
-3.8362732491061124	6.77651915368248	2.0769759451991847
-3.911173507830898	6.593384510469902	1.8327405782731854
-3.8749125176775814	7.288322618031519	1.2530431087278373
-4.092377299367562	6.950077002838521	1.6101893061804147
-4.417168957542388	6.946394534223344	1.160289040386014
-4.305367355033249	6.809531759454493	1.223323610252233
-4.757860654695248	7.007413690257157	1.7725975106700829
-4.679019422631811	7.460992663742219	1.7911704863021898
-4.5794233469536705	7.126832912415495	1.2410414713767843
-4.513781010566065	7.004591671669129	1.603309948787471
