-0.876865479241032	-1.2745869448649758	-1.1511061795503184
-0.7428046605498446	-1.365625509444027	-1.1966946265128868
0.0695371672891898	-1.037446625938538	-1.1320373684709009
-0.41225278945910737	-0.4864757704979421	-1.1521448002523509
-0.25931811110219627	-0.8600174317371768	-0.7372522129306353
-0.39046977118394155	-0.33425722488393694	-0.7669844263416855
-0.10106727165121343	-0.5106390693788945	-1.22142716546354
0.060438199772785195	-0.015881348579191268	-0.9999626455180978
0.14657267178872818	0.5244372802866999	-1.0339011988062627
-0.03464579665381151	0.41710005360933505	-0.5879898294955531
0.545801584008534	0.3366604531190903	-0.9045426071271637
0.4983830615809297	1.1029459534807071	-0.9953075245230452
0.9533791761054018	0.6146329445792666	-0.9996659249988716
0.11211772311476714	0.9977836484446077	-0.3153259712710157
0.7001966645157514	1.472613087257617	-0.9682355122600653
0.5158318676349819	1.4928929993770446	-0.534140118064643
0.4860484165512098	1.8058966535275582	-1.1010980724533987
0.8269481271947325	2.464383534905495	-0.9525951442194329
1.0691653284176732	2.2331600147846227	-0.7815662011044536
0.49147015669037003	3.0999779461542896	-0.8773191025359265
0.541705258533606	2.9218165924154627	-0.8908543468092321
0.7763066397139743	2.94194582914364	-0.3815515381358877
1.1766465849191226	3.310500341995805	-0.7806410210384541
0.6346552305340104	3.6839890819346905	-0.640605860883655
0.5894740931155954	3.5822301417387186	-0.06717016449805213
0.7218913757837099	3.8910271722935343	-0.7185182518879338
1.2075152831666425	4.291069642413988	-0.6402834994732483
1.143482474784372	4.338200892247283	-0.6328465763383957
0.7436937823023573	4.649062903873334	-0.3409287731855527
0.5562227420993018	5.041622305048119	-0.7784642820190303
0.3021881736072297	5.030883470938707	0.025326628356107328
0.3851799617334162	5.276486644822774	-0.16821451810572063
0.08826721725859861	5.498091336267403	-0.013654606333815544
-0.02120964501643674	5.593477819690365	-0.23265801725030244
-0.09219493302190851	6.228730058347965	-0.28585297783813035
-0.2558565861199017	5.696144707734868	-0.7550539747165769
-0.22053723318210983	6.5209925113581	-0.289374786289056
-0.4442056733062625	6.570279215075242	-0.46564005946774856
-0.8779318589178621	5.828460521568626	-0.6638938538573114
-0.7269375574807019	6.305367174850462	-0.584573800697514
-0.7502627987852803	5.947972244511538	-0.16583876428199595
-1.1038452549880278	6.280139401236849	-0.5368206440187536
-1.5338957802667212	6.321290904998469	-0.7739274124310485
-1.88032220128374	5.844619219034553	-0.7709453961985213
-1.7746694325426136	5.81916406820435	-0.746245334459837
-1.6384745363530135	5.837600998803318	-0.6958779378241989
-1.961665447081978	5.229162159115302	-0.21290838229624065
-2.6300754797078154	5.000833053419699	0.059615408464977815
-2.464692910898614	5.254959270402167	0.10123429932457828
-2.733885439297587	5.283289199948069	0.002530559444383018
-2.977832289144214	4.725068023464469	0.5170564081072218
-2.823655947744657	4.221587232775529	-0.05997533750991313
-3.005483313136919	3.872386865349465	0.3605164274570184
-2.917929998239183	4.412461952671722	0.2737282418243259
-2.8096733641356737	3.8734445524799326	0.7329070219477878
-2.194872292317017	3.388525649796107	0.8156673883351497
-2.6157119092638252	3.575576115811084	1.3772738319961977
-2.2237842674984227	2.953985600679136	1.0111525561108192
-2.04396055851159	2.8353008999481544	1.074429752971537
-1.855155145804046	2.998955394126538	1.20178441673818
-1.6790307054005138	2.6614842654124797	1.2442832463262983
-1.6780650234936791	2.6298248414607253	1.2435268248413096
-1.670699971271191	1.7381069158592544	1.2226309778891409
-0.818347850477345	1.543606262912684	1.740698279488196
-0.9960665588646564	1.9235817149225616	1.2066001047489054
-0.6491627201638172	1.2811087341437233	1.5708718952096534
-0.805997713293977	0.9109187017687889	1.453508036059954
-0.6050720449433414	1.2799674610009077	1.2116783396816557
-0.1438037035784373	0.6776918275334325	1.447266827999597
-0.41741366997499196	0.2667384899279941	1.836906242936272
-0.3878091492835166	0.5143588745933986	1.7544714069115508
0.152822962492707	0.013605751461626014	1.5809204947130886
0.1575828378451482	-0.5171245901198042	1.541173355242893
-0.020377014857515086	-0.5725837545297526	1.5477711766327957
0.39025782846262397	-0.4651698015745094	1.346716815105637
-0.06142288401106341	-0.8762745232010488	1.3360337916625111
0.07021152899512004	-1.3523504232167118	1.7261622363986442
0.6548164119779388	-1.3063990402839822	1.299582880057398
0.24335055614698842	-1.7189412315003976	1.4811039479129262
0.40562679333698803	-1.629550171950712	0.9323034391418619
0.11312857534020651	-2.3746698523974796	0.8102809630358508
0.5585916582421309	-2.784147772665916	1.0073892065098997
0.17213539777320006	-2.6132862748043593	1.3074374077511415
0.417956605315774	-2.6039231349780416	0.6240183879315695
0.2858933846265513	-3.3029052695389467	0.5673826353309656
-0.12258400733798808	-2.943398651335504	0.7463722037444815
0.21974277621962562	-3.37022931283789	0.6080815416134949
-0.08303513197736723	-3.988079099458324	0.5758682418935991
-0.12564876010427883	-3.6452563957854185	0.6543759090729385
-0.5261800067824423	-3.984750080012519	0.04293746849280142
-0.41171109359101055	-4.298222040883717	0.45773132102135816
-1.079275395621099	-3.5551393859490146	-0.002561507968398255
-1.213313260830108	-4.48835371249464	-0.08753357485934987
-1.0698080599325621	-4.46800830605506	0.6512615197991289
-1.4840516912677413	-4.270648424112744	0.6157756107884002
-1.3234527998523307	-4.437509840449297	-0.001189930834398556
-1.9341236614080786	-4.397704772304862	-0.22614923688903238
-2.206333044993095	-4.09451679018613	-0.25407991370408733
-2.183675109348055	-3.580659935039704	-0.04584726764155972
-2.1896998073590295	-4.205675263488843	-0.056788931370672424
-2.1169652152174523	-3.839390606116389	0.10535204320696451
-2.1035065400243704	-3.955252783221863	-0.14431444505617363
-2.8092054856428996	-3.4849901765184614	-0.304253865133518
-3.2007370102714767	-3.4910675019070583	0.14683337508555677
-2.4830173726609193	-3.0333185313561524	-0.2251338014299284
-3.098092452976137	-2.4987292273767805	-0.21069424768861478
-3.25242365660446	-2.4335200803257004	-0.15776590952394487
-2.660004170866413	-2.3107371738057685	-0.3289051397462499
-2.933067212706628	-2.2260804066675064	-0.1369631546616431
-3.0433346747364274	-1.8898908745659888	-0.4309616184632039
-3.1282684916765278	-1.77193443409864	-0.36284661525913375
-2.8098619426252096	-1.4893415867083644	-0.11607804520483966
-3.410124625033037	-1.4583762439314563	-0.32329362542479445
-3.056141957111802	-0.7695567296193631	-0.16228075884311743
-2.981770718549268	-0.4464363206804798	-0.5056468210540375
-3.0621364522817553	-0.21833223201482588	-0.3098479588413313
-2.8876835123115026	-0.30839876842894404	-0.09385974367393157
-2.9645378652652674	-0.022023939685128197	-0.06547197817036954
-3.027333254233386	0.6056817499657031	-0.41655669432429565
-2.924012045441496	1.1828157230210028	-0.7506863625743158
-2.789090051777824	1.2239648512090877	-0.499754338053916
-2.3585104620292174	0.8557755078926947	-0.6398861408263001
-2.771432759589373	1.439817979163295	-0.11277181414587045
-2.4807148946246835	1.9069231164358853	-0.19002576065820354
-2.5824191850942766	2.334686411502647	-0.4826602865143479
-1.9774152469954633	1.9090198351674417	-0.44043354892516495
-2.530683978671349	3.019897238246605	-0.6851711096142192
-2.215129955447665	2.4872750884566632	-0.13105582886625644
-2.0836266389360767	3.3329957747931824	-0.3503225566481398
-1.7362242343415524	2.8612923501163543	0.3013089414979352
-1.9992491390017548	3.6764599816828403	-0.16085197563703446
-1.7315921742975418	4.035383176659375	0.23852845225302782
-1.4695957246294118	3.860017552649525	-0.056726509124249064
-1.538352456494379	3.8701977058678767	0.742050171720681
-1.4061957585328693	4.039159425175224	0.3163786464414865
-1.6501426805030275	4.264878107335593	0.7779724833075353
-1.6747015890329187	4.710092801927119	1.5719570588181089
-1.5632610969817424	4.763606817992754	0.8845236914325781
-2.2053578638220768	5.6708085865713596	0.9824726703077293
-2.5027882144651548	5.498169528273109	1.6652464693248965
-2.1921927938826853	5.8246232381918865	1.6398652744998061
-2.2861328077527303	5.791908326384279	1.3415105790864192
-2.8045067852987726	5.9916936146738475	1.3722760447598672
-2.8293866601719166	6.082719155573312	1.2650786474577502
-2.659255777902563	6.359353900757434	1.3237277152398241
-3.377419370684466	6.1956002319349235	2.1469552647824153
-3.412431428362452	6.415501469745225	2.069195356233883
-3.7605843040235265	6.442105068962931	1.5806089832196468
-3.901246415571653	6.449566891119666	1.4451491327970334
-3.824990853981173	6.808627655822418	1.801434993916463
-4.138557923427925	7.392497779885796	1.6538031628714287
-4.048860074920447	7.348107598066452	1.2107184713975396
-4.1532744890575035	7.145093617397951	1.615351420681777
-4.764335481930281	7.655264797758335	1.1861179104408388
-4.799532398315627	7.582347756277323	1.0658838833552826
