-0.8410143351937946	-1.370869035361907	-0.9435093567756394
-0.39388498462513344	-0.8691903295278177	-0.6906103129629575
-0.15292523756894683	-0.5059345977353319	-1.1928733154850923
-0.271103804736193	-0.35859342215139445	-0.9728587155264636
0.11935302522924868	-0.02709240559069709	-0.8645186610349691
-0.022737501447877284	0.29344270438629905	-1.2208487043339764
0.30413320684847023	0.7559779896854739	-0.5517733356784731
0.5482654323302305	1.4384150771428903	-0.777982282720996
0.609480457494556	1.8856477751314165	-0.49366494297042873
0.9259880723399921	2.1588664642660835	-0.3746083931594386
0.9210245101775014	3.237173062871862	-0.823831121912512
0.5878246795335218	3.284808249649035	-0.6391750355228067
0.8523427372749182	3.715284527850425	-0.37870435594955176
1.0811525648291145	4.560550615848731	-0.8243672319589054
0.8881063740061692	4.367646389118064	-0.1775230119506741
0.3375202567293474	4.925420967931649	-0.39855491051132597
0.724735233979634	5.530989833361395	-0.3905754445748324
-0.10037656210382362	5.444917471639754	-0.4659344552854885
-0.5303314482835464	6.13149154021631	0.08024065665981683
-0.8642863128895988	5.876935908629757	0.07686858830548993
-1.0401582345371532	6.702476615516785	-0.7136658699877114
-1.0896458541898286	6.334842146963967	-0.8604891033902765
-2.0430758997102036	5.626128831371287	-0.7295503130432512
-2.4830423904201506	6.0362699672206155	-0.46101119696718795
-2.189963575821254	5.08473640890255	-0.5114069529010649
-2.1532092198346167	4.53691240156313	-0.03557176026240322
-2.6042411030266894	4.291005743473303	0.7816032545246738
-2.978130762095418	3.547758137795769	1.0422506570399994
-2.4528811859643813	3.5467114252342364	1.1809782695739064
-1.8635972185304759	2.65343695289238	1.5125249483533403
-1.9004840969307835	2.990417797126243	1.4660220524744607
-1.6237241763944155	1.8405724703976754	1.1228506017189714
-1.3253417836254804	1.5413705802605662	1.9280638042318294
-0.9401075538387453	0.8906609550739847	1.8295190370914054
-0.4185614326240007	1.1664110541118586	1.3539739686600691
-0.3123569699846235	0.45089849221309686	1.4585889020461404
0.05278304851152543	-0.4182093932377804	1.335778934655027
0.5708220406389128	-0.5451243870105179	1.260887152600823
0.5346933934322935	-1.4193351809446717	0.9628248350222625
0.34841759409915607	-1.4188703089653392	0.8518339137657396
0.521942018748012	-1.9898932316415565	0.6877520225978406
0.7269323443427985	-2.9384601174319775	1.0070958565797907
0.6632478629130273	-3.0958486060227424	0.4033190017490763
0.6046237903803606	-3.6972214780081996	0.240944926444407
-0.17049996214425445	-4.2183041665287995	0.7978473415611419
-0.5777312144749085	-4.133841530000097	0.26487791043471076
-0.5545132530390359	-4.497337050410818	0.08534263606082182
-1.497472349766714	-4.125656884547267	-0.19019516038205417
-1.6026795256542958	-4.195041028479991	-0.16715370184412875
-1.6320964113642225	-4.201281380265086	-0.17436949068090452
-2.032415315214165	-3.6809061732589066	-0.3734403269577941
-2.8864207791578504	-3.605987220407686	0.24455752902888866
-2.5282701425731293	-3.123454540264482	-0.04021398929083059
-2.552928145037261	-2.9028052800965574	-0.28180282865719675
-3.530266598281349	-2.0918955660866003	-0.10351559364892671
-3.2580481139777975	-1.4533932941419496	-0.2995275237615904
-3.396303227149676	-0.6357171290688779	-0.47956170932608444
-3.4326738714517155	-0.4935187772634172	-0.32784810892204996
-3.2139767738361913	-0.37637109775326844	0.14429502219774815
-3.1571179547091073	0.08708461409298426	-0.5742980828572207
-2.495171046817244	0.8669011134226876	-0.5304108196016936
-2.34355981883054	1.2596502170911443	-0.5762733533216349
-2.630472793904744	1.9478859119260714	-0.3468887154860427
-2.2530345720283	2.313353756337035	0.18222794952622445
-2.0026320528816353	2.8589346986237976	-0.11793348537368264
-1.2835143462803007	3.667528053839867	-0.3278372481988956
-1.39992985875723	3.5741860157799907	0.5640587554219149
-1.1834235654592549	4.267935383974004	0.6385520574140378
-1.8661703321044416	5.125393518900984	1.4223042042258536
-1.7887756311816703	5.028942652832322	1.6931340824935417
-2.12670314976667	5.871897158296138	1.1437689656499603
-2.9589332000755633	5.955657817898946	1.9486567335493579
-2.8530180019663742	6.328962622672728	1.756686019026557
-3.341561993319118	6.51283991073985	1.7171265690452133
-3.609467687072908	6.859836222453614	1.803442809442302
-4.265093586117399	6.624207962755113	1.9278481705701669
-4.2216522177580265	6.814957080205263	1.4633943256408384
-4.932445032270884	7.767133290604231	1.6019126426724286
