-0.4095500353108821	-1.5682539115617582	-0.9559073638218568
-0.5205814168087382	-0.9767977491399797	-0.7018795067412739
-0.5623710301948421	-0.14917555160700813	-1.0974026430900627
0.1818545880107938	-0.6071262528589004	-1.108435567000647
0.478968233870319	0.019689526070241048	-1.2851593762086932
-0.1210410028169942	0.1543640328551165	-0.5581860958558095
0.49499495019347794	1.3190877489870272	-0.9664830981009083
0.2651242918688873	1.645757696548587	-0.852045428960165
0.33807394394569457	2.341607204825944	-1.0740560156006236
0.6611296634942937	2.506321716612436	-0.7641501010132457
0.8064119581969951	2.934482028805254	-0.9056582928567379
0.5798016665768801	3.103827093904585	-0.21688411147811848
1.236190907179592	3.4952894871280655	-0.6757012728559652
0.9398862437804743	3.9268070797590493	-0.8259275545875587
0.5193110885538508	4.8161788938084324	-0.3150973549482895
0.4626660238385937	5.287618734077477	-0.04768738452864085
0.04600191168383745	5.641317779031295	-0.00501381303164139
0.3418948398451924	6.201964566996095	-0.663178884908848
0.18171304147053746	5.823937660729444	-0.49196198812996084
-0.8592783936970018	5.811065964149262	-0.5024299232405138
-0.7686705048853245	6.451923503115582	-0.510454028795765
-1.8255593336895666	6.717991121806963	-0.5678761092204865
-1.9528038248513804	5.469668244904256	-0.0026524696826939476
-2.158949825138066	5.224188813902513	0.15532566212836807
-2.1750541745210845	5.084203586212961	-0.227105290990948
-2.4865552926636565	4.526730793457895	0.41210958037572093
-2.9007682516948146	3.9202073485173665	0.23925639209748778
-2.915762553413132	3.872529608745437	1.011155801534777
-2.525147841322086	3.4199297359170844	0.8567637096425583
-2.079036726575483	2.8109821491079847	1.2038570088016645
-1.676530339206367	2.5712523125958193	1.4951841815604863
-1.3813801189436261	2.319705388381898	1.6388030083406189
-1.0949003625663705	1.4743570208089043	1.6646624086731876
-0.5658566764413806	0.8719705998699985	1.4150438067009004
-0.6492536299049902	0.413929136569861	1.2615539024582074
-0.039461377104766604	0.15469984404582796	1.3704782342049164
-0.147693294821096	0.13343668749494353	1.2027805879369737
-0.04149229412953953	-0.6700346686890338	1.8449061774517028
0.10098591108057306	-0.9516345277385451	1.177973442732833
0.3598933716647835	-1.5924958798652114	0.928082517872851
0.3868603777987137	-1.868813964524692	1.1821475227852074
0.22346230286706045	-2.642782002290245	1.3898943414876541
0.2905493231047686	-2.7332418937490344	0.8205311014538138
-0.23775134107819623	-3.6947466150950623	0.7738687978425115
-0.435502018029004	-3.308633559213048	0.4004037934708083
-0.48143649214359907	-4.237495840760401	0.43852864489559995
-0.8964580399754799	-4.569442917111468	0.2753398121788292
-1.3556122095935184	-4.155043853126138	-0.16415419646576088
-1.4155870114068803	-4.419929086515311	0.3693998365104236
-2.163825146859116	-3.5268426612932897	-0.296799792072107
-2.4479756608620384	-3.8002085533762506	0.30852487172516413
-2.50945867153137	-3.4685349650863393	-0.17909493021091144
-2.8588896373371293	-3.2834311697540937	-0.0064134132173559455
-3.3327372720958697	-2.7468019008488707	-0.3989089362309758
-3.264356657295463	-1.8719665132141627	-0.1429203418108148
-3.2060571528964488	-1.9474910175830353	-0.46088896651042965
-3.2970176318176985	-1.1809605746151695	-0.4765541800832137
-2.8745309179386385	-0.45388003893613316	-0.6481282949477055
-3.407934130022274	-0.16061387643989572	-0.4930120505031764
-3.029231367227692	0.5182374739503022	-0.10307899542551224
-2.447124308300551	0.9452379295890253	-0.283760997041113
-2.612297876228628	1.5532989933579318	-0.3084953512980506
-2.3580538160266307	1.6459707326887338	-0.025062776649115825
-2.23416710060954	2.285107590458443	-0.13839218504682738
-2.003671529404714	2.613715804907916	0.2318028732116887
-2.0306376204768894	3.8926952896122526	0.027928663219275562
-1.8205339074136138	3.631490999577037	0.3403495331805342
-1.9915075000212217	4.428852680145163	1.180346818907636
-1.7307073375861417	4.812191839918257	1.5059179333754193
-2.2832429589422496	5.368081641659817	1.1270353544108875
-2.351593989158433	5.6120055933275665	1.437694030409103
-2.6266776441664152	5.605442088727124	1.8127785287852434
-3.3902597545452293	6.416545804943944	2.0646973830680553
-2.908377704414129	6.29349825976421	1.582739734653667
-3.925562938180251	6.955862609075005	1.7745312701164129
-3.920369431672595	6.894404087174961	1.2842826564428627
-4.031990096122003	6.919945174447129	1.6226072491792833
-4.720678997933009	7.47007764705618	1.09019853167158
