-0.9702019985644712	-0.7457983711447314	-1.216657899546217
-0.3595737312078363	-1.543308575319725	-1.0867839493988223
-0.5884487000424667	-1.4506716542357228	-0.42488399027267476
-0.010715268125461641	-1.170165897356839	-1.283870826339514
-0.22939676005984433	-1.1883433466495887	-1.0414901559265548
-0.1187425780225767	-0.9222248899110433	-0.7434791479471851
-0.5022528322590196	-0.8018722058426948	-1.0653798275595863
-0.18359308776782257	-0.6036954590993384	-1.0080533751082392
0.06193638273407742	-0.7877045813935708	-0.8971790266830085
-0.45345915636780254	-0.6060553360791332	-1.182633145278781
0.0799393673249108	-0.49726270847751786	-0.5313251238995106
-0.17823352235253925	0.029716922411682944	-0.8329258149096872
-0.27940864790345515	0.006275798874630867	-0.7749999009690007
-0.019417139093872327	-0.09206045510841598	-1.156050966386897
0.41946705615776236	0.01003956564508517	-1.3112467766644678
-0.001033825480692474	0.28505230578902796	-1.2060351860659804
-0.0564234715719	0.3496116677776552	-0.5675994618708945
0.2990322681066363	1.3583546984576864	-1.2891290111991298
0.3263236146184152	0.9071740924827562	-1.172835596602415
0.1802318243688809	1.274622268014849	-0.543118807542534
0.2435856495122834	1.0233752254403703	-1.131398216679846
0.4498114811587508	1.3762145373673633	-0.7333354567052628
0.5999348056390317	1.2462022893199305	-0.6590019751159331
0.6432131195603417	1.9006434056354027	-0.8321414540318604
0.36183437638312244	2.1706748982679596	-0.9922665727718673
0.5597728303166901	2.28522105469683	-0.6961487626432479
1.2211889537075336	2.07345177669424	-1.026862492714294
0.4657231348090093	2.617402258977414	-1.024985647516968
0.4109805870486541	2.315983995993333	-0.19625714164072605
0.7232659768719771	2.600963058098213	-0.6995442114918634
0.4496074727080542	3.278746303018673	-0.7988039597837977
0.8312083058441859	3.3146760309326573	-0.8346322050108544
0.6575516694800471	2.8133557614829416	-0.4943067287847017
0.8416441100311	3.1603192877067245	-0.9044430049851077
0.5469151173312092	3.735870323000853	-0.91290567495463
0.5130801837810325	3.7949261923491657	-0.860832593002638
0.7688773014546719	3.646572784903473	-0.6926903245231596
1.0712573334974431	4.306615499314836	-0.9013162566791607
0.7081303010858215	4.325783613520192	-0.7625459799691608
0.5089938607786142	4.356235889998165	-0.536316084512802
0.4714596741041062	4.586956824934868	-0.6166776038911277
1.0261423668518035	4.471338694830528	-0.7772678586327242
0.6734791010496621	4.320026539619517	-0.7723911473805238
0.677452598882015	5.025485702048001	-0.7687266073667934
0.4361173366297831	5.2394969382214205	-0.25826529670108966
0.6048870554197192	4.927999810150725	-0.5174342664813517
0.3468478060063821	5.277394387973748	-0.41828138469617593
0.9320584639871117	5.3125987199760445	-0.6090037541664095
0.6150916093059852	5.678902803575959	-0.7714400065522462
0.3082405562270403	5.9701150089349735	-0.801907816394593
0.22311382564874982	5.780225288936634	-0.3488769542622121
-0.21788502816573574	5.56487830494209	-0.05461327474513322
-0.23800838809906338	6.148514829541884	-0.4311595785326703
-0.25547538285990934	5.696258483120113	-0.07984632690582827
-0.3590489477879175	6.230291616760862	-0.47733311707499326
0.08645049803438198	6.087110742333409	-0.5379696669636802
-0.6472853442799283	6.248684705657855	-0.6731627794634579
-0.6998827685849521	5.935483874665371	-0.5112234703577443
-0.4597907755583952	6.066618307439305	-0.7905819613575917
-0.41023105094330203	6.114229017468064	-0.5477242931306813
-0.9947801601561362	6.552330981522666	-0.7137527783478472
-0.9860767956647499	5.92404962780045	-0.8597185503727277
-1.6228322852907888	6.205255919727483	-0.6567336839117905
-0.8876165958206124	5.968865136857987	-0.6106885637279642
-1.4457181878819982	5.703426926771426	-0.34340696845434104
-1.4117307186965582	5.852576508336392	-0.6582936002123371
-1.6687077469432199	5.57789076133914	-0.46871626211377215
-1.942519226610393	6.0034974852622405	-0.4829221053197075
-2.2529683604152746	5.414024243964761	-0.5063464026291938
-1.8655759295356322	5.437976673598558	-0.14352103836939334
-2.623114498372377	5.078845540404985	0.004537055291209069
-2.1713294937327445	5.151592488277164	-0.10593578156412575
-2.6475637315789493	4.966370867057242	-0.0023503859386451165
-2.7523746814416095	4.6456223742513805	-0.30059739139892966
-2.346145235913161	4.832009612350879	-0.2226006632298091
-2.7178276777995265	5.143707575266829	-0.2193636740994876
-2.201655326832235	4.433139767587996	0.2270118882653481
-2.6733205552389543	4.069566663849913	0.10517129691907455
-2.4979077253129316	3.9674497230964443	0.6244960373808341
-3.0505427391208078	4.598843457747217	0.3524549288178557
-2.8225873176470055	3.618778994828991	1.0088440244632864
-2.9428605821647396	3.659838298598399	0.430186637036261
-2.4385809300753776	3.7767563737604304	0.7850565979689389
-2.8794562004593756	3.8977931769550986	0.8698888860708864
-2.4974942294931024	3.2634499247544095	1.288107570405661
-2.225797217201723	3.6712907499373273	0.823454521849116
-1.720550927592116	3.0340708584917424	0.9201722427875147
-2.4011413597552123	2.8964225209982444	1.701660692671234
-1.7299484968483707	2.5872802770071255	0.9938448274833093
-1.498927593896006	2.36975452946844	1.1775068538618225
-1.4049155293940738	2.2941792410264523	1.5165423686164796
-1.8815344162723826	2.5283897533340247	1.772337474375293
-1.3281718886317573	2.0403336457280976	1.7749607285497744
-1.1103877224139107	1.9180823591580125	1.6920191038704981
-0.8798022408921429	1.726934507271058	1.2577569107729154
-1.1294870947668523	2.106822144894247	1.6868583235117982
-1.1214900551279965	1.780025424000925	1.555680783883287
-1.0394323321435501	1.8821464549521174	1.3972968690325565
-1.1279100630085725	1.390436607815274	1.2403165587120961
-1.0146719103983302	1.1625361556240228	1.4378258201268552
-0.477104873854281	1.4239280082149248	1.3996900519449789
-0.6811363414825241	0.5570066723762936	1.878423298873388
-0.30589514693433006	0.8141186319285934	1.389809120282534
-0.46331644686684326	0.9889410146622888	1.4889947711001268
-0.5609666613775313	0.6297690807843331	1.5201579714105948
-0.45154337872997474	0.09411788183629757	1.2832012625804579
0.09878489683755437	-0.17772580343391342	1.878951821936225
-0.1313665829222584	-0.40187614004310923	1.9179670307399508
-0.23338980796231762	-0.014054982357411094	1.8190693140915635
0.259847822208839	-0.46036303621464203	1.371160954578166
0.3442228262390715	-0.6211921679396503	1.3190270369521142
0.7004364176786839	-1.037587471141929	1.163781061323339
0.17611256988534674	-0.7402499803263172	1.378612267647814
0.4404923475182768	-1.2487378533002544	1.3850387217492979
0.3160688433785475	-1.3011209008136078	1.5837406754797612
0.5521973782354	-1.2654763370552349	1.2017963323446685
0.80814193916341	-1.8505020455915278	1.2878940400538839
0.5211051036311893	-2.014394771934885	1.1826574347831866
0.14750787738856214	-2.1425565548678356	1.5143998843907103
0.6889183825986239	-2.1080900919173944	0.9654839961750631
0.4087153163778207	-2.396109130371182	1.2568669209788577
0.05184894735544241	-2.6936145060240317	1.1224152044065017
0.5070930910929848	-2.5033478428904306	0.934485996705881
0.5399739797412959	-3.0545169862730868	0.8062213306940311
0.03635595235197286	-2.9769304003596977	1.0754203559754179
0.4675763952978662	-3.0234794106703013	0.6598426992501866
0.4134427553034969	-3.3080343308630473	0.5666329829180425
-0.15153426952188565	-3.164671523054802	0.6769102961088618
-0.00842001441654261	-2.8302378356634046	0.2835409020679348
0.3266133424751741	-3.7570723582103493	0.7068810746562775
-0.038310375371670646	-3.5768269745059307	0.7508011285495417
-0.008286171157340205	-3.6021053461043833	0.5590933196840107
-0.3417380889781807	-3.5359234413286997	0.1437601563077266
-0.6056092516537213	-4.006924937382481	0.139421435134578
-0.4458862724693352	-4.370084393045078	0.892947539979514
-0.5786362070831972	-3.9160899073992557	0.19156275444635373
-0.4539168203501075	-4.229914521029441	0.38977480156976074
-0.964863647682283	-4.263191596819742	0.5419127304035293
-1.2888750305771748	-4.036063481681455	0.31151286078769924
-1.320843673137459	-3.8411171040642795	0.15312414755144266
-1.3290262310671692	-3.884957886683428	-0.04352445185297757
-1.1007794394517394	-3.9342618835508008	-0.12997671509297667
-1.4288082419230037	-4.41157724036256	0.23234042258220042
-1.797314276661825	-3.803387016494262	-0.19975212621808136
-1.9489820861509515	-4.2179138504316205	0.011597333802246645
-1.9048506774342462	-4.247349421315805	0.46118205839585563
-1.851926544056691	-4.088625563947853	-0.15952593249767072
-2.2487103289876647	-4.309984136714072	0.17079660861052232
-2.094036761649603	-3.761376895631597	-0.30215096538880953
-2.6375188516070667	-3.862998248116088	0.052447140809182724
-2.35030819903223	-3.9847364830662726	0.30772392518132424
-2.3411565866866977	-3.7821271854781378	0.1022826887184855
-2.484919020319814	-3.411634469424926	-0.40351900821507053
-2.6052692732197937	-3.7913793226383974	0.06969471968364588
-2.902508640648762	-3.4628634713561226	-0.36970177982114416
-2.6301739434918905	-3.527056937588595	-0.026207106758243115
-3.058704722738616	-2.887359925480077	-0.02242884703170639
-3.3270964165981627	-2.5259850142886355	-0.18592455276816067
-2.8039960674129993	-2.7484564445120507	0.1213126072127173
-3.2944310079536403	-2.0844827014535374	-0.451423294458113
-3.1297722128976853	-2.2051659230360188	-0.2799864869167643
-3.141684958550832	-2.319121961087938	-0.1455262147621904
-2.9765323046518573	-2.0005262795982364	-0.27160366510465106
-2.988272259116702	-1.8548313000989873	-0.2245819182814528
-2.9542394569133776	-1.6806059198776973	-0.34865165168062195
-3.001906048179575	-1.7941772857690488	0.1607661784131741
-3.1064030183493014	-1.7041183718568536	-0.23941992456680095
-2.8514525733068883	-1.5676116124645185	-0.029004399686060722
-3.1127541190156958	-0.6326004349107727	-0.5772880701327324
-2.9009278919029238	-0.8463387341328626	-0.13686882465978878
-3.0079370068122953	-1.142078278542606	-0.5364879278139648
-3.221129833607128	-0.7839236027367761	0.011115750304538374
-2.7908888209320213	-0.26611111339374993	-0.2759334412766028
-3.05019162435742	-0.5794298752347503	0.14027047976375395
-3.251086672908985	0.13838069564684213	-0.5063416736361015
-2.581642589283631	0.023343432909835593	-0.4451197093311883
-3.3015792234320274	-0.09514960050111314	-0.6815688445169501
-2.796875997170768	0.2632190449749498	-0.7050882597416593
-2.9893781005576665	0.9238060160819108	-0.5528789331255036
-3.2179185743015433	0.49424709622632573	0.034781096199894
-3.0143970391395065	1.244209303138991	-0.34413811545188133
-2.437456000636461	0.84736348628151	-0.3238669508484451
-2.449341311426438	1.1611777555636456	-0.6801116508926892
-2.9690413177960444	1.6761045703499695	-0.09439599923669828
-2.680347431096616	1.3584611404165396	-0.0862923852903984
-2.6707952229258707	2.304020213301188	-0.7819696812814089
-2.565026210343266	1.814251024545627	-0.8211641632910884
-2.459791774660725	2.11008947980752	-0.6787900811769544
-2.2478332406367834	2.035313620697927	-0.4503400589096336
-2.5455503042575574	2.49301854550465	-0.3909575224395646
-2.0429856051654403	2.3944301158542602	-0.49912795903819485
-2.270085776747143	2.910030247916115	-0.3408864313990785
-2.010719439355691	3.0962820337675963	-0.30572136296160657
-1.9846687568079677	3.073315330002528	0.06136272211888816
-1.490133145131243	2.944514304449531	-0.24861593019382355
-2.0477917827498215	3.9990061851526875	-0.37226111025935293
-1.701275110654057	3.533087608445626	-0.02991031467901284
-1.6435719959287818	3.464727638325359	-0.15129669632311255
-1.9517325359557418	3.6490087389254375	0.4601393031920532
-1.931482134705164	3.941221834643485	0.5172163398634397
-1.611461045030509	4.501042540284014	0.5734239715275032
-1.5922905576551662	4.707250025269192	0.5153194923965025
-1.7568194151152847	4.440918220342802	0.6035539300103283
-1.2629956330562817	4.717839343088652	0.9196240110349566
-1.6151271296200207	4.465286099945805	1.4040480786062357
-1.9921010206998704	5.189133942162307	0.8820015019526299
-1.9985585804360886	5.399927618615351	1.3269030523160412
-2.202001637328598	4.934985308372983	1.7969506491048126
-2.0250110578121174	5.596766467419013	1.0183250102975379
-2.177302331966665	5.8553776198389	1.4129150943497335
-2.1540637231646484	5.6073609154379	1.6761825303694842
-2.704702560600823	5.540855807698246	1.926380453918974
-2.8545332050411316	5.515176756578027	1.2505537119745826
-2.9638648312222955	6.398540445941379	1.6947256289769514
-2.484950997157654	6.1133209186946225	1.7586112696547707
-3.1356497056903163	6.36861192152093	1.541207718202758
-2.8045545810405654	6.175128800048318	1.2749951510652204
-3.040452548364697	6.010219461083808	1.3340947403034984
-3.6334312690456967	6.348147603109096	1.6425085309085516
-2.9855334470359627	6.335764272429049	1.6649788051293037
-3.6524018205616935	6.45252833193758	1.848675829590165
-3.8751249613727747	6.47080598265131	1.3030195454498656
-4.030518467933748	6.8958956387869	1.5601007012406845
-3.883261790197269	6.925461132987624	1.8218577505973172
-3.7458696042812663	6.846815449455415	1.6604813107171545
-4.4120422735812195	6.786931675303985	1.3756527272765817
-4.42597702669989	7.279368759751725	1.6141421152569402
-4.464350032881821	6.847582581331769	2.033106770535197
-4.619037025930915	7.644586606444624	1.1501891587903788
-4.538552920433791	7.072487083296359	1.8271774907345804
-4.341836628007966	7.186295432926197	1.1099538365517876
-4.495008229558541	7.113410208933547	1.81159003597456
