4.522714376182908	-8.174965450111838	-0.5507803162770115
4.240576883838669	-6.729134716502351	-1.2731929965381612
4.538562275515806	-7.053101866729881	-1.3821644599058174
4.015494428445448	-6.088219245480609	-1.4050646731595462
2.8688702203911847	-5.008526564750221	-1.8455349730912158
3.009831787435599	-4.664364268440274	-1.5513766862150615
3.3184645998698277	-4.99699677099086	-1.7173192027208621
3.710671084399551	-3.7966967841396593	-1.265000248722507
2.8397481380471477	-3.675272612024717	-1.7373150735721619
3.423686855565944	-2.101877456952801	-1.3398930174277635
3.998336030940309	-1.3961311274403765	-1.5015375079935172
4.676650831884235	-1.7329122402406067	-1.0004022099314263
4.171262783602581	-0.5869394299471602	-0.9418779787901659
5.195463399472277	0.24646956079721616	-1.1912581297873244
5.059863078120267	0.43895108140185907	-0.5550071593368795
4.760007223037645	1.8836358232889197	-0.23946341730890042
5.670545708761395	1.8485984760117464	-0.315589560861907
5.300700939229097	2.405130160454061	-0.4152286594077732
4.328778826045179	3.613118091285607	0.6489264476832064
4.532378099890205	4.115127325602531	0.30600617013449827
3.8834614604775597	4.6018909766290745	0.4173485577911827
2.9966266417501433	5.109505689971548	1.0812209825352375
3.4781977095734344	5.420600231419134	-0.011337299451352298
2.9725232566278184	5.511987181107154	0.32584854003576913
1.2366420787419103	5.239376985900334	0.9373526917738232
1.3290895186049232	4.9001782827971505	0.9739661482211714
1.322397757620935	4.283663966151185	1.2613790090990793
0.9196200912066743	3.3770217208626527	1.174758193918997
1.049502885604071	2.7548045199548743	1.0912021446983289
0.06485011970604437	2.408489708384074	1.0138033274327944
0.3535240672790121	2.5267235680396283	0.5345461464570345
0.3064385722013412	1.673931530963859	0.6775275992001182
0.29197940487673213	-0.1188142677069555	1.1389992152771469
0.7358135952520817	-0.3579499006568717	0.11640181234975985
0.9388020021043328	-0.8266973242476732	0.2533445091647968
1.6796820742432952	-1.20280928118382	1.3913264536516956
1.6382384249380029	-1.8160791143915687	1.0529540140865175
1.7306220525294562	-1.2678399122038244	1.0819126593913617
2.7362907360237014	-2.443631472582724	1.5213779738820097
2.9529695800627147	-2.9317708134979337	1.542022854234231
3.9722028697127243	-3.299944205476733	2.426594349907649
3.886698897882488	-3.0716547643075454	2.2976053957734317
4.673224530990836	-3.1740801534669734	1.4113818577856811
4.64200406907641	-3.478373916848329	1.3602825638180158
5.046382334660804	-4.068119655071422	0.24491596021930062
5.417524569589741	-3.9189868243109056	-0.019989265990888794
5.917429221020378	-3.591416676778734	-0.5953305137235991
7.13735442202142	-4.7086459466239825	-1.3737391658749278
6.513743824107534	-3.5697979186409716	-1.525071147915184
7.251140395562052	-4.137227562545723	-0.7834538686824908
7.2344455939537085	-3.6560305384503846	-1.8929153971010697
8.395230658718122	-3.3122602523166305	-1.133048274639989
8.651137294192438	-2.056021497979468	-1.8854086973411532
8.949894904975197	-1.8718429321025014	-0.7552825341106433
8.70225256198047	-0.49965117863866904	-1.239468699116118
9.400620056029682	-1.1619066503402298	-0.7232677252926191
9.173830541682262	-0.2346217025054983	-0.4920160662307692
9.52688820069331	-0.07629262282196553	-0.6082597434602832
9.21519118837566	0.7586465855177253	0.661185781223725
10.108413203467888	1.2197307752663422	-0.06817877533357486
10.102817275902497	1.731601059848101	-0.37261421417223156
9.2156917339643	2.0439522163167565	0.6931910701636421
8.381996958490674	3.758193858023182	-0.45712815847836064
7.706769132450843	3.3022671376302877	0.23492025388726268
7.368413703953425	3.8408827183113	-0.5539031029956888
6.804260386240183	2.944271598334806	-1.5385758727852332
6.911631570863522	3.4173957548979557	-1.9376953054492596
5.823501607777815	3.1422173946113094	-2.135530236352047
5.693386178975493	3.1972659006060877	-2.2608950043343077
5.359264534272297	3.5537818248757933	-2.474524213405218
4.672303125244149	3.63291550101514	-3.0088642015373166
4.162141627331406	3.363105628192193	-2.9367319834388304
2.69437341416111	3.7932181495254986	-1.808666027047015
2.2319073637531477	3.8436984418835496	-1.9061344373237306
2.001500075206218	5.116033765236759	-2.4013529502364444
1.4541792553014878	5.354654962976583	-1.8947173016530363
0.30324597459434516	5.713480545342946	-1.4250945328423033
0.05057418957426596	5.508889074436615	-1.379928592544422
-0.8726574298378003	5.473318106623345	-1.6121367661280157
-1.525253194143935	5.752972009098342	-0.7157173255781695
-1.105715677644508	5.421390836663864	-1.0997840743611482
-2.695683523333019	5.315882827688992	0.26800869725464227
-2.8881431149513275	4.436008719334042	0.6072994211423505
-3.5704460817596266	3.941353766373936	0.040553357723110306
-3.2240074624166173	3.9468130843235856	-0.13678238720416652
-3.265812967273878	3.209265274356392	-0.4999481379090156
-4.238483882904134	2.4851999622794883	0.4104654953510516
-4.304440377535017	2.3495117442982663	0.13977162920417352
-4.124833990733019	1.9809345618298468	0.5912717258566456
-3.7241722670294997	1.9219374364058157	0.5411718568828774
-3.044729036605902	0.720043084809616	1.518245122600862
-3.0965292348217175	0.35378751200795866	2.173972446523411
-1.9746081058399172	0.4074017790849744	1.4294668279033824
-2.398694769980329	0.479021209473275	3.131903238674861
-1.9336384564363613	0.7503368585309796	2.525142895966432
-0.31258537074203097	-0.16880508398291375	2.665151051736842
0.3218622362874195	0.31487472308609765	3.2974074508155438
0.08188109578827452	-0.05959877176127723	3.8760408406840448
0.9128124396207125	0.17256925478925483	3.0720236041191793
1.255539418540453	0.7175441172872449	3.4171630775700486
2.3688834647908834	0.3250441889026923	3.546474305433457
2.4166512427884097	1.0307054600259449	3.007286210575597
3.461451082580487	0.4065007610741491	2.456483515624962
4.269838267786408	1.055969013443398	3.2950992790935474
4.657246051043376	0.7054661703133419	3.0585377150608686
5.74448565089336	0.7300201144233995	2.3097464178682943
5.484321072336671	1.2239260454906393	2.748779266499146
6.141224277746907	-0.14774707908372406	3.3247902890601013
6.81382706907845	0.2636239415167869	1.747763875369943
6.5904590538405525	-0.44362230617167786	2.3564095825645195
7.548776941593286	-1.4527220827280523	2.4593822583221314
7.215557670777335	-1.593227774503075	2.9522713640026295
8.418925961938568	-1.7117885288418522	1.8856949067140558
8.041862100526698	-2.985183119072772	2.2383687467112017
8.168333295594437	-3.292366316702392	2.936488505157243
7.501418968921	-3.7179923329371833	2.826638356411568
8.200430123410047	-4.782312359097501	1.8240066510849826
6.915304544290077	-5.3544519746758175	2.820063027593018
6.814336572900198	-5.550912010381992	2.2443883055533154
6.845479493336361	-5.807185364023036	2.423703272444169
5.659907315034161	-5.6991466442945855	1.952207240277703
5.359244758470746	-5.858566565899612	2.434917780787157
4.11218749751967	-6.081501556292877	2.2731069888503033
3.311063098795461	-7.034607194757897	2.646026878834422
2.950122833266013	-7.420616314082503	2.1387353021061206
3.167809317367512	-7.431285602342	2.091235091666538
2.041009038174849	-6.757773159430129	1.3497888823281037
1.8328374222410606	-6.744725854916419	0.8226977402722131
0.4714694809006053	-7.154123376130467	1.4562656951309343
0.2874192314606775	-6.551984253795434	0.4438628919489284
-0.14488382831106683	-6.450863627407344	0.3260976271844632
-0.371852997069809	-6.311859321009464	0.7134788812972305
-0.9825036930083044	-5.835139844961449	-0.32060153339613073
-1.164719561827664	-5.181899622804458	0.3123546864567335
-1.748866920471947	-4.180194674086573	0.13973336480302095
-1.4365635171622144	-4.22076216154923	0.524387476085874
-0.8779136464336954	-3.3322122112697556	-0.47013174919464734
-1.8274461247792813	-3.2107103400377306	-0.3138856693609694
-1.942687459729278	-2.180238625437191	0.07976674271666329
-1.5489008521477643	-1.8041884928525116	-0.05523262761450387
-1.076343029834895	-0.9745694388258686	-1.0533312238549326
-1.2106336392080448	-0.5251084760915425	-1.2228398610137077
-0.4483416328745833	-0.05265243219798055	-1.686610046580416
-0.0768111310105064	0.03843151104685666	-1.9412225315123286
0.20761542905120545	0.8687283800028838	-1.291031516340371
1.1074628031306053	1.057794705201779	-1.3645219047669892
0.6230294895555548	2.2482346562950566	-1.6398476308814736
1.4095963962182103	2.170067485414436	-1.264739075165553
2.2704527685253657	2.6362829237672862	-0.3759727597121617
2.5933307911022347	2.6419333155154616	0.3672298080350587
2.261692876839045	3.0162194773273283	1.1090241059460522
2.613579870176744	3.506032695672403	2.1060486482260825
2.887762123517859	3.6063002441821514	2.1870693128599292
3.7295063200145675	4.395275310621923	2.080509321617838
4.4605740752208085	4.251479788577822	2.8853038872564496
4.5381869148525436	5.508237213153374	2.9272160514369916
5.781972310645271	5.545258390229708	2.455995124808978
