4.666700796478655	-7.184763336713466	-0.8428395420924382
3.516555198782429	-7.421493871723371	-1.5295015949772781
3.1334489001769885	-4.97873889011408	-1.7108275773576074
2.693201778133795	-4.653982454505966	-1.2262196334401951
3.769157516778562	-3.329125673160161	-1.2804781391427036
4.344200107135745	-1.4787003493274529	-1.7049688889517194
4.22550928331338	-0.07872538816009311	-0.929910353824966
5.391127055066817	0.5355811743862624	-0.9435952427521466
5.515412504714937	2.099827278913123	-0.6408800598853345
5.013808518967475	3.3585600993560942	-0.31976238450997846
4.548137232378617	4.8673974760482315	0.3165274707433902
3.1073992914608635	5.034187823247845	0.9453090273118351
1.507711801385665	6.036239171348462	0.8307316691131323
0.2148092022455146	4.299811795853975	1.207353585603808
0.0804381733867191	3.428144569497247	1.9269998911136472
0.348050672417032	1.5599308166020618	1.3454892394308868
1.3910332025552294	0.5528305776640127	0.29682901522670974
1.1653106321613103	-0.9817389446631235	0.7084622178673412
1.4652699844409565	-1.9786803500010839	1.2113767749740978
3.2163892884699816	-2.7512814810859836	2.153015408569704
3.625449915135113	-2.4368494408108856	2.278389557974357
4.062670530459268	-3.3258426879689575	1.1284385860166717
5.1801842941946346	-3.842683431092921	0.14242527655108395
6.802553659239564	-4.649530046069413	-0.9785308872317833
7.130756799835586	-3.9900200752341437	-0.8789893539790343
7.385160792070276	-3.5207964219609895	-0.9481931384221114
8.785814866846156	-1.9673317846825764	-1.7684345426700423
8.99242985224202	-1.6985338589027195	-1.1933913814140271
10.303283798971012	-0.543748827153548	-0.7124090743781364
10.388875589194111	0.6555882946863909	0.07253219603483219
9.298093214006617	2.7092578495632864	0.03135485980529268
9.02068146519221	2.843045458298634	-0.646800599074427
7.93025641341931	3.076556575765492	-0.6378022640680568
6.633391012381189	3.5372452631193627	-1.624197842464698
5.276187521637677	3.375852090757971	-2.4358857417264423
4.598010064798074	3.6939682595852457	-2.7681749941992737
2.4755335793996776	4.392224156188125	-2.4795842378643593
2.140871364212403	4.4952036452837065	-2.60986602832231
0.30886433152971166	5.100509107477622	-1.0823621820487659
-0.8683433660615499	6.107020283448289	-1.4902154996387253
-2.0086279800924234	5.276574304923117	0.21254388230500854
-2.3703466853057633	4.608851407923406	-0.6423949590534546
-3.6357685050921584	4.036090260520808	0.19762371306995163
-3.415755541567118	2.7355609122134474	-0.1752566754080746
-3.638435255117826	1.2665691915544015	0.6704252346681712
-3.868729522757934	1.0523940732674237	0.745978828787633
-2.940793514369247	0.02783102879543159	1.774433209034048
-1.4969906588672988	0.9044930782289539	2.939735105023222
-0.6590440096873018	0.7633003039281576	3.019648757357174
0.7161838536009661	1.2422278426326259	3.100811085738592
2.7586600495223004	0.7610302179329509	3.326595175855131
3.4093869169940314	1.170837793131195	2.619403827420532
4.891809223780397	1.2624045915845195	3.0314505527161053
5.699368882552425	0.9138526615996497	3.0242142165337613
6.923783597263489	-0.36037081855416514	2.6135716986559343
7.425522447585195	-0.8411755660012168	1.9091113895607963
7.997874430890371	-1.9228364117006813	1.747351849515572
8.078783142339152	-3.3896156717144397	2.537555624890558
7.597031957211115	-4.60866423743036	2.846920759623215
6.40876657054591	-5.413888575279426	2.568104853182676
5.897377880079699	-5.745436712141117	2.0083786258865217
5.029176012644326	-6.340956749950294	1.9227607509355251
2.949313186908133	-7.380833665587223	2.6381848809356074
2.2578220828944433	-7.214138431612069	1.1715170880622812
1.5582572045612715	-7.612828971245832	1.0782450145774776
-0.5700267576990451	-6.558207551162529	0.9034422828869278
-1.112562327977709	-6.227174408219526	0.18083519554853422
-1.6358321528198951	-5.080112852869066	-0.3433771130018566
-1.4158731715615807	-2.8451658025667923	0.10036306211683649
-1.8337674649108406	-1.9125428710661656	-0.7282183436553173
-0.7270876647049509	-1.2021022693008545	-0.8887763022185691
-0.7531845806806374	0.286147688431585	-1.6553126818478014
0.06692038794112964	0.7293816099970745	-0.9739920205951087
1.1019372084274153	1.8942619263263991	-0.7526343328484147
2.4977520763443297	2.485150696885275	-0.5076364874022932
2.5221764996395772	2.599525555063332	1.8711449487701572
3.0381697922649287	3.324995543954495	2.376971366602116
4.160321024972572	4.270421687893909	2.3680717808277927
4.6705793965020375	6.073044795976181	2.795689809470943
5.304046116780432	7.318944911557571	1.6555505965235051
