4.076541953784906	-7.663275978286824	-0.9826737625236116
4.977421658625835	-7.6845051133336755	-1.5476361237051073
4.475615597424396	-7.015471502163234	-1.213958797307232
3.095116704728614	-6.071574730722192	-0.8475966352685838
2.9846307713441402	-5.96540766131416	-1.075105531415953
3.578635139278279	-5.537012781594811	-1.8420659286396708
2.62763073754948	-4.663230956895788	-0.8660175147083926
2.8263139844459713	-3.454871902751499	-1.1194996133265667
3.184386065753326	-2.6657538198988338	-1.3353384607406955
3.8056298317115576	-2.769184170879603	-1.6966447880320032
3.4558729622679616	-1.502997562674537	-1.5516967909597426
4.532622510238368	-0.9132315852295936	-1.225282424959597
4.332728218372303	-0.6542592015765998	-1.0872839535880252
4.90276570984389	0.49443499584629624	-0.8574868080551041
4.535014700141563	2.172315177786168	-0.8611960814861609
4.920329270670253	3.1445366657900475	-0.8213515379396398
5.053090246448698	1.925518911538125	-0.192100792133704
5.639735604370814	3.018277756213335	-0.18518925902735156
5.442569640866068	3.705214234563157	0.0142213952695458
5.332764597274574	4.414030592710013	0.13546385383229254
3.9551494732068333	5.12408741409481	0.298717144376169
3.783018608848577	5.050768593835889	0.8857279361695318
3.4627388243221846	5.886763604592019	0.41921803786845946
2.0937986912844413	6.034244509906349	1.2043563720067025
0.7253184207560982	5.418941374890228	0.9706765135084785
0.30694970756262985	4.752166424837612	1.0140439164138906
-0.8014232009753532	4.198327269988108	2.225503170953499
-1.0659652225445695	3.455184872257652	1.7258421236676207
-0.20512355487385303	2.6359992850520984	1.072144113821048
-0.9679498445192427	1.2869328492025152	0.8972748363139009
-0.7735381716594185	1.2153419116780815	1.5063526617916976
0.23391722049994534	0.6690109923415665	0.6329049135282968
-0.07754859370608247	-0.026936951191796954	0.7639549905086656
-0.24452970255122217	-0.2613494138669017	1.1065112573490095
1.3426439321535732	-0.7212557827674584	0.961106562340135
1.4535703177847794	-0.8200117691652646	0.4807552557477063
1.5258690004412248	-1.268284471520686	1.5673445717022139
2.5710332937345353	-2.1368482792905312	1.105363219398223
2.930740186384713	-2.408168666711195	1.6853745348226803
3.612308247145836	-3.0984637328937534	1.5423165763098798
3.132011911699362	-2.8320850191487956	1.65095865049106
4.103348878727021	-3.692468847317672	1.6632389055616719
4.631053737719837	-3.1142729564554785	0.9338866918781201
4.474973320846365	-3.9315264578974833	0.8931292586544408
5.415009109046646	-4.347357512399107	0.9496705644924756
5.729370984697339	-4.399813856877072	-0.2081891952557683
5.887167157306454	-4.383995297403821	-0.1183924879406082
6.0780827086525075	-4.5227357522501705	-0.7404969878742482
6.327770962931053	-4.6536850101184175	-1.354827734974645
6.848829581666438	-3.381186174053215	-0.8689924915422549
8.001735605762816	-3.1489679982104883	-1.9166684961001552
7.563474854970084	-2.753672505711955	-0.951614654736046
8.260879644688423	-2.616781383782547	-1.7928605577913745
8.865608162709158	-1.6771444211798971	-0.6992726385336081
8.474627653226777	-0.63915570350722	-0.7002939733806793
8.807268255704576	-0.29706797600272283	-0.5272149922839757
10.066355097276787	-0.22203735150383974	-0.6138984959742874
9.99159664452053	-0.06798743875106056	0.004988239680298823
9.922088371223804	0.5068549047151524	0.5525183005897885
9.15470863699378	1.518558818361251	0.23959198845793656
8.898749858550634	2.22642009676706	-0.02131958386091648
8.883060540468275	2.0516124827853557	0.6976116159579715
8.623249598128869	2.529542968467381	-0.4766212179665787
8.006758359366074	3.6355184980115163	-0.9147308507439111
7.89505440506152	3.3664314284972514	-0.6316153555729285
7.024679317103103	3.4796989064375783	-0.9516730824215619
6.434798600005198	3.2233147693353708	-1.8867770472123655
6.125601166255355	4.0687578881182045	-1.7980593661070023
5.657497546126797	2.9914783452730354	-1.9027521015021698
5.55788374417382	3.0709591211451306	-2.7348160033738713
4.88987837583045	3.2581815344856784	-2.7782800583702616
3.36361836047682	3.9701500590505674	-2.7874008041317855
2.551001736802025	3.659245833783337	-2.412572480549398
2.4742675963164467	4.506077368037642	-2.81573466788541
1.9703587923298156	4.619125010138445	-2.3125717675506197
1.033638462441745	5.110918131313198	-1.6841534965610991
0.18293998922208426	5.149557411909741	-2.080452237608344
0.010626507729518897	5.624256604112515	-1.8451467870662994
0.07315611582187431	5.0752842406318015	-1.3971273011132037
-0.7888727379382949	6.040763741343268	-1.368017180385272
-2.1008887349494363	4.892732873354113	-0.8364579487756326
-1.5013872290468298	4.980456256370753	-0.3619109537938161
-3.0646461508064737	5.517204213998903	0.018518641798238922
-2.863721826863057	3.9491713195866067	-0.5198259526186764
-2.8789078363548875	3.766563875424459	-0.250618457008942
-3.2273404326527686	2.949344537333043	0.11480819414282883
-4.486023934376994	2.310396412045514	0.9398273113505334
-3.999177794104335	2.1510661681824454	0.027536934806288438
-3.992573202625955	1.5298494293055414	0.46896868449927315
-3.516461343464721	1.181321485563176	0.7229270645490701
-3.7371380582914364	0.9861905374973049	1.837674819431748
-2.568848182935027	0.8689658940987283	1.7274076075044706
-2.6829840231080797	0.2045359215401838	2.7623972914988415
-2.2347552389909393	0.5284127732482574	3.012817148215844
-1.0001581951482308	-0.2681511259759727	3.0953412505337883
-1.1268707237252658	-0.15935602276193517	3.515784077164571
-0.061630239497431405	-0.45226824810830357	3.0144456099323147
-0.024194799399718914	-1.0080142268153574	3.8803045138083854
0.3489671428975403	-0.8206722233022571	3.409645029321637
1.1078702904960662	-0.07615327697237484	3.2817340115459754
2.303745179620675	-0.3197237126598679	3.3234611066053663
2.5649544172961467	-0.44299224797672343	3.204049101527997
2.836693779337281	-0.3884485757179118	2.5362364679347964
4.137269333368795	-0.46836041522990063	2.2901341577544723
3.7664642660998218	0.3248501198768965	2.5193510320830144
4.443107572419279	-0.8297489953773991	2.391102289193288
5.1514508447390694	-0.3579989871127035	3.037478723273848
6.1439429184671335	-0.8771370275534227	2.3742754873880214
5.8148490798299495	-0.6203783087806425	2.2255156954060666
6.638527059210286	-0.6963622567031973	2.5218175800974842
6.185387960478293	-1.267711043206653	2.895631610635739
6.987354249180662	-1.079810477877432	1.8506841674778258
6.562066031289771	-1.5675089453548503	2.884458216712571
7.61356136009232	-2.9195904935125765	2.6398447336327067
7.192947963012495	-2.262497437369633	2.0319644515236894
7.695263276242359	-3.607364061570983	2.4321739531741104
6.9803980291428225	-2.785814901489437	2.1780191040293415
6.506365316281385	-3.4923142125588287	2.667420811110732
6.5520071887322135	-4.476669788537329	2.142436175027616
6.378954904728566	-4.176250027447736	2.155050676102599
6.120200832451587	-5.616643051028738	2.492421337163045
4.8179991498923656	-5.1252021134249075	2.7785935157159782
4.821732911224485	-5.684238380614587	1.8709670094677273
4.478855267931014	-6.528290755530652	1.788193583253387
3.111232911847156	-6.637386951746529	1.6114136250707365
2.3141894257463194	-6.923671575922507	2.333730303605097
2.0600992267992906	-7.54319327208776	1.3884419989074568
1.7353071582701771	-7.5940736236197415	1.7119214190977168
0.818056990114963	-6.491806689050948	0.4578154558683796
0.4333477273180939	-6.3512136024398265	0.34508907017493423
-0.29908079157716433	-7.070566881506753	0.4161873615982079
-0.19826950133592725	-5.743965326261292	-0.026352900984691063
-0.3775679728444219	-6.29145138170803	0.028817972277343673
-1.8420346021071008	-5.072814167719355	0.27296709160454324
-1.0050415499776117	-5.884592966171525	-0.021034226259328548
-1.8491309532739189	-5.132467410516125	0.6065575643751071
-1.479072880422084	-4.708938198436149	0.0668385860017845
-1.9653094381519964	-3.5790195804191565	-0.16584400942872307
-2.628989884087767	-1.934481764347971	0.34518884958865215
-1.9779613397772033	-0.8033976843981954	-0.7830621068832281
-1.4054343879553648	-0.7321596633256016	-0.48319529376032677
-1.178790468203347	-0.5259170018257133	-1.2520001470028173
-1.0748122131157327	0.4304967975315517	-1.2993386850661208
0.18364320467182393	0.4754315748178535	-2.093193206547398
-0.3613722589420975	1.8268399046165769	-1.8703505054662584
0.499446540252489	1.1257138067805785	-1.175185472425214
1.369563888074301	1.9663206066119985	-1.5548977725081379
1.9626379564400032	2.0970338633998713	-1.3043375133443085
1.670336634452128	2.0416618486176095	0.6427886123103296
2.070012941349053	2.594797973211153	0.8016159807148262
2.237301298413679	3.21931089757314	1.1231679295374402
2.6401795721616512	4.124490991602565	1.3523210073213696
2.9585384744088135	4.615291583992555	1.9776755316764498
3.8728570033545364	4.080898846142324	2.822788582461044
4.41691653049278	4.484314101564271	2.6486437995078287
4.666818472547675	5.768290007836614	2.5817113686799114
4.840335551339308	5.436761668784451	2.882643633160603
6.036134941401207	6.1688574232541935	2.450596697290502
5.892411444103887	6.133203393799958	2.574604580446446
