5.26746656311416	-7.963215500571559	-0.6827495612290124
3.8808872214029515	-7.344862246004604	-0.32331413998710734
3.7256459539758935	-7.273204955004167	-1.6483068326383543
3.777445848652391	-6.200384260825971	-1.4206396888383113
2.8555911890735	-5.397614720251212	-1.7579776956450486
2.562038063204116	-5.0411523028310805	-0.7251369624113995
2.648590918469244	-4.815443278877853	-1.5606393916491035
3.5766458582334866	-3.735112567526123	-1.894513866270395
3.1036458020419446	-3.188597522354549	-1.80673380359045
3.1596013489557	-2.8065225866675387	-1.9074997852247373
4.148813713673951	-1.3380521147680964	-1.4086767440325145
3.6100311495199917	-1.2352177340111343	-0.7523781040131052
4.730173778334763	-0.051061188580621364	-1.31634892771349
5.296998510921483	0.08731907684875084	-1.066016677495559
4.596311885415998	0.9077789167448909	-0.2749620984310386
4.825094694518415	1.0041823033017894	-0.5646944481337077
5.223826517403255	2.3535302209584295	0.0799613841840584
4.441890377210325	2.509742250620364	0.7106871658907367
4.536501608577449	3.1563334087240094	-0.14008731450462358
4.807050320686603	4.631706288775799	-0.07529256658459299
4.45242303980329	4.570602408635376	0.07820474161899471
3.9074604963574404	5.244983989983188	0.38488711349069554
2.6231516041749274	6.3446641065917575	-0.06771905336017862
2.033578471115204	5.325856995665891	0.33777815097389297
1.2267742298668984	5.771880857205112	0.6161550474766238
1.7884538137421286	5.10227446350806	0.7784552847506578
1.3047404084338816	4.568066570174928	1.4171441700121874
1.2170651186213814	3.563780765455637	0.8688240299940132
-0.12499576046838096	3.2396284178335764	0.933639642393093
-0.19016347004542483	1.9525173348517353	0.8255965974380618
0.16678181151147098	1.7737600077987774	1.1140214309482488
0.302503610311986	1.1045864749072152	0.5101189773163342
0.5748251525280026	0.42030487822798546	1.451340179040295
1.3170493625469117	0.23731519096039422	0.7115796758206747
1.9025117692242097	-0.7899066975667972	0.1814544233321999
1.2138128272910669	-1.6307692627696109	1.6087981356831151
2.7794352808359584	-1.8872185368009256	0.9883090750941765
2.1346032827019346	-1.8594311644794075	1.2632191626014635
2.6143984889088014	-2.310101549762057	1.968022039685855
2.7061618919707917	-2.3665925876646465	2.7344610896059853
4.146583481786237	-2.8202913247071133	1.772269456080319
4.095933997812794	-2.789094112425901	2.156410757719517
4.832627773456327	-2.976794708992135	1.3682641830169109
5.296302791127182	-3.800116905193579	0.7269775169277064
5.686365184483352	-3.754974658520549	-0.006028472392707762
5.1989452818650586	-3.9940285165025653	-0.4317295473806437
5.510043456678041	-3.7229702778805347	-0.7973826163572575
6.239573944876439	-4.641593629914612	-0.31905718370858405
6.522375927560751	-3.9840492508354064	-0.7539016105105136
7.059043955692403	-3.8800736352312355	-1.7761148480814688
7.359791127278845	-3.445107981456594	-1.0947148578600083
7.558507102997117	-2.698171023315754	-1.1194881610246954
8.901120837693068	-2.4875445893475105	-1.7727496035150918
8.678033792784209	-1.7532561836897331	-1.253176442783062
9.41043801246101	-1.0230635976701885	-0.7729343305600936
9.970823764431838	-0.8256709364098309	-1.2247832076029654
9.432941314049586	0.19216420104028298	-0.6536065519496586
9.266052602874414	-0.04371425253377126	-0.01707148756227639
9.730777210818497	0.4889756029669119	-0.22887533904018426
9.172229552460495	1.070502615851205	1.0441885468911012
9.095159385929616	1.9668891346417376	-0.1038660309152159
9.821613717110155	1.995293516947865	0.19704152429780514
8.377046143436202	2.621832946137646	0.278636166158408
7.922015283633163	2.7339223245806696	0.2812638907582675
7.790526425834772	3.752229731264382	-0.9715180362536286
7.09793230612219	2.9132450694919068	-1.3580437910877785
6.61078737402322	3.1641236652677796	-1.6775448051120605
5.772026966976888	4.385011126465855	-2.4613004736575697
5.447853647405986	2.9865625807671896	-2.441999550915561
5.340254472633998	3.072983953701565	-2.770582740149174
4.447064442970517	4.2709323177505425	-2.8382230277191427
3.631851720183013	4.095524429969105	-2.6748716542391815
3.238411881787092	3.5506248014447594	-1.911066612194732
2.8509316582125566	4.799952222647485	-2.638004768229461
1.5915228890523978	5.3273811560568305	-2.278124380789041
1.8233722160218577	4.753641014937428	-1.8254991727097623
0.1262217869180841	4.637425907710661	-1.545848031687483
-0.4257938953338575	5.879903571620053	-1.24438683482089
-0.1299817589219303	5.446220388025554	-0.6892213238400042
-1.1755511355814197	6.057698674830613	-0.7192903372627499
-1.656981121724723	5.872643563348626	-0.9474502496211183
-2.284995293912801	5.83917386955723	-0.12469544710440472
-2.1065501077442828	4.737613512112047	-0.502765739932145
-3.1765947365503453	4.64245975108293	-0.4095331028621997
-3.3011132507552503	3.791567976644976	0.16053297520418375
-3.591330921616951	3.9791386232553334	-0.4932454258757284
-3.3567810926984825	2.794295570498754	-0.09189744273572165
-3.2018239073302706	1.9477577058425368	-0.28169228284466796
-4.373297936257175	1.7613512168893488	-0.030218153697232908
-3.4951601726460337	1.7225896942380046	0.46069137266983584
-3.342685408685767	0.34701538007779437	0.5459301437826556
-2.2102208491407556	0.36874211618217057	1.0001479520941086
-2.6966214403848507	0.4798109008607988	2.3230790557441567
-1.933084342576404	0.10137906326075616	2.983538310159801
-1.8913408519126778	0.10939439312278285	2.824547823497219
-1.258901101172679	0.5488187330708154	3.082863287583794
-0.3831235923756125	0.46456239792114884	3.488117735973769
0.34776834062265066	0.7255656068197409	3.791341105357594
0.5303083174168501	0.8130531413508665	3.512561662231863
2.201645700536819	0.17510935813230336	3.1566789119474876
2.096041461160927	0.7950299272606324	2.7222923670367463
2.6673017361996694	0.29461628846303445	3.540886166319658
4.056345668014289	0.3457004751977639	3.3349168417199184
3.8031715131757347	1.213966152312481	3.127182626985292
4.445116416735483	1.4596746207724955	2.2751960419329187
5.520839985531666	0.3695068030068502	3.2927960613942977
5.5327230790877895	1.4540574119575391	2.3398174281327564
6.9016651962051245	0.27628901379481097	2.693706320043172
6.363437828380847	-0.43968997668514753	2.647782402962053
6.787160382699384	0.031046699837668612	1.7320487695587783
7.4051801452570025	-1.3518515561024307	1.7593907556357573
7.459701888945492	-1.3121072951580675	2.135294296692554
7.817484091995298	-2.553028190865733	2.383408638542531
8.458855178883434	-2.6291491441557495	2.1192628979386647
8.599731303433435	-3.6880367879928038	1.7138217071748518
8.233490596669828	-3.5579979958657537	2.1203868636615777
7.694083476219085	-4.538498483168309	1.7557307427551754
7.11920583268573	-4.385823797863035	2.580886150114838
6.454542457387202	-5.133755740631036	3.0074777716791266
5.915108709279731	-5.96318210221216	2.8667890567106555
5.586698970735442	-5.360497470771692	2.3832261669143153
4.960158835905161	-6.176499747810101	2.3577803531652357
4.34906488027173	-6.7553360719727875	1.8020960369459313
3.429412158627885	-6.66067288881557	2.7490728942332905
3.9438133241560833	-7.131200212275755	1.8463670352550963
2.5183060202996246	-7.281383844455852	1.3696435418611723
2.1536766828202834	-6.958282033209356	2.0039616271844767
1.9318016456406988	-6.996417222908481	0.9010144454967279
0.9464653221087918	-6.905525258930878	1.114527392300166
-0.026881299916589413	-6.975350726350851	1.0444990141737125
0.0435764626073426	-6.16804201275559	0.23494360464751174
-0.31972204657427694	-6.311344208512981	0.1910733289025322
-0.9597077382490281	-5.5419949927982195	-0.31419258520731236
-1.5285193727448447	-5.555012392811536	-0.101273179886114
-0.8267116420331557	-5.11853170154196	-0.2086312221702883
-1.0556516495018027	-4.148963940344151	0.4941793515897536
-1.5960124779535425	-3.302479893514194	0.5425258093529011
-1.0013889713538127	-2.5062602915712295	-0.5069862083933181
-1.3461463917475567	-2.2495851489522876	0.24803852865650255
-1.597175247986813	-2.1379829251420897	-1.0189512214442258
-1.8850246883846973	-0.9316656180713256	-0.887607083214316
-1.605187845345022	-0.02474897396336062	-1.1962530043404247
-0.9497824446455696	-0.25599675400764216	-0.6299511353147207
-0.7057831112676365	0.1122570541313942	-1.6837219929539686
-0.38342707966960343	0.7287562412305587	-1.916034115927345
-0.16667278038293604	2.0200108739312186	-1.9905002077935197
0.5548978624504335	1.9158032613571214	-0.4613338380348968
0.9367812635674096	2.759638881963449	-0.679749541855752
1.8752050811616907	2.3093993195860874	-0.5676205492605035
2.105701195700092	2.583376546369934	0.2957235219072544
2.480722602502049	3.1876040078072956	0.5798360621133656
2.974481542682772	3.173485666565278	1.693057912907965
3.2224693736908163	3.9064391645349095	2.800876816296678
4.31170267400255	4.1823589618696495	2.584375079418434
3.9919780665718245	5.00177037043063	3.111972964801031
4.092427809192383	5.156679284258193	2.4488496744014685
4.56066238536461	5.899125108195219	2.5342689572462085
