4.309368295474709	-7.679538943017203	-0.7375984801361314
4.705680370512702	-6.971937218134329	-1.4575804149826481
4.6019546773680835	-6.974328692109987	-1.565007796220763
3.177445855754646	-6.299234729103551	-0.6805816099532693
2.826902812660694	-6.2311023432901385	-0.7872464054106962
2.755159465839301	-4.650980860898146	-1.3543048899702554
3.579445869616859	-4.993855220142722	-1.3729548214914475
3.6310147148671477	-3.687955769191591	-1.7982917034196304
2.820455137093808	-3.1668005204836844	-1.5457002745111303
3.2775040211770845	-1.7164491123888657	-1.949098291053153
4.07217686944457	-1.284162392856747	-1.3766708975344704
3.812636943200004	-0.8065923569066722	-0.8823891872030092
4.046640475639767	-0.5888185211967659	-1.3251285494441776
4.8058878868302415	0.30111615550431414	-0.9672183528341476
4.960737465030771	1.2087039454906183	0.06413091516004021
5.302450402418103	2.627638621931047	-0.7287218964895334
4.618412038266959	2.0574472906624353	0.7204905944281992
5.522904160330791	3.2589320982983043	-0.3974415906212631
6.181145520714301	3.701960623673014	-0.16618971681275585
4.815779775024847	4.3929206355248285	-0.3433761877033034
3.7448952747850686	4.7621646568922325	-0.23678171164897077
3.360372743813032	4.725647196465853	0.3778191726476425
2.7919632001850596	5.413333703797906	1.1145387953321355
1.7981995555790056	5.243604705557997	1.2504456118973073
0.6869399364371785	5.927028587925486	0.6618167979518786
-0.26573361502707904	4.665813409560746	0.9935851005777567
-0.4988589685302065	4.071504602328115	2.2101833956244157
-0.3199648611681618	3.785301073386403	1.4654922599816138
-0.4247220675743415	2.2607456110679296	2.063449166504464
-0.3993961778904498	1.6491734216717597	1.4344609746550971
-0.802669238459597	1.1445185359059133	0.854134010232048
-0.5281518583402203	0.3515531647525999	1.4234603061510884
-0.32071545826778347	0.482235860962555	0.45321941715686603
1.0382752006827167	-0.7917334105335219	0.7799987923272262
0.9512305159838363	-0.8791397182941909	0.30437735764141793
1.7280706502890841	-1.3463019440279471	1.3302267096113876
1.4130077063811468	-1.7190230285799424	1.4905954341608953
2.3581106825868505	-2.534069483523676	1.2088439055907236
2.953157526556339	-2.148226465811774	2.280466245808955
3.937084469793069	-3.0117861588379724	2.022229652745434
3.95780766710832	-2.480868557852709	1.961084148014733
3.908100507303781	-3.4589413910341005	2.3273543187674743
4.836828182242181	-3.1964083371127154	1.5484188689869662
4.700527816196273	-4.186350459253317	1.6665850475512958
5.62133893021047	-3.9396616579390535	0.4290838139380132
5.482860445609748	-4.677580949128555	-0.45511032767855825
6.47592563169427	-4.7266219601616175	-0.4228659629326703
6.165518076394586	-4.342152424484755	-0.4273130960200482
6.818634242401023	-4.4114657243967805	-1.502098851405639
6.787956922990743	-3.1146682344769765	-1.3283965357710807
7.372405742439451	-3.115797233735587	-1.9530280689003454
8.162286293432748	-2.423473677645865	-1.218508535586365
7.804886551606099	-1.5248860610184136	-1.3397855612532965
9.19724652973791	-1.789586571159721	-1.6789580915399192
8.867783779672543	-0.8581570191722288	-1.315392336912208
9.337027881652347	-0.851545652036996	-0.6538560612254869
8.956383298184281	-0.5248458569970441	-0.3291785041923325
9.392019954755616	0.05563972869100314	0.16410559546818682
9.405153075747746	0.8910879154433076	-0.06492168844884494
9.399083945002156	0.9400688928106722	-0.008838585041475722
9.629693085621485	2.196190212942504	0.29904920497705273
9.000191927233619	2.306307031743928	-0.17186456467310618
8.712745614845957	2.371908921724679	-0.5945330199625896
7.84562048421555	2.971283732723657	-0.5783078621244542
7.766447037578274	3.349578286302038	-0.9745220910700623
7.347274537097949	3.9519279069573647	-1.109802816881369
7.369870708773715	2.962022939638602	-1.213638369534591
5.6889508390901415	3.363017658798043	-1.4513180338324174
5.202535927750973	3.490011965788083	-2.525172947800505
4.703728861005913	3.3270245126194147	-1.5799511326555469
3.8223941990250787	3.214137804396322	-1.6085432939718283
3.336475197463532	4.48877978764232	-2.803312794149926
3.3211099427821034	4.254643339847601	-2.8125024993284646
1.9971649519235453	4.172370948870766	-1.648332258396972
2.5698917840858115	4.492290285151268	-2.275411697192296
0.6600839448651239	5.0117192754543645	-2.006392679317078
1.0315290581514924	5.309911623929423	-1.6624328815118814
-0.3951221449649246	4.826609811562107	-1.6732740540972784
-1.0025854505032699	5.123034145660071	-1.42995618824008
-0.7605278017439085	5.060401646492269	-0.5432702235259618
-1.987133783942161	6.282440396592489	-0.7833010674918114
-2.5525478871559852	5.208689815524164	-0.08616094104762295
-2.428029311635295	4.466700867960615	-0.5968961402661471
-2.269207699359133	4.358442682434953	-0.3573217983334034
-3.8642802961319704	3.8593725939804564	-0.34546336991976095
-4.1837316402366085	3.429034291508509	0.20103420634895708
-3.5804142568755313	2.8865163261504714	-0.4812297903193113
-3.6409731872976714	2.3319821536318597	-0.12817767261949337
-3.462554280596728	1.1286479075697269	0.37475412695422755
-3.0268657066689064	0.7204801041482535	0.7122319647679995
-3.4882020680532797	0.48600603690579913	0.855108003421763
-2.7122597312552137	0.7196588410439836	2.0130076544383324
-2.9570345798622903	0.5650943374518751	2.298859545558985
-2.273893895141055	0.8458518312665676	2.061799943343466
-1.1543578168928754	0.354990571857578	2.2130791030729116
-1.2803003206224537	-0.2508072547701231	3.182895918040283
-0.026919396475520996	-0.513616331173078	3.1644182255936553
-0.1287912236360622	-0.6971902516443185	3.3962152573880497
0.5705778603507624	-0.8125137002061221	3.4201859151296508
1.4016319472677976	0.3188574279900622	3.0104021249293487
1.8844017237435253	0.6712432221294411	3.155958102628849
2.7043384312931535	0.301995358994182	2.922656311745494
3.4148193140473446	0.13808334828129443	3.347713492843272
4.648134836979481	-0.49669765337517385	2.5136132326213483
3.776945540556437	-0.6580707076562305	3.652587032637777
4.822703269594214	0.2984502632335456	2.293636125918161
4.721015763936282	0.0693309026914104	2.373420299911771
5.177285425022989	0.3746259766051211	2.1678089465337647
6.764465146981241	-0.7050522930624864	1.9213976025199966
5.966544613597012	-1.0913291092448194	2.479002682416091
6.37037276323673	-0.5906902923413966	2.3109061971875677
6.473929875992418	-0.7706836324039079	2.369292634492684
7.7108303784009875	-1.9880724897832462	1.9118077778409392
7.446957979732071	-2.152743623614784	2.5933814102555615
7.503023604630986	-3.322894002405861	2.8963449079240373
7.752029784643866	-2.882214482332286	2.0853134120298855
7.767447868499865	-3.7248559000575985	2.3350775995485686
6.348229696272611	-3.7016484962755833	3.1003790253239423
6.376150402155745	-4.833601963080489	2.920458605852128
6.5583973891899126	-5.213053440890609	2.6317531462032457
6.107529989513171	-5.591505652380476	2.430491245679967
4.782621515675687	-5.139637780381654	2.1065774814786113
4.552782050349711	-5.7191415799305805	2.5052638267701246
3.501613818292224	-5.731054246831261	1.7174749459534489
3.5055361874853457	-7.325802035115951	1.8504102312319262
3.03751339931533	-6.798165282251184	2.0381777212747716
2.7061776082260667	-7.139295690707406	1.4581787375767117
1.2366621289132405	-7.750428326027004	1.2813359714724244
0.542076452559406	-6.74822583735902	0.5946691736655826
0.3213788585733133	-7.5653067986345555	1.02553078715366
-0.14756814795179585	-6.02281426353151	0.40142011482001416
-0.7334554516353713	-6.565423234401056	0.3668385484931326
-1.2406874791846147	-6.195874138139382	0.13661488619596807
-0.923271405129933	-5.234692474443923	0.1692145385302608
-1.7032166753128655	-5.487119611290135	0.8450666677925012
-1.8274659858900193	-4.642725491824706	-0.1927871072941456
-2.271992727573833	-3.8692671143875246	-0.16532393504578818
-2.972446104689689	-2.509117011003008	-0.23062358782833237
-2.228265050917157	-2.3439938141280563	-0.06828652367833166
-1.383937556417807	-1.6047446522076063	-0.7556002724422889
-1.7218689191695111	-1.6516240394535586	-0.9688648120697023
-1.5331204630487667	-0.8490702015053634	-0.5809616479836253
-1.3526188396454493	0.5722043307567865	-1.5896331262450594
-0.09365941706162895	0.5468312976931871	-2.013322026150198
-0.24831887951029807	0.8472215760757863	-1.4220188639391549
0.06003928425211896	1.5771165969301713	-0.7856416616737603
0.6548145534068602	1.7492729525267512	-0.8060872794410121
1.2091854428270714	2.428512792656715	-0.6928565079876468
2.388944691465521	2.619545799148762	-0.6057827581541724
2.4165507766339456	2.2841883837282766	1.123990876058652
2.7861877937815462	3.6531515802078136	0.6176310200136181
3.177398147879247	3.891778455508974	1.4428124101943844
3.928487259263078	3.649264373273624	2.3610983168440196
3.4012537064302633	4.013121467255495	2.124291266722734
3.754384719635684	4.459595931809132	3.234624819068782
4.513683250024306	4.694458372955336	2.883217618922645
5.238572557441188	5.274503457721494	3.204651089693235
5.15327232054353	6.026926952821147	2.734476485786126
5.6866512545539445	6.619281750535471	1.7819417363774102
