4.10583582211536	-7.501236000022762	-1.1279644401047642
4.106318513449588	-6.501967856198408	-0.8400484405328084
3.826985017666363	-6.0665433426813955	-1.6086726121913113
2.5280133293145206	-4.091361664808925	-1.5824089395360625
4.230195030327401	-3.6870015080950775	-1.9161231106345487
4.353876390920012	-1.645964200948937	-1.633982621787521
4.273508433509479	-0.3662310503453564	-1.5613410973056197
4.92129396103188	1.1713832714168404	-0.9504207088315157
5.777181091008374	1.5814359183903142	-0.6296226908632869
4.3845386306714085	4.144856201525303	-0.03268825114618856
4.0254616796416425	4.399794206735818	0.5485103090287655
2.5287234512469925	5.330119080555119	0.6759019124917932
1.8742909813310902	4.886438729072118	1.3262834426592751
0.48516860682247664	4.205666590867616	0.9758887975758511
-0.31079556451764384	4.013637396009202	0.9011978105467691
0.3668854838269736	1.770608435451861	1.4804433863912885
0.24056006715205655	0.4142480789582843	1.1996348875243723
0.8729589569756232	-0.7183350638041354	0.3192442361385857
1.4519982735723689	-2.03647967822732	0.7770826726037134
3.4971967294108977	-2.5233697796358237	1.3512839963256007
3.290092204528101	-2.526863796942871	1.7298767393351648
4.040688901616997	-3.2338629036777573	1.4747106648249262
4.9424525778726	-3.6840484179231394	0.041218393984138735
5.7175697444262745	-4.284207774861593	-0.3867076521012114
6.6384538288810875	-3.8268340390262203	-1.3288713692970107
7.45102506398477	-3.4698772606957133	-0.6986087326944734
8.245570753703412	-2.5443672555257337	-1.5010701776698772
8.425830295975068	-1.0437013771194148	-1.3357287814008905
10.185602094541846	-0.3266512866277925	-1.0051870709274293
9.592215777280401	0.5679813572793582	0.07221936640937421
9.259388634414591	2.3477910784929277	-0.24696560787282684
9.237975636213134	2.453189815126087	-0.5946494065030914
7.64523450517184	3.3003919729828066	-0.9601827289385658
6.382699150543988	3.8410297984591266	-1.051829212704773
5.542479527247204	3.1339082014379005	-2.786012216028017
4.384558260758397	3.6528234171431238	-2.5942843385348757
2.915611230310186	4.138966953659452	-2.9212330647520695
1.3843292467793054	4.629686826075909	-1.546246425751052
0.6411094409105833	4.773796010788687	-1.7236987190386082
-0.29120085396988826	5.3503745543788845	-1.6649522324694
-1.504275292680894	5.521340358452845	-0.6784809716512674
-2.7372157342873074	5.310077020435819	-0.5523759291600876
-3.449293503881542	4.31810617186917	0.3464463996842261
-4.139630941296246	2.3599598256615852	0.23980637324003695
-4.192135184912317	1.2558913420539755	0.20615526559426695
-3.4852203671651996	1.2018484688916389	1.1887744931035988
-3.0354538783939615	-0.028272759760740673	2.468619745731059
-0.9001493707051846	-0.04461525985443757	2.8072336552192043
-0.7533087369541593	1.217998913835324	2.866173644460328
1.1320175843659974	0.7817273873726672	3.5570774399787206
2.5425375664119736	0.6202152671745962	2.8248008619382245
3.1189427634893625	1.351673485730281	3.1548944900891067
5.012593929306524	1.1713186382804974	2.84481045137462
6.336931485227875	0.8826218409976169	2.4509797772997746
6.256920147872987	0.7025604612735731	2.0450315856695167
6.895201731672323	-0.46937588278321996	2.2702821004338745
7.4909072947477835	-1.9722939288821553	2.0308426416259784
7.865384741907964	-3.5482293577162007	3.0162279920102555
7.664956671485027	-4.759828240520295	2.5516952923414333
6.454749004948878	-5.60582708890787	2.246416381314475
6.246616630794886	-5.913281231757859	1.9089785759846676
4.6332617328895065	-6.807676409315039	2.7989160352141873
2.872350087200795	-7.287272016519405	1.5099624936499279
1.8475405401056322	-7.628478615316827	2.3985122233515326
1.4596404416564248	-7.303077803407802	0.8547638037957641
-0.08229774076769081	-7.25352070376757	0.9773464143706733
-1.2438871356406525	-4.937503649684059	0.016281032147122676
-1.8243584014333418	-3.90133587087697	0.06638728378718733
-1.510772258512279	-3.4383753957918115	-0.18002076598683275
-1.7192033662086619	-1.9706899363604657	-0.1720351252954193
-1.9036042670412823	-1.2512422410256103	-1.4357464887607725
-1.1453173984558531	0.23754446839565813	-1.4232781521842386
-0.4171598221969633	0.5803842612829191	-0.8356752787638662
0.5592652668450276	1.428468709120834	-0.5222281843142194
2.014483801694496	2.645424304881706	-0.09316027233196345
2.1582700048483425	3.2049455630066466	1.0821766257771093
3.3066304249919494	3.6099372576592277	2.59510862481166
4.002606695407221	4.801610687346262	2.693730573239585
5.030259523990612	5.322843238299921	3.1044067823103054
5.721413200495988	5.844395343673649	2.3349842483881726
