4.67287074732294	-8.085874462000403	-1.3751925713449908
3.849815232623323	-7.713966466430191	-0.45565558214245594
4.472897390378568	-6.777737261964101	-1.2973872988061381
3.2301563411986383	-6.720852516860545	-0.48821408647693154
3.1820952968424914	-5.58080813662438	-0.6370236942337242
3.660534955375655	-5.062741127571408	-1.6016994085291079
2.9198163682984335	-4.995861547119114	-1.9046183842338726
2.752071465380891	-3.568786550788343	-0.9278402801459646
3.459270316113769	-3.1681921366013284	-1.7515940341706615
3.9055936006409873	-2.303278402280218	-1.6485999909631341
3.919058490738508	-2.3574910375535976	-1.6137659332221357
4.722820099672942	-1.7154524300195173	-1.5027197541828932
4.639618402899622	-0.7301078210502325	-0.5281600996927045
4.197487861203205	-0.13236025954929292	-0.1974221172297297
5.180416790946122	1.3548956377339136	-0.055238832378937675
5.677043695976321	1.8805024366166327	0.29475754374510277
4.770364674069054	2.793141267307316	-0.45424482948995987
5.790671751549754	2.38846159218504	-0.44872326507485893
5.5533713078294085	3.249337925236921	0.277814513699272
5.930597748596846	4.34470850380337	-0.30170893494153544
5.040451844456963	4.32043900440789	0.05489963671116532
3.3212946041373956	5.887152357578894	-0.05420593345262714
3.6076868822758517	5.422022675727785	0.6437918055500285
2.775374175886525	5.191818969816313	0.5270020638224506
0.7934799979375092	6.025095295622978	1.1524906305161342
-0.6013357242178554	4.864155266101247	1.3804856993340697
-0.5113384584204077	3.8197736681058116	1.9765268582705584
-0.22022171709555738	3.419857383749083	1.75144233595192
-0.5196023631225297	2.6085945183562242	1.4437101881949566
-0.512237593797487	1.655384204446241	1.511791782353603
-0.4118844801434788	1.2809472275524483	1.483243190002488
-0.9196983454100929	1.1282847202367998	0.7094421540385573
-0.04468516804716405	-0.4275679543948533	0.834035040620976
0.886036279937017	-1.1688681964229843	0.6067057784751299
0.6045070646760706	-0.1869131734643199	0.40598652980407246
2.4678770354961195	-1.6901907998217722	0.7658502160063215
2.2243083699925332	-1.5464681879616375	1.413748552111342
2.2340971253079633	-1.7546640017295956	1.620828847840554
3.3266450588812324	-2.3627961372758173	1.8030423817756445
2.979618213491658	-2.788887911535538	1.8377497303672976
3.313774291670468	-3.389206934307163	2.80185106354106
4.9769930083690355	-3.393460715118162	1.57380377348563
4.581894960315413	-2.8730290333025876	1.4782166031360129
5.050670044980291	-3.2810745293667964	0.47053302082902576
4.806210531816242	-3.6405082250475536	0.0011672387828168818
5.479918865825694	-4.314431522538672	-0.15544362866286887
6.623668082889583	-4.670264723473502	-1.0213599551190327
6.237180368334658	-3.7273149160203016	-1.242745588102451
6.315254391773247	-4.491476102013065	-0.7179618447547691
7.388839727942363	-4.049388523993763	-0.9659238799918763
7.798043285070641	-3.0325627978727794	-1.5843750282331754
8.195840642083901	-3.133331536283007	-1.5783089903758472
9.116792097069423	-2.77224553434221	-1.408150092336152
9.045324444567223	-1.7775576793118646	-1.3666325986520262
8.530759477671014	-1.360442841348466	-1.0139791304820103
8.878934819593233	-1.0724164367886968	0.12375275857093082
9.181687027632139	-0.004783208853192167	-0.8959196389761915
9.875054998097214	0.47364998534191716	0.047985360729118964
9.921197803800442	0.7868149905426269	-0.01943600675608348
10.057885277526083	1.565563024362751	0.4612796386716675
9.042708048994294	2.236774277458447	0.5070190819063274
8.952833892286094	2.204647107502269	-0.3416838523330938
8.919222673291491	2.4526379888175898	-0.2719611202036972
8.465360242177642	2.7733498797813185	0.09391580423251067
7.364097565634747	4.236484354417534	-1.1036224593307793
7.568335919067307	3.280574192779723	-0.81756834705885
7.002166667028235	3.5660911437416565	-1.1249978984234743
5.871275039385985	2.943665078708023	-2.254340140097711
5.292370517032014	3.181809207153682	-1.9984895095327886
5.41659864579446	3.442035481398874	-2.3551184088145884
4.473515986586911	3.6362955532658425	-2.832678660647068
3.5145461227011396	3.262693650298149	-1.9491991574228154
3.73502326059352	3.7032904265124547	-2.499805165992595
2.4231499660660383	4.040498180084527	-2.6977114943547837
1.9582391108839559	4.30688967694618	-1.6025074728655075
1.3322423003766795	4.894189334015623	-2.4421529338500965
0.16265124599109126	4.993823027574248	-2.19899696858557
0.7278013089920436	4.914508231546771	-1.4700161230527415
-0.15307389912962344	5.024291228399374	-0.8647739340836769
-1.2021541089526107	5.0306052806647195	-0.580909522704296
-1.9432628040525368	5.552485707380175	-0.8177273276735201
-1.9509239008958321	5.910050201163532	-0.7686088874738306
-3.1767989968282317	4.597707203478026	-0.026719150150222082
-3.2855503044214434	4.752598092309296	-0.3874439834131748
-3.5809796580402815	3.9040376656925893	-0.5574501473427169
-2.9983704311937336	3.103397038380609	-0.05366992723102204
-4.1997306320498335	3.1551174009354304	0.19778571986030136
-3.8000176058198525	2.179404449411148	-0.218545150740808
-4.082979867244029	1.4876377479702163	0.5653582494017277
-3.2882381269613923	1.4467286758699869	0.6921182648636244
-3.039461042980327	0.8949430520308008	0.5596229109739324
-3.2973586866626445	1.1243750450122028	1.6700764603354588
-2.6563322397018485	1.0172216550978468	1.6034230006279167
-1.9419607424024516	0.3649943583177656	2.8700111375547475
-1.350096731598072	0.08002711654901112	2.2941377783531753
-1.5407768586155006	0.17269932322559833	2.8722990683058764
-0.4818073978350076	-0.020040997684258155	3.169430818720318
0.1462223171033662	-0.7571431712340146	3.7611960726915052
1.1142644651661642	-0.8496839687231035	3.372067145021666
1.6485304647023336	0.06069551390514827	3.771898285201399
2.3288274179768904	0.40269491366007837	2.991857534440456
2.7272039219279787	0.4427708470338754	2.767212825473392
3.34395035860613	0.39089918493506093	3.022776027225588
3.6015881378437005	-0.20875680917942768	2.933980909853789
4.975361627623991	-0.048210441862064135	2.458151636028327
4.161771973592708	-0.9327606871382867	3.455159072386497
6.006595180692908	-0.27823851666808164	2.245718019902893
5.560782791871155	0.278035917339032	2.1033334361402813
5.325491177226571	-0.35154671292968986	3.1808039187202626
5.7069382352072715	-0.6600116138906457	2.693134528789281
6.294906886897557	-0.933108312636505	3.040884609705742
7.27749420911268	-1.5674459899766593	2.209695945962676
6.863325714067519	-2.208695968271514	2.8099481564869366
7.694375492996748	-2.1085450361069746	1.9849518145367857
8.040124565403577	-3.1639997036322303	2.1032026122881566
6.873530450218994	-3.3078707486486394	2.2473848093834983
7.779056540086836	-4.158156199769022	2.349415531775506
7.234481265261269	-4.132977041737982	2.6667322196786163
6.589614834938027	-4.192971259872234	2.978608409178587
5.719465532585274	-4.5687877246754605	2.0605404699078265
6.253561158832061	-5.004799403788393	2.3980307494493127
5.467929110172619	-5.972820550433548	2.6613458524570595
4.55592406829659	-6.403966428838409	2.443961820359965
4.1349112545618345	-6.463360796727984	2.050333377064055
3.872509413633871	-7.3392267085364615	1.6918855226044907
2.369700277192536	-6.963186485372689	1.8843956864114637
2.778234613268853	-7.588856167580964	1.0965406839389833
2.0247218661189206	-7.143630275732939	0.9634292223235031
1.2888261730111723	-6.811136190973165	0.7011341210234573
0.6405563914129395	-7.218805795765	0.38614731481993675
-0.291803493650757	-7.126861613101941	-0.010481430995406826
-1.0686254494165444	-5.651315857680213	-0.1927943661912534
-0.07799993129985539	-5.87605047788172	-0.1727752781021979
-1.24438648860902	-5.467050081630074	-0.01469888727994162
-2.141908080524115	-5.539664135733643	1.0085148039742864
-1.5909208705789477	-5.229515500742324	0.016971349955715365
-2.7047981545518662	-4.5953409072332425	1.0312338635058895
-2.906784004928355	-3.161535178556817	0.3301012892979779
-2.5454454812194354	-2.537349297507108	-0.2878408683145378
-2.5179454492928146	-1.8598539666614737	-0.6916650283053334
-1.3778149409152762	-1.3893887114773529	-0.3672271164133911
-1.1020585722253173	-1.0236295297105584	-0.5243912841613396
-0.6861816420152731	-0.16876942111929594	-0.9937082196180151
0.1380876885295117	0.24494876120030773	-1.6578505139261375
-0.027913551480124532	0.5741816613846613	-1.0633779057235129
0.7621501495939756	1.5075542269131106	-1.1334443997508974
0.4353432428126183	1.3917986281691854	-1.4120042259211871
1.4689752003092413	1.7204342561328942	-0.054789734650501964
1.890413163663304	2.61337365031059	-0.14631743408566333
2.0781007189128884	2.2473505740158504	0.10688887724827045
2.3205913697510536	3.1643957358874717	0.7543191154715536
3.261203168409531	3.8442684950314847	1.208248690337634
4.103030630080637	3.4445739353310123	1.7437166616188082
3.9993561618453946	4.015971809414123	2.8164245830894994
4.142501249487464	5.029101557411953	2.4751996054127883
4.235910901737358	5.756606308222192	2.641359616527427
5.00683544464928	5.96962887552121	2.2935317936375257
6.318078706624432	5.777632577827424	2.0389339730267864
6.096455925689772	6.517560541793541	2.5921738425085907
