4.240925322451422	-7.747774843515197	-0.11518540235507779
4.785612489714095	-7.534956369604208	-0.8866355901540262
3.7564585163690487	-7.372956596946058	-0.21072914373813112
3.467795394140388	-7.18480756143617	-0.5360736503318124
4.3281446054542405	-6.948211386227918	-0.9692427634339627
3.0045525046203205	-5.906848992222306	-0.8546234123947095
3.685438460709392	-5.218642199099627	-1.5963841664159257
2.62012067876994	-5.201001293999727	-1.0458639859828953
3.279683257423924	-5.093037688356408	-1.166336920761144
2.956622622790535	-4.80527224866953	-1.4323975823549935
2.916747413239701	-4.1572105072266154	-0.6522148911753158
3.0126680773444847	-3.9833388655173882	-1.7038810575752588
3.222849790159106	-3.0208590643061757	-0.7798344559286721
3.2362661012680674	-2.2133188278240596	-1.3254184924708547
3.8737007696434023	-2.1771760877250905	-1.7022924853629675
3.4744080365516927	-1.4972927023939762	-1.6035711498501293
3.9593980290550492	-1.2127506697957626	-1.6845458847316657
4.36866189413249	-1.336845187143111	-0.772349824318805
4.304641482689026	-0.6384073224277007	-0.8535203468976971
5.33030273106092	-0.16926305709217193	-1.4167049356573715
4.9662371897310535	1.1273474748558912	-0.6407189954194794
5.079181891029239	1.0517232036634703	-1.0061287327019246
6.088309656889551	2.014790958269078	-0.2231835823121624
5.193702079134931	2.1416503969707734	0.22496736618694735
5.280549901758961	2.970357959723442	-0.1609912380880723
4.515506769520771	2.766385886787893	-0.38311431765823156
5.035226593831743	3.7990615396275347	-0.16276259583395547
5.452767989258781	3.3402724371435144	0.25860466520728065
5.479247754224947	3.6791280031942226	0.6565011417246993
5.0357816332065894	4.083399249391341	-0.13819653292001494
4.757283912222906	5.031648053649723	-0.38382761536004334
3.709075250749344	5.4180388175572425	0.27456531711469434
3.075939052574242	5.222445002541048	1.0280758815184132
3.1706380808070067	5.833492386579357	0.1810963985535275
2.237715096615493	6.092122813643994	1.0166134792173744
1.3245512502461536	5.97395688773558	1.6221343946779696
0.6170986863862713	5.405512730026668	1.3386365438325847
0.888423565523103	5.031789461153739	1.5757676424930236
-0.46899747709795203	5.280144416805903	1.3614913980033696
-0.8991660106243196	4.90849136376757	1.163143194253943
-0.8238790763614986	3.2288096264550816	1.978217981488896
-0.9080282141180617	2.8551427317671694	1.7364114060185174
-1.0385290707407648	2.8226257270656463	2.0231344108890097
-0.48699871635471714	1.7656155460919367	0.9388439513386133
-0.4864205641057935	1.0722498105083824	0.9282439811100114
-0.249070857077059	0.7852546306914748	0.9343706468281665
-0.544373549410666	0.3289140062900294	0.7942971799283466
0.38371606844623884	0.03544273393899361	0.8206580025250328
0.039566390455758826	-0.09656781876112186	1.3492068548359972
0.8157243775734667	-0.8922827201787795	1.0492774387596597
0.3399359626276957	0.015086527128368887	0.6306283350576394
0.6692041663816192	-0.26870567119299804	0.29527802656906754
1.421213541988081	-0.6939223545707318	0.9384757755402777
2.666528417037622	-1.9011131624511897	0.5414959627360775
1.91308781879092	-1.8862448287614755	0.7489050694981463
2.14127524870554	-1.2435006139828748	1.2991436212609209
2.3382631563110245	-2.7167324605948524	2.285589979847269
2.520573068464986	-1.9496679655709195	1.8186838368820077
3.357604176269401	-2.578160096025626	2.0310151040242883
3.1849992656754558	-2.5686305310884285	2.33868887833099
3.9145311815987975	-3.3948797973984286	2.2021358838696536
4.073758450865887	-3.589006829332896	2.643349627179318
4.374394446577375	-3.737714901407999	1.3992653836793139
5.261567114407288	-3.304780315995463	1.0881048309162287
4.279287695534319	-3.7892999983767393	1.4357552976445607
4.578033559295668	-3.0338806826669047	0.632443801403077
4.746215820286051	-3.787321820654353	0.9334945336184916
5.15314527235465	-3.4288898632672105	0.08407201251473023
6.104656657464496	-4.225277931383308	-0.18495008946698233
6.233928847524205	-4.092033974693571	-0.3405445813640482
6.57471135875934	-4.1197928220837445	-0.38075605996074136
6.202676555315293	-3.709537417728697	-0.8574371740404468
6.965273267645747	-4.668436500375111	-1.6366132895043113
7.65305048121424	-3.4847933008276595	-1.5215805731446184
7.98649372708593	-3.476851794792846	-1.7556128457153226
7.224962083680302	-3.4140675389855923	-1.0527037458625612
8.349798281431887	-2.54267199901066	-1.9219459905330407
8.421191089003276	-3.06216594278043	-0.7472955220916186
8.423822316982081	-2.4861819749206795	-1.0414282071762018
8.233358573370412	-2.42840188582044	-0.7604052132461485
8.782365077137456	-1.9906572024632978	-1.600248731155208
8.604731558265392	-1.7239558012171103	-0.18697804470932722
9.941852793477555	-1.0755394917335799	-0.9059619659951981
9.726560367984247	-0.5359757190019164	-1.2177637735539852
9.815342973410612	-0.2691570034913463	-0.8780270697542071
9.90707653282843	-0.4770338676960042	-0.8063588319182472
9.733614493756662	0.5847893668463875	-0.035971135079553296
9.590710291511243	0.8290414714036397	-0.12276355174031695
9.255916949982801	0.8789446177765888	-0.4571318511547758
9.504390737210253	1.5989571908395548	0.22212943345709757
8.934752943621072	2.419058714495747	0.005506223819891631
9.123623657922662	2.9839217610831783	0.23929470851674195
9.289760058975011	2.258565899639975	0.685385867873321
8.662981598796613	2.3545727808895713	-0.4739617784451002
7.902959556004828	3.174943472166635	-0.09537073927422501
7.778909356056626	4.04742324239735	-0.809852337126713
7.61546933391272	4.1127019725207	-1.2954699454837482
7.588008937673139	2.9577626074792214	-1.0864274963000682
7.11404988842921	4.010878703080905	-1.671077035231916
6.469487974448628	3.7897419498989215	-1.6650795865971442
6.153348714815352	3.1909709334950795	-1.3378223110283707
5.472518390593533	3.0452473834288307	-1.7422169320531968
6.118681081056803	3.4251919839103104	-2.5382716963151823
4.91307309162099	3.152653895004677	-2.0640636432344217
4.2112818980328175	3.2240818584830246	-2.9432533265766834
3.798421254209391	3.8341938796208503	-2.0606282818480333
3.9092368088099674	3.794449231744268	-2.692150234576268
2.97885285090874	3.938559063791068	-2.6002655298691324
3.4680995342170133	3.9415531670278012	-2.51627875420997
2.2986574799843837	4.572663216399405	-2.6414999813837423
2.4029495944526627	4.385337202064494	-1.9620563882768922
1.5073288813385983	5.420334077155867	-2.6468692292208473
0.8951510419509324	4.814003577553898	-1.9029097947508364
0.48959870737011085	5.318337787192677	-1.789032618479042
0.4286708937327331	4.634691806980538	-1.203206349064459
-0.11697332374357805	5.164030078355178	-1.555918497411477
0.15855939496342875	4.884887000889287	-1.1573817420607297
-0.41951878690536737	4.923224539370048	-1.6421789469061525
-1.4374106281744936	6.326086468622721	-0.8994751709449971
-1.1753100765915327	5.784112105946798	-1.0341987156800234
-2.0079211935404344	5.631153029052202	-1.0363735404958405
-2.470329704824229	5.280230369281196	0.15754146601294727
-2.0814203319691518	5.033064704694339	-0.01727574548301669
-3.08984228965371	5.489675370441451	-0.35453967950572285
-2.759036202862121	4.707082532332562	-0.4643570285280836
-3.2552291178613393	4.696003862665764	0.016925401716142985
-3.4982549079474925	4.14481344664223	-0.5501907644744672
-3.2982197387252485	3.447831777112236	0.07585026875895085
-4.324011719496027	3.6388928469857005	0.4489209579142207
-3.8907768041689987	3.1785332489645386	0.22242682303711991
-3.236198967259711	1.9502081380307053	-0.1087115490958444
-3.1237028523034693	1.5944880276524875	-0.057728587310936774
-3.8972084026776592	1.443820752970211	0.5740810931012321
-3.5935247458508317	1.0592887109829932	0.7532050954266052
-2.8437060729045154	1.33420064120831	0.2847661985022502
-2.966352478859717	1.1197100200503032	0.7143637376916531
-2.881433782472582	0.9333833950289916	1.3306544239700444
-3.239054495839048	0.24757431221253695	1.9608332078918949
-2.416911669157762	0.2349086684425568	2.6482779628838857
-1.3729906153730744	0.4515770229917042	1.936529517153117
-1.5347071321509795	0.43365285316383295	2.1539762416853208
-0.9416330910923465	0.1560181301592949	2.1967362223651845
-1.2254752438931629	-0.04091597640229805	2.761987238484607
-0.7199262888845397	-0.8310088550773818	3.7789332087707797
-0.6650699452603122	-1.0610037810788344	3.1838015353402085
-0.44095149128630634	-0.9346633921172628	4.100578587287775
0.21394195644068198	-0.47867739330206827	3.8412357378980433
0.5179380623262084	-0.027970322110236756	3.248240041457906
1.2212162918617826	-0.741806079989331	3.452396467575365
2.332014304364973	-0.44339061008360964	3.589747885197581
1.9436933729854202	-0.43471720444578255	3.063498328016237
2.8095950634987195	0.0033164845911525243	3.1234843900479077
2.831149525558668	0.46288328376601734	3.309547049205553
2.840214045702442	-0.46779068291442244	3.4797791421679385
3.566683333679628	-0.1895979185192635	2.5339514729280586
4.112843342197304	-0.055140786999293145	2.793885303903205
4.835617085328329	-0.6360440486822719	2.9434663583975467
4.403918004642473	-0.43324053739956886	2.639564789491198
4.435679848811911	-0.6824099979095275	3.1626683947787537
5.255144659290708	-0.6951564549456437	2.551420344104576
5.822590330788187	-0.5611168708206495	2.3154331960445917
5.626706794054625	-0.6536177964049006	3.0206863738058702
5.704829971084308	-0.5221324853858649	3.0661415194786796
6.50516075705329	-1.0759821092553168	2.1596654305447243
6.315498013780107	-0.5580382762516292	2.627635934398969
6.015820356736655	-0.6754251576546226	2.3407217213557407
6.962451698927533	-1.062163138372765	1.857017153001244
7.62531633642337	-2.0961050339867535	2.0755639446428487
6.611105305841124	-1.7045737460537442	1.8767612950830137
7.104210476862762	-2.734699246416596	3.206210890810439
6.746185044933723	-1.768012509519426	2.0886551806018394
7.450228722899712	-3.4436485781082986	2.622201199677532
7.027875747509761	-2.6995238942306656	2.69833970432225
6.790895897113885	-3.811681727170527	3.2643414719682213
7.3107796238902045	-4.009071912694069	2.6173563089542684
6.411358490438994	-3.94501831263244	3.08282228252424
6.364787787929119	-3.424866360945408	2.494066505608491
6.512535284365681	-3.9262247826022194	2.2814153440221436
5.818922487327729	-4.784860137685372	1.9804610859562115
6.176652568652582	-5.079524555246535	2.626029776400833
6.270028878317954	-4.7391778353599445	1.9416446479216927
5.704189194537889	-5.669406105371442	2.5085801200916182
4.844974374157054	-5.95328030742448	2.056969575568489
4.637688660216361	-6.49599907967988	1.850129930171827
3.6345166832083615	-6.358314159253554	2.013422020015014
3.1409814642813982	-6.941401921819569	1.7866249486772825
3.091830101485342	-6.97243855348092	2.3649516583831196
3.1921415852741397	-7.2455388901356494	1.543346129645195
2.386475631915134	-7.310167793629872	1.3564660501530517
1.8904189921249404	-7.114267170014441	1.3599062802164485
2.3022211988416714	-7.474452090542473	1.59836418550264
1.3408984760042992	-7.7785115855333204	1.07793488244027
0.7042229052247467	-7.634150101703204	0.8812851176577932
0.09548304043702893	-7.219811827585605	1.3029785733489843
0.5350424820845584	-7.065232338295619	0.07563231542675072
-0.6537758812976333	-6.253254133082574	0.046648128865963534
-0.14439962058946598	-6.517223049962421	0.5390792651543939
-0.8683823465390368	-6.432119408988117	0.6322053390349857
-0.49164674223022375	-5.851637308178421	-0.20604062257291628
-1.1802127999127003	-5.058531207590173	-0.36507460695391125
-1.0388706414949311	-5.81988080679785	0.20391067525190532
-1.156309358359774	-5.349468913255279	-0.10787116469373587
-1.266057871235305	-5.517261439376549	0.10798746172727541
-1.596946085439515	-5.0906295677195095	-0.1362560477587912
-2.1018684999013653	-4.223435773744223	-0.35704184500185576
-2.462019158769885	-3.5099562864390044	-0.29363149127207505
-2.903090892250649	-2.382694969922164	-0.279552827694513
-3.0652606654789847	-1.7770668918796095	0.21284350715526235
-2.4873798762171506	-2.250409712649491	-0.7700564815819402
-1.9891183665964727	-1.8855593877609582	-0.4548091846540221
-1.5769074685648765	-1.1496119709467252	-0.9371895118825195
-1.3246789909243428	-0.6312787650501364	-0.5851929652515475
-1.5624688919205652	-0.0977731357841255	-1.251729364873012
-1.1450610562304786	-0.46456015812578194	-1.660657403978109
-0.449190905773757	0.6284802491641053	-1.7130813472458348
-0.7933256143133658	0.412699602297796	-0.883268986257288
-0.2705112072109408	0.9833187269990007	-1.4917605085814216
0.7704767282507159	1.177971531566169	-1.933237436531472
0.6509551388483493	2.2443306850206897	-1.4049559443938906
0.6869585014502682	2.65406099551298	-1.1879569927476417
1.0134223027490152	1.6730547184113802	-0.7914540798528171
2.0159749648471976	2.04109388376784	-0.7035654543687538
2.489301029834114	2.338650211215449	-0.03173348168429324
1.6889265108580616	2.7756923216927927	-0.09939139901142696
2.233383233988737	2.469670166243431	1.289538959551078
2.9515963019578013	2.8552408047567246	0.926022987636508
3.0266187947766046	3.339811553886145	1.4931112540263234
3.2322524545514497	4.115223989556952	1.6082969473808784
3.2506771013789733	4.0393714665761555	2.7432532876144347
3.1928100559604773	4.476712671917123	1.995311253959151
3.4632564887200346	4.025666290223852	2.66370156662349
3.9075007665954486	4.24605502676595	2.681840366568776
4.336733365262339	5.4244295528824376	2.487150146035461
4.596228115802795	4.800940770204198	2.4315335318567795
4.805593323942682	6.0966761412575785	3.0505594159910085
5.854314272445256	5.662389260548249	2.298751425956864
5.064489883131766	5.997960541295564	2.8184405184441332
6.481040770796052	6.17653349381467	2.0392437850567937
