5.0663335390796345	-8.17452515502596	-0.38181434136285897
4.214241314006713	-6.555601394009108	-1.243618738035301
3.38677244818262	-5.688821383884151	-1.7535341963845794
3.0379643120897875	-4.981378042786775	-1.8513601080943975
3.470282831073664	-3.467871603970599	-1.4758816971637034
4.4448680167592105	-2.1169614281789966	-1.7255167711530583
3.915554446372607	-0.08246830345774758	-1.2934286692936319
4.220909360308226	0.9362317261546222	-0.41219153662557284
4.380333616925432	2.7656912579247583	-0.4084314605937062
5.086945681336733	3.242151175841652	0.6985940154246484
4.070336888626395	5.517522582614624	-0.2104874579002145
3.0819721954194708	5.720519560009932	-0.038221549007133135
1.6727080114233126	4.851949860071279	1.7622379903048735
0.3270418106487115	5.071011197314796	0.9785443873124953
0.575613006721321	2.8551259550186754	1.5586062740801445
0.29486582512701354	1.4697366626149173	1.727013383806486
0.7043777003375503	0.2978559974586509	1.4998121107748195
1.2593934843442813	-0.6731252868536737	0.18852823385898887
2.7595114776765852	-1.7975368713218411	0.7170308196883823
2.489464753414501	-2.4859467429023088	2.3016835924867407
3.2116404154909706	-2.62230942963608	1.514731760477752
4.547856661761501	-3.6641913826601944	0.9480941214108471
4.815853950025907	-4.319365849790437	1.3273131760559016
5.665036946126492	-4.378281602714834	-0.3407229406852359
7.027985481448335	-4.400625906513026	-1.0176294490551845
7.252844440973843	-3.167280785187719	-0.9060472019741979
8.073558767079453	-1.7798309362264173	-0.9043721453754291
8.476469076079631	-1.726905065536152	-1.1741377957694907
9.126154250697036	0.22758155504055388	-0.9743601172800789
9.945534057775733	0.9097605433046139	-0.464387338626375
9.794742836355534	2.3588376599938443	0.1788949537855104
8.645068361012068	3.676995272315885	-0.36287072861243935
8.246641062622546	3.511923309377987	-0.6324575985095097
6.470911875209209	2.9618322940164363	-1.0601751434828603
5.44871352835276	3.94245025680444	-2.6696625056715684
3.723802947091684	4.3449484488862185	-2.780431098724285
3.497761166349952	3.8509780191744403	-2.6169065271307352
1.7793448824369977	5.014480930336709	-2.3339238856529
0.31761620456790224	4.9127993276471775	-1.269946113462523
-0.8837515194376202	5.438694128703742	-0.5778430359668802
-0.8644466108949556	5.144084560984937	-1.0978637302207994
-3.015791505791314	5.341700975910424	-0.45508794831898314
-3.5231481249555263	3.6248247936814955	-0.48457828284418913
-4.445005811654452	3.2611484218814626	-0.332295579483071
-3.9393577338315433	2.061014897604692	0.6594175026416902
-3.335682930220574	0.5021389207314146	1.8388288373171493
-2.724118487380614	1.19838753064968	1.767073831682257
-1.0327203075284204	-0.18838021133657343	2.95797663740099
-0.6635032797851778	0.12450100978842882	3.003800178546426
0.49301134298438043	0.8751214594139577	3.251281873259229
1.8580932099294265	1.23448201717027	2.897322004911722
3.9625631340676004	1.0246419547068488	3.09264658591986
4.401691293291828	0.31323627900939194	3.106171641859231
6.352827451024073	0.7587459192752836	2.4410673839762813
6.2692503465527105	0.8518690426801673	1.9202931452357712
7.691771285198311	-1.1549767272611267	2.2425516053717245
7.573372093113372	-1.4558005529844036	2.2848536358321745
8.384944596643358	-2.836904348668256	2.3110658944469487
8.376112550709571	-4.9794623342520445	2.66483222145821
6.695310170258584	-5.764669356360097	2.3997452438521334
5.219206567231644	-6.355208336092581	2.3443792117114595
5.415720614596623	-7.039644725506919	1.877512566926181
2.8050505338019205	-6.1537507161399585	1.640932462552514
1.7297122641418505	-6.866035908670601	1.4167037340283133
0.428617323102523	-7.0755402741631075	1.4271060173946082
0.4689990874623534	-6.609342177933465	0.33141980082055805
-0.30479526698957105	-5.735849309419411	-0.021783944554561785
-1.2395895610750038	-4.9191178894821075	0.33143387449840483
-1.6146209388857653	-3.2733863553587303	0.1777451590659555
-2.1099997360226186	-2.7430145285832612	-0.5070104636524033
-1.410499486298773	-0.6602010895326302	-0.6054280133271933
-1.1368326960457213	0.23190748456258703	-1.4583215686625197
-0.5913014806835613	0.9687135553124187	-1.450238145347721
0.41238631283155036	1.3515821161949373	-0.2776876641358488
1.5815404715703973	2.61593950000511	-0.4424027212767359
2.601881362164013	3.313630221687181	0.6979711806752508
3.3741724650394964	4.185280288144568	2.18947505450622
4.559178828566365	4.651229477131786	2.4700253793758273
4.577981090076268	5.579591345007752	2.0735339800369315
6.454985818627219	6.263351684479572	1.6561346307243605
