4.334488968296338	-7.505481937107867	-1.1000884282881644
4.185353536597226	-6.277879107823404	-1.345761916848725
3.7950513187413053	-5.76123445500669	-1.3711062949481934
2.5092967075294594	-4.975926023315423	-1.6138016014804448
3.0598037756651406	-3.5418838713515446	-1.2422430447728634
3.743226368623543	-1.2051224164149317	-1.7210386239610458
4.36869785301784	-0.795628401122725	-1.081600287783897
5.1395695728294974	1.765013222520318	-0.503891076917196
5.212638899715795	2.1154820307528386	-0.5896049201431661
5.617681234658366	3.997943648751139	-0.3889634936569375
4.375486345357004	5.151320303882949	-0.4077255387210401
2.5940528845679145	5.3015968812600685	0.16360530936941742
1.7163755616411551	5.23964378627241	1.320908403460391
-0.5187220167097834	4.786544624443046	1.2989597487260867
-0.9687879774372997	2.396179544802002	1.676883846410461
-1.0803352700620499	1.628605041262919	1.4762457382935184
0.02785633488194028	-0.02569539230981266	0.6251114582973063
0.5593263604584237	-0.541803279699107	0.8382401840961852
1.557587320378262	-2.173838928412268	1.3496050206488022
2.3648547051902424	-2.78319072799987	1.5830189808698192
3.2172159612374593	-3.521631096116529	2.586664043022088
4.216524955168441	-3.705037853452426	1.6243236186839822
5.754483415308394	-4.178084273921061	0.7247424167745969
5.638540584718621	-4.5244010063103515	0.271282533488024
6.366290976054909	-4.39806591958078	-1.2208751101010287
7.807955112501125	-3.7892292059808277	-1.8301165980029102
8.162239090056985	-1.894081079184657	-1.4199538216806584
9.485688553463063	-1.8224599173404876	-1.4936199307635096
9.005049233413441	-0.5317227713528427	0.375808508766277
9.351500634268444	1.5147318685621574	0.0007739041145284897
9.95569275698372	2.4298844844300365	-0.10298046877810008
9.367874795435037	2.4174099786516576	-0.3384944361969624
7.519837897090109	3.413908044332568	-0.16008772721099085
7.206076228783881	3.112453558319984	-1.2775354611996237
5.358626680406669	3.1362196653115166	-1.4916251433483771
3.819082087740079	3.864815125305555	-2.2807305448220574
2.8379071502886473	4.2505186426279575	-2.5103719521790966
2.4863824770133336	4.341331228295337	-1.9984352277735171
0.6055894981083368	5.747808812143609	-2.2027971412151066
0.051460599727663814	4.937542159774993	-0.936932602234192
-1.9488139991823128	5.133633651475201	-0.7299415679284242
-2.289833053830753	4.370027293646854	0.1468121319673642
-2.726449326401747	3.5632157291310005	0.07804790396100947
-4.153675574581042	2.5615065064632434	0.30633086819057265
-4.44443697059982	1.9382656819832316	0.5467611553342813
-3.606654512309906	0.6966748535200948	1.2034921682514708
-3.016523471293407	1.415357315713588	1.5585214973165034
-1.3547657671094955	0.35896049964762056	2.473762453906991
-0.22766561853975953	-1.0059330206673143	3.6686433573494255
0.5824929090859245	0.24710547477958578	3.4991684543618713
2.0617692212969514	0.38382451457225897	2.962891758683238
3.9408342809811714	0.30743116012864924	2.6233380463749403
4.041992960936915	0.3055790754321699	2.354598448954585
5.232072098788948	-0.5554312720519125	3.399097865368362
5.833750860551061	-0.5893815003266278	2.5771176650610648
6.3769557435394475	-0.40551049652737525	1.7995355135338296
7.477029243155414	-2.3457536131778696	2.021102632150615
7.485282677903045	-3.330855512173137	2.7367583457776896
7.911156133234706	-3.9059957784519277	2.150518951352065
5.879193133065614	-4.834451621358985	2.1870244928038916
6.144901022157639	-5.287972385746212	2.017912497868849
4.887780283692947	-5.538752484926773	2.0811729907699696
2.971829199815106	-7.3724063933821755	2.071419457586324
1.9019958464403224	-7.3975637934192955	1.7408602151639507
0.9004274693098576	-6.505268276945383	0.8477410664733069
-0.33536961678346827	-7.116392760156163	0.1894738309404102
-0.7183288648309006	-5.875438297315692	0.35626025489387647
-1.1555141494708812	-5.406667988944982	0.09195744971194286
-1.654014103653331	-4.352353808684422	0.07827022115252075
-2.4398163515460602	-1.4145718937507592	-0.5249841553613953
-1.2258620617927756	-1.4657924579199928	-1.1624240340832215
-1.1529576797841128	0.16127981494989563	-1.5245614173744024
-0.5442748066728107	1.8562610758156959	-1.9244426764376419
0.6069374465988198	2.112015675644049	-1.1735792401805698
2.5861473374736788	1.9417010373151977	-0.416986348960004
2.824978050929191	3.1200873747285094	1.2564013651498445
3.619214810722071	3.8876069752039704	2.545789383588261
4.280928361883691	4.284843761030765	2.706158731018251
4.552435578450605	5.551439519788331	2.7241581293034725
5.926597951589663	6.112319692626587	2.3072009235068207
