4.849075062605854	-7.50595874346974	-1.0381395284620554
4.898310860357492	-7.660478799457848	-1.5481902174355957
4.076022987246692	-7.425158939012126	-1.1480857198111538
4.456852570588567	-6.784628623849253	-1.5413131986685182
3.8324177419789276	-5.5384171346656235	-1.4165739968730358
3.2949528732772047	-5.356039194316214	-1.3579942887224155
3.051040522588435	-4.790209689273457	-1.0507659914907836
3.7766756764243183	-3.903097828469698	-1.388337026483083
3.17108116648128	-3.6620020413939667	-1.0042462679630895
3.2729799014115937	-2.940663908291434	-0.5423440668948891
3.6608221802512886	-1.8608958383484804	-1.0731418654834493
4.700949048693998	-1.2544269522404803	-0.9304720555699031
4.855901815937296	-1.0141192494642106	-0.5678909430919972
4.352098906586827	-0.1494224161340409	-0.9462214186180401
4.978192597513637	0.876127804326527	-0.06105045000935605
5.248426976753421	3.0520440508498643	-0.40306264936546465
5.719475738674639	2.140003560195378	-0.18290713581708828
5.423393858538374	3.3855220026688446	-0.33783085527894074
5.484902527508018	4.155034060366147	-0.43292185077533196
4.880700744882423	4.062751752134082	0.47944396828082225
4.641333864293973	4.726427961047294	-0.32303931939085023
4.169386366542767	5.203146259853923	0.02379958427166423
3.2973379344390485	5.125698979921038	0.7023812980910891
1.892100550575946	5.254267703339915	0.9664318978987378
1.5352549675889002	5.444160772720518	0.87224161651341
-0.6735878633366152	5.8882648784531835	1.2026487952642788
-0.8535694646578835	4.88365416503699	1.5903150962619872
-0.6545194190028203	3.8123890244548924	1.6850116483732425
-0.3602319647812753	2.2570802734391915	1.238892690340831
-0.42229917354320756	1.6891174962871833	1.6672680243039704
-0.4709103791567264	0.8454524948829409	1.0007285150140524
-0.35112963630777694	0.3495714939967426	1.6470412606477185
0.2920717166246196	0.049362622739083095	0.9006182915315958
0.8762317122102032	-0.712701506401868	1.0185379694285528
1.1069775186646782	-0.9989499546324121	1.3428765713631319
1.6631142784320514	-0.6774162381569204	0.5794868848185006
2.3496680882005716	-2.153398363804451	0.9791126640831409
2.124650343975403	-1.4313663402453658	1.1558116413118564
2.96108965981643	-2.222981494148451	1.6078788169080478
3.1506071889263767	-2.942905373448698	2.719421220961478
3.8292954158780192	-3.3352291132354983	1.6827917361238955
3.95929421490961	-2.861118264111371	2.322870684532092
4.650145525288286	-3.7259723179528716	0.9009895573357043
4.817128216960924	-2.968473225179179	0.7419190313272082
5.202874332925043	-3.7258999359449545	0.9229571958110884
5.899170875228612	-4.512078154060318	0.165654088341328
5.516275907330556	-4.336774646106741	-0.2672636278061957
6.114857661581926	-3.6715116590706534	-0.9463140169639928
6.741679412205358	-4.190808479700416	-1.4701475867541305
7.620682710923493	-3.4869743514120906	-1.428354241655384
7.3861064538572565	-2.442947135391959	-1.8505177317924928
7.56837978238028	-2.798163874427937	-1.691003316452192
8.2405503919721	-1.8240048745248623	-0.8926736379068088
8.388352934934145	-1.5414047072762762	-0.6659582300559308
9.018238161361001	-1.4584943361818201	-1.0789711771486683
8.964660964830543	-1.0263458575108853	0.10268333878874181
9.301229845982675	0.3644490823789822	-0.4520977253993952
9.758208571048828	0.41748688560299974	0.2571544549999276
9.52316002059079	0.8612456756284628	0.1957196023355423
10.3244783896881	1.3379822735601028	0.15375139493517637
8.997185829565158	1.9118217603966083	0.33005190603835205
9.507775089528916	2.7730534820476973	-0.3715232123467763
9.511685961752848	2.505339450931724	-0.14070814273547994
8.388988852685348	2.9301147185051857	0.19283315813685642
7.566553064577266	3.3010413829660705	-0.8984690616590738
7.438485470488016	4.137516377184969	-1.495074879604401
6.245755996197613	3.4655487549497574	-1.4588960208604465
6.998200098875467	3.0835883666151287	-2.189095526363454
5.097861266268469	4.074764911679272	-2.024226722696095
4.539976930491135	4.05843034939888	-2.1751508092997796
4.882240605171203	3.438949495595242	-2.3529784992149194
3.095716970525857	4.4216131169507555	-2.6500124796756963
3.727406205106072	3.6567999263783784	-2.5807891865903523
2.6350701126230467	3.8423731474158496	-2.093195234751006
1.4944273842647606	4.360182671057938	-2.337409700201007
1.604519989037514	4.993773783833374	-2.3123191518866344
0.3902066773981533	5.643061153008676	-1.830454147988287
-0.2294225779055019	4.905371487750544	-1.0442363766136928
-0.32968041597981634	5.889760731009295	-0.9325858763667395
-0.7322163724888839	5.633713034123555	-1.1044377291485383
-2.1122120955436214	5.049348753284696	-0.49312150289102497
-2.5986859476039212	5.02910073743403	-0.48399679907378557
-2.6734475822332073	4.961256804986971	-0.4836193607847602
-3.3407063332420717	4.665427810093217	0.24851194098696983
-3.8622388728796513	4.801019087385896	-0.43065630992521875
-3.9658240461313103	3.91189635709543	0.01575158044791125
-4.054806270841854	2.7444406737461615	0.03377066699100795
-4.001391223303953	2.510447467396965	-0.22606674630316387
-3.808331370238895	1.8012339930185697	0.44344795108307883
-3.881884975191789	1.5915568557737214	0.9541289034477952
-2.6188196118164075	0.7605733187442283	0.5922172735071459
-2.9226376316710057	0.3365358178219664	1.6463340150166745
-2.8797180152605053	0.6127526235812185	1.934825169063812
-1.7596306906482757	-0.05186631501359326	2.58071453328982
-1.4163519871746488	-0.3170238151950755	2.9667546927133417
-1.3829120854620842	-0.09406218569634384	3.60314386808344
-0.3500920534656454	-0.07449197245480432	3.4652595322870665
-0.23713657655707115	-0.550732400258688	2.782580036088201
0.8826286777168402	-0.750730783950135	4.114555412250724
2.099543144541566	-0.2720716879724481	3.627053926716183
1.9729226398555615	0.3541949565350784	2.793760385686496
3.0482863015473627	-0.37510874432982594	3.545498553774779
2.948658912423078	-0.28359384366482915	3.4374032379638577
3.7298991452265557	-0.03158557851182986	2.698688159940846
4.358900047656853	-0.20157654088189703	3.2626538796029028
4.30715270277172	0.04187958635422251	2.6756978246819685
4.893255609405704	-0.38988201945485934	2.9115629770694147
6.426724913862261	-0.7641765756555761	2.5188891763799717
5.801199861309328	-0.5015830632369193	2.7398764113466374
5.711457802192209	-0.15588775664811205	2.8506572234384797
6.493722726530008	-1.279753176662166	2.1088942694051926
6.437083813431296	-0.9544153375277578	2.26616914574541
7.090124298419555	-1.8387530148430549	2.1019079455652685
7.397972857394869	-2.0889628832947	2.6551327290308424
7.866769187068165	-3.2996155617215193	2.4959783249662695
6.993283810786383	-3.102887247958292	3.1126945708521565
7.376511217222512	-3.16311184962408	2.070344923769799
6.183491455997389	-3.747902663592371	3.1178152126728502
6.700099602140847	-4.923810248543976	2.5089572765749497
6.8545044140554285	-5.1730345950622745	2.064172206561766
5.94217599300243	-4.803527367294917	2.8088996016999075
5.33277265247371	-4.861495631129275	2.155189312736419
4.19020583409079	-6.1439533586185195	2.702155503353432
4.172772963211413	-7.144551773434935	2.3174560833635534
3.440591888961083	-6.302669926898993	1.741296848697983
2.456331485156662	-7.082507600574678	1.5648444726291402
2.110682028453192	-7.641814386932773	1.7469876445464214
1.1032524175472338	-7.404431751054254	0.8729839970010029
0.6392504119330276	-7.080289848553757	1.219750436625278
-0.18128178489259442	-6.949287927616154	0.48741490283741135
-0.12828393494188284	-6.252023629115517	0.48954476269787695
-0.9710551909326528	-6.318238831148342	0.7847896325822991
-1.2025928653807245	-6.097572963747329	0.8607560786798857
-1.1307922167770257	-5.603067067873044	0.5222986071531566
-2.1913946454441806	-5.602141375523857	0.3047991222907751
-2.457430574557169	-5.288255987216488	0.12698001630577122
-2.005845678992851	-3.562397307595258	-0.23535187718172418
-1.7258110480400284	-3.165003058709492	-0.1864758531849327
-2.8879985483252977	-2.593220190745525	-0.08542091467961643
-1.6926959348643105	-1.7714378046689188	-0.5039759481092774
-1.3380784504110543	-0.9483816581503605	-1.2497602088246995
-1.5335893029778904	0.16242146289015635	-1.112486358762905
-0.07226298712425061	-0.5481193347139701	-1.830045593401336
-0.021753613071885614	0.48838389349979516	-2.0445833766507024
-0.3887070444760308	0.7731863670372274	-0.833019071080102
0.021632524770220485	1.4735346389815724	-0.804338167798935
0.9384328139126488	1.356807332399282	-0.3964855423728828
1.0677713946104015	1.859076064117735	-0.5385254149412401
2.1906898161005266	2.8723966290642053	-0.0192900883223609
3.025101358788305	2.7064238005337073	0.38592032091759126
2.4067166964828015	3.3047049018971095	0.7518604469378393
2.766557724248722	3.8453998018594016	1.2251431070911754
3.094930070908395	3.866795650312299	2.0613075144783686
3.9752988744640088	4.255004755236326	2.1258247331838276
4.337183547392989	4.6836617801493325	2.912573362861086
4.358220777031071	5.393605280614091	2.789096988280369
4.8166202445073125	5.382930328344287	2.604391653172332
5.0322754940314045	5.828639494010171	2.875979159904043
5.490625502427104	6.433452906922893	2.2982328019069658
