4.310253339342392	-7.740694065857572	-0.48887199520131763
3.9967469009612415	-8.01996599364026	-0.40768495976926333
3.7090322343839466	-7.00184239949283	-0.8823208164951906
4.047925639604286	-6.604450615490151	-1.6017001028348266
3.292582989322038	-6.6249066702984125	-0.5377857718213075
3.3040222916550492	-5.786934569893703	-0.905985100142251
3.307769944922793	-5.587600503791165	-0.7979186604073663
3.6626472796214475	-5.530974833062652	-1.2007476986773464
2.712858059285378	-5.020909833067398	-0.9273260498796823
2.8902942233579325	-4.226002250266058	-0.9301285948952169
2.7553506611401253	-4.575475418973776	-0.8521665801251792
2.576791774754847	-2.847588585034843	-1.8252190083104896
3.4519523845158506	-3.6423452831328955	-0.9088609253838611
2.9924715377829063	-2.6194143380446766	-1.629506361013195
3.518636019771734	-1.9240835631500899	-0.864961007404712
4.272285512167147	-2.2413274323221954	-1.075207621325467
4.6839311532095484	-1.3759935495562081	-1.5991017810941444
4.055291268314981	-1.1555672288755539	-0.554959663285461
4.603251522152678	-0.9237550894397544	-0.6204691644739087
4.003386531820989	-0.45362210666914105	-0.6034617699112197
4.585043507896902	0.66218457209238	-1.0606465542379202
5.893318921005241	1.3230600368969223	-0.9422417470010314
5.195934621201514	2.046725665553071	-0.16201510866170565
5.165628887298548	2.0628822123289123	0.33504268111606406
5.147081961331471	1.9906705149257242	-0.06769412373473305
4.997620888211636	2.1959043578167443	-0.09913614992558434
5.131706092534693	3.3683090690975788	0.307106232008474
5.135061452269191	4.5220005632212725	-0.022443705682820614
5.257100677316952	4.617358012884718	-0.18896354628865197
4.716244542815462	4.058572497789661	0.716971033691935
4.050748729199433	5.077640394722421	-0.41304578632608413
3.3129232984393258	5.354669199953154	-0.10044193438898719
3.1124407385821713	5.307545649227671	0.32039163553957656
2.9048167110427636	6.08315691065739	0.25638174321560364
2.0142344782299753	5.513267177870309	0.4574491999672944
1.4365150062409187	6.103132579536734	0.6045863398889719
0.97935371361594	5.354910989961014	1.0159762186225463
-0.060605232145499954	4.84108797980354	2.101223388946649
-0.8092569741103046	5.231833172028464	1.2391433673892613
-1.480026213162394	4.156620407921947	2.4154030541092144
-1.1181950694996183	3.571221387788076	1.4443712175112655
-0.6575569897545517	2.983160998997681	1.2396255873016846
-0.5981187200044858	2.492633051887108	1.645923325912678
-1.1777910163428633	2.530499701842044	0.9395377627063721
-0.5121818782565917	1.4690988887485212	0.9123477805976352
-0.5342676897833938	0.6769937625093998	0.829372304206985
-0.46154007730432056	1.325948523197103	1.2971254488934165
-0.4323040539744723	0.7024635565786583	1.2047178953116897
-0.3121675457234649	-0.3150580135858284	0.55088768032644
0.35922119304202027	-0.8607509624770423	1.460308393888916
0.4890426762048046	-0.899937476896417	1.2685406467218452
1.4503040073045927	-1.046776747006889	0.9905066828005663
1.6412335290088036	-1.1226805852606117	1.1552839783826383
1.9316897929183912	-1.4711748664443414	1.0390268598236687
1.8691500215516375	-1.178619140357824	0.7547982454799803
2.2736158111855174	-1.8618795823965926	1.017979580720771
2.7987359845554627	-1.6504763919045837	1.3153205391290244
2.5279694236849313	-2.2917683561266986	1.991287242703465
2.498323080734665	-3.119032339385928	2.709096804416177
3.0976577400445504	-3.056139513534055	2.3068991552308895
3.7134370211906287	-2.683934022862569	2.016839004075961
4.720104362309805	-3.593144192489177	1.558326943383568
4.611782798410193	-3.3174927412316624	1.8185751189776727
4.91992332974563	-3.2912985698641033	1.7269501861562264
4.579774475684086	-3.837938172839629	1.5321167340582789
5.044902832987	-4.323924097326354	1.2887869549957998
4.892231125890517	-4.433521369976998	1.3025003969229063
5.831475036924552	-4.299721173476566	0.3721820489451219
5.818637467053842	-4.268472877754171	0.1660429574801685
5.5409634339737925	-4.515402166576306	-0.9250384962691602
7.061856946252831	-4.433234135800279	-0.8766075109768672
6.643460826683673	-3.767068497336363	-0.8059617772249139
7.081562947472844	-4.536013276065662	-1.0816740359829742
7.658699611987252	-4.250733979735096	-1.359983161379116
7.5415334353098515	-3.442800366163939	-1.6372767949336886
7.530348067536987	-3.500551301774339	-1.4933025324291505
8.53943418574563	-2.849258230296828	-1.8067914433546735
7.608260566659977	-1.9823688895751834	-1.819768214274589
8.543894475257952	-1.7515313689269114	-1.2901775362202645
8.819447418075137	-2.4618212825646464	-0.952225216428447
8.241883002394433	-1.4910690885468558	-0.5924299203629639
8.435755426827177	-0.9104795691547489	-0.4284624269378514
8.700043291487507	-0.5791732577386638	-0.8471984944400694
9.433593489164158	-1.1052688946362943	-0.4244359714964041
9.639347916479915	-0.3893234419075472	-1.0214932684754152
9.140223784977726	0.4871474180248044	-0.5817982882471266
9.284751421245547	0.6207507794860327	-0.14592037219014387
9.91127003356792	0.4219916300842702	0.15215585476788407
10.141243345595198	0.8853213749756079	-0.2358799832302093
9.792340219534115	1.3127682373917422	0.5053564781455784
9.339544896128563	2.2536540433455037	0.24545277872588683
9.663549569205262	2.2439647890000667	-0.3361176175882148
8.62207620023173	2.5497799806112553	-0.30154241043200997
8.390600858401235	3.4353028496788713	0.01386475280972177
8.140338220088351	3.067638745497832	-0.7880688646337272
8.34733409808271	2.7214071546725185	-0.2592707061201416
7.319567734165432	3.5666284888414523	-1.306240686365675
7.667145205919927	3.2388754287176544	-0.8417235648177819
7.292856728223366	2.994499555695737	-1.7020715932260728
6.417602030269772	4.246718585322592	-2.1468181009389777
6.226149720671971	3.6094430920277927	-1.9680094675951434
6.106517284452997	3.4552497800112776	-2.027033070973193
5.448418519743417	2.9692784223078625	-2.0549927060522966
5.569225707538414	3.324219102904701	-2.026378331118042
4.299110687094413	4.025951653385553	-2.300735031901069
3.9330789756994577	3.8583642196714134	-2.8611665321078434
3.385292731552433	3.885481046862841	-2.6333945017966207
3.21741446996809	4.0685496612077445	-2.2966532931610066
2.9282984575329345	4.43957280511142	-2.1037956147633263
2.951982411924698	4.411200738506968	-2.8024106880326602
2.437357261459093	4.498267734399729	-2.079081056429801
2.386679648583274	4.038364733756645	-2.3372213003863966
0.9825299762511184	4.815995130009536	-2.446509830265384
0.7549117442123296	4.999913880089893	-2.114409328457923
0.7032410378791919	5.160232187761869	-1.2523472894123087
0.02279011049917845	5.688390631153363	-1.2507800118994368
-0.026155365112329965	5.517030173562215	-1.682317574498205
0.15264706435229014	5.164617530377048	-0.9248684415988051
-1.051723846011301	5.9344155062029555	-0.8115981367562715
-1.0058014082104683	5.859935706744028	-1.286088548933916
-1.5922162195575913	5.543995924403249	-0.30917377761748344
-1.7061055033455919	5.733491913423463	-0.8219079813102405
-1.7372635752740648	5.274130948277321	-0.5057236482169799
-2.1977924546530003	4.351100169201652	-0.6345102832181525
-3.5238957106004296	5.070326318531587	-0.02933958638658174
-2.8123013128073575	4.358404808724037	-0.10698427317577214
-3.1729860353647346	3.651252442292017	0.6069446931570517
-3.1782635576561145	3.4235598435611565	0.2625652849249228
-4.295305999407758	3.1676649101353713	0.44819624663303237
-3.9008482367564867	3.0303899388273066	0.1244567147880391
-4.3797861755774115	2.3062721723793915	0.8112506619356445
-4.104846965198159	1.55667589986562	0.8278556974910654
-4.011467409419878	1.4727914886173787	-0.11348726523264879
-4.0388817279302165	1.486044533179005	0.5219460342783767
-3.2588175092973097	0.5588834013124571	0.9330239043417646
-3.2812973714127227	1.5317725415523795	1.0832760042790741
-3.540606104095371	0.6056071271436377	1.1387502369878937
-2.8569737041350773	0.43067528414004275	1.1406263976564064
-2.758221797657735	0.3730704954631708	1.6145882292468718
-2.648437533256816	0.6450854213852102	2.8308594910099774
-2.0611652311981543	0.5305271893932966	2.756683332282698
-0.8325129105302935	-0.24205786940156415	2.579398504493181
-0.8862813356209716	-0.6504898023697334	3.4165461098026073
-1.2984348190955401	0.18468861142609516	3.0127611689760903
-0.9671424818262166	-0.7209924757584508	2.978102477225015
-0.3530151247286163	0.38115643413622924	2.721334065856413
0.4756703124925621	-0.07123292803506198	3.0507630601819153
0.5462147058543266	0.16528388220069723	2.8250748678423863
0.9670217651335558	-0.10547913945076781	3.4820504375350287
1.5593627262798044	-0.5050293500812478	2.808911344821469
2.1282482563787957	0.36449036980888316	3.493832802482364
2.404825567033584	0.14554940436807312	3.71526816482789
2.65420229989745	0.021100934821349948	2.7949775727646875
3.0343341616920867	-0.16145718363770412	2.4934527853302004
3.582829094628224	0.044496428383074105	2.735244511452648
3.537031929898357	0.2072993319414974	2.3555614316104228
3.797945023212648	-0.14834195396311012	3.4777757118563835
4.766787933999594	0.24766874003339534	2.573687700538965
4.673932265707976	-0.43505280845643146	2.977805352694737
5.514041853175734	-0.6742125438396336	2.186111217787634
5.133721855405202	-0.4735881129794362	3.348715354878662
6.0856057042420675	-0.20010231081467933	2.7437678453241956
5.980184921660422	0.2580599299051092	2.22679260292898
6.338310186215346	-0.6339689605692304	2.7535962308586637
6.122691122974327	-0.8170787393134823	3.0456540379821417
7.102448991042901	-1.2352571332796085	2.3691144389577925
6.370593930514663	-1.7835839569353706	2.269933451727212
6.670188402375759	-2.172169919046775	2.1534147716725442
6.815325452855066	-1.671913273394893	2.5430663375438947
6.984454366058407	-1.9589342085596875	2.975462849656716
7.280430087542782	-3.0021270677682628	2.041555732715376
7.778992147053219	-3.2654209926491626	2.905860438454386
7.89620991198082	-3.552357626808445	2.856589834316709
7.004123988161362	-3.624110747509411	2.7115277158608366
6.82455861936272	-4.129761844867691	2.2551298854322437
6.481349717980686	-3.476020429926864	2.8711272386637274
6.500647852089677	-4.477324866714753	3.1225446607936886
7.150422808978891	-4.283618697807302	2.3083853193784276
6.071067300353578	-4.526116076846271	3.033687319487279
6.196529378718451	-4.349025853316478	2.7392414858434524
6.082003930077521	-5.3959201260617595	3.052380436401668
5.412051761978838	-5.063138690424932	2.6831344944292805
4.647296627510426	-5.798834306977383	3.2003833874103815
3.973742675921075	-5.2765811432050445	2.1561724197472083
3.576880059870508	-5.788760137324349	1.8157217711580673
3.227278451230176	-6.134980049936281	1.8720340513591358
3.270886800743118	-6.765038860090349	2.066939412018284
2.4425188739887655	-6.828983624561242	1.6803817026189685
3.100027924835445	-7.529504340769428	1.6174190126357506
2.0274120324605374	-6.5244929967572425	1.5589433935169899
1.428936768986473	-7.58511179673122	1.1253332492726118
0.7478304851977309	-7.3470435653746	0.8985051503173016
0.647708102835769	-7.022154846221266	1.2823440600937817
1.0278251594919898	-7.683446532030528	1.2391503972033753
-0.12916162342275134	-7.2122401672000445	0.9000065586516196
0.6264678887248684	-6.634261327308408	0.083224960059891
-0.8758894734543263	-6.102551688864391	0.16526388485780086
-0.5659560845701951	-5.657054434355407	0.39827321072922217
-1.0120482787357228	-5.142284617815919	0.015767848526991146
-0.42268359398998046	-5.873581838780963	-0.012947632326246017
-1.5903293268406657	-5.516494093215589	0.020931247673384834
-2.378286137468801	-5.620826896153214	0.31324153957670875
-1.599654645123305	-5.399451627696304	-0.06965171666074665
-2.5788713792019484	-4.552291974607822	0.6272311995160615
-2.2501171307607493	-4.163029777142635	0.4486651998877393
-2.3246884811818487	-4.001333268902779	-0.28904571082181274
-2.3626097735683054	-2.920703979324498	0.19254346054398097
-2.6349657141597653	-2.463421006593465	0.23626509126681383
-2.499984205732409	-1.1867240224256972	-0.5924390506774444
-1.1569363324607465	-1.2396351118701794	-1.16422295459977
-1.4314187130447533	-1.214498634979743	-1.0633117309410538
-1.3454371586042917	-0.03809462186492807	-1.1979813508480943
-1.6351599217595367	-0.3238626173630498	-1.2446062090635348
-0.4906988678149513	-0.46985836332211517	-1.3587233235906295
-0.8061682013085063	1.0833353920415574	-1.9065801479606945
-0.9679075022914887	0.6948944769883586	-0.907048840584513
-0.569200012584914	0.7570472899953642	-0.9656731850765001
-0.05528603241704172	1.4836023704376924	-1.513475352805278
0.5335911143479902	1.6275383660748224	-1.3543613476627603
1.019664965526193	2.2501198503927524	-0.7953819666277995
1.3552532300059439	2.275570401187954	-1.3687163827303748
1.6497357320903325	2.8919611972466583	-0.7634730599345563
1.5585346792878574	3.2513388034746815	-0.3197355067634176
2.7996468874009226	2.18905360674784	0.14397888532339487
2.1332283018476113	3.0474268905888544	0.5378798591090448
2.9646701538059825	2.5713616063532023	0.8473098903256674
2.345735865445758	2.73421046188383	1.7435817600262595
2.9829180014758165	3.533970981835647	2.048287515606628
2.8121098201950203	3.8236878600478406	2.670207540989159
4.090481657784641	3.8289048047320167	2.700182572118415
3.6405536005828405	3.8791484490422325	2.200304536591549
3.8975505572456557	4.82915335496774	2.238572242235146
4.100135469962961	4.7929897847870615	2.3187280043011262
4.665746138597002	5.207111315788997	3.4079639465614724
5.804590609519331	5.735486441918878	2.40435976939637
5.307111375158245	6.3535060418793785	2.610914564343994
5.422933561860965	5.956620899517362	2.7586074398310925
6.253040773826033	6.48178452618027	2.092401645257426
