5.273326125756842	-7.654404826769026	-1.4002803715688934
3.86646902941954	-6.916502783126237	-1.1436078610678246
3.777974205139742	-7.4419058208816375	-0.35302169131748484
3.578678767756656	-6.559958453313598	-0.6239316907385146
3.4431708908786027	-6.02198608222805	-1.3942856400818395
3.7467020140493545	-6.619399117315433	-0.7481308290766975
2.8727868461803547	-5.376501807604146	-1.785710152847731
2.7770505280192164	-5.901708601723912	-1.329791551449812
2.773942809080784	-4.7449507073684725	-1.2427243546397118
2.586681418672756	-4.584423498155979	-1.6845043170456357
3.1464113646349867	-3.596148339594237	-1.8962916648741603
3.2267385523603727	-3.350146166753105	-0.9931903425664115
3.629484156157576	-2.75271857773798	-1.4792594183004186
3.276456512071319	-2.8854425807020747	-0.9894906528181941
3.578525414111287	-2.471214847861947	-1.4146206690224625
3.7847646182094197	-2.3364336629248426	-1.4389255200840638
3.6358760060556445	-1.9483731396244466	-1.3812666000759366
4.5550335599946425	-1.5502048120121878	-0.5225286592075631
4.801428457415053	-0.23789950327980747	-1.2266132532198795
5.2531454966037465	-0.669187896329821	-1.3843917706602122
4.32900508382261	0.010305036826578686	-0.42151981123904836
5.931183840842291	0.944847209762504	-0.8560448368338003
5.411607183965293	1.6980339591529965	-0.6064257546949217
5.35365995593574	3.00258371772944	-0.7256314933250494
4.608130528235744	2.097395494293502	-0.5789064688001823
5.3534694912717224	2.664365561047964	0.18876011498548229
4.763001729162163	3.4536139605409026	0.16222634484996
5.749021036887518	3.7639141146294355	-0.5466261890425875
5.691337381516856	3.6516549956731685	-0.03629054434161327
4.65944479873304	4.146510945820802	-0.277105865795972
4.209957013503897	5.177089764245666	0.43027319690290106
4.142658956295648	5.057704995423876	-0.08387192506008939
3.14191140798464	5.355426868927257	0.8616218758588043
3.190642534591062	5.986995130947836	0.4278447502622872
2.2788488417509107	5.22697129927945	1.4554733620848739
1.910306558953693	6.005239909416073	0.9961044797841252
0.8164973888578928	6.320783199878915	0.9643562918319966
-0.0919034761375816	5.037878866880486	2.0564123621040697
-0.4733741428961109	4.93151004262138	2.013116946469432
-0.5437123731981977	4.74305958605907	1.305791160888966
-1.2272636840449633	3.6582150736825407	1.8212874744678833
-1.315919414485619	3.1740771779194477	2.233090874612489
-0.8440727079134163	2.901545634089895	2.065197935270059
-0.5461632898362281	2.3776575679336673	1.6840936081002749
-0.5387745579934582	1.7050758012272478	1.0996436094580133
-0.4586677704444009	0.6160975805667381	1.9078516198722437
-0.9974588662394701	0.8563267632683633	1.3878346818981884
-0.5494930846639186	-0.12089479028783895	1.662177840207749
-0.3017954366624284	0.19809779197162092	0.6141692034976001
0.3295164381874852	-0.6452571102331668	0.47829021209511025
1.0118788471109308	-1.005467159118333	0.7534992067432187
0.7885334937350825	-0.5955343246363265	0.7927292587226534
1.0615489878998878	-1.0432777847860848	1.0906943885758067
1.644673637704357	-1.6217719353729465	0.9706688041138039
2.467153692595913	-2.115535971333533	0.8224939940529583
1.5987712609758882	-2.0433940271986097	1.6275250697754786
2.277495000136925	-2.563879827704327	2.175452489534509
2.11935709017594	-1.8912782163493613	2.2069360452458797
2.9085374920674374	-2.7049597135826673	1.7578216960970805
4.164183326938873	-3.065810299527543	1.6708269875290314
3.298143657147315	-3.345099768138297	1.5207158945941623
4.421195632998838	-3.187349021617606	1.6341109053992406
4.826518103108912	-3.2122275128683015	1.1826145780645827
4.692024035498062	-2.8506593826377626	1.0762967161884598
5.154865464438813	-3.6480394469153286	0.5835492146856185
5.338994818939012	-3.4790061852363574	0.2860085770454773
5.229107370761285	-3.823139795490362	0.4693247632810561
4.987970805758023	-4.213508031930025	0.11092070724399444
5.479280786146875	-3.6810753378681778	0.05609850009458894
5.471947358963153	-3.612820067817849	-1.0179221535150431
6.197119287496086	-4.2797997906574805	-0.3942231033578716
6.096329308183389	-4.627327312045026	-1.1034789271300935
7.2948006965157735	-3.8617886696078494	-1.7348150373103164
7.7163472805026885	-4.088094033992295	-1.5643590545396435
7.416547454370672	-4.0395675030092315	-1.230090878366916
7.277275955044292	-2.3916598526735875	-2.03545101189854
8.594723488005936	-3.2669056043127314	-1.2475083053527585
8.120969703962924	-2.5875862895297783	-1.0650647787471001
8.152628086140428	-2.2963900048748567	-0.6879763246918926
8.008544353570654	-1.1993243572488996	-1.3896297730937641
9.405305147416566	-1.4664225837192442	-1.35016620118703
8.572074372264872	-0.7370352719776923	-0.7211637695304288
8.733710024479509	-0.9331919167138796	-1.0994321632680149
9.262567884083204	-0.8336286106029579	-0.9956502206363287
9.090709929303738	0.5250285654310262	-0.846621444309132
10.070035763734113	-0.4692129726065252	-0.8056406680139739
9.357975015041058	0.14728517447553424	-0.1328922912492494
9.812921083088403	0.659893329436114	0.17439584200373326
10.316401283965842	1.183612863168268	-0.4621285520034944
10.047796726746984	1.1688610000453792	0.5551712220112159
8.986219592543343	2.6443913985496863	0.4631104533957941
9.406503881417027	2.962748598753223	0.16936121198569343
9.312377348652417	2.3922933913278315	0.3247604939325154
9.086650057682663	3.269269721456324	-0.15865501154777778
8.280661836571705	3.620598653324499	-0.5624442196365773
8.750668376089827	2.9672758307047316	-1.0096993123023592
8.105909522634631	3.521084350564485	-0.8249964790604769
7.718636600734797	3.919765849048458	-1.4173542857017118
7.382118251649843	3.3865746596442934	-1.8193615510889267
6.985557547424951	4.125621392068881	-1.9933518552262035
6.667647717268033	2.908427561509837	-2.0846775990745203
5.723672439905604	4.17476340335026	-2.5472351068811028
5.990974458612425	3.1798003336868734	-1.8529268858911294
5.406373933989935	3.270612904710828	-2.0368373214698767
5.146543643069473	3.8624623385973207	-2.670742234193566
4.883678671482472	3.7841437910391313	-2.92517232492694
3.7914605871572875	3.2265420802728615	-2.8272293147521066
3.285336262999199	3.3432215650970045	-2.8188437379380726
3.0157640695406664	3.7071206498281333	-2.5149484847861734
2.484585989739834	4.113877245396662	-1.9335918707035464
2.8531074884465952	4.338953258414138	-2.2453293212141965
2.120453643587821	5.224578050696437	-2.59904097653599
1.718391861689712	4.8656220760153435	-2.228370726302603
1.5981385425612449	4.6635369280501875	-2.2716516783805623
0.8458951594058519	5.190385843848057	-1.2508787757682363
-0.24913273483269782	5.472850975650175	-1.3011414205217917
0.5060205501842628	5.609996034904109	-1.5187031850977886
-0.8539423506497669	4.998749880021887	-0.5573264222414791
-1.3757790790624012	5.310459277706411	-1.3030222957754787
-1.394307310655618	5.601971926450468	-1.2906153864171788
-2.1015013915844176	6.083408279522059	-0.7857153453590426
-1.64074163348746	4.847983494979999	-0.501264914525112
-2.626013256858824	5.562263955622641	-0.011140506572064779
-2.7641911921655153	4.982749106444671	-0.21967873300157126
-3.2433401871961682	4.886826706439207	0.5340484455851945
-2.7643084421847797	4.717675022518585	-0.5013648091764564
-3.281203427501639	4.219127520050737	-0.02718809008417966
-3.50675190868394	3.091893787332417	-0.00721132116469736
-4.368097754028061	3.764745242463822	-0.42127498063367574
-3.1643374697000217	2.3183305469079523	-0.007458435548037712
-4.1948962276541915	2.368759627306795	0.12220228866701849
-3.7505216327497464	1.997192350899574	0.4571218311626097
-4.125938062344602	2.473006836184469	0.13232732192218216
-4.221644663624524	0.8365662265736822	0.05963996748225595
-3.9945554989972156	0.7721496484831083	0.7055320977770585
-3.366392924536549	0.6312358297344999	0.5807629286097018
-2.915238829442935	0.956522088509735	1.2587306096176496
-3.291927599162195	1.3420151646010825	1.732907723828098
-1.6901674630868802	0.05375063456054896	1.9661927413386933
-2.313904758314653	1.1599417975664297	2.2708739974320817
-1.9810817962204794	0.7626656751962522	1.9318821711981342
-0.9876716331999333	-0.1592836761502891	2.197853915201957
-0.6967521306904103	0.23186232139446872	2.953110695599201
-0.7297889335551055	-0.3371679544948646	3.487554432761166
-0.23332383297860015	-1.0492731190395996	3.3217715322709584
-0.514959881690235	-0.21293104274700103	3.85129667511275
0.22681246359592183	-0.8037088611609357	3.7531236646166746
0.7294369902908595	-0.8137957759659525	2.9738167135987505
0.8988685795407451	0.026329170074494312	3.555427665164926
1.2307850357756442	0.7369109559324108	2.8166400944773335
2.0318668327536695	0.27381277200531373	3.7651003800706837
2.27635808916116	0.3992802436710063	2.5733313174228547
2.720884426157262	0.21340133158271263	3.106084050645781
3.6892877970771947	-0.24495825380924713	2.8250342419808954
3.8393298761426267	0.17675867944764556	2.521440275660516
4.071447441444276	0.5328990730371962	2.844968082957216
3.855708738491657	-0.4251033788240687	2.954534563700764
4.716794086082848	-0.7009588856852742	2.588176310909594
5.161814237278229	0.030587258428420583	2.595100158146549
4.870142715109981	-0.5619682678577469	2.428594057837417
5.673402524375043	-0.7632928475217496	3.138696779786395
6.1928800606293475	-0.7574862176483868	2.284975862900529
5.507610887117351	-0.6196959518129173	2.534199513076415
5.8274802492659825	-0.3160944689303997	2.109233838187606
6.783001502113814	-1.0277963329792914	2.418764575994209
6.504183430517842	-1.080028560169635	2.447210290394935
6.8398190726243495	-0.5867199136100396	2.113957174342683
7.177141876984045	-1.9562190660137686	2.0568481822686207
6.895440597584229	-1.8644207267242876	2.613348735988038
6.823966397898849	-2.0038917994869885	2.2327063200609114
6.850940325021138	-2.716645979463669	2.304562208397515
7.153123117520779	-3.120366153253808	3.2136472129383002
7.280206591405637	-3.7668134064241645	3.056650607376404
8.00098414176701	-3.8022480135043875	2.433066202481374
7.601368158290635	-3.868126417891209	2.5924780924331654
6.570643656333583	-3.3270100102944555	2.149640850901382
6.173326285865716	-3.6048332105408543	2.136497864275914
6.459755574574599	-3.776616506894582	2.2360877633063914
6.338752601602641	-4.386800738835132	2.2438099713506725
6.532403020005891	-4.72044569292568	2.1963584616097993
5.810703686432264	-4.772332937629211	2.272115428342051
4.933446308880679	-5.1577893451572105	2.712604669520867
4.731653191728011	-4.938874858775479	1.9570330360115227
4.312901893559208	-6.5078623760272585	1.995357797588491
4.35696942039925	-5.824896148243711	2.0012709115167286
3.425800950548187	-7.192700702421988	2.33573177281628
3.62843397992334	-7.306992198877303	1.5199462441167892
2.514635951039315	-7.401809091348495	1.96423784625068
1.9443030226568785	-6.484706267771639	1.5476295451333948
1.757011642731097	-6.673677254682626	1.765019283025501
2.132278447853283	-7.3593493543770565	1.5411866587139675
1.6613584579987646	-7.181421852840361	1.1078071310013318
0.5796428304034661	-7.024927742171647	1.1349863515066905
-0.018096606266236055	-7.0228618273589305	1.2885462846912534
0.8966410995740579	-7.256624245826231	0.04450968672483321
0.050443542549874265	-6.667181139114487	0.7986311776023015
-0.7223514892465923	-6.732138106457298	0.2028777358950154
-1.1441031938512807	-5.508882914927144	0.5018905371635741
-1.416612824117323	-5.351312876110875	0.10129428342627278
-0.6553249664725902	-5.835803698069672	0.5438891502692942
-1.5309411989729347	-5.976056870311109	0.7075355190455995
-1.5459501507628937	-5.224231983518059	0.07894246846520614
-1.7033359067872103	-4.670587199679172	0.33219923402245455
-2.4969885214877916	-4.393783724305676	-0.0029177859145379514
-1.35213017142733	-4.333754076900349	-0.17174225095003026
-2.5935821988697003	-3.397765005726903	-0.21380592604540738
-2.9198049744683234	-2.5210313481170257	-0.09337829676648896
-2.702113968080084	-2.4990077690689327	0.15664245287081302
-2.689070545631	-1.1871786081637152	-0.34283868661865313
-1.4442151962107652	-1.6737848380596316	-0.23046089265456438
-1.3536341240143834	-0.9695230146196979	-0.9634141485271958
-1.1704447266987354	-0.8369499424377	-1.1507518328441102
-1.0901704693498513	-0.7855108866645297	-1.3186907580682146
-1.2463542003221706	0.5669234901570123	-1.4881042862750244
-0.5611071231549989	-0.1434229271066779	-1.8396057475804275
-0.8154116549297699	1.6057905319048476	-1.9776815474540097
-0.1836664902137043	1.8400740987159043	-1.8959439117773598
0.5615306460912175	1.802808348159889	-1.6186255229920705
0.7170126982368732	1.925606714068529	-1.2452154317246735
0.6957861557050289	1.7366677878515897	-1.315914048450565
0.9479938182846068	1.8319528019150002	-0.8570647479206722
2.338793586058282	1.8016633245627867	-0.7486142540641847
1.4598166934990986	2.458423015491798	0.03948818554532885
2.3518079445024376	2.7435436259179755	0.025526892229145948
2.1757433717032675	2.3664654547205624	0.5066159802730642
2.800220774592017	3.5972015535713084	0.9423367854083651
2.898131673164485	3.6536922969610344	1.7564066401338736
3.6541550751985903	3.410302806630706	2.0872581574482996
4.181580834209692	3.231179164677103	1.6845084342136698
3.994960669338793	4.063591252320117	2.7450231421131077
3.3564190578938056	4.23102892070886	3.4753788746952687
3.597398685549458	4.993135753497212	2.5998354555753984
4.226620667158841	4.748880541292048	2.873035509915468
4.3848721587087915	4.985140066432782	2.6490534758188113
5.784617469525372	5.422065263593878	2.481747494733295
5.188136181165826	6.480652024665065	2.0855425707809414
5.393130287402323	6.180159087378062	2.903339943323685
6.37877971675727	6.666842102929541	1.678943830700194
