4.69393766666483	-7.341854770238424	-1.2200407918322584
3.8278019557971583	-6.997494017211183	-1.4295959166367043
4.166988280167042	-6.873315367398003	-1.350438078744185
3.44742980440401	-6.131551892693135	-1.3181768424203297
3.327487229689634	-6.418438976271668	-0.9344979392387092
3.596096615106921	-6.591698575166822	-1.5032667485921314
3.109777504946816	-5.163788543522113	-1.0246830729084138
2.844790953334313	-4.5649427214325815	-1.6211976618551718
3.005552450694673	-5.191807365076379	-0.6628569689561705
2.99840704185952	-4.4914413090537035	-1.4715984120373813
2.9741353045519254	-3.8614244671322866	-0.8198807433324249
3.0169304630327316	-3.9525005001875586	-1.9425487628229035
2.8759229324076934	-2.456319300178963	-1.5631503638211237
3.361960900031651	-3.1526748385215675	-1.9386555305112931
3.797973275392417	-1.9629682168318996	-1.4204900567440206
3.354161226445916	-1.7676318866452023	-1.5052402912521037
4.088763097362294	-1.38361757275828	-1.2030764140730077
3.7024360282213835	-0.996742160006274	-0.38031353187122097
4.595612082479607	-0.3797436218850574	-1.434792789841612
5.2649516061596495	-0.5734826784403064	-0.8095594372407211
5.36458116161209	0.14899089738715182	-1.1762536102613965
5.171727615677015	0.544889316574422	-0.12310193979743744
4.733418974913171	1.0956774239686398	0.14136705616681666
5.599756465434485	1.0937643886162247	-0.4449350182130749
5.00453320880233	1.7522701034322106	-0.4751814398180963
4.54516955116461	2.0850556156415743	0.7251309793834227
4.737441321760999	2.625511543280349	-0.4544128694176415
4.256911954988838	3.3838147136647914	-0.06363656711979165
4.4343027258054795	4.741880776655718	-0.2826856716615296
4.728917490831865	4.660017111926135	-0.2737581553554269
3.679514035119167	4.643989178928915	0.24600801775746922
3.8884765204438922	4.852460335127525	0.8313077295636528
3.55595182318356	4.847520702258495	0.16778639686057722
2.965516938021837	5.613056217730133	0.852993869937942
2.511909947535131	5.946606761772646	0.5211596510816425
2.1839634422362733	5.306669995834712	0.4601863574873569
1.4939400902075108	5.025941694851454	1.8305061194259804
1.399696531597911	5.128924128144019	0.8606194088848542
0.5690993407653319	4.229515390988883	1.1612202864911771
0.5747710578217592	4.846823736709833	1.2012642056710097
0.3986836656557155	3.5164762100171054	1.4030494216987979
-0.14286912044924754	3.355847222248793	0.8770921009543176
0.7004608086180841	2.5914530006237397	1.4821200811540352
0.25305932346919235	3.1109247199134673	1.0027947945582025
-0.32092532513193367	2.880393486210047	0.663042956707166
0.2896159091107535	1.5710099128709776	1.747036530967963
0.6674358420129453	1.358828348095925	0.944901427435368
0.274341045805673	1.0387690056483265	0.5594719274278597
0.9903666715729307	1.0442640416125208	0.7306183360059394
0.5659419812176374	0.35775035218076623	0.30360545432749353
0.8984535078963325	0.1116856493977999	0.36980552204251793
0.8153774410925493	-0.58731307563444	0.8414473079731202
2.0189639240649777	-0.9711567623775961	0.5037082361760161
1.783738678583976	-0.7171623946961787	0.8856387821490437
1.7039020089433854	-1.4253983327972437	1.2110100872800165
2.322044724693898	-2.4774031701204873	1.4477017311710476
2.6651856541562187	-2.601132179394628	1.8443374837410913
3.13988256559261	-2.399769477825669	2.1593402813363953
2.610438041036848	-1.7350288880701537	1.793964533718419
3.7060580695470975	-3.320264513776027	2.494242693106728
4.297951468851873	-3.1613665071884673	1.9913941519161336
4.064665623540041	-2.9740677004648624	1.7762265554122083
4.221182751001573	-2.711685231231684	1.8017157451548593
4.081017071413732	-3.9230750089764537	2.137454986480949
4.392102294690544	-3.6722861170462853	1.2825237282077295
5.514732117931343	-4.168497230063587	1.0316765835309516
5.430305277765173	-3.7983636152976348	0.3725804590126801
6.211080679369331	-4.165141877295573	-0.07898067265720893
5.3264053006225005	-4.299697007793525	-0.30705810410466056
5.514360188101006	-4.619509930863871	-0.1863385214163612
5.739689841930472	-3.733056791622831	-0.8219229250265004
6.804732261325763	-4.652524770341011	-0.4475068101064741
6.460700578039297	-4.568060912429518	-0.8321500845578801
7.48421876013036	-3.4539545257444124	-1.1749744284516337
7.021764541554162	-3.2743133618278	-0.8829044896526335
7.442654155156511	-2.981036145037983	-1.5571231450388505
8.467487602326013	-3.320393853833643	-1.011219072101689
7.811659504926167	-3.0179811716607587	-1.6295053720879988
8.7109434638517	-2.3550548191650305	-0.8644775293273526
8.296510297452732	-1.1694585942448321	-1.307327607979911
9.22073777487052	-2.1068736061183326	-0.7226986314697402
8.784260141005994	-1.7978276345938455	-0.9748240886500913
9.512629561718251	-1.3434421309038955	-0.5159386180089474
8.915299268911632	-1.1394165690499742	-0.7751513915974477
10.082543214254759	0.023213923628139788	-0.8930722677290076
9.411320587301535	-0.04239065263083691	-0.7692534575469352
9.744913175643637	-0.05107591966541482	-0.08953613402114313
9.997083792328441	0.407545439116025	-0.26145592741446066
10.063578928212694	1.4988890220346698	0.15296564918868755
9.183403755571964	2.037008429865913	-0.038845569360977605
9.077161379042645	1.9735043700221837	0.5923769495350577
8.952831503121546	2.827764755971879	-0.17980288795687455
9.384036021359393	2.382622368524251	0.43441430294173466
8.649266888729759	2.566651806565441	0.561388799726382
8.260676768891983	3.4310837275007846	0.01926028763958887
8.297591931239646	3.9793941311103547	-1.0056659031334125
7.452174747156851	3.401496977913949	-0.8879020922708631
7.5216394049400535	3.4314716662758755	-1.4087287411238187
6.927512382078723	3.297200579085994	-1.2217828767034187
6.851810649841191	3.5758617000114006	-1.662186938749118
5.966302500140822	3.564977764119354	-2.1791173475400805
5.558857243254637	4.064853978990549	-2.054324905289275
5.394922491305918	3.5239544621245233	-2.008214211999888
4.722538715303594	2.9365595662916437	-1.6652677106030365
4.220045052723577	3.367950782714203	-1.6922421960142835
4.595238415480068	3.124553644523341	-1.9712279435745674
3.6016228974134363	4.028722653907024	-2.4315268452288734
2.945971778688423	3.83967197030035	-2.129294076163494
3.272666731886672	3.9457053589607067	-2.2172251422622082
2.591936946768073	4.425319694907007	-2.346125935021056
2.77030809883217	4.387487755695903	-2.201773590496625
1.9596794764538745	5.019676445874699	-1.967552653622926
1.8862075607911395	4.8523246968608635	-1.8060568248688595
0.6993490777226541	4.507077696456744	-1.916378341669479
0.6515618981615444	4.680245861546187	-1.8720339596125943
0.20087638797384377	5.415420345115508	-1.1972864313171232
-0.6935960567296067	5.094438841642536	-1.3901368351893097
-0.6966775331009241	5.814956814525371	-0.7977455066584269
-0.8318997088117639	5.424209458624929	-1.170880708868494
-1.4970776330042734	6.375924387154951	-1.245578498893423
-1.5248978374384343	5.406251185334553	0.06478743778330465
-1.6830990194091413	4.953187281389356	-0.700132317565243
-2.29615468295163	5.433243846627329	-0.43656998717789
-3.0075040703192712	5.437774440030154	-0.5075576267555977
-2.98946425558865	5.437096950457143	-0.5185910049656467
-3.061941108548938	3.845450603882579	0.3646199991604647
-2.9112562825532815	3.7555738936966008	-0.5078520313465311
-4.182897753265194	3.3195969111360433	0.6782103620368396
-3.3732227266216266	2.7738587232193423	-0.05225140382862131
-4.2374727161286385	2.7077587775481335	-0.021554512371395496
-4.474484279431245	2.218248535777092	0.22355194842841503
-4.404429516647961	1.6549393397427714	0.3509746161815503
-4.133417341217621	1.6325788551479339	0.9317133445821932
-2.914493489917915	0.8916152230646814	0.13093614053672395
-4.04525868162654	1.3896233755247298	0.31573270464105574
-2.7220002302911843	0.41412234990685337	1.395625626892099
-2.7662885305056975	0.8646124177945025	1.2119188970014794
-2.3679283813592162	1.0035377330964599	1.4370223864410907
-2.084301607859869	0.4311376113866646	2.402415690491198
-1.730816912635003	0.03511078567617368	1.954166379730436
-2.2889252871543544	-0.11444560678643736	2.5973973260874077
-0.8293307654051802	0.19957111567991917	2.775229478105205
-1.5977355653116119	0.3007534171137958	2.3976953379460806
-0.6912076606271057	0.012727084780597558	3.5548433735037057
-0.4929600297720628	0.2715029482081379	3.567765133603007
0.7217188699107828	0.39972732556687796	3.094409766594072
0.8483817165260339	-0.09789777342274777	3.0275721457689104
0.7154067592294828	0.7289853802339644	3.258585867595302
1.0969013405106907	0.32240599315643337	3.5879613139961997
1.403486682461617	0.7033678796738414	2.7579072124203066
2.065577683477309	1.148264607342509	3.375239342491149
2.8778002838683276	1.1931757916733747	2.7248215062687855
2.7559949144483085	0.829258035897724	2.7659525450698044
3.7373539639401567	0.28700690117588457	3.281685265677786
4.347082717397759	1.0801636271316133	2.5890239280674674
4.746437382949665	0.3748091379227942	3.4181913007662184
5.322967436077219	0.3449725390092603	2.765584204474707
4.948310912864629	0.5251108535722964	2.838727567932346
5.510504145961188	1.3509739926264661	2.318427876885818
5.736092356374167	0.5824681557961839	2.3144914001605232
6.190668533861439	0.37112045740408606	3.087962789008863
6.534194877372628	-0.24643694978661318	2.186321031660773
6.730976766750424	-0.0893588947905462	2.4825717494983444
7.356428139153515	-0.25556282500573413	2.3086042369418713
7.143056407826537	0.006756514713526451	1.960689755526931
7.2468570011575775	-1.3820124644535323	2.769847092218153
7.970959962580721	-1.8947874240796692	2.454747241958752
7.303272465374482	-2.1888907849648174	2.3404202044803046
7.902944380958192	-1.9412443814301472	2.834162039125278
7.690182246932701	-2.9302770476823516	2.831151995753898
7.874025131398552	-3.179311831496207	2.354699323213673
8.227386816599992	-3.174249247102929	2.3339542685346304
7.627735305818703	-3.845931085496854	2.9622812958649485
7.934841810085488	-3.6115194965297235	2.3455377538891264
8.479237952429282	-5.005226456423038	2.2375663632091745
7.090924886591401	-5.190958232649251	1.8247349109047681
6.915348915136077	-4.944373850848455	2.5479471652878765
6.684328350632668	-5.639717969280887	3.0423133991215217
7.258969476199233	-5.842194646071015	2.1186214776809953
6.753412567407047	-5.770891329665438	2.0367342937534434
5.88119590484067	-6.422562254232835	2.2286193382890733
5.741760096652588	-6.2515151520536225	2.2583806228114383
4.636851643876256	-6.0409279932090385	2.8116943060792208
5.266868764021693	-6.82833916536918	1.8292300926204912
4.294589027792823	-6.576771255439759	2.7424734147032312
3.625534326166887	-6.499739339442682	2.518965662798662
3.800661394991673	-6.614549839461199	1.5562198034802137
3.1195422265280186	-7.1279039319135675	1.7789159028455415
2.335955487722628	-7.266273849773105	1.9103601909727541
2.1750224801746145	-7.470261800469336	2.0488929283561115
1.3023208811192855	-7.6685005707429195	1.0520167404894223
1.617087794700781	-7.493858260483648	1.1316225683997603
0.9404711375082493	-7.0804870346953495	1.1119667240522404
1.006120331386958	-7.361453867138703	0.3442708470854827
0.7670154815068502	-7.379592001883117	0.21086685422268328
-0.059341588478681984	-6.793044631085695	0.4811718317526249
0.1351562299903728	-6.718023200071537	0.6246405398987036
-1.0726640343510068	-5.901014453821286	0.3763266348193053
-0.8556168307342504	-5.3912652051556655	0.5991253649744458
-1.4179928025302733	-5.613634230441225	0.575419556558487
-1.6726297876355525	-4.850653487941198	0.27420855801394645
-0.9409636515855484	-5.183510931378562	0.562501990813222
-0.987817634344463	-4.348084679978925	0.36130585250783814
-0.7888163841968701	-3.9662896151842277	-0.2700058715886546
-1.2788877604111006	-2.9753768227441766	0.13956368625477372
-1.6317299883862098	-2.642458208075556	0.2560564044803928
-1.8102788161183239	-2.475676825437464	-0.023436865656591976
-1.6659264322206886	-2.076473086204835	-0.8553922682595732
-2.0088717247503625	-2.317725608292255	-0.6587439168150273
-2.0443281194303746	-0.8294715095882785	-1.0196353274650605
-1.4924245733731238	-1.3355935779535608	-1.1598154764905342
-1.0253289789177495	-1.171461145979235	-1.2989200586329304
-1.0463705346610477	-0.8377127119754286	-1.2279585599856797
-1.1083766370684935	-0.3389163443834929	-0.9812415294949008
-0.5389851067540881	0.4702187663678794	-1.2303747852205604
-0.3540343047267047	1.078212887247159	-1.1677960748968097
-0.11293130232912196	1.151364931304732	-1.013578113370579
0.4482725634446741	1.6606814991652983	-1.7373594855021708
0.34303420883526975	1.4793172127587422	-1.0957548962803272
1.0409152485343738	1.6508219935419426	-0.6821899332270009
0.7637144870472962	2.460162732804915	-0.7577510612640659
1.9576261279149931	2.169001119403371	-0.6648625270632601
1.9643853159002234	2.7791246472519147	-0.0034080830279561436
2.156380419431117	2.207315589801292	0.8593076279390408
1.9415734518726864	2.791843565668751	0.0741068039967619
2.4475927563759816	2.742938705108492	0.536089463305154
2.786655990496823	3.285033835262645	2.0896064917580732
2.581783461733317	3.3485905369692244	1.4108371714022725
2.9574161292122283	3.5578521463430857	2.9833188332852454
4.245662260234622	3.8720012734776894	2.087222229321705
3.9323278974988516	3.8391528580483416	3.0884714591634026
3.8336748689684765	4.8391292671454735	3.179141409711943
4.22720970203336	5.813269019486333	2.5078385545818853
4.923517126501335	5.760396692772805	2.7361289688962067
4.893402751019154	6.311405947582539	2.721670982128379
