4.75042576924667	-8.090382594779244	-0.8115900308205524
3.921196209067605	-6.9870141805530785	-1.3083955943525827
3.57888778429255	-6.230713715817298	-1.3895450159562373
3.413432873127581	-4.010698094768135	-1.89786306740622
3.5054342922701167	-3.3590541079224354	-1.812011640002762
4.1883306022764435	-2.0030994157739475	-1.0340203302096076
5.149498674880008	-1.128683001604192	-0.9867380537820508
5.05980297012443	1.2590087381746642	-0.3116587743876693
5.132135317112858	2.418428408593698	-0.4349617632508783
6.2283063586108725	3.8315135131705764	-0.18078001056913906
3.8939211071462623	4.380819219798248	-0.11343126596044645
2.851265717158074	6.216903366980185	0.1500264386062809
0.7457552057773844	6.4236011908009285	0.8363191851989719
-0.28380864116344195	3.8164484520750963	1.3254365541882078
-0.79063832929705	2.4757542127100085	1.1327189448021802
-0.9463690810870347	1.2490280401545608	1.717958034476177
-0.14183513427948413	-0.3766765657748918	0.37477240041701076
1.538091017709353	-0.8414000806145336	0.6292430316619649
2.0766808840504547	-1.6580377067981225	1.2747170911527963
2.3852965090864977	-2.8377904808200767	1.555666239757527
3.517576126041686	-2.5810864085392557	2.2597672523056307
4.8957881541974535	-3.4782725105405645	1.3904570716394138
4.714879040533952	-3.1320932555887375	0.0902394220407503
6.258421737319739	-4.432709584122274	-0.6114275815605663
6.608010526444962	-3.9664442184540456	-0.582451404648318
8.02704437932502	-3.6591432093296214	-1.1044047907660806
8.137538847676044	-2.5569735278536507	-0.9595687925575163
8.698362574575972	-1.3457379290537914	-0.8703122112368685
9.130974437530064	-0.06600252926395667	-0.6415366999889263
10.052946416825725	1.263688676529367	-0.4960543637492455
9.761818029591957	2.303960468533268	0.03560505456109103
9.19572226978289	3.0358078836854707	-0.46003193068945397
7.244956005200953	3.587579248993261	-0.4650398774275616
6.750247289606342	3.0841283098793077	-0.9962874556360233
5.346767830848939	3.8641251835940125	-2.3397087298044292
4.382918686487703	3.4735188521513103	-2.636950210151679
3.772004005680351	3.754989051773909	-2.751194215782248
1.5265476244662994	5.018387040596291	-2.3246722282237404
0.5394864053249401	4.7771474874109146	-2.0463791782609917
-0.9582227183171967	5.792214700366477	-1.3478956016931405
-1.825318904877236	5.16236127684542	-0.36689160336089366
-2.7220142946659953	5.136469582364571	-0.19188286689580908
-3.1153704576309353	4.3606705584741485	-0.33906267187769784
-3.526646242823168	2.2777469433988506	-0.44947860667214967
-3.950625618470001	1.6947094612352749	0.3279623104501756
-3.4912248038184632	1.0364635429987565	1.6233160244931044
-2.291651685110565	0.056014347990259006	2.015573683951666
-1.8039765472850744	0.6564542103407931	2.3490438541841963
-0.6598715459239158	-0.4343498959790568	3.754913202998827
0.48582502921331294	0.15174250222343666	2.7785919900582163
1.6447805767425066	0.24352274261519413	3.5478686234000447
3.4246844272632417	-0.006038614135165599	2.391405001867612
4.218092661051653	-0.15119004212615716	3.0167963882082303
4.969325745333776	-0.0832212362142859	3.2392657888423084
6.262943722783034	-0.509964607313713	2.06654022519726
6.2642393957281275	-0.859402318474862	1.7969130490110636
7.54980925441309	-2.26343558944729	2.131912923390607
7.702338958643446	-2.891866060169057	2.5206790671145507
6.563175437059682	-3.5025865548566717	2.3392156073794217
6.865979430390172	-4.452146512425584	2.8743655555265484
6.0247434965450894	-5.421261940940595	2.1722078499643747
4.631769566342548	-5.632304963162575	2.0899252606662366
2.9720567691371986	-6.458765740720792	1.5370888056590999
2.4050321388561855	-7.59719724697601	1.8659954340506837
1.5321656409123674	-7.499379591446825	0.9620858155436094
-0.406668162472841	-7.258696237463847	1.1230321287759013
-1.243343896474578	-5.524897595729673	0.20870006282721387
-0.9987439692070494	-5.893852052555589	-0.013767652494437677
-2.6799109033425115	-3.949544823468389	0.4297524748891774
-3.101612446549186	-1.584775401287058	0.2512791836334889
-1.5888609902044195	-0.9295114955691246	-0.32965645997414916
-1.3059689523974858	-0.13554228685342773	-1.2362121617927753
0.26045248043391256	1.1846961262336424	-1.2553172493658247
1.5572009330968257	1.3770502893435548	-1.3736657599281896
2.0712553567280914	2.2861054647646757	-0.419547241904515
2.963589819716198	2.5568345898646285	1.0733916373310084
4.198697578639292	3.4784664654248165	1.7647921250647172
3.5995132585132033	4.889464302097287	2.969731887987634
4.883443590363632	5.3915385831499885	2.6812460930132755
5.817372297277585	5.9407666568818165	2.8577563707071105
