4.666307225278302	-7.915275937087158	-1.3752837331521734
3.712229921492324	-7.896722284829935	-1.3053649391114819
4.435144414895277	-7.053681125681797	-1.6604222729983096
4.1247645479607975	-6.660094564450756	-1.695345598793058
2.8011698133450507	-5.759071696272536	-1.1180666449653311
3.1819036669206393	-4.821322469425628	-1.5748007631825993
3.2235398490251703	-4.5367292966840775	-0.821608513989514
2.74558427423609	-4.0418902973888295	-1.523038064906875
2.9952184452575965	-2.6276953955593942	-1.1975812896168982
3.7200474076538748	-2.4562102309187006	-1.3172664553089484
4.345678071801695	-2.2577687694222917	-1.5630687453186085
3.5959870438010917	-1.2990448087372766	-0.8718216232606546
4.232828139146787	-0.20597741814645776	-0.772520185245568
5.11777174091846	-0.29310503191576864	-1.0642101003386402
4.66318094358365	1.2864645187494974	-1.0241236780422218
4.429504086787127	1.3950556829073264	-0.7487083204403786
4.838141459683845	2.0402855442918137	0.4023083791739809
4.322135941439534	3.4080133784544975	-0.24605749959061174
4.6684010048801605	3.3429921636840145	0.8381257651566754
4.310081820203651	4.592078797962101	-0.04661337813816563
3.9594629107683366	4.456902266187828	-0.36243749383932544
3.758812639827881	5.005836494422402	0.17878685871257932
2.5145716681919645	5.77848824419347	0.21592431757671315
1.7716634756105387	5.654686563132938	0.8831016347103889
2.024989410573513	4.8823672416469135	0.6236255715907622
0.7870873454106044	4.73331740057965	0.830170303711043
1.227173294337161	4.013221816236785	1.6141037417435236
0.4573808791600954	3.3749784165096046	1.4935183429636014
0.1673078147328117	3.22516835829171	1.4937149452734648
-0.10860569281878263	3.205777656876392	1.1083225987489396
-0.1247228281987604	1.6143077663995964	1.0117081884469714
0.36072505759677126	1.8110429577340401	0.9084084390954361
1.0172868317183295	0.7287094807903225	0.5535617169550293
1.195756764617117	-0.5675226981164936	1.2705140778936204
1.205100910514572	-0.051783532054212156	0.7817322796953319
1.1210983627721465	-1.5945280651823226	0.6937286590829583
2.2179925688715056	-1.570353924180272	0.735528212281642
1.725790032103352	-2.378551616287282	1.3007967892646182
2.308112673052394	-2.9016903288631006	2.401484712394464
2.8251258827176464	-1.9596521582039255	1.769646489437138
3.507040489185516	-3.037553812119425	2.564615464319502
4.600723565544932	-3.087016668518525	1.8887345581689452
4.810799590488204	-3.054733987061648	1.5166247972974505
4.695139526707021	-4.13051551548957	0.8337949840244667
4.754220816551879	-3.7975713962420943	0.45624099328296897
5.903350917706444	-4.563606454521508	0.3546692797357609
5.766923034962361	-3.6107256507615766	-0.6769134774211114
6.10740889073212	-3.976827397842801	-1.3846324089568718
7.518716471842328	-4.4651193025471825	-1.3531706946934257
7.109705380300004	-4.19797359074446	-1.7343672259729874
8.46902198077214	-3.703963332111102	-2.0281860813670667
8.226612363550492	-3.074347934797617	-0.76300977808894
8.183153919052522	-2.8041888037720115	-1.170196957060578
8.929508311793633	-1.4882206547579062	-1.1540268176175967
8.881328650149992	-1.0997237180412889	-0.557473333617863
9.2412069222101	-1.2389169301694987	-0.2529669807321171
9.465764371177048	-0.722603151528732	-0.434481690244514
9.554757874381783	0.6181868471439431	0.014244242380095695
9.308212360464792	0.5601523464561211	0.7407931709707922
10.034804327406594	1.5009318389579773	0.23448018476567173
9.873230827462306	2.3867037992374875	0.10551041490492791
8.676374632801677	2.1019215751213975	0.0725176205397639
8.578690983243721	3.1195904647589883	-0.24192781046393458
8.601192200956273	2.8262651325892336	-0.56856137793559
7.375577631656037	2.9917457867399215	-1.2464500162701535
8.015542636907346	3.1477838917703727	-1.5494880701820686
7.0702738478615705	3.1516273258170004	-1.9992192361676404
5.750174373630242	3.1150895365990063	-1.394831235632676
6.29024737938602	3.2683131101196277	-2.4822568593847034
4.4397632316666495	3.9159198733217826	-2.257720278412403
3.856958834625999	3.1865008601812708	-1.9041680049112624
3.731758199196454	4.194836448353675	-2.0994872761851044
2.808443054412047	3.6905169454199123	-1.8300178556759639
2.49028502295309	4.011866043381527	-1.983510789314762
2.224745943712316	4.551575381758884	-1.7785982364691224
1.1349474249512717	4.988373576635836	-2.1185567505417615
0.8930866934242221	5.065820412558277	-1.7195552205968774
0.3055699070571217	5.807833660514772	-1.3153186167359638
-0.9954516043335289	5.523792024964628	-1.2351173319586368
-0.7235101095273875	5.535554903386685	-0.9751270397414615
-1.7700030699811995	5.957885621726409	-1.0661283208816799
-1.8581164219659843	5.024381006477154	0.04889069026777926
-2.3357977944079122	4.817249066213783	-0.3379514970567551
-3.4360283614239124	5.351215624210159	-0.19215222127754833
-3.828698638300499	3.626425465937007	0.21943043371643411
-3.4056215777044345	3.4069157815590234	0.37796485172436933
-4.436369400664924	3.5504286650219483	-0.44271322412361497
-4.275006427398601	2.0480798626797236	0.8390416823771569
-3.768955819921412	1.2741690217742336	0.9966534207305393
-3.6835165199537947	0.7078533565235764	1.0944008293550627
-3.330787064037901	1.5960881644005958	0.5806261917839692
-3.0937280074221944	0.3080959623788169	1.3690656748515568
-2.2326270831242616	0.46149356686579923	2.4316297836158034
-1.7851189441139115	0.36810265730371694	2.9062888139349647
-1.7277017033104225	0.8543529250718863	2.7110006915760394
-0.27039349107535804	0.09278530055514025	2.78014881865036
-0.27789191967342997	0.8876310630682556	3.105149663164506
0.6844400229358705	-0.007880948521999137	3.416829525023735
0.865122746393649	0.024115603289333445	3.482349219407609
1.230107494697981	0.41286306496174985	2.9378057756054763
2.422704870930553	0.81690282107136	3.3152559436096074
2.6646994644365987	0.42420623490552684	3.2072434483086996
3.4058745999728766	1.5440279959167196	2.510925338886398
3.8869506145757877	0.982561737963554	3.0115829728481054
4.511916582228866	1.1137134766075163	3.078372156154309
5.4122029745228835	0.9588259672284429	3.219564822201959
5.399890535703794	0.8877712033589439	2.153026979312597
6.181233141632866	0.3089541068699898	2.440654948787989
7.35976256879907	-0.19457038731632198	1.9221883696392255
6.597860582295415	0.3301535481191067	1.6638982959528916
7.365158596190362	-1.441618552287538	1.813914606088467
7.415608529778158	-1.1297802112400739	2.595220244063094
7.641054907820665	-2.1904856668388786	2.832443370238349
8.026674436463038	-2.7282932392194112	2.3969214713978024
8.718776212964078	-3.0358588677788783	1.8095328570565137
7.746607181311169	-3.809302048821891	2.8038623364254187
8.272658279545201	-4.759860053357744	2.5830079735992686
7.27352978146295	-4.349579155767639	2.4512683681882717
6.385955930954066	-4.822384540658964	2.103517630917236
6.997291825344331	-6.287345471256687	2.627925087540269
5.426662338851868	-5.835928987100351	2.21162926167815
5.656911440671733	-6.786032200893759	2.0648679216343444
4.551907658261314	-6.639954320530338	2.9407559743492504
3.863154114147527	-6.750009923772795	1.84608836771975
3.301121515981303	-6.545160333684783	1.6529113359326957
2.990474728188004	-7.324659806894215	2.1684483366249205
2.002136563617851	-7.367693273378607	1.3896611475520613
2.221775706741577	-7.577886407261543	0.84369727877436
0.6546236312065259	-6.400416617642144	0.8178320357992261
0.07547867706428094	-6.637992164182804	1.0801233194601148
0.0024961356022321635	-6.623196614469149	-0.0802787490865538
-0.97788604165824	-5.917819570498026	0.6214159519240058
-1.3568148693768207	-5.070235946639865	0.3015687847065055
-0.5240493342085384	-4.860977046644477	-0.13442689305224975
-1.6303060878051479	-3.841630446081898	0.03829496465666621
-1.5171968106563487	-4.138067810063536	0.6702304726537298
-0.9690227067654631	-3.5304668863316415	-0.3033023482736356
-2.061807549962185	-2.732841802509287	-0.5973251766313068
-1.7784503046160576	-2.4127457886861445	-0.46867189277175336
-1.8011614863702738	-1.5988489039333655	0.021589109252805105
-1.5528829182255905	-1.60705059283479	-0.24178525508208026
-1.7148103220176485	0.281974682026201	-1.6702096259774124
-0.8036332863681607	-0.11897003172546905	-0.8233267282082526
0.026278307749066254	0.902718815675387	-1.9013684495573542
0.2541356989633994	1.2895722184929896	-1.6523972394484563
0.2555488521424634	1.5660558564237959	-1.692479192123696
0.758932515670817	1.761312344918159	-0.9860150682913721
1.5359785787377813	2.218590601181347	-0.12166594046627166
1.835653791615691	2.4700295286681095	0.059922137622447136
1.7806018761060127	2.60886338612805	1.0408828678938753
2.4072570185196156	2.7202883403103373	1.347094753969372
2.729588476113811	3.090707431969992	2.0509773062590804
2.8446579069417006	3.795162971815878	2.3236997299441997
3.8606502750729494	3.8875761291233877	2.44469629010507
3.783751786464669	4.613529434118606	2.528628848811884
4.189538292075686	4.970502465474361	3.0085653898363462
5.2996184718790245	5.535804853557572	2.845873859225687
