4.689172384310825	-7.700266494043844	-1.093117652345034
3.9759191540658954	-6.6680593191867725	-1.3209414757234885
3.504037398274226	-5.7096511672053465	-0.914280922337798
3.1533854781574115	-4.335166968879671	-1.4099287899142414
3.1503884947414096	-3.584867279653476	-1.045598713836482
4.02692739606176	-1.8399407816535585	-0.9752477689957644
4.992405704115143	-0.5884189061676335	-1.2495388258315514
5.682600828973099	1.3957794386446754	-0.8355186082759392
5.704733176456336	2.1017781834708837	-0.06308190572172245
5.007845870529466	3.2673433573152906	0.7386086222028669
4.175427112254347	4.642257989546417	0.9114157523637243
2.8562539650335017	5.978520045074586	-0.08705392379079417
0.48970771409037667	5.49208670193588	1.8836373728189328
-1.2584195590672183	4.691515738595498	2.0894546164331635
-1.0227125933633452	3.1692053307960126	1.252738245575734
-0.7668877389155033	1.1936832043013792	1.9462143268519094
0.03409562874918959	0.26233693713301	1.253572000299592
1.2948650942577595	-1.022223662027471	1.1148645134096182
1.614538465200814	-1.7540020801296583	1.193606690259403
3.1940992877401486	-2.7632024312791215	1.9625087428005457
3.4887396908467783	-2.9793112619227307	2.4746738899442944
4.035549749169594	-3.0803447360469867	1.2311435835083437
4.737789146594035	-3.2748262295869313	0.2552637825016188
5.897511479108205	-3.7839937886374293	-0.5351131343156111
7.294694207887036	-4.147894594149383	-1.6692005339553861
7.193631560716893	-3.5402104879727827	-0.8600429087821115
8.11565011115334	-2.0508166533928556	-1.0808838084433559
8.684553963604735	-1.6989873658318224	-1.5302693840083406
10.121825757483824	-0.7241544501710325	-0.22438964552629415
9.39119542717674	1.4521638922139986	-0.026168040824600558
9.150403945140633	2.206342838733299	0.7066287733723704
8.25288669436161	2.6016842244226384	-0.5659461794953335
7.30970099002275	3.3815429339273972	-0.0451377267528128
6.925487385923687	3.3569793789308418	-1.249637778739873
6.426711151132631	2.963388443732812	-2.252764421090793
3.768504074833128	3.713886132594501	-2.3798725274297823
3.3390463198681726	4.134936630584662	-2.752593460249547
2.090259005924979	4.777961588022328	-2.351554080878957
0.3390191852890804	5.767015819309501	-1.5714387355189126
-0.10733073927596148	5.102698247613738	-1.5062417522974112
-1.0493046503632657	4.956676479403594	-0.8782703013415601
-2.609275060550977	4.361924745167885	0.42640165071126457
-3.487374476935659	3.755118970418757	0.4903460984059187
-4.471430894425831	2.7541014938302038	-0.46180633667592985
-3.794485506247296	1.4979785070092606	0.3024605907722439
-2.7679267954323894	0.9754378944885633	1.2200624470276349
-2.1727761665238727	0.6539288113402099	2.230558173065896
-0.8603355120366574	-0.24773153876647874	2.4218098431786044
-0.28547651120598727	-0.3345432191769906	2.7766553805607526
0.5876561751029168	0.3064731999905963	3.547640564449769
2.7714053294529344	0.1735277380240825	2.8749628366381264
3.0529527613444563	-0.11986918436953847	2.798688882884662
4.471674797235534	-0.20897295010548733	2.781028416428078
5.24052136700442	-0.543692968934844	2.2533876378747095
6.136592976356017	-0.19091415321035787	2.459579729222576
7.307861186092673	-1.1893137418624353	2.264852681623112
6.588994124881983	-2.3646228747236506	1.8713539821909935
7.727316119748452	-3.0541591368892815	2.54506179237545
7.473938427691349	-3.956522560874052	2.128624413773522
6.158999966725626	-4.063840619857002	2.0984902692213745
6.347046040579354	-5.264002188301652	2.630389157354558
3.989588388864805	-6.507541388531139	2.263040994738578
3.084502172577092	-6.5488666878537805	1.852484251523224
2.5345232773891984	-7.432533399032999	1.0336305763664355
0.9443675869222035	-7.389247662976432	1.0576301172989369
-0.12093028118529048	-6.457120854694374	0.38826709749268606
-0.8540553274028401	-6.2454562830293385	-0.2911824177543743
-2.1355136609805414	-4.8181864217326655	-0.15719200798364547
-2.075801443706933	-4.719005437689278	0.4615916584722289
-2.7166218993235955	-1.907248961504276	0.5170841790121827
-1.270647545565962	-1.307947511535739	-1.301686399544347
-0.8370934545563651	-0.2893827827148771	-0.6650089462773348
-0.06642236857152994	1.235202292299269	-1.6538674675894294
1.1653575546383934	1.9746688198043376	-0.9322170330733413
1.9568498402862302	2.965210305048472	0.022092170386269316
2.4288098760535766	2.865297914547024	1.2870687426617329
4.028235660813125	3.6492305221197223	2.192192583438315
3.984820613799453	5.542811627621101	2.5450844366192467
5.236007771181134	5.274219402372261	2.093279322998407
5.388089589512054	5.966259745193903	2.7748917629938115
