5.528061754762962	-8.246180294533996	-1.3079834734031033
5.0772282169573675	-7.423901804179536	-1.3069598682987063
3.6480843369696747	-6.738450416138502	-0.6919048517573598
3.787491142955306	-6.561895846017473	-0.5902836802934888
3.976183796058935	-5.654183684086948	-1.5182195561452962
3.154868328754719	-5.053370549486418	-1.3413210311011454
3.545923710318216	-5.008802449760716	-1.3453808855236695
2.5614121796269624	-3.838285503752938	-0.7700551738746841
3.472940974146562	-3.5482254059474925	-2.0038500243082895
4.071620241830669	-2.2368592466494626	-1.6582960013728685
4.418715035032457	-1.9178964276933166	-1.2103926144451993
4.118843870865683	-1.4173051943690955	-1.08739610407111
3.855895550617212	-0.8830150150074549	-1.566219231432492
4.716159210156789	-0.3312586806720634	-0.2369818469991367
5.046185421832577	1.8269850450628873	-0.47190542992304496
5.011650878714703	2.986625627523011	-0.4989029689313308
5.797518349545992	2.1979651262579245	-0.024480246868184175
4.791498985911438	3.1526065518343316	0.4855407126982503
5.1813455280904925	3.543441907692166	0.6052727519338512
5.113856364189349	3.9175867891569216	0.7501129620697866
4.368627168363687	5.505298862490122	-0.21564066422687395
3.2576973687919324	4.812925684135903	-0.1407470963083859
3.41744090142382	5.604224352203085	0.7850120153262
1.6011811873404016	6.1997711130808835	1.0735742511097852
0.4737870755257058	5.592485401836664	1.3067743133448082
-0.09501802466106901	5.221549559612589	1.8222203876434766
-1.2020855038103226	4.641930975024483	1.8950420904288579
-0.5200796478818916	3.7544208863270216	1.668655257541672
-0.737331075115454	2.8548888879284764	1.6611847332673904
-0.9767222325805839	2.4476444883389217	1.3734482515817512
-1.0209579499886172	0.9120988896275151	1.299507022301179
-0.6936075552460154	0.14861634076434607	0.961200705321634
-0.33096999174165315	-0.2625690826646176	0.5849370069790545
-0.0770814159205567	-0.7550030704305987	0.6624271690313726
0.870445831075849	-1.116758972536527	0.35568792100113855
1.809767433642873	-1.8440750639955068	1.335633286648544
2.4596360268552373	-1.868635801124042	0.8486429926040899
1.7943654464347227	-2.148360805477129	1.7894043282552232
2.345855004330964	-2.8327051216225128	1.964817764271021
2.733460697885203	-2.7652082700847007	1.6830229715853036
4.445014667309123	-2.8713590720151894	1.5542281938860023
4.124677042721697	-2.583908234530179	1.3575085241390255
4.248042340381929	-3.327472236260487	1.306319514587335
5.383074016454661	-3.4050207034828457	0.7722791873736852
5.330813770087527	-4.318146952383674	-0.0029804911651371557
5.633195544867867	-4.071286043383148	0.3166532136220953
5.649089661682977	-3.85485754108909	-0.2821919044943261
7.19030791112834	-4.424700174049939	-1.0545581846088106
7.035624915246995	-4.62690188698262	-1.7365620434041737
7.049010686991732	-4.261685914538762	-1.092520740132314
7.894290371549961	-3.021103786504736	-1.6958070305741073
8.360893551909268	-2.6843639701334396	-1.0574937623716911
8.614917765923796	-2.709809789673883	-1.2559374418601872
8.716749590165751	-1.3381490950943098	-1.4952613864123303
8.499626774472615	-1.1380949771413118	-1.2219730998683906
9.81486484582259	-1.0415476247796536	-1.2878867553513342
10.268333961212965	-0.4803409363703854	-0.9100234986533432
10.398467361739979	-0.044184148750734176	-0.4180710767377371
9.493975688441344	0.7102269372809654	0.37457287527343053
9.410305014614583	2.154850054897286	-0.27070652223949726
9.844607348078467	2.4944465853176796	-0.22107121281876874
8.846119845512703	2.286265861013142	-0.061838997514117366
8.430820874754248	3.0556519040609675	0.4149529029961032
8.24435394687808	2.9118941907792593	-0.12592131317162691
7.290345734150066	2.811556209162093	-0.5191559187477985
7.364843368211952	3.9824269377027752	-1.7140345067941976
6.2364870341215015	3.1989430196617885	-0.9044805261201576
5.706861361819638	4.130967876185155	-2.4521477529486395
5.36955712065556	3.3358565027402522	-2.7179515996181425
4.535023620335786	4.2570645919300905	-2.6047210683579056
4.128674903967068	3.2061857289309184	-1.683730159007701
3.098571603363165	3.7191659739768563	-1.905434805812829
3.3976100983999524	4.228398442375956	-2.738024128457861
1.978791911204477	3.8760626150062385	-2.6946024929105343
1.8309942826789418	5.197994896235552	-2.5405519448831324
1.230907834614284	5.325249866980768	-2.5042467974316196
0.41513322664348656	5.135545357341291	-1.6493514393650441
0.5711937533125362	4.964482489853479	-1.1587448083152396
-0.7155734496183304	5.3304089765524525	-0.9584653325624076
-0.83289990255123	5.646114710890151	-0.4937678535541381
-1.861231122867843	4.861258049771727	0.17913927652920192
-2.605828377834126	5.454856647225565	-0.7791586718797616
-2.5585120560681274	4.827451027593733	-0.39121721750282845
-3.553470425565912	4.68814216973722	-0.45732245710885455
-3.3010456744547443	4.329848344941091	0.34111433665741275
-4.264358648430007	2.969100522100517	0.6608341532075613
-4.353482568192491	3.2729919854832943	0.2277782778246733
-3.826688269369083	1.81937581323114	0.10591775127917802
-3.860885010572134	1.3102640228188078	0.24992056794258893
-3.256434578998438	1.2824096370559914	1.0349878903535947
-3.6857488455302905	1.712398998109324	0.701968710931166
-3.457698032795501	0.5455858472128252	2.3591883052637526
-2.8570320494322807	0.7096589504556079	1.565626675707769
-1.7205431056983935	-0.00990102316867622	2.1768620622522064
-0.9808073947562872	-0.07999195200790388	3.000288949398206
-0.5168856423264305	-0.575680640282952	3.4087030800927547
-0.8886612809580985	-0.7154513465593743	3.427594060101465
0.3890944992183008	-0.3646660089299405	3.7336274073367424
1.2384974925258132	-0.491059817779734	2.9620738817098156
1.7038246107253436	-0.031092718331421576	3.383589326437881
2.518335890707367	-0.34531399415166986	3.2572695015434183
2.39726795866898	-0.2689762468458876	3.207977756131182
3.7024273651172344	0.48343228879045785	2.6853922269166626
3.94412285441705	0.22481000530393158	3.0754150293772824
4.913140994762593	-0.59870925315823	3.0252178524280686
4.385931695724761	-0.7657063536416293	2.448434115283718
5.845561106775573	-0.18920709723466622	2.659616795884059
5.782054526224974	-0.1474721800030946	2.578326287593256
5.739368840163833	-0.20062043440065602	2.0570367452743583
7.021630452560833	-0.8991405662034022	2.1254862807848593
6.40044096137305	-1.0563337599668916	2.7349597811561774
7.166914769296887	-1.7299174488605762	2.821408333196228
7.176699223923022	-2.168815796304417	3.0440565157372377
7.598093669311959	-2.454587913911822	2.615727071546412
6.918664991562171	-3.2206626577863924	1.9902982124345128
7.409274519408022	-3.5133533856811523	2.5348111371361215
7.61643331930989	-4.137322588064917	2.3454950190007455
6.215031121287708	-3.8406873361487865	2.1056756773025684
5.996469846396107	-4.120302859814862	2.7367876356109866
6.388615819316412	-4.8680113729531955	1.9727822362796923
6.048468167629822	-4.4996087321479	2.2789625322652856
4.639466453529748	-5.232443401890838	2.9589769888915622
4.227545864070754	-6.225850096993518	2.449303714823237
3.570093197525608	-5.891696288252099	2.043890311977183
2.7294494310799546	-6.818284637978584	1.5070173576174
2.4587362939490456	-6.791882621609561	2.0402015840663617
2.572800107528781	-7.20168618161576	1.2373543951945394
1.0814131887114127	-7.752948582394698	1.491629852345065
0.3840985367104734	-7.684504585559108	1.8509488118847335
0.07970800952160387	-6.523694265503055	0.7599563091834262
-0.4749537348242753	-5.935893722605272	0.2752695761331982
-0.45741056067200525	-6.392561228020091	-0.2249346031728638
-1.2111068486598302	-5.077280596109757	0.01764040540218964
-1.2573331088833188	-5.2689423870528005	0.13934539824803238
-1.1005991771188104	-5.476585840934793	0.18858840935615473
-2.6068977986038506	-4.510905586101327	0.6475905249690979
-2.5014304233222826	-3.8731342874525385	0.2758959323389744
-2.8124487895762966	-2.8126376558825443	0.020455112338470527
-3.0849743614701377	-1.6430505488117153	0.30742101919459
-1.9214479368792023	-1.455699114778941	-0.17923391471164418
-0.7686000061159515	-0.9679016886630908	-1.4475855906953106
-0.7515562417821224	-0.722047604660939	-1.2023498404190571
-1.2198129706892749	0.4327386570245796	-1.4956649152662496
-0.3919505339852034	1.146221520774343	-1.8088821106806576
-0.11035642932877798	1.0084222266832867	-1.5336374941154511
0.4736721536890043	1.807062658944528	-1.063522503216654
0.9615826226910562	1.759563693472928	-1.3187057694484619
1.6039523935221136	1.9381771397879413	-0.7205956542415027
2.3076127690285615	2.292458340512337	-0.6907524535980896
2.5059426695949876	2.1746246658161903	0.5455420842743943
2.667630197396683	3.720698026340624	0.8390347568577704
2.592230893493346	3.226414524621292	2.083057846294555
3.4267498960458855	3.7810840983956022	2.7268410516878667
4.068145705328284	3.782216915376324	2.477692734641524
4.344912336353796	4.344105859556123	3.000897306078029
5.0258154715660925	4.8572779148421095	2.8498233509714725
5.320196140044381	5.464680267516436	3.0193898846997524
6.069786233057851	6.0069793938167875	2.396244753159319
5.908855076352253	6.3644205334786	2.091867794222898
