4.3243502108482	-8.232695199701958	-1.3745102066977701
4.421461858018983	-7.448145208757645	-0.712589541240151
3.779101863743051	-5.87971338564745	-0.9088482291875337
2.9256835392374563	-3.952260877653859	-1.402662544428586
3.876651183857967	-2.8702963524976925	-1.7821070121203204
3.693876282045784	-1.31753969330554	-1.526328713361095
5.104491993728865	-0.5252059599432697	-1.5620582964290228
5.181675432739625	1.5215020815721818	-1.0235172241933492
5.441358076938511	2.2472705745942614	-0.49243751784787904
5.351108633377778	3.3912655613969966	-0.26743473231798626
4.04666346110965	4.923871539296977	0.8464091088358459
3.170412523753475	6.213434427962863	0.06690380174119616
1.3649594812705161	5.59595118305317	1.509588616326733
-1.4932000214316412	5.0865568395923395	1.649972594060459
-1.250593294758989	2.8968349439931784	1.1226492069334508
-0.5315686001256783	0.5743452338305257	0.892195984350317
0.1787816160801322	-0.34459646300017455	0.3714566268383341
1.6581089486633347	-1.2633014069352992	0.7617443050406684
2.314609384661155	-1.1390269090058431	0.7451061211199863
3.3091398104125744	-2.9478943758467713	2.0062086225546514
4.078696367953054	-3.1726913642826164	2.5625122405282292
4.215967719782236	-2.9941621526022786	1.3312299046562295
5.974290719869456	-4.1503462258657375	0.2058219108374703
6.638482078599685	-4.1166478529450234	-1.0115303392094008
7.389820962204357	-4.036983794350548	-1.7585169573614436
8.057007896405777	-3.0956886759229976	-1.7230987586243482
8.384906982394796	-2.597091500375752	-0.7535277730520233
9.238208381445036	-1.7559593871203742	-0.8063257362826359
9.434760235437532	-0.48520546158491235	-0.7098277278393585
9.95656462539654	1.4972377590951746	-0.2743032030207013
9.692856400611731	1.7932302632850312	0.3601997729912207
9.224209439747183	2.975442186677699	-0.5097462320767063
7.873813480126518	3.085601149422427	-0.10467648638595972
7.453042235200169	3.3648421766760026	-1.49242246449476
6.219499409467849	3.2925440696101713	-1.9629045721840535
3.800755621290242	3.159959189674638	-1.6694303565002757
2.6918616005958906	4.33900865383849	-2.9322801726712795
1.4626039708655456	4.5909841109462	-1.9772818361424287
0.8269110796966754	5.676888227507633	-1.8379614408657439
-1.0298600283127781	5.687968752934047	-1.1184187362272557
-1.337689970954655	5.203247827471037	-0.880347289575745
-2.332720796432527	4.915187241736357	-0.022633044765886567
-3.8495853022764437	3.4165476299140525	-0.3290668721309072
-4.310503520857526	3.40779267607843	-0.15336728249954334
-4.230580779820123	1.8452915749186116	0.1576112534650307
-3.2643453899822807	1.1323407353606676	1.274083484538048
-3.003286718844648	0.528813751233772	2.615780089308012
-1.066847866431004	-0.03666700906868359	2.4869458913591287
-0.4613859918069433	-1.0141195549865443	3.9027434443046998
0.6782988549702027	0.015135699338797992	2.9952022023200837
1.7956094419301725	0.6735259910865519	2.86370657891466
3.90180173877296	0.03562374001347979	3.156736808600997
4.903066700313663	-0.6563301111157378	2.39789123494209
4.871205583481323	-0.8073014386250019	3.569823344175833
6.474212868884078	-0.3222391096927004	1.9131985510534104
6.15190200154659	-1.1987857767386183	2.8245172978171293
7.755392986166558	-1.784773073413142	1.9434724278766233
8.012862954233869	-3.4747163408103403	2.4944740758952917
6.669934934551402	-3.208251047253842	2.9901618300107944
6.277721986188821	-4.188829867429369	2.930205097736709
5.284123205709107	-4.7922804458643355	2.2773377424011776
4.10554990755337	-5.282733781395599	1.9088005116402074
2.9414564591981764	-6.582159618841837	1.9691266609358662
1.6234191473642579	-7.261325298792021	1.7467058673569666
0.49855823005069844	-6.2937427781074256	0.4812109186842509
-0.22151922961392523	-7.257810657724797	0.4657425834645714
-0.21921780965694326	-6.1754985399945115	0.03714985394610226
-2.0310611840053303	-5.647978203784318	0.6565333595168263
-1.8337863868586206	-3.7832924828204453	0.13636270145019852
-2.914396272830651	-1.9222866276985564	0.5344213124229817
-1.1587866536362827	-1.155606807646561	-1.2245293908186772
-1.296309285565079	0.7269978084840986	-1.7853803291867385
-0.0260351542596986	1.2807612902873617	-1.347173722995527
0.5499870967103211	1.5240664139011837	-1.0840193305033505
1.7442128964529462	3.064794301233966	-0.044895046139355244
2.5056538380508093	2.9119070745066846	1.8078940100465284
3.209425261739494	3.7792032139903418	2.7438995129444557
4.130695035581383	4.41168672863379	3.074756587471363
5.478730204565821	5.609564674649958	2.903649057440672
5.4763912035090545	6.980783546762265	1.657702849246684
