4.846772079851577	-7.334828997120043	-0.9489602185190105
4.080888688011278	-6.306305600204396	-1.284076093162209
3.174404793305533	-5.51945585202044	-0.6778097790972868
3.071960589815367	-4.829773267505207	-1.0460191568579744
2.8504106711040755	-3.4941209257840073	-1.5312828188537866
4.033291371407411	-1.9331954043672994	-1.6360810995697115
4.387358873079484	0.141704030052219	-1.2926941932212375
4.38329370142813	0.22487209581997164	-0.5491061602919951
4.606846384849577	1.6034321519570205	-0.5767676474289688
5.32616346075523	3.3104256475847462	-0.17942350251562272
4.542184466432781	4.314794042043923	-0.25879039812577587
3.197097876843066	5.216247984251703	1.0731615581415377
1.7243086283928768	4.999422053296953	0.5017158791060488
0.9595132275967114	4.151144715075185	1.1072055099766234
-0.11375245571853898	2.8529412163850547	1.8623829868309216
0.029155057303263288	1.9538574596065375	1.01752286375381
0.5009572271820129	0.7982644595504582	0.4829710347428886
1.5008449518053353	-0.881142561057046	1.3435552225463432
2.3499750869015843	-1.8477817506417284	1.2028314197475019
3.1598420770165907	-2.8479182302041703	1.8729107237763314
3.9168267175927545	-2.5740318690512267	1.9125684136210348
4.842713798198212	-3.6290661188893916	2.034789985276273
5.849680429029201	-4.390524940861512	-0.07354031801325878
5.487851614576838	-4.6118319229805715	0.010947941486995294
6.579835390504505	-4.1981156880689445	-1.2371420021884667
8.023382972097002	-3.568225218489502	-1.4275624279114831
7.941318091863018	-2.1032969414907017	-1.4718218359536843
8.737446597453916	-0.7186994644105797	-1.0413439680792982
10.007108811545692	-0.39265278690601685	-0.7039847433627429
9.526720273209866	0.591665955886515	-0.5096110065280783
9.439360638833467	2.1425219622680247	-0.33042216670569213
8.730088786363043	3.459798099398986	-0.38229882912427465
7.474465411076988	3.8188347159009437	-0.32046071949240695
6.772832812361335	3.596279690403434	-2.078564671353181
5.168221779948892	2.9161778624809584	-1.6108609412699098
4.017309655886159	3.250946078798674	-2.790042305931591
3.1516191123718396	4.288622965752822	-2.231724724898836
1.9935798435339882	4.045982151490344	-2.3051038986409496
0.21341022438292484	5.076324037962079	-1.319695175626694
-0.63683882618339	5.090764680242395	-0.445704943738914
-1.3873800513053676	5.484250724310966	-1.002119528771567
-3.2206478386096147	4.355795637490551	-0.6239872701193887
-3.631080885474962	3.8016900284303015	-0.5383584086490882
-3.2819996231314974	2.57787737444762	0.00879293590844421
-3.6040494386021793	1.2314696132831529	0.4709781246111105
-2.901506503983885	0.8031539952649319	0.6987492839847408
-2.8120244875834572	0.347595922509966	1.6368167604600439
-0.8936061228141781	0.2674556538478099	2.2874524661210653
-0.6312831775756663	-0.21217156996238	3.178747953114844
1.0912131953845121	0.11137972519703206	4.032829523016057
3.1049365592946625	0.3512822164138571	3.0902168958386964
3.727499174672276	0.7001624499239204	3.463904063736541
5.235542688785223	0.3976757965975721	2.519118731642063
6.436278076814189	0.6497494792189776	2.834481906322005
7.013528425307297	-0.41478577512490056	1.797032304301582
7.607457500296278	-0.7081479198137033	2.0111356239980958
7.642072083581028	-2.53179151319092	2.888423836840066
8.482052492322786	-3.1801871976240452	1.8970452435101346
7.800179384074152	-5.009857651109243	2.641527228536898
6.952593607378175	-5.624361557682048	2.3348127823073668
5.85330367837934	-5.764762004197355	2.323064054658459
4.599732408814079	-6.7092824048722886	1.998573964220578
3.7200426771888027	-6.831262701395306	1.7676136971721623
2.4496924670124063	-6.648068254600785	1.2325072333426415
1.3596670606667232	-7.232304372822365	1.236322646395871
-0.4992740674252535	-6.640660325536343	1.1533579404224934
-1.119375547924147	-5.639390620849144	0.1961305333958654
-1.012686484240735	-5.0970271035339145	0.22551461113279786
-1.495227684079354	-3.0623139904927994	0.40004126895100095
-1.0105295914324375	-2.4852311307283705	-0.018412542519328667
-1.7516035817864337	-0.4998537361794477	-0.8141368752488648
-0.8766125976481255	-0.3534264491413041	-1.0330047303810581
0.6011192989581056	0.878313835135496	-1.6262865452966506
0.7041166730141731	1.5272820134669833	-1.3647264327592317
1.5472358920902738	2.509065157641878	0.12343357213783535
2.2845940567291656	3.7017901897260637	0.991594593848516
3.9759953847050467	3.483835946846643	2.0216473950161036
4.609072334538276	4.423698272192319	2.205075133344694
5.045847860623875	6.0702760432035126	2.777901938171394
5.669443016494106	6.695432344927061	2.0005359472310844
