4.302079889768213	-7.768473168809699	-1.056115401551978
4.3812361153911334	-7.262269621782851	-0.5517387181391966
4.231677234421803	-7.112177292610373	-0.9391890287484217
3.74582481959679	-7.299057869837268	-0.4679597484210092
3.595517848231214	-6.027932443699404	-1.6678856834815408
3.9206300731440598	-5.980028401439419	-1.7051723347950314
3.666390714015523	-6.057026764285693	-1.807159449275015
2.643542794103932	-5.043075118509914	-1.6245917796407523
3.747787822354296	-5.151800752747106	-1.1817210564826046
3.4819907388292757	-4.686052879289552	-1.9498601479607995
2.685877692261869	-3.572707392388497	-1.4477150089194524
3.6549097858012756	-4.099002121689895	-1.681298408281674
2.7990349867913524	-2.8855449467669025	-1.7559498283575354
3.739530278125377	-2.284657891960108	-1.5109975782630898
3.563092130931212	-2.766519376767033	-0.594244453521575
3.590917159439293	-2.253490202638665	-1.019374490815335
3.915166718098133	-1.165675006905702	-1.6286051787572364
4.341665087602055	-0.9655403510236935	-0.6790104188445469
4.33252588819951	-1.0695072668174463	-0.34614696518692867
5.170024149090043	-0.5107100658019788	-0.7494066324955324
4.286037079546776	0.6881813946116614	-1.0832298452684952
4.758532103212469	0.8628306279782478	-0.5753062609623929
5.181023106187025	0.9286743922486143	0.12257070549673454
4.504965044851275	1.5448823579622486	0.49531242401728615
5.80941081544495	1.8415064889609105	-0.5214401420867332
5.438893564244866	2.695352061051662	0.08009850643413718
4.96112547457683	3.1189357156378232	-0.4602904878603718
4.797291691669636	4.296054499766137	-0.20516117253696065
4.898157612926897	3.6412477367153437	0.12879644036655918
4.086140488483319	4.2353161603537695	0.9785359873405275
4.454190970021099	5.183561635367809	0.17779108117444448
4.169824566364001	4.62389631191355	0.13070223604291892
4.19846443898914	5.150700680688998	-0.14376244584697706
3.542305330323858	5.536184855544514	-0.009619336735080072
2.6721264849953323	5.544164730451406	0.23029140454762737
2.2833139742161883	5.879375240518661	0.695649851318644
1.3356616281373008	5.0276265039721455	0.5309477203173802
0.9879244354050585	5.734760183093908	1.1379949159208018
1.2775998417977927	5.380264032964321	0.9575784584220817
0.20813496162487358	4.902845360874851	0.8904062412215219
0.9714142298170142	4.361740900265249	1.3148758177113824
0.5769325457844838	3.9656288653534357	0.9239315646148039
0.3400565992340931	2.59150801838874	1.1433726624309304
0.37478878486176803	2.2322054307494863	1.6864319461979669
0.7803178062144199	2.5057174506546893	0.9797325022452649
0.07720689340520731	1.6587860523082196	1.0591103610452581
0.16395159304978563	1.1531098331545222	1.5565215199177174
0.4072713393313568	0.7571476138424451	0.8454786359706717
0.5450110985058692	0.4210524368578735	0.9286715727172133
1.0868441422393205	-0.1674719739597476	0.374909917941796
1.1331833269243943	-0.14131753375979839	0.6114148917763707
2.117698838192787	-0.9696809032915512	0.2826994531745918
1.8479158754174831	-1.3932880617774308	0.5130390586553822
2.204755215021369	-1.8959119608110553	0.5000144303331144
1.5763934772555799	-1.3058237252485292	1.3467498828236586
2.917004223398166	-2.311550612142144	1.3982495822351835
1.9393148549676094	-2.3580397390856485	1.8689559962141744
3.4569949144180456	-2.667552653803691	1.5598718711005297
3.0199316331787056	-2.5677978593541475	2.24803842618185
2.915439783098624	-2.990345552357512	1.8672190803659587
3.772366837834354	-2.4031480220912433	1.6559646287577536
4.018166483462299	-3.340805639450846	1.9394225829655003
4.553483679984686	-3.4002260136379423	1.6701889859210128
4.015115412861623	-3.403370901025288	1.4862148350923925
4.257005836636692	-2.9478133958710737	0.5949264938855324
4.6734446054967185	-3.1330721441869045	0.6059644774261356
5.117301781168461	-4.254079769549906	1.1522942318917062
4.9823763792213605	-4.344127789809896	0.49824916399446034
6.042054230954647	-4.335248572159369	-0.6396548797610216
5.7638955932500195	-4.647433092182374	-0.47912394143158243
6.559280142896752	-4.3904520129326805	-0.42781517987886675
6.11870834417142	-4.3085155820101555	-0.6569643726345146
7.133183457845337	-4.465512749946717	-0.836519344395867
6.781713427558482	-4.164610164552623	-0.4581329429489438
7.329211939621496	-4.149926124153868	-1.8926549051010428
7.429425311865434	-3.8393852900985395	-0.8620909584302563
7.750409627784692	-3.495587453566244	-1.496995553704569
8.238475983761914	-3.061894924601907	-0.863177457124491
8.998766619348364	-2.3006642251557046	-1.4786552762198482
8.345480640693951	-1.153440049024307	-1.3622189483373601
8.905635072391803	-1.6873643592772554	-1.1049963687309512
9.175565099663663	-1.1225491392654237	-0.9581761973806215
9.323809581037787	-0.9386067372113518	-0.8032757405028528
9.353933190282607	-0.42915626851866884	-0.4077117648819111
9.462216738344697	-0.009542338119077454	-0.27137030815092233
9.512416612597068	-0.1429421427349869	0.20077136555470287
9.177215224229228	0.7405876474768023	-0.6623705742214492
9.701232532981837	0.47063477503543294	0.4138426040995993
9.634842696439215	1.2026168240684971	0.8283831810916509
10.233965140672652	1.667581609522944	-0.2343223897839043
9.438378255909194	1.9133040598307285	0.6332770470186115
8.86783256788568	2.6601374057524074	-0.36432420659675213
8.557152402570882	2.2805927158665926	-0.20850257413582096
8.453089628519614	2.5934110036109645	-0.16087974470618022
8.559047099511796	2.6254693387753307	-0.16877530008886898
8.176407008884834	2.7319092471880593	-0.651173435099476
7.944024276436538	2.8520419852404117	-0.5244760755331515
7.759564606794631	3.089929273249428	-1.399933825346847
7.665058929522906	3.2636245715656758	-1.662274916496745
6.429940008195708	3.9901511872158624	-1.69085401441514
6.226446700363977	3.4376033897583014	-1.4907226577856494
5.675360702539828	3.1480749994983124	-2.3313963223812237
6.047865341528297	3.15763939914216	-2.4013150176173603
5.589630617665494	3.9405464589211046	-2.8488034468186303
4.563468585640366	4.219732507094097	-2.364977795651889
5.054719584940114	3.1756828629514566	-2.766819648778822
4.233093224985389	3.4006624296982055	-2.0533208991357563
4.095774543303364	3.4568961003343404	-2.603882197143398
2.5547066303882087	3.5658481505970006	-2.3989226946837374
2.750899805213984	4.223617647951754	-2.1214762317799143
2.4797822097112414	4.3868367483711665	-2.628449326113867
1.5303751176754643	4.1421964042040775	-1.8911962081585698
1.3381197289552003	4.520902337245143	-2.270456157671032
0.7454939724273695	5.327967040875059	-1.5365568604582478
0.22544961201625824	5.7193425430357685	-2.000762389191851
-0.22346244482928207	4.791488770184473	-0.7056157624527959
-0.11509347486061883	5.937842508189426	-1.8952736334787519
-0.8602393512021046	5.653405461787048	-0.8631167624764529
-1.4414608212058335	6.072127099864116	-1.3147586130387332
-1.714591513507524	4.993001858084449	-0.5293496598564291
-2.1226023216572036	5.407848825262056	-0.3141030731958101
-1.2944651283272004	5.157265942265432	-0.20962483508672713
-1.7478863252398962	5.029595790997803	0.05755153496121079
-3.116927901944938	4.956976844127965	-0.14788292306360118
-3.0393596874171105	4.808829299910959	-0.36545568319053195
-3.518714416767442	4.993909084049974	-0.008148124027476888
-3.547256809499642	4.1796770917282995	-0.3045862094395987
-3.0017804190840245	3.441321626463182	-0.279241014704824
-4.375638573629976	4.008117742345378	-0.2726131854497234
-4.086198718979157	2.726478383815669	-0.3061445129443297
-4.061167883914806	3.0772897192106274	-0.340152229247312
-4.2532776769428615	1.622661082027329	0.7691425174498476
-4.052423540476755	1.5559937652872748	0.04938299901490456
-3.675970192612595	1.2193037164099632	0.03486217722955962
-2.750161958796819	0.8814046918219439	0.33014797462592405
-3.195583424057816	1.1187354063785835	1.3433439176584554
-3.07444179905235	0.40175123320746176	1.0708798325347997
-2.800505184586104	0.09204716380467447	1.966091358627821
-1.7052929054689823	0.4286679314774354	1.6469678137687194
-2.012536716171933	0.00433349976163841	1.831728538862687
-2.241755848572236	1.0342620420322985	1.970473849228882
-1.1581482417950832	0.794095765566795	2.6003260338388356
-0.2479140717538777	0.15522125537244996	2.484175183632629
-0.9366407046167968	0.46572871329818033	3.59859785698399
0.1929468004452244	0.1683226800103429	2.7617545646133035
-0.3280938517578682	0.40118560325411323	3.9074832712646845
0.4792715204018242	0.8806492979440299	2.965758012063272
0.8224251381799159	-0.01331655758792559	2.859237681715922
1.396166819649663	0.3932504687245313	3.5911112608040416
1.5459659424518588	0.22760617694429236	4.110511173095359
1.8772110763219596	1.350192235201067	2.770414132274262
2.259640882511233	0.40151055784109724	2.826733181874964
2.9334766687215623	0.14132620045203387	2.499431877859009
4.060342936026608	0.5265542827432959	2.619419532829361
4.055318287728511	0.44885081795034665	3.53696810013991
5.0908929879320794	0.9322539216282433	2.462418218721187
4.408359157943367	1.0042388138084073	3.3683647081289436
4.809515677514118	0.5426030582696082	2.4610401549099072
5.2378150768510565	0.9731959594945343	3.004413987891756
6.018193205487195	0.7374981495236198	3.155392199427814
6.350685736900024	0.8348713820884959	2.2901664510049593
6.377795775912592	-0.2533596603764233	2.447904822154019
6.448185749052819	0.5254990340423725	1.8999796912788565
7.013674188795586	-0.4330150346176804	2.428547498510319
7.215783715367309	0.05595196352692855	1.7223902191986022
6.944330096201779	-1.3689292814424592	2.8170632794737296
7.422174415163225	-1.8918376336532228	2.184905445663357
7.46255044521489	-1.131317956053435	1.6042913157990197
7.808121077937134	-2.1414222452124605	2.3484969571902017
8.051126680426135	-2.623778329405372	2.5409638640068186
7.580644781224233	-3.1281508442347916	1.7359530617698473
8.20647864037827	-3.6116213903270014	1.9960095708208785
8.509546279736606	-3.963017387264592	2.587716925558035
8.06132174967368	-4.4270302373592045	1.9044843239162563
7.765895856037815	-4.808804584605115	2.7266969177446363
7.197127075531412	-4.857847532763004	2.0912238218993617
6.788523615047541	-5.158487003987184	2.9002876894392444
7.131535313442126	-5.19285825235807	2.5825727521067208
6.628653189489299	-5.860459617531952	2.900424435279313
6.562387476562139	-6.238976847295524	2.894959373611818
6.121852032229642	-6.336606575269423	2.5162714628937546
5.635731560067116	-6.724688210296206	2.6981877557269636
5.555406295474448	-6.470879840507541	2.42254274430314
4.857300229274028	-6.582325968800422	2.6768403638237164
3.7656156723747936	-7.217894499029599	2.566112699493917
3.211671502714809	-7.071890058683037	1.8377085602154541
3.4883227676901183	-6.463429521862024	1.5870976124813834
3.1456077863135716	-6.8495380056650195	1.6879455296046137
2.751935683351137	-7.219052482148183	1.3469293542301204
2.3978560054804685	-7.003455810733644	1.1683902376229032
2.2003743882547266	-6.869309178551679	0.9814624528293268
1.64689182899628	-7.002239344455412	1.287218637846272
1.1891896843305738	-7.446966755281208	0.4705129985796865
0.35149617287382656	-6.678663629963294	1.109204633319793
0.40278932490788955	-7.207060620475707	1.0574045543255064
-0.4663640905245515	-6.424399849614364	0.09273015629178238
0.13889335269753156	-6.667945707708596	0.26566028999746955
-1.1868015920733639	-5.4712221462031385	-0.09563390030883384
-0.624149824173344	-6.206181117810669	0.5953394872782126
-0.5872702254517417	-5.713407234684431	-0.21458267806464426
-1.5027800559275384	-5.1235777500809405	-0.33164558177430603
-1.1130099480977962	-4.770476992608535	0.5922835283738361
-1.5966741861905078	-4.165509931078805	0.4942817683879391
-1.1114823455213483	-3.847428461961807	-0.3771657008528718
-1.8814221906702582	-3.0163057361267045	0.5153445104267773
-1.440375905265381	-2.899195994598374	-0.5680960466853104
-1.4419235147577867	-2.2863010016547785	0.04613174060416392
-1.8505844799324207	-1.729900269794543	-0.8630649337542233
-2.0933160100894845	-1.3036730361078441	-1.0646082814819051
-1.7525538444059747	-0.8648011693056663	-0.6911280240847506
-1.399456455270419	-1.0219274455200806	-1.177808737756513
-1.1303061538838526	-1.1452909491690069	-0.4473908812622256
-1.208577485481221	-0.5223998301910212	-1.7488660948215622
-1.1159059436971601	0.5194882586264514	-1.7483111447349677
-0.7911216567812929	0.0918474819730524	-1.1413520042176901
-0.9117164089351799	0.45154048833155636	-2.025074024561637
0.6622100175389378	1.1003064050639326	-2.0429283860666283
-0.15056149914239225	1.6277656844903012	-1.9032501609687575
0.29025769567363974	2.152783197537439	-1.584089453171801
0.48359929790805006	2.2911943550317675	-1.1592700978272894
0.959182331423494	2.4046720269620168	-1.0482833068703155
2.056193867590985	1.8443195040556537	-0.31743172249476037
2.714003560055659	2.027650808001127	-0.5843905879774047
1.6500247631524758	3.1214091135824096	0.36031384591629834
1.9620197934625638	2.5489605075957	1.2739182274428886
2.8733943780626148	3.0243664887829795	0.6552615796448282
3.050262155456311	2.9252719333796824	1.8745925734591329
2.569136823817412	3.5140007866940275	2.6077382003370015
3.878911204447795	4.1029900494694775	1.6714540741492607
3.7298119491573183	4.126391213917788	2.8014513971779214
3.4573619018391986	4.1938832847194325	2.8588734297398513
3.845834242091426	4.177596357881779	2.9865269315820164
4.127550300486615	5.844785211993191	2.752424282490771
4.9463334270514006	5.171487878488672	2.980917486626854
4.678973788720304	6.194849642241634	2.701476057427093
