4.074735847205457	-7.16475375869252	-0.7880070084064231
3.8173640602374967	-7.5128241869115815	-1.3645497162149833
4.115918427469866	-7.74582777497236	-0.6567642269693253
3.714926598217703	-7.040128725851706	-1.5089982105939623
3.270294623985404	-6.768023629607671	-1.4777164673716825
2.93867585383441	-5.91941468304473	-0.842077887819217
3.3440096249442837	-5.7881147445791	-1.787790762249371
3.1437181426166747	-4.976650057013957	-1.443189831774886
2.8700981866815107	-4.743174516060137	-1.2562243909572297
2.888224614661838	-4.142281832787433	-1.0691839513161994
3.5843077287313143	-4.436652080893305	-1.7588264054913019
2.680311961894694	-3.4273819351469985	-1.5789892315610339
3.3970101896033964	-2.6412282055255734	-1.9916011391012702
4.040175958099189	-2.7390877368379694	-1.850255143327162
3.3940237746583106	-2.4427296679579653	-0.6894171804271652
3.6108280040188596	-2.176601894498387	-1.8358155991415956
3.785543414980697	-1.5393931177149403	-1.7664457870326555
4.110105226846666	-0.7382907439631106	-0.6369507942688266
3.8299405836940306	-0.7142364847824345	-1.527175280181782
4.652895868944657	-0.19675278921569883	-1.3948840603022623
4.507669551020272	0.961221209555849	-0.33685266776162437
4.768172830153467	1.9570610285956578	-0.2451473915095057
4.969788049956803	1.8286746833728282	0.1980856711772938
6.065965980901316	2.056407654200982	-0.6414036541065693
5.424199360790922	2.4626349908192475	0.05583211362561391
5.2602687372065375	3.1128241595352435	-0.021931066941678456
4.868479653464262	2.8279830081281836	0.06815292306870158
5.177194349778533	4.06928435372223	0.16981953241447445
5.40142332053166	3.9369630293685445	0.28560620562738337
4.896208978321135	4.471899601960077	-0.01752085129666714
4.270224570940443	5.071187461041686	0.0735244649119774
3.456152555546817	5.658086112463463	0.3268653333801115
3.108742253236236	5.026506523560244	0.16735450612226183
3.44395895188975	5.219914907577517	0.1740043199242618
2.521217542820967	5.351428002614037	0.5271860267041574
2.094253733191112	6.002725977767797	0.7112568959693344
0.8800973530067728	6.435934679487749	1.1443857618800897
0.43234988143273645	4.758746337405981	1.727111575940353
-0.7938264265040649	4.551064725684646	2.230226080421286
-0.8930008748980655	4.0893302066469985	1.815381408198122
-0.9063674022913677	3.168852041718701	1.4386123720325594
-1.335259047123266	3.541330564253575	1.4381739136711011
-0.24921590904601576	2.1603226426272544	1.9374048110201938
-0.9610911842232641	2.8146256278864925	1.0348294124941981
-0.5235356289317736	0.976738426909645	0.9188915347024325
-0.5247332467935106	1.4345806768905902	0.7683909152522497
-0.1545919456836311	0.5866181817537546	0.9559366400169205
0.0391756024173151	0.4453718613874062	0.8807493095488246
0.016823010720700582	0.4757767945221745	0.7481211926397975
0.038365656550003346	0.00681570213739735	0.38650568224139803
0.08063478710817525	-0.977330335133947	0.9508485002452243
0.6654358498261914	-0.6893042469093579	0.5673447390742253
1.1687741763264292	-0.973356222992169	0.9664701002138192
2.3804040029443083	-1.471948231141679	0.5353196136326757
2.7535760360274075	-1.9427735388507212	0.9767918968504857
1.8925531342116328	-1.7369896685131432	1.5674162637556297
2.4698780132854417	-2.6142810853386362	1.1276859696710535
3.4849651548414036	-2.5426058634000137	1.7240794929198495
3.2467319391670895	-2.196432374208053	2.296340620008372
3.5248621570120964	-3.271896002674751	2.0842038133367615
3.9538762786370096	-3.1415054938845155	2.129005545318837
3.7422855931187216	-3.27951588886297	1.5746885111487772
3.764620456510151	-2.550196638162802	1.6393129869834768
4.5212355469626235	-3.772229298473344	2.1003520504601925
5.341912872703123	-3.211818955008062	0.7415861371961541
5.249815579795812	-3.468161633261495	0.9738691608532294
5.7074475841917724	-4.1782929716415325	0.8921111677552701
4.912027848260186	-3.669274075222777	0.11652489355402013
5.43621885869438	-4.6680147026364835	-0.07004184771915722
5.938775649838263	-4.165813301959334	-0.4859031813995639
6.843984871090813	-4.305764045329633	-1.0924073630272275
6.52018684422564	-4.20103846287342	-1.2033018211580773
6.833466964940387	-4.491239990385002	-0.5761992193958714
7.0124818892899485	-3.536982710367979	-1.5659379917145044
7.014767058299253	-3.3894478592618213	-1.1600563455640898
8.370189661343382	-3.2473303856420346	-1.4112859786559317
7.673679938905633	-3.503696610806292	-1.2051118513110695
8.315064664296981	-2.6783807752767888	-0.8922942442196371
8.623480211605106	-2.2572748453287463	-1.8820848446724339
8.381545916300453	-1.8237453636663306	-0.8883846520760024
9.572235046292523	-1.8271341125713187	-1.5630509208439916
8.522309859936403	-0.9062926297290141	-0.8621319855799071
9.283643246347465	-1.1413626384193973	-0.4742812365754149
9.625617738201667	-0.20935157268904225	-0.949691110994761
9.965598723368586	0.13412316117838297	-0.5367064974351304
10.095928431846056	-0.278656689128496	-0.40755434933408013
9.828998207909606	-0.10005131227756571	0.5039717610521215
10.573687142797139	0.43236544203311994	-0.20080594191849915
9.488819204757592	1.6479411679354636	-0.14450252838318772
9.323308446853586	1.6985850981599135	0.8276781413674663
9.313171084714801	1.684632254375709	0.09449763217068224
9.192780409404852	1.8232933329301795	0.511775333334154
8.881677574562111	2.1812256157985055	-0.044123546691270554
8.36647223850676	2.9130533840171884	0.05114413795154116
8.512387343813174	2.6927576090063865	-0.8066982642639073
8.066218809029342	2.7813014484419445	-0.14500090037481694
7.38491024686757	2.9444177104851805	-0.6932949251013217
7.643068614325891	3.3505198891379697	-1.3327174004809743
7.645784453556346	3.229191560207154	-1.7203057458633964
7.220740758720554	3.1581504840178023	-2.104225436293019
6.104513506716485	3.849772913976188	-1.9183401602159387
6.805827666510314	3.335945835536016	-2.2935965724496423
5.309202492342174	4.201762946752579	-2.2994630065799537
5.371191014797738	3.407396210032649	-1.9128119723401409
5.01011147532658	3.1406989642250274	-1.8385540844769177
3.721055201497861	3.7359080178831183	-1.7548884028019087
3.421837908680098	3.654307280211384	-1.7255533473063887
3.349278810747947	4.0180905705123955	-2.968327840350586
3.363515571935854	3.508595003679907	-2.1702692304886626
2.870821028150563	3.813554447741206	-1.6702902257358925
2.2930771357267674	5.10148338232346	-2.7644774094668243
1.4719259451083524	4.895175328098275	-2.1128796949724555
2.0453958184255265	4.329715609465299	-2.194026097232121
1.6428216148607802	4.703540327034111	-1.9450868980843352
0.7675494396091265	5.063854499988891	-1.1295971884825868
0.1656594829242583	6.0125990095757995	-1.6771016762523545
-0.4767249923325338	4.89882854954455	-0.7370871010514339
-0.25694272353106384	6.03924771093931	-1.6825388676084787
-0.41774605660868525	5.841277546388186	-1.428581038682205
-0.9010380418288062	5.787077727592527	-0.9676898204219526
-1.6419293709348575	5.490062365113649	-0.8261351765908147
-1.3915724292315588	4.889220787210939	-0.7918968613869473
-2.5535661556486784	5.426665221832562	-0.7284295878430078
-3.0015236603189814	4.378197287318134	0.19377099081422666
-3.344818727463057	5.102867663317826	0.0002368688780028938
-2.8437816573447856	4.0585945112486534	0.38571868954923827
-3.5419110123726285	4.017092126939934	0.3059110522335128
-4.039023069472795	4.064863785085315	0.24612163480442706
-4.230529106534256	2.6889981281086355	0.5642445899115934
-3.599965396209312	3.0393090813799892	0.01768068879659801
-4.406578370623681	1.948520393718224	0.30849211715136643
-4.405914174006969	1.973972461536862	0.18007919147735246
-3.44248948942968	1.8711145011697075	0.057680446478426295
-4.301095793619663	1.4315066459844479	0.7585613436993249
-3.8061295529981862	1.8694527474333555	0.8138493338558089
-3.4056410936409645	1.1903251578641383	1.2468969268407517
-3.2813972272895486	1.2812170934728242	0.9528782628391945
-2.511572903727208	0.27151253146697124	1.3864576540512057
-2.219061869475332	0.38186058056599753	1.8455938264591982
-1.9950351845164276	0.179485262985121	2.84642271123942
-0.9873994251986546	-0.13819380806451717	2.1344874651697827
-1.9625136560696397	0.6594057751223343	2.2428846989812756
-1.5607006946372235	0.12001841634417987	2.8997866360888525
-0.8613801043981701	-0.14360337389005007	3.2573960308717003
-0.14843926084953063	-1.082855678084898	2.858035744374882
-0.05125658824607815	-0.7445934166740845	3.518339240604744
-0.032915566258771345	-0.8578046550764649	4.242455912413401
0.44690174384824244	0.10840252320428312	3.008835904833841
1.4144496375245157	0.3909005394641427	2.8683060658717343
1.7272355667205486	0.6833620069341025	3.051728066634226
1.8904885050162752	0.8717832048867535	2.7844912914631346
2.960104917067987	-0.26886276869431264	3.3170201006660434
2.7273257952249814	-0.33728653390017366	2.8575290101444377
3.0055992902984623	0.19380690351661445	3.023863103409134
4.215926722755025	0.41522227341012174	2.3914986644186067
4.511557078722239	-0.25419088953107055	2.845408524109481
4.712468585491668	-0.2701925812105065	2.7976001380610054
4.626644309591161	-0.5488430187648136	3.0563542958154497
4.6787516122280115	0.39324395377245935	2.3087136115659606
5.206306026581727	-0.9059577232119082	3.3350924741894525
6.082008823155673	-0.5249060434606402	2.0562611295729916
6.226136123554742	-0.8738032487774039	2.8646923210337603
6.254447320172282	-0.7690049108399628	1.8791334685500116
5.998427954199455	-0.9286735062576995	2.6863495567237954
5.978276414276017	-0.19888871855540158	1.8704593006800478
6.0850020144792	-1.2388903557568067	2.1774373231613033
6.86840133380757	-1.2984575932459332	2.613388918798716
7.506576776498562	-1.7503758231889868	1.941373273586488
7.583061901289724	-1.7014283278706384	2.4729410053957857
7.7488943970049675	-2.7841104940685644	2.425897222046421
7.003227576726173	-3.121407488304274	2.41043204135903
6.883309471185292	-2.321217628031323	2.0700111282244933
7.239740587705884	-3.051800622446567	1.9928887795169397
7.10208660903941	-3.1961122532645883	2.9082349346893714
6.8028764523052585	-2.749497373841016	2.0983410280291714
6.712466871666973	-4.046935914759009	2.1860474214015153
7.360989368251852	-4.585037565793044	2.3954908314870065
6.214510393375841	-3.6098431669805304	2.3686234145546776
6.414040758298599	-4.868190041128032	2.9627467590988923
6.152362219763685	-4.262709599056917	2.0859159747701272
5.681076705552171	-5.5288135994735725	2.092745835444363
5.455056859880702	-5.832461889993069	2.3039053517553576
4.493369765724652	-5.489582798654577	2.7857399237009868
4.404096269120748	-5.768789750616843	2.4367504355079714
4.223103846540628	-5.787668357337758	1.7567669839954385
3.1792675110068815	-7.19289079812402	1.5943581022177507
3.8334148529293643	-7.392867024120332	2.1676181289195102
2.4662916939828157	-7.252991738439382	1.951776833560663
2.4665212624045494	-6.698546215995932	1.9934335346666736
1.54563437060088	-6.960892255815148	1.8232978592730258
1.1219752366552735	-6.778704593823557	1.1207534606146532
0.9843899305702517	-7.217917871201154	1.3884651783611779
0.4072007959447728	-6.7552273122032	1.103494995553305
0.07483451539650376	-6.415089962240192	0.6612461347698957
0.7000290451507918	-6.4983500568972	0.27359312113883816
-0.6645194459137742	-7.149949600903162	1.305848168750408
-0.8989867255728736	-6.552927663322529	0.38264483934705523
-0.7842712863660712	-5.346866748193413	-0.26890909297868615
-0.3290629067047739	-5.751836609688733	0.18683767872927481
-1.5454015014387585	-5.396145084635087	0.2067052452049779
-2.0281430950543657	-5.631675403439787	1.0677003228212913
-1.7605050590796427	-5.278309290717695	0.8318446423353008
-1.4614885931624317	-5.324888140748708	0.2904220199068275
-2.082269426788409	-4.886684503514535	0.23623911821810395
-2.473825739754272	-3.7809221179210843	0.4898598188391727
-2.2075842332845577	-3.478560795453265	0.6747049616585445
-2.1688799218120645	-2.959446092913045	-0.29661132384651173
-1.830404582364915	-2.509233350813499	-0.37033332301930494
-2.6529493402638127	-1.4851793820704207	-0.2518967718675712
-1.8990304929021282	-0.9947215307482098	-0.7438039228541037
-0.8018710570096399	-1.46050844053438	-1.0755356729121868
-1.4311619563995666	-0.9860421299795434	-1.454784707660671
-1.5812607652289206	0.08359400418630647	-1.1935023212736227
-0.3386343467761568	0.056859128716393204	-1.8540134060635034
-0.5130725472821929	0.4523732181938337	-1.2475620685362725
-0.15163802249838088	1.2196360332531155	-1.8469870722643007
0.45291321455734534	0.5940886804613011	-1.5937285608578526
-0.3188536188857948	0.8051091179979368	-0.7263471312809837
0.7930884328844141	2.139257078529031	-1.289598931425495
0.4751886355430003	2.5086759939472434	-1.2734635031911
1.4780559082474736	1.8815048324085286	-1.2833534612918283
2.255571673167851	2.2579355063112105	-0.6095995174730107
2.3766494859363343	2.115159152368527	0.2410579258194493
2.080792717392653	2.1121093609334403	0.8391781387614605
3.122198536015488	2.641151306351874	0.6003188947921694
2.8139294353447775	2.8075136180997844	0.9559844816296654
3.2442253977088704	2.7605904377857766	1.2375146068600098
3.0131390035308625	3.164569234015014	1.6455444723776838
3.054849878060384	3.3521067238146616	2.2631431042908474
3.788007523077877	4.305458876705916	2.43339513894331
3.8442670597986393	3.8509540447027772	3.229973955007715
3.812483182805768	4.663394021492305	3.4874791821232964
4.408226475481941	4.757452095385242	2.5479710734245744
4.20733591082652	4.8157252516164935	3.1392720555165545
5.445233496524189	5.62254955695593	2.14316612582639
5.705272949315703	6.30959249404886	1.9831218501311192
5.728416639950977	6.1946220715390945	2.407625247606319
5.452371449624158	6.271307529609804	2.3368639832630826
