4.18030671058513	-7.782266261067639	-1.3178239341233198
3.5372166488500847	-7.0028463879916005	-1.035363345573395
3.1927856152633396	-5.703991179935404	-0.7994552338966494
3.6942399531441015	-4.526205900490421	-1.9066360697591977
2.960815424950199	-2.506080309941198	-1.3489420504802487
3.347391552215045	-1.5636023822470528	-1.4237387172448415
4.327904629602364	-0.517720162328009	-0.45149981036672204
4.730397744815841	1.3603112615610908	-0.16131577396476038
5.596201041478571	2.7229646608815723	-0.48560716591312725
5.155419472259978	3.666477301581212	-0.2921600588702564
4.3370054669776685	4.620600712660683	0.7109295365877604
2.5680274215946626	5.623584309753304	0.07851939264799847
1.0318045618436151	6.411537543597919	0.6948802161257657
-0.8280699741929892	4.339806567652146	1.8175472973423432
-1.138017961750089	2.5555536741939284	2.3680002883216824
-0.1302561970435494	0.8176261589892253	0.8452068510474382
-0.2689390978773489	0.19335560181497702	0.954223416389593
0.4361873470435069	-0.5767605831427052	0.9388566964538426
2.085638192023398	-1.9744090059911201	1.1639289647003386
2.9705878233888763	-2.4943959177593547	1.3748901175022088
3.9779267974420547	-3.348771526623969	1.5872198499800774
4.6088878129099164	-3.7495213142755013	1.2853510037009437
5.024556410201784	-3.907995216025595	0.06839444946385503
5.7317181322224595	-4.7388640421460195	-0.2697713164698132
6.594631157851134	-4.4325588059710865	-1.091903219711725
7.803739212806887	-3.666302336206718	-1.208029166594893
8.356754290379278	-2.51734792520545	-0.6189541673748977
9.353015277000148	-1.5356126793091534	-1.2025837093274048
9.68302463257497	-0.132991962306775	-0.6491672493766041
10.316275587033308	1.1083413386525347	-0.15881075294413716
9.54665253691746	1.4901608205200432	-0.2672057562113855
8.456213554454035	3.2427282729650315	-0.06833500022316663
8.076984275190473	3.7272340068064667	-0.7610630538345906
6.586226006513646	3.7460812006157718	-1.6741247608153502
5.536342800004843	2.9930348220856056	-1.7436493543513005
4.039641147002009	3.5604032307165143	-2.41027868396917
3.747461621951797	3.6069607166635413	-2.4477388352106644
1.5295539207022193	5.377170230308361	-2.691167861288345
0.5501886315247299	4.639191868477647	-1.6506350381026613
-0.08774845968538192	5.3356118356355555	-1.0476811359703826
-1.5531063945406038	5.138610645673823	-0.6492023889163581
-2.729090620747008	4.908909988375107	-0.030077993145667503
-3.6538425925362157	4.1512152583195725	-0.4228786101874053
-3.55308213393514	3.170019462328831	-0.46084289525704536
-4.153707479693383	1.8152936897613814	0.9631784476248226
-2.9612052340161346	0.53600249021502	1.2740072236961129
-2.427002987763482	0.5401111766301843	1.59979558011565
-0.9786906147591159	0.3895826481616471	2.408927673856441
-0.4837016352742053	-0.34500184555167923	3.0347270322971553
0.5921984687401098	-0.3736714213562844	4.0739023746495135
2.7162346688054524	0.1633439777057153	2.596316232232938
3.1255031377910614	-0.47043801075841685	3.3229353199937512
4.757161378794982	-0.7037874934951331	2.8862243528539695
5.038707262425551	-0.35045735219085783	2.911737877340539
5.440170572934393	-0.5619005257877809	2.8089763684306712
6.666307019758419	-0.4997954470085708	2.0018316488218906
7.274479118035357	-2.507458031671971	2.3320097290206734
7.89992155246893	-3.345656492729658	1.9933054534926462
6.576132737616768	-2.874565924799532	2.2922800742509493
6.92401171054825	-4.952520899973975	2.3197441542248045
6.235093121942697	-4.722042412639446	2.238507640433886
4.44423991523751	-5.607799824313461	2.725736643260669
3.1381541453108426	-7.37219472359033	2.144310124717653
2.400964132749338	-6.700096617948911	1.5476800241063335
0.6451392563631693	-7.0787970556874855	0.8362745853129507
-0.49813077520068405	-7.232643112096551	0.8507034008616038
-1.0629459000740793	-6.1274363832093135	0.16762990029365465
-1.6036042260337524	-5.676459701382037	0.05168004972321688
-2.15901546427373	-3.7877124200206786	-0.2627487901004747
-3.182429764930302	-2.4659522657945394	0.7970818682922292
-1.0409559036256388	-0.6168118646807865	-1.0329834468347945
-0.5292055642893443	-0.40354379845313176	-1.6656297521360832
-0.13593541632962558	0.9075124563987194	-1.2566367267406002
0.6760111886381523	1.8887617735541016	-1.220010227990661
2.8092420415802932	2.0946892032628517	-0.5919154548000571
3.2263169395267823	2.9670653535731355	1.2904015355305112
2.881418368023858	3.2561089878529197	2.898006821855266
3.600698792222804	5.152391563756784	3.047370710555742
4.791311480709515	5.120969515409652	2.2041333832419796
5.969487236217322	5.991457430235233	2.8466792799037535
