5.217876687273375	-7.712256660749276	-1.353523269161025
4.103181233091498	-6.755469210202195	-0.7212845083642034
3.7090717185799797	-6.726105768450591	-1.216984692804473
3.1941029176872964	-6.641220748699961	-1.260400246987735
2.8520416463380727	-5.564987749179029	-0.8717212353726147
3.810495822431936	-5.073677150198163	-1.8650220340649486
2.9018202794516545	-4.368015630800653	-1.6858822284540265
2.8601665578278985	-4.134215786948971	-0.6298048034305275
3.039301071023071	-2.68861112778559	-1.438930087870218
3.9569058113395665	-2.638828141706793	-1.617791819236796
3.8284813725884828	-1.7889934689731406	-0.6482739477901338
4.178066978592401	-0.8431868653582977	-1.083043599812943
4.495209609202527	-0.6651683084602011	-1.1652701680698658
5.125299847899582	-0.1490496842573476	-0.48814600124103147
4.446007522919829	0.1917130696301767	0.12139124935602053
4.877237709419267	1.5932531080001744	-0.7440959866206096
5.489905664862491	1.694657223337451	-0.33671797721543256
5.633052748119192	2.512165081240777	-0.2656365137516195
4.478562226333005	3.217877386711829	-0.3835396887747509
4.023091115521403	4.104197341143059	0.032096264592219204
4.3443147797591735	5.419057745152763	-0.32981164032351534
3.336159636337843	5.707141319430188	-0.018046414998328708
3.3544778291808077	5.634114116733177	0.547145217822955
2.8284989067940707	5.186432456291912	0.2346372206861694
1.4884037166822548	4.927849194621502	1.3434541671085602
0.7055830791396756	5.302052580607803	0.8097033083753428
1.107020931778614	4.7683012100746005	1.391033555978626
-0.01326542045241716	3.5946306776331585	1.6539075865424926
0.2332508979862548	2.6241706640063374	1.8130554391290628
0.623633846890816	2.7504654706886567	0.8888810870449155
0.2485013220884138	1.4946224671756299	1.1426308172507365
0.8138216389964487	0.5419162196484884	0.7781901566615341
1.0622958125356003	0.039386521428701055	0.33206016458138066
0.6922817918543454	-0.193921479451707	0.0881582213338041
1.9126943014481772	-0.5997635516005924	0.31337047235236487
1.8930475921314933	-1.514809336418262	0.5232798508800116
2.31349586112055	-1.417341821653209	0.7721245946872028
2.361673735928436	-2.0492962965879955	2.0892271595068106
2.60421553493217	-1.8607478734193559	1.9286602372645425
3.9199487703226006	-2.6304722961783007	1.6259962807923463
3.9781098955200602	-3.2610196824509825	2.1344721908584106
3.718322022426235	-2.647851810653646	2.036618351515315
4.093625282887273	-3.254629640139623	1.7610519497344153
5.078882656358144	-3.4383847368782203	0.4489999846255328
4.928716275471109	-3.618469785419398	0.25257157720547146
5.220921026712525	-4.32175887235362	0.5207076031282076
5.74375195573314	-3.993014427963646	-0.6770074226762246
6.69318985734362	-4.568556420560176	-1.3415629804291844
6.336309056012372	-3.9746369126120262	-0.9590986914458384
6.794312068322109	-3.3228936838174445	-0.9286869777919224
7.671445724346482	-3.097702135583142	-2.040728857795039
7.6269379950126135	-2.399230241961533	-1.138647379948782
8.049803517757354	-1.884148975694758	-1.245043381485993
8.783332027308933	-1.2616154507715946	-0.9382178436228101
9.039240829489948	-1.026470195328229	-1.3950767532323929
9.148001786871594	-0.3138438220555453	-0.39250195962203605
9.103909576488624	-0.6336895996902804	-0.18369542074671097
10.351556938770319	0.10350597231761549	-0.19764250381440207
9.238223671519453	0.3286429835866027	0.3040934941596528
9.69774765607137	1.3372880209732427	0.8016190911551706
8.986054365773686	2.669676577872359	-0.12320145940088145
9.056975832585868	3.081343906060908	0.07276035803753739
8.501780470334365	3.0262812578992735	-0.6314487811432995
8.293571140493471	2.9805651562758144	-0.6136914453738247
7.548904266807303	3.6355312111345888	-0.40271436586405873
7.118185021671603	3.0693159394263496	-0.5253633014192074
6.857063707230962	3.325041286665624	-1.8369707850125987
6.210391871154045	3.3745828618047193	-1.202896889718756
5.244812398795913	3.8350669509098423	-2.264920254719314
5.181054706777761	3.3289124230225586	-1.8174853185007316
5.057900633559505	3.3055937544561407	-2.533698401934439
3.393841350230791	3.8181834376266943	-2.2369218853844615
2.4972453524961242	3.9478016300262846	-1.751724010081149
2.640262457974836	3.959382768828919	-2.103975374190054
1.6452072404456808	4.5814925408342955	-2.54550698869059
1.0458542979206107	4.856410087421985	-1.8484418439020103
0.9732999984364846	5.693334979765878	-2.0449030317034484
-0.45088200520089017	5.658091524970084	-1.3230813263249872
-0.1857645433875439	5.70847750078449	-1.3101524307198762
-1.4395289522231902	6.035748377614373	-0.5927834435768056
-1.4210174504811532	5.224466002141842	0.04713456215070044
-2.267437965413864	5.083669211991619	-0.12025849097004926
-2.963551669221075	5.581535472613859	-0.5561392234568706
-3.2720492974215705	5.089438680101737	0.09825595509399865
-3.700663938063359	4.45416477726448	-0.22731508385104987
-4.283640979352457	4.012755707616661	-0.10375871956728355
-4.169433208400145	2.5597566300420986	0.8474076607466875
-4.356914005552826	1.832088985082811	-0.30241390177163446
-3.8533823293625957	1.4399384790632168	0.24152011112064925
-3.679557268875468	0.6763690117346421	1.317494316067988
-3.5518984651162038	1.396874376662133	1.072426412248154
-2.981311649356896	0.7658108532356224	2.1778943121106358
-2.5952059865177164	0.7760618266714475	1.7772279472804524
-1.8841686070233394	0.41924310286522526	2.237312175402117
-1.1630946512744995	0.9611210369436504	2.453749854668783
-1.2401477047235936	0.08663013252451449	3.842646099649185
-0.5578922665937912	0.05571678702073868	3.5921059426165796
0.4264466862196888	-0.1676459241613065	3.8391270442463323
0.822114551006399	1.0601367151590817	3.656558715810381
1.9924063019525176	0.5866450088304408	2.953276880324813
2.51544024040121	0.09852458884523807	2.8874683094692513
3.0829736791347653	1.1128268986936063	3.235626169328631
3.515498906541173	0.2427603288264328	2.60232067140928
3.738503902776285	1.2367087518859408	2.9804719948797254
4.67865264558484	0.35869086597731825	2.3595015943638047
5.211020920765272	1.2405504906372464	3.084107540341268
5.8313654211832375	0.5502058526286119	2.824364399896218
6.789511055242642	0.4413737804150276	1.9498348365116434
6.297950455730053	-0.5025686344959377	1.9239217975358547
7.303120975396617	-0.37440923474964205	1.6122917008927047
7.968919173575725	-1.4003749769779767	2.020782555026181
7.356655578369542	-2.0825615828814072	1.9838110166111633
7.47055226025856	-1.4335865388590396	2.246427264582854
8.299098210047028	-2.036118907516905	2.047750759350627
7.96047880298089	-2.8961409910787435	1.9090879618880585
7.844845753454631	-4.390081898223246	2.046913041246979
8.124805343111415	-4.2985584783830655	2.1719074967221585
7.402169604796403	-4.9164944715368595	2.8784241791954477
6.815028535032971	-5.09790957502383	2.265377706158117
6.20958688783208	-5.908433348071503	2.296082698342059
5.535298149491441	-5.391787475724234	2.385438622579298
5.349234797348895	-6.811120593072243	2.3838820719253078
4.195567463028611	-5.775581407061434	1.8933263207389022
3.465720337034716	-7.050137348945588	1.7679831165175244
2.9847792542777407	-7.130848859436839	2.3181595568387063
2.7309662111203594	-7.591352128259799	1.4870964723406175
2.203521684333491	-7.166584521765961	1.7457056869887035
1.086280762578207	-7.166010022879941	0.7371506220641982
0.9369874197781313	-7.069388074270437	0.5446289209606245
0.2532580745623665	-6.829596823123503	1.0504586636117461
-0.4486219005620232	-6.980693240447298	0.6147852160835591
-0.67042727965935	-6.392087383414907	0.6272587772685642
-1.3623009708346208	-5.8145118473649635	0.29698450870186066
-1.1457434326366398	-5.171947520195408	0.03366479055613186
-1.6530898433392147	-5.152082322231823	-0.24401810331577484
-1.0672018001514985	-3.4606995353736196	-0.31012369186818284
-1.0656593890703638	-3.0481215995362065	-0.049643137733806075
-1.1976992226310919	-3.0823118912117087	-0.22094284696623961
-1.6149271324257746	-2.0788686799527145	0.00977195141712539
-0.9805853823920192	-1.9098567037685086	-0.9582194653711082
-1.8584489978702798	-1.019055719628854	-1.1158342445124918
-0.7831975777924105	-0.44019412184630746	-1.124406144225796
-1.3873402045072742	-0.4016322071621126	-0.5341768674754794
-0.25504365135367246	0.30318159355415564	-1.5556724262470276
-0.4105056286970492	1.1066957334665322	-1.1087446246478998
0.6721716438405789	1.7230478808973337	-1.8337528971674788
0.8582047963726414	1.308303108502539	-1.1741458551137534
2.0126152998606974	2.3160514686814304	-0.8642523083059179
1.6850943027723664	2.323783087698524	0.23427291248180226
1.9822755271954222	2.590155773316396	0.7738397555461296
2.336668081256329	2.7482920990428594	1.8926052388002201
2.4613610081560306	3.1187992995529954	2.31655084537167
2.931204166483402	4.31505698768887	1.7937264041618222
4.124634352259444	3.931624846045755	3.068872793502009
4.1214358305895855	4.409868411788037	2.9937573546204086
4.3752735257658255	5.317138279589089	2.269008468141468
4.959448212603428	5.249107566146147	2.4012655968837584
