4.116405639707675	-7.875674872729132	-0.47764682342159515
4.21765204717156	-6.738549718249535	-0.9859914597222827
3.510740673145219	-5.511125989709379	-1.5483599624989348
3.101765745346216	-4.419045370168084	-0.7357768639404523
3.2985039215471508	-2.3331442666111064	-1.8431867028351918
3.4986928832473687	-1.936937096523724	-0.7412047855824333
4.59466081408891	-0.24660575698527532	-1.1614116409969248
5.606397952429449	1.1568091356907426	-0.21529771364737593
5.522676045001398	2.8040756979826775	-0.3688886251806325
5.249911575544729	3.582401691275883	0.761457491622455
4.182857705087092	4.3900425210978	0.7978075754569363
2.8559149253427982	5.979603295884505	0.07512305253724917
1.0902901595404764	5.60185359739662	0.9489427406221108
-1.4184792760685883	5.008877108359846	1.7674151341053563
-0.545072395464572	2.1202214457073834	2.149542458608022
-1.060475437558979	0.6562085633277227	1.3796034198659006
-0.3113515085394307	-0.4185372168416664	0.8531669315110867
1.6930286275286452	-0.9190285790669412	0.23186702020645908
1.666475151384281	-1.9442258574690174	0.989994333095023
3.08586495381365	-2.591728109140169	2.2860058890239507
4.132209143763916	-2.5167566360339686	1.7693046292907568
5.1071211497743825	-3.5736440198087656	1.7647728948068888
5.431755569958079	-4.034281838097865	0.5340001009912118
5.623860872737042	-4.301449033213457	-0.9046160321951233
7.0583046943173136	-4.342117808123196	-0.6051147314956047
7.678221316795213	-3.6286500888133824	-1.5719100952633076
8.318947692321423	-2.73785949759167	-1.8054102337579903
8.913745123474918	-0.5818857561625255	-1.367893836618284
8.982281930834688	-0.751985683434854	-0.023830210049232692
9.354616017538554	1.173293646895895	-0.30813922583087655
9.71243090311246	1.503024617543256	0.6804352614790388
9.37329662888778	2.856696061996045	-0.5914481258811174
7.952319561833066	3.081905307840274	-0.5727062646089739
6.937897026835677	3.27900795399611	-1.6576260689800884
5.87102586443636	3.239852255431401	-2.2044110143783433
4.378526201768688	3.727766453197912	-2.8671019563445785
3.163455272529177	3.593078288831921	-2.932433286396335
1.439658120890941	4.442286600857738	-2.6342074047344863
0.5540997123021383	5.308297191428589	-1.919577380738021
-0.6212121850317024	5.773742012961115	-0.7921339893208191
-1.5825321814913502	5.893514160696176	-1.0998664225280286
-2.9406550993968112	4.899789588226755	0.1442153669454792
-3.574838435354505	3.96891846126237	-0.4922479926451185
-3.5994312002335027	3.2779890802012064	-0.5283676394724586
-4.446920559580953	1.7917606344662822	0.3430706924337204
-3.3836586752654876	1.0212627842535045	1.433751512516727
-1.6989829306588862	-0.05455359982365254	2.0479829172297332
-1.0792835957475744	0.6234703647508024	2.35482871493701
0.20011459775204365	-0.8046696893228498	2.8735973771340415
0.7613884913791104	-0.08516904728102015	2.834632448599203
2.012429097577955	0.4083110636189837	2.798626778169501
3.0790353375312702	-0.41773953509558964	2.4508761630203963
4.57589119316474	0.094604243199497	3.113517929444302
4.97099355783325	-0.7812141119298663	2.2729297658503254
6.3273351780483456	-0.31219042759412496	2.4187598192357775
6.494803218920106	-0.9869058112808916	2.495626694616481
7.452888049552538	-1.8258185819378343	2.4314663867942885
7.06713702261019	-3.4506263537238615	2.418108642893141
6.8437227254000845	-3.102297529232512	2.2605029093166236
6.93700709880388	-4.055806261094232	2.3950660164808255
5.722731726134157	-5.541751136410671	1.9541283227058435
4.4548339779325445	-6.4359390528862574	2.319875836663181
2.872286356819252	-6.469543661160792	2.0254537950639504
1.9061998636789599	-6.939295987064329	1.467222021488885
0.3666623136186679	-7.309569950130251	0.5208265658813869
-0.5142251508408515	-6.940110286769565	0.4676967295570128
-0.797888042461665	-5.93698208690278	0.6330649863709062
-1.6933057055173162	-5.1673071371299875	0.22805888818529196
-2.274464434752575	-4.75825231065655	-0.1979844413541294
-3.121333491909435	-2.383585088754349	0.7129657768763769
-1.8818562865713597	-0.9745561477290443	-0.5132958520563996
-1.4487262248627326	0.3156604773591547	-1.6301986618072708
-0.3862844050301373	1.3831395781398381	-1.5416364134753406
0.7384754202114236	1.9836853166139266	-1.277349543835788
1.4858386397596701	3.0342321910734675	-0.7220336227106909
2.1196058222618994	3.607846177180966	1.3798406477779044
3.1052795252539025	3.8334876277022834	2.2580093438801057
3.718020414587777	4.744018034241391	3.3170155737552154
4.737125379304695	6.397803397646362	2.764913193020571
5.561416578023385	7.034133731332232	2.427924624952783
