4.9085686925867	-7.35418326663372	-1.1671983421190237
3.963254546103373	-7.797184299906435	-1.466988163529626
3.8574954413475986	-7.182001675507351	-0.4903488467670527
3.3992879559521656	-6.426950511250883	-1.565010649357571
3.279098418269236	-6.942038480346074	-1.7035088884901173
3.5501236202948085	-6.533973936516149	-1.0831413918141786
3.3076327104466765	-6.0047053289527375	-0.6278401254221007
3.1413011830203317	-5.268550953305197	-1.2950624331463338
3.486495838113379	-5.1156973345085825	-1.661662871506833
2.966720720129854	-3.852980486267045	-1.2939607750105167
3.6236634466953923	-4.564613702006582	-1.8860696466180848
2.9951656750048397	-3.6921275991691824	-1.6989697814454874
3.125690831265591	-3.520896767627316	-1.1492187539366494
3.392480029038915	-2.8694527683873616	-1.1992307173280083
4.134765734277035	-2.797009479247823	-1.5223162617709094
3.715651165837693	-1.111228027941997	-1.4493100469457287
3.9593084473460882	-1.3845531133373306	-1.319817040645743
3.7755072669841114	-0.7308748898579378	-0.638801860844529
4.8567148531818916	-0.7210641147252215	-1.1534180170423036
4.591942998614938	0.4517660855789941	-1.183050592711816
4.82638508645784	0.14794410951749726	-0.21039125156761473
4.783827915765227	1.8103962320129305	-0.39791170238372864
5.184822494812901	2.658751678399762	0.05670380508602513
4.934922657702479	1.8931079654800689	-0.47532680010903733
4.694188933541908	2.472182450522551	0.2825744122113061
4.713330338533823	2.3084761507101863	0.25866102550116354
4.91978674291651	3.858623649643534	-0.26235529928339124
6.285094290844816	3.4944299941807087	-0.16431813662283884
5.76494177507795	3.7529876235151436	0.15399367756355042
4.68962927603114	4.546109031839974	0.6040435420482393
4.235941863802584	4.726245999700322	-0.3650284256397319
3.734798445755263	5.594534974575613	0.11581227476459816
3.5358365900878432	5.432459821650796	-0.11534825660099118
2.9277340959348117	5.991145280401891	-0.08208662448074959
2.514286158212096	6.116271652923397	0.3117181805553185
2.1310581113182963	5.310406146507792	0.5486893519987358
0.6502720148475446	6.140904327370544	1.1374584555561122
0.003716987087469481	4.884766027000209	2.132823071604881
-0.8612423525544943	4.504090093787133	1.7158534229065459
-0.8436537245166686	4.481500627536123	1.5515037954037063
-0.7210981401036278	4.192589360850249	1.633741369073785
-1.0924250030686502	3.4375561811218156	1.279407924438189
-0.19141555900535967	2.530170728352593	1.2120101111229227
-1.0894328196300558	2.4451525611542086	1.949595596961152
-0.05268578165167259	1.1514244776337828	1.4614260186687158
-0.5648432125641129	1.150923725817583	0.996618938741664
-0.6668762528370806	1.5576043900043508	0.6786937639844033
-0.40373068742340373	0.1726573797312243	0.9590170175914807
-0.1276148623286404	-0.23865410979597462	1.1762175442669212
-0.27769605450629453	0.0881915178364312	0.3603531674204812
0.13044195725254798	-1.19085949250244	0.5750754775101645
1.3605288795994521	-0.9010278170200074	0.8642951564827818
1.5060477282205778	-1.4276499746438804	0.7700249521550284
1.4881498771514092	-1.6438601252189544	0.8312217748051124
1.3841123618540898	-1.4819659067062387	1.0576641756659368
2.1353169771330007	-1.5533548419744636	1.0359257790197072
2.0392781412947882	-1.9420275419266644	1.7265922472238513
2.637439139370517	-1.7583066397524874	1.610716477313592
2.6935904754842133	-2.534675089456697	2.837052838773668
3.0089562609995117	-2.5200578617892893	2.6081610254864644
3.481821239301206	-3.1919394097666847	2.8805869658500356
4.0919128494498835	-2.9001753749085335	1.547028982155886
4.913690389971328	-3.804572279333192	1.2866444177538183
4.4767500556235715	-3.6534716821329107	1.469934621701042
4.94460167875543	-3.59834118840176	0.7433640170133373
5.280707141837608	-3.8154091635948912	0.9995558492902901
5.6330551764281624	-3.496034128314313	0.14173526511982915
5.3978454536825025	-4.619347293969609	0.9438011255278633
5.673570081054725	-4.380342370313778	-0.43825842224649797
5.807764477609222	-3.825105358312068	-0.401966533487387
5.980152507196759	-3.7415364953495933	-0.5164873818535086
6.782392435975475	-4.463647435084725	-0.874483341331513
7.339400775163163	-4.645627632468283	-1.7845679530373462
6.903372679193091	-3.7208100347521915	-1.8190894061787088
7.169443904149011	-3.1764063358332537	-1.2188666292848314
7.956124734684868	-3.6632401184461445	-0.9842850655715685
7.520008418117589	-2.7420980748051753	-1.0263950093821352
8.210244459353602	-2.8077911352781904	-1.120344275135992
8.4264458671941	-2.6389301302928394	-0.6923123708302057
8.89101915715395	-1.7293505576009665	-1.057061783326092
9.1311404783718	-1.837820529331857	-1.6315213297955518
8.581276103923459	-1.2997944923068516	-0.18429838872369886
8.694120972238261	-0.7318312886913934	-0.630111472477602
9.36053214542131	-0.9339031056142318	-0.5720436479589188
10.160860282774124	-0.7589906548341276	-0.49565019654039566
10.0871323601575	0.55346433076028	-0.6763303917192697
9.205144535876322	0.3063970054867964	-0.45945749908514666
9.454051478609784	0.9349936018659013	-0.21629525261406035
10.070384084343049	1.1335277011409945	-0.2811482354385642
9.097938009406187	1.5224192593203965	0.6273389903815279
9.100187146546874	1.9405182909522372	-0.234120431263671
9.54305585295529	2.062669507532706	0.7778803477920698
9.432509968358888	2.2145708255297905	-0.03160759863348489
9.184700013812227	2.6245370673882213	0.2749330924979596
8.39220441329553	2.8562017185890527	0.039948750946142475
8.119617301336804	3.5635140142325263	-0.7326122241113833
7.802628462431754	3.329574660947959	-0.1638107128053572
7.748134394926487	3.0056813195399386	-1.1865502069138012
7.110402748599161	3.6134761741380874	-1.142234083796275
6.679098013610491	3.5657491422817396	-1.9192529837626615
6.514945325577218	3.3636267522984875	-1.2392682170555163
6.262843671517676	4.004943121646446	-2.5362843620800835
5.596777423075042	3.167044937722826	-2.613584629568707
5.31408691165596	3.214498498120146	-2.153624102415693
4.243904345563693	4.310339732646147	-2.5870519503544225
4.826458652677298	3.2730393536865794	-2.804617364951222
4.373802315950622	3.6294755552957745	-2.830335274480111
3.2891611354228574	3.468344532452093	-1.9022257802005318
2.9728832964392113	3.9759951781721155	-1.8839000816690614
2.964391276808305	3.822001467875666	-2.403367794152069
2.457766811722842	4.225049170169909	-1.7801450761577897
2.175891940294571	4.922849814904741	-2.4988823352119507
1.4128465228410327	5.337081752961964	-2.1922590218505684
1.5153703033384796	4.495184563114079	-1.6929046494756377
1.1264361086667452	5.070002236691542	-2.0590548745235626
0.22300831966617174	5.28655983359428	-2.000636955251694
-0.1379105692592616	5.0725495513875	-1.6807290784684268
-0.7392299122808166	5.154099758416948	-0.9446503489930347
-0.2577330240101625	5.364657990073427	-1.121182759820663
-1.5423410145597694	5.841042395246112	-0.32011442935966494
-1.3365288944459277	4.871806211308793	-0.9049509578221849
-2.422005558998025	5.4336995355787945	-0.6808709966738677
-2.7623034873817427	4.918621348057767	-0.47197865497113306
-3.1358766403446516	5.456697890702293	0.020625563555912052
-2.7267255937293675	4.332234469566932	-0.2735050150813238
-2.491126818263956	4.223179918081831	-0.4514277199320375
-3.8767231728399847	4.077575798535132	0.4551601771236631
-3.403122933535438	3.8825240372429475	-0.08010538881106055
-3.6562829334989613	3.7919858899178847	-0.0919567743159243
-4.415922074652386	2.5834235468722238	0.6097681567893914
-3.8806128049926993	3.017326198458624	-0.07838716067503404
-3.9843600863631883	1.9828474037271486	-0.09637894556227311
-3.88273160821519	1.9232227630265424	0.21522963154021085
-4.066493658474651	1.1018912539469783	0.17003671448194732
-3.5581246909562276	1.4701331749374216	0.990968636104039
-3.46674093126422	0.5404240884718272	0.6402243335577067
-3.4312211906176326	0.6806220745737337	1.98017122039242
-3.3168285661047516	0.3991348471426149	2.2606424136569987
-1.9783774849996638	0.0015450644950293912	1.4585554421078935
-2.6705391411245243	0.4995645651209232	2.0647889126200196
-1.0670255080497366	-0.13208076966637786	2.0883628259934923
-1.5563087109662586	0.46363265656494035	2.260466430362142
-0.8298054173093572	-0.6323519455507213	3.088082245535231
-0.8357575920811942	-0.6527538208588498	2.84281635978974
-0.6497095366406793	-0.4956418302501512	3.1450399157681055
-0.5305278848543502	0.0302534269179493	2.945813977492614
1.1333927286250394	-0.7421927001279885	3.2934900032934875
0.35974108942962	-0.38518248004730316	3.8719758627110332
1.3721343089586724	0.04300638707971749	3.403150227596778
1.5118171647558434	0.16128701540190893	3.8897822975345484
2.393757580378526	0.3069779552327858	2.709240683396235
2.4090555086423713	-0.3527557976243914	2.6912813036353436
2.8980604164731485	-0.3135274304716744	2.6487843270348486
3.0807941548962203	0.05323631238457649	2.9792349610937072
3.768526502321929	0.4869135717659666	2.335935141788333
3.5916210507082806	-0.24786921017845848	3.124257070893867
4.057205408269182	-0.1429061472294988	2.6271032268796657
5.005071044638807	-0.13405820186507367	2.659826709135967
4.727790070011254	-0.29685414939870913	3.2225881762105333
5.060199860733442	-0.26643699769352325	2.3831366297381678
6.111967014185321	-0.6433096696756581	2.563891078459134
5.291547546125565	-0.022303450491657495	2.645331714104825
6.01886386467041	-0.9604421479080893	2.5851958245825912
6.564267013361835	-0.5793237363728099	2.652272239441289
6.755584481636417	-0.9032089574943007	2.7385704738812295
6.2226604107015335	-1.4643059496467863	1.9754224157473073
7.149147146088907	-1.4285405461609137	2.3406926503944527
6.5974830711540315	-1.1844303967430112	2.774052729643291
7.516455238194948	-1.8752651508332603	1.9967356686035889
6.953179476214747	-2.7962359387425817	2.3438968298362566
7.7679944167936865	-2.9361651488100238	2.0884833326224594
8.225838703861886	-3.4485860537753537	1.9758832625458402
6.882903643515117	-2.8242348858542816	2.2514726365624633
7.087510362459951	-2.7701072784391947	2.197757205526467
7.114414485587105	-3.12245906337441	2.5458342956641236
6.486882681024595	-3.705855842880803	2.3202534675781354
6.588670712199505	-4.633105286348314	2.6759772008273437
6.03070087206558	-4.602792680006871	2.0348978842160084
6.370092151280219	-4.405767301629881	2.0776136456714176
6.4925478219141155	-4.880370114803168	2.775271384569319
6.1332265600658	-5.1209343345209115	2.112367113135195
4.922122854150354	-5.0233509580526405	2.8182206097091376
5.3923107653143605	-5.667220498685558	2.066924878697198
5.090148840512091	-6.040191500791228	1.980683953342321
3.8805702716188315	-5.7028701339935015	1.7252830118451945
3.5740447562116886	-6.305936324926332	1.7052997181149805
3.624920257445763	-7.066412773700531	2.0764639755980276
3.029216708762914	-7.114508248395514	2.507849388655847
1.8872336758034254	-6.753306526859657	1.5239531096296943
1.8629602004064991	-7.635830112555014	2.4422084541894504
1.3413557609488127	-6.641050298959872	0.930194880697518
2.0576557185869944	-7.67838282723451	0.8893084567128668
1.3521662536363128	-6.72673290316769	0.4083222800077386
0.9760801418904418	-7.022731806925496	0.507044955503468
-0.06265609391735211	-7.102280080905987	0.28409375019536354
-0.13468994445116123	-6.449463730915344	0.5799936310178387
-0.21468246405793012	-5.836011180214285	-0.24286418233536577
-0.7574632928170614	-6.195455745111869	0.8196589791939637
-0.49491415601228894	-6.039573587105789	0.2683681865672741
-0.5979201318952905	-5.946263594097487	0.2892730363271503
-1.8805054352318058	-5.337623188687596	0.9439384663828218
-2.269670442782421	-4.536727147441873	-0.03464498296988616
-2.3137910287467482	-5.268046191510756	-0.01647562640506861
-2.6112929827186746	-4.716373708522503	0.9029475822444595
-2.471822112300775	-3.6667319264219413	0.31359452192361353
-2.6964245911245146	-3.8490402897592864	0.402474800448866
-2.346109243126454	-3.111011572320147	-0.18092284806999864
-2.566195735473662	-1.3035731368428283	-0.5556249110989115
-2.3556094821682825	-1.0766237779368901	-0.17289234975244339
-1.8611007584720274	-1.5866940194749741	-0.7402227427641077
-1.7690334187293173	-0.7457257096123403	-0.8994281043276474
-1.7589416249119305	-0.9039647599580751	-0.285294500806885
-0.7839047187782715	-0.20939110512234949	-1.4759685883876483
-0.36933498070959114	-0.36584848878207266	-1.853302691472831
-0.4299884258310259	0.060844064965742045	-1.5216796224314995
-0.38127838967935346	0.3045343546210113	-2.0470587206579776
-0.4691654317409359	1.4027867487420376	-1.2653778336306414
0.40276538457622274	1.1683883703068116	-0.9563529495646765
0.9971880724860633	1.732596352774336	-1.5809382844374205
0.5629242792109088	1.6953302539423143	-1.1470792182880034
0.945095157277201	2.5714555112833555	-0.7016052392434975
2.3055233574789264	2.1886745549612554	-1.1075020708852945
2.228061250094255	2.513198473988448	-0.7044957380134476
2.005468969544987	2.1552173847153635	0.2456648232975136
2.6595767375577797	2.886529649431735	0.3798839753211836
2.5007167254507605	3.7036012435975043	1.027640477075391
3.1979928924869503	3.2939571526802256	1.6916701003224337
3.173343160479103	3.5241909575775683	2.450469884221115
3.3471892726503687	4.314965348445842	2.3263301525052316
3.8338780974954405	3.5657084221468986	2.5284011258704417
4.301066175462585	4.509265407735258	2.752878888703903
4.035668667350764	4.811452917340833	3.2129393829089707
4.821861008154451	5.505670930904577	2.542113206548511
4.29869286671014	5.655407929557322	2.897139283358486
5.662172621467871	5.841208710765061	2.507841793426965
4.833372817435646	6.491242057887697	2.625821571621215
5.240188945255685	5.745359659997626	3.1306395763368577
6.655261319642374	5.883846608554892	1.8629473229432891
