5.364592162676068	-8.108353718677387	-1.3227776215465958
4.244680594457869	-6.831016990707638	-1.5317121199732602
3.4055656981840836	-6.90251659060462	-1.0552386939888692
3.55748788095691	-6.0470102478288785	-1.7524094842500062
3.3526094956304027	-6.089618983122765	-1.7144355059436456
3.5749631628538263	-4.946882045073719	-1.6611334476291322
3.399551151047415	-4.517503745638017	-1.2376290505140146
3.7408926858182285	-4.252422182556074	-1.1345103142542583
3.410896673379429	-3.375481304100157	-0.9898038171009325
3.957742743636868	-2.922992827505472	-1.1728764664554132
4.288987753229244	-1.816008358875278	-1.7340586456576086
4.604178558466194	-1.2592459704182615	-1.383077600734713
4.564815772011779	-0.32334874111063505	-1.500836451400495
4.442208302029145	-0.23833895395015497	-1.243534221244825
4.79105996754087	0.2728354784007199	0.10737362679273454
5.01353031826	1.2206033428836367	0.38517732719657094
5.4452212379184814	1.9008512286138821	0.3072844434282448
4.761945979037177	3.2600217734705	-0.43234388427127524
4.344745293319901	3.086558211799385	0.49334840065238833
4.239549858312148	4.632019412523883	0.2718562940170036
3.6798229673382763	4.836947576010457	0.40589705305204554
4.334300488376298	5.059720675646181	-0.008586961145473526
3.249182720381957	5.292598859665801	0.32642103896540636
3.2142258117787192	5.074890928649254	0.36199163157814607
1.8339665831246803	5.365164058324869	1.4513617262442593
1.0584033136247337	5.2638096389845845	0.9882383278703504
0.273701829952951	3.9338350855930955	1.6678338939038526
0.5295755151628478	3.8929013631767293	1.4152990657475277
-0.20031652928654542	3.028756185938372	1.7820786027466764
0.5404372202153553	2.0521908679190823	0.8741415995721982
0.5274244090490625	1.8997050073399468	1.4920754765744078
1.2503077280137216	0.49673320456452685	1.113060391506592
0.3715375300654543	0.8680179160703234	0.5192109481603338
1.2360286563959244	0.03637559828595405	0.7826605862681084
1.2338413017414236	-0.8449632400905593	0.8594014668099046
1.2706067014575253	-1.2055551097549437	0.9548151548848788
1.9790310881365936	-1.8281828200802204	1.4347565462506682
2.0992326549693248	-2.4044778697019504	2.140034157064691
2.849220204074588	-1.9957190408361942	1.418547962020693
3.4019460630706293	-2.722786703020491	2.4394494906977395
3.2570258212723324	-2.3041542671228865	2.201080492979094
4.664142911336384	-2.9488310402204143	1.8249008772184792
4.658473365480895	-3.6825536114360333	1.583855090684854
5.0330428942661944	-4.243584916853457	1.2288912033386268
4.915268290171478	-4.050359306729397	0.08180966988568161
5.496210171546803	-4.235890701028227	0.010564483857925078
5.805517748242161	-3.7175307860465834	-0.5010061040766909
6.048056949283233	-4.613162976261743	-0.8613637992000817
6.637294058480864	-4.244666341486705	-0.5535551942175156
7.431641856601846	-4.150914710329836	-1.6850719189090793
7.819332502612633	-3.3555984737329165	-1.1708801048647022
7.550693026926756	-3.232315948735624	-1.2777992999656456
8.329232666305664	-1.6095173259376927	-1.413429712647571
8.306192930847942	-1.8846718199101886	-0.42871058257212113
8.44839443757544	-0.9147921455566599	-0.4172531252679268
9.834312254503061	-0.8180017325054427	-1.0749357136592463
9.59473887804412	-0.26991677603074804	0.056772649889581084
9.696994372354947	0.01052684236978052	0.463455671581362
9.896734398163925	0.38924182721123807	0.02849226771944502
10.01411978891419	1.1037040412010686	-0.35319271617404063
9.416347414297704	1.8805503825010672	-0.10151944321147272
8.63861624036025	2.711430282495683	0.5880210429976327
8.970574479881426	2.8365815461809323	-0.3132394015607108
8.109671464646079	2.958093143185204	-0.6344289171293378
7.610457631602686	3.4633067681466336	-0.9579560996945746
7.675699103127778	3.572199337530575	-1.3674882979031424
7.493436094533554	3.1706745088231028	-2.110654883886946
6.777041937209565	3.5511128222827257	-1.9377451893487325
5.056441857083793	2.950175300254412	-1.493957433530742
4.422280850517037	3.959225331999215	-2.8142883515324484
4.451253147880132	3.622481153718805	-1.874854905426253
4.241151616585354	3.7499038382393626	-2.591395097535847
3.431330784570325	3.7833493375589953	-2.7032082401444835
2.0589296131206156	4.159252044226726	-1.4967556603692243
1.3548074967059645	4.678643010914062	-2.2532791823737153
0.9126116176883468	5.175675622404622	-1.6297906862209974
1.0417347360262064	4.986645139480594	-1.5402555646280045
0.7181975811250794	4.807544352418418	-1.9339338546491862
-0.27686801880095036	5.159372168443308	-0.8017450477201602
-0.867644650071244	5.52009795036424	-0.528664141353324
-0.9671677567423667	5.270974409138824	-0.8014576307110703
-2.339335786977127	5.630072348862763	-0.5218073436197042
-2.639728667626976	4.343084857322766	0.4645334181433337
-3.1905797735939676	4.646902719847974	0.13788486220675145
-2.866873671792412	3.512411547298131	0.2080309764517505
-3.4317721579291747	3.15234335348833	-0.13715898201375226
-4.1334989450963535	2.403730100945695	0.8455165183307244
-4.219410771727811	2.945095749960349	-0.40396213922855145
-4.349870185884571	1.4703957113005923	0.5088948967511875
-3.8797478371668928	0.896540597381517	0.5642638831482384
-3.590760393456786	1.157716861647712	1.1447376588653793
-3.473199381073947	0.789662360784478	1.9720596486582718
-2.5297484178406946	0.4990960875371191	1.8151612091751033
-2.1801513997702764	-0.09297924152083367	2.7315850982529937
-1.1013152057166944	0.5970370254318977	2.958937711377533
-1.1393928832725986	0.8062361581481547	3.3149730318548483
-0.2182444326860158	0.8952525795924597	3.369011717510853
0.2667272877687048	-0.017769433186352185	4.147951226395033
0.8365434579551028	0.21733045501142412	3.3014677877094805
1.8517155804569363	0.05405498122768862	3.1369988690988486
2.431411858804518	0.6526086353018181	3.1577415834986633
3.2101647865091483	1.103284145688204	3.2029486333564514
2.997356718169132	0.9237502370971603	2.486254023774715
3.7778549784201374	1.085822345111794	2.8192561814645596
4.917229082175137	0.6856096366985787	3.2934478228235218
5.245174274541958	0.5465326905893131	2.398584462669435
5.35761386458847	0.20915177176070307	2.882663926878983
7.137329082146093	-0.0150428565126777	2.488509044314521
6.952620417322046	0.1524970483827489	2.335120888023443
7.087184443186339	-0.7587107543071392	1.8703928011272846
8.132960243659856	-1.3653500031155823	1.9860837924252104
7.783417209913885	-1.1346547046806372	1.690449137959321
7.703181633480747	-1.6440368590804229	2.323911994865852
7.7470448234915805	-3.1722197752023593	1.912226959714814
8.631906483396461	-3.7197476352141456	2.6836435198968864
8.598081543970842	-4.258050182028478	2.233019334066255
7.862752440139861	-4.807194325910589	2.4363582624642386
7.349840747168256	-4.449074240254607	1.8660120104266567
7.249833838993528	-5.470584748307759	2.535717087399161
5.880407539992288	-5.704804046806435	2.3875736531207785
5.7034897775283655	-5.507410620713356	1.9889608030075598
5.681600684041724	-6.365449485325094	1.967959412192564
4.504270100784708	-5.940848132624335	2.4644909189109057
3.321542733835573	-6.1430019541388905	1.9962568427910194
2.75372605703252	-7.292250511090534	2.5440193087428384
2.8070233897795926	-6.4726167158607035	1.6340826935455417
2.139711742450499	-7.652085074834022	1.1792906454757115
1.2762288948322922	-6.531293547159184	1.109202993823768
0.41913383743655497	-7.691071361979981	0.481953511160663
-0.15447537723523416	-6.224891170066263	0.23367426629392513
-0.4064436338758065	-6.882018970525409	1.0989230060711517
-0.840767632539045	-6.678900622182252	1.1177357484579558
-0.439257426856821	-6.175012862684822	0.10510237849164256
-1.347692860603847	-5.525762643906722	0.18410391073651555
-0.7164216718689393	-4.8436363299761105	0.49097128992615774
-1.8901346124108491	-4.369660867228218	-0.17202597516889173
-1.7004361773896428	-2.7644736117865993	-0.46715194705235735
-1.827532899005404	-3.000986473226169	-0.4452029249614196
-2.014623640152196	-2.3828516208783976	0.23213362479899669
-1.5656469802048678	-1.973483868706041	0.15588638555452894
-0.6138855225207365	-1.4469537276769753	-1.2214985711181634
-0.43191005541449945	-0.8352491702104501	-1.335134067092741
-1.2715191246109097	0.11238569779191476	-1.6720281180761258
-0.03183285038043304	0.3977964159462974	-1.394845104406242
0.12481897440354373	0.6483353286731159	-1.8237620913614112
-0.09559310909390611	2.110751460634504	-1.685135807901661
0.5962669984955629	1.6948415902614202	-0.9233389299758399
2.036841909794723	1.9531211210053738	-0.8583774751167619
1.4104200282825712	2.473664169151777	-0.2847896571711478
1.909609615323571	2.927845321947638	0.21286351438523715
2.8443636477683683	3.1730307743523416	0.661611671491576
2.539084010112424	3.507033496235142	1.5230775160603776
3.5841846607477827	3.8674872811072856	2.2816180981894885
3.2845589505507693	4.915454755676416	2.1317812979261097
4.797414972261252	4.360292557942526	2.1986344957383555
5.111198763582644	5.5131333991614015	2.2676351282584277
5.532996779504567	5.258058652049255	2.338969178162627
