5.25625747320817	-8.005661200599597	-0.623835571955055
4.442625756781968	-7.013871872529343	-0.7458764395421913
4.103004955024005	-6.7433824394841775	-1.4263194604861988
3.587345902677304	-6.716645032828488	-0.5258315181957476
3.7229390971805945	-6.169327230263607	-1.1755253887742252
3.11348962961125	-6.22571978807059	-1.232216761359291
3.342319865596565	-6.292588076026498	-1.1675119520677368
2.7057896230978518	-5.06197992543632	-1.168224653830337
3.178441846477784	-5.165319479773657	-1.8465752827634014
3.3404654789147497	-4.551088774184835	-0.8835317470765429
3.0627146292586724	-3.8422898198268154	-0.9270282082024905
3.3281986154799954	-3.001043552647329	-1.6624765960503947
3.784923533863667	-3.6855163400446496	-1.7849119852584638
2.9400518293730973	-2.9963218939096548	-1.6640536961614243
3.847229511073138	-1.9018101270004977	-1.761505869274885
4.162757294166728	-1.3620137933746626	-1.45435988146181
4.106675421692309	-0.8147151123212064	-1.169349796757478
3.881430614780568	-0.47131582246198644	-1.219845591786356
4.4274225977099855	0.12964980336315834	-1.264636932782334
4.099845196279542	0.41760937025754996	-0.8127792635875559
4.740582723478607	0.17004877958398307	-0.6392626201556968
4.921557227235084	0.925046089973333	-0.18382637685558978
5.556002896652366	0.8986861346519823	-0.6178323673699462
5.365025539363662	1.0885954340018813	-0.010168461664206263
5.334048437759216	2.4595969598217753	-0.5590295046059321
4.476384726812223	2.9767626260023192	-0.13447214343715835
4.432229065883342	2.6118652352511655	0.6186371507441109
4.41739854478189	3.4581749639446984	0.8098503513510913
4.822911805772976	3.7538387552932626	0.8032627736882052
4.07672708483184	4.004500627363994	0.41043164937077403
4.7138882609847705	4.578652856029639	0.00882684229276276
3.2599255203918482	4.607204916785129	0.5278549492734276
3.2556899199277893	5.728799423055268	0.6835511028515056
2.823481013173139	5.360732853137606	0.3450709455054214
3.084674341956228	5.047794307231845	0.7130332800469923
2.097307632163231	5.3679820874139486	0.9678822527467746
1.3112058235740518	5.616775085292515	0.8357630036815409
1.1335115350491733	5.525706220395993	1.4952810443202436
1.1386405597262264	4.386207512741104	1.0527578606926489
0.6426187384734783	4.985027795390996	1.120938535094305
1.3857739532531919	3.5057875200523196	0.8914012104220929
-0.09338472281274651	3.278038631977439	1.6995217423784226
0.396702425617479	3.0193354137513517	1.4671760738091941
-0.038168014961339924	2.934326489610332	1.0622205485126488
0.08279268092106662	1.7182977754112982	1.8608563530786273
0.9988423800567945	1.2761016664174945	1.065811690095948
-0.0863617908738863	1.1214328913104241	0.8592460517993519
0.7649661517430466	1.0765177291757568	1.2263096372206406
0.5804026217923378	0.09571408958404307	0.9977775487448094
1.4173362261699	0.11190618914694916	0.4571987262351247
1.254018161985236	-0.802682257866066	0.6718298731568603
1.8043073012863946	-0.5926115147613487	0.16249921879029006
1.486364839883254	-0.7825419903264115	0.3911925472894755
1.612739573236897	-1.5644916726183555	0.9692249623065612
1.734472574533334	-2.1876376184048585	1.1401506190763335
2.7448810148408413	-1.8758726592242692	1.3886817583193343
2.899239445843121	-2.73016060987637	1.9582814965047013
2.2673667717567545	-2.7125993600416045	1.5773961281321651
2.6246009195073703	-2.468193444256901	2.089956952360838
3.5600857995450292	-2.7867571400180586	1.637845087093621
3.7815384665363876	-3.3662394721152324	1.7633871107151835
4.314304493245845	-2.9476340858141734	1.6916730133808349
4.742934800613486	-3.232024506982755	1.6467821628888388
5.2173498183655695	-3.705409872950736	1.0397287201684817
4.3930772555222415	-3.743364104575617	0.8491958824859109
4.476063296487851	-3.1397588771998777	0.5863353298127914
5.4020485904839255	-4.4707119699673346	0.6804151927632635
5.6892185077375315	-4.228230553757397	0.05571191718540652
5.292812803192359	-4.581215143715558	-0.07274169291331634
5.434870023518967	-4.6753794850276105	-0.8568845735009878
5.998124630687221	-4.651840281162817	-0.3792966419266327
6.167039776559751	-4.6262615886898795	-0.40493041373227867
6.387286777035063	-3.969068046677717	-1.2796615907227897
7.675565222549276	-3.562570748117029	-1.834491857699022
7.33951987490904	-2.9143184768847896	-1.3031200263293712
8.061296521447606	-3.311143963723592	-1.7777430443173956
7.465257820319777	-3.2174793567325897	-1.2672704180442396
8.055149962378383	-2.014327550181752	-1.6164320254185547
9.053071736418495	-2.302057241436099	-1.5031139340295245
9.416739496075293	-2.2246916081241377	-1.7681674770056846
8.338372311334467	-1.9052838031523311	-1.4993753106205772
9.610124911137081	-1.719755483297289	-1.1917521173202916
8.939844625415603	-0.8776769077487299	-0.407341112095027
9.727784763379578	-0.9142523249461342	-0.5803621302536937
9.695597126298729	-0.2323330032730082	-0.15193388948391062
9.145663064655965	-0.31345259503787615	-0.11260132408111068
9.720653398367654	0.8757618723217764	-0.5442193168160295
9.749886319674156	0.928027806704198	0.4033241491157027
10.360385428938681	1.4724991667923835	-0.4427366837514705
9.713031685888618	2.0524423732263575	0.3899462398684652
9.864897715904752	1.9563461514437397	-0.0821922305755382
9.222134122748308	2.932900333193037	0.09928087578501821
9.078045861666638	2.3848955040482163	0.1467625241270304
8.184977256168915	3.0472532476713234	0.1780670096379805
8.389764799819071	3.081894573899624	-0.3910606943662908
8.558992566300127	3.286557295818464	-0.9832364113070399
8.138448805405993	2.860484330242749	-1.0478445898607813
7.224578307156884	3.0991326410320728	-1.304368251449816
7.576740406654165	3.772819565373909	-1.2410453107616417
7.233196673085272	3.9374508338437826	-1.9127619997650784
5.945087167167234	3.393625969422373	-2.1216191798133526
6.573468992258432	3.3609634025581325	-2.511225229870936
5.059211308622665	3.321146892209142	-2.3128319683762175
4.673967246676362	3.015354748323256	-2.359301005977812
5.0428521768746215	3.68704978976303	-2.893848891003879
4.359316931515522	3.7359821274952503	-2.7722704844807478
3.915172239589664	4.264008856871525	-2.482611370180119
3.0777703390781106	3.668838468281219	-2.755360614215801
2.5239733433461184	4.315178567269029	-2.5342754291199743
2.400899911376121	4.362884107675213	-2.6929580371776005
2.0628195055918797	5.029703592341058	-2.2899121589967253
1.4327239296477434	4.807429300238581	-2.5973975892293892
1.0481358491764223	4.555693660086897	-2.2363219638985044
0.8676973679826248	4.669866250581633	-1.167589237287363
0.24362218343710262	5.502524799285738	-2.208860256636992
0.09181170851855913	5.147843691319429	-1.6323090428136973
-0.5061317374973542	6.074647146823147	-1.2824324203100037
-0.11336184332017352	5.883662967581822	-1.429746063183898
-1.3470284003791677	4.969899105873531	-1.0421188140648818
-1.7646702006717674	6.1336817492313696	-1.2340303027892672
-1.3232756679016848	5.618720138987175	-0.7662020348881844
-2.4882657813026823	5.410811626569605	-0.11821081678540135
-2.6400511807464464	4.685587838558584	-0.20982240909922745
-2.48344610085701	4.657542356796825	0.3797995964004003
-3.4059300157710943	4.309502153341171	0.32263649148357376
-3.2885611867758024	4.986767596528366	-0.3957083073853405
-3.4661868830893163	3.8537796891291634	0.0430565294087597
-4.0085149784321175	3.84396160430961	0.4332334761255495
-4.198485451781282	4.089865405842504	-0.1498302884822768
-4.32379475663476	2.8540825590450645	0.2317002829213063
-3.8443613066814963	1.9125117212847542	-0.0211053916755769
-3.5542242528327805	2.063531958016653	0.10373092282655194
-4.005103070258176	1.8145271955314055	-0.012627427139497605
-3.268433866077	1.0326900466939457	0.9119222632215479
-3.64727652263168	1.8168318565334158	0.33047868882874243
-3.6867821509804104	0.996909306754456	1.5565522784522945
-2.78959379830852	0.48268975827621374	1.0872635330320732
-2.977440979792713	0.11402255817024108	1.7905176639212657
-2.6561969870465045	0.2318325698982308	1.4464983873614754
-2.627409247459044	1.026567153138527	1.8763900192669167
-1.8338230634766286	1.0264053454375013	2.3803442602839957
-1.471073757929425	1.0621005084080304	2.264764206206141
-1.3081610359871827	1.1051006829769565	2.9511211398773076
-0.4401885505632672	0.22826630561067182	3.119240922646479
-0.7671828859536367	-0.21241189598079802	2.7687908453956442
0.0030829706918903965	0.31042233975483025	3.547244224015485
0.2584777014835976	-0.145819371792292	4.199144684135268
0.8397789501462098	0.4181463122223595	3.462716004521627
1.4892313979424845	0.75396417726149	2.7823333976689115
2.0998619193575347	0.3168900345333937	3.2124095926931036
1.8596367858898333	0.03885982909608544	3.246661303498495
2.2497251278201076	1.1994305720120104	3.1596430780306815
3.178531658468968	0.2185430003064503	2.7090891379392965
3.009870516835919	0.18628518711920541	2.428292762299174
4.301816002663262	0.5463697050857496	2.3786914778189456
4.126629841325003	0.9174534387221203	3.0395719279043236
4.9359014367879634	0.4762316692136097	3.2121755245491497
4.9830846389979335	1.3694228680345957	2.630152689645853
5.739972343788057	0.5372051341770054	3.1257521018393524
6.009216005796377	0.8263089094706165	2.1253990878542224
6.238391837279028	0.22731025481685985	2.2301049655578216
7.138872503488939	0.43490267298503543	2.0387158515150237
6.556789275967164	0.18379287586343473	2.8017377676644166
6.516545327360556	-0.6107563789418601	2.273288943927259
6.973131520106496	-0.15207001622494887	1.7429156493363684
7.092426890769856	-0.8293142736633221	2.3874497044382523
7.552277792210289	-1.351489158026611	2.7820753547617443
7.3800806530542244	-2.0927743937002705	2.5006906367642836
8.06246144758699	-2.1695434058690397	1.9464774194572485
8.238083587074984	-2.8341104371621375	2.378174763237814
7.888970653897881	-3.1195020740709083	2.1560403527612033
8.550484195586328	-3.4844021537487104	1.8572829498422732
7.740448894497806	-3.4423420081588123	1.7936282395002578
8.130415953846455	-4.420955537888491	2.1455305862321623
7.478054332558566	-4.480102729161421	1.7894645049670361
7.090460320973527	-4.145443879175791	2.3708117651339276
7.074371734029663	-4.9606164458605555	2.597884605419736
6.680615441006037	-5.255351267111956	2.109309599970824
6.240168957663988	-5.971495378542104	2.26509428045052
6.675260238028705	-6.062068845283271	2.6507249399733506
5.457860388170562	-6.455829394757751	2.5623824285784256
4.997634125179715	-5.635431489128345	2.148151227970795
4.813435616834897	-5.678736788185577	2.320137091344497
4.905224722047681	-6.222242410577785	2.4469521002943644
3.6993384000037524	-6.054329589623108	2.0114042352796977
4.211900606266349	-6.381033365914286	1.598034239888616
2.9076490416529217	-7.329965404824654	2.563921930325417
2.372456868426684	-7.407178759637671	2.2416477229735086
2.3512589257418366	-6.533759658115713	1.5113868592883233
2.323484259431449	-6.867708753443951	1.69148695618845
1.9448445199797577	-7.8008273412139015	1.4535552391796802
1.9435869135015675	-7.525282392584255	0.9568722454534038
0.5441658566368893	-7.295341851420367	1.1857725032484643
1.0036019925705029	-7.163853290138462	0.5983855422083516
0.25140252188032575	-6.930097584314593	1.0453430139138726
-0.53486452934512	-6.637221013162501	0.022066554055779286
-0.7570905838821945	-5.891303807942276	0.2677057768695506
-0.8261501083005243	-5.7942132848558385	0.7342310644411667
-0.7105311290745715	-6.285751914628382	0.1643002335571182
-1.298206556981797	-5.1307391405015865	0.2236899598231638
-1.0103300871029126	-5.343842116415977	0.6866143599762582
-1.059858199499136	-4.476727328972791	0.4904584523976721
-0.9708136883355318	-4.764451530961382	0.16373399398778804
-0.7315668977326293	-4.148156303315216	-0.14841945489816466
-1.9340325012302961	-3.761133494865144	0.7683704889481116
-0.7383677187986746	-3.362826657584213	-0.119064245331987
-1.7062897642409975	-2.803397923015271	-0.17367714589371097
-1.2857071191216902	-2.395918892067293	0.13735923152084006
-1.405766575149282	-1.854094223355903	-0.20908488208216058
-1.943497093634484	-1.2172458446113303	-0.8575249136499286
-1.5155296058205217	-1.272855374099587	-1.088277176137355
-1.022970226573234	-0.9703829774654931	-1.148909210629174
-1.6078808331971555	0.40985087709290935	-1.3681314900367552
-1.3811153587062381	0.21322337789366774	-0.8855132347361059
-1.0185545829348834	0.3897632780609843	-1.1371066252707402
0.006038566190108119	0.5464618428309349	-1.3562384572123691
-0.6711164936332157	0.7316434413269699	-1.3105355408379151
0.45684321416759527	1.2993321521430339	-1.5604614189228105
0.49157408746230746	1.1323215660276469	-0.8200061740310032
1.0247613522403944	1.740887706379935	-1.5827150016278608
1.4740087756225568	1.853808060954589	-1.3335085540461442
1.762716940232806	2.0807170797018366	-0.7354459243394418
1.6716023716668835	2.3339357614860163	0.26235767728112724
2.4532344514613977	2.3072137253937104	-0.1690210782720148
1.9554404437416926	2.487407847956773	1.3530391744831787
2.4815767032956177	3.781321010815091	0.9974825287092732
2.536403851531962	3.562246309937896	1.5250615673097108
3.8242623735576746	3.443122519986956	1.652815386545259
2.9162502082836355	3.426810934302843	1.6353498928552377
3.7723301596461196	3.5400097424239023	2.3059894654210824
3.366474146036213	4.850249948195031	2.1517451705949453
4.491834595278329	4.463723628454359	2.1539946501520864
4.27600866189284	5.053115198459327	3.3848158435792395
4.994602013079377	4.814224576967292	2.346568280005839
5.427011536861571	5.627788458123696	3.091344223746686
