4.323862847039194	-7.992967361248483	-1.1642071492838868
4.091167034328345	-7.135121336502815	-0.5041051070080933
4.086317912586369	-6.776349704340577	-0.718166463967247
4.247838754327255	-6.425389388816299	-1.4130232422066518
3.275710653723918	-5.709731439663517	-1.2655623640285754
2.905969112965862	-4.870630801068437	-1.4870261330272176
2.7157465503566924	-3.813119128135992	-1.8295237372836766
3.4707234432529726	-3.2520086812697495	-1.6576363328750932
2.9625549577448016	-2.5795942517736186	-1.880879778637636
3.386653554516383	-2.063303550218261	-1.7866632755469263
4.09339310779662	-2.1905137163560697	-1.8657328461370837
4.109367856629079	-1.2880216691191382	-1.1005541835338482
3.941062921266339	-0.6676861277165378	-1.1352593220192502
5.079004278782862	0.40840193373482603	-1.0788639400201212
5.178597007123396	0.46495192351824766	-1.0613939305054192
5.2697145588656245	1.4831304840092272	-0.16120816234600777
5.617296033868708	1.832511490797022	-0.5094874981003297
4.49665625631357	3.288617582310748	0.40213165619093794
4.348864057748379	3.053712063911311	-0.06214006129154609
4.966673277304032	4.312327837568178	0.23307073739430184
3.660742497261238	5.336664116839313	0.5049333574428903
3.111952552688367	5.112724695328412	-0.03189968482975514
2.5892791027027924	5.1803929481252835	0.46264360253938674
2.478001626110844	5.337064721959285	1.30930124329649
1.4553930189701902	5.326541416431892	1.4362405185360019
2.0262117985453667	4.821148540107978	0.740659566855491
0.41768250553442776	4.810150838159398	1.6593990749446208
-0.012315523096499664	3.322662458973785	1.6305331296412262
-0.21918825362369704	3.439933478574932	1.249823361196308
0.08526118627282275	1.9863257803916454	0.9532510982647444
0.4043243707439004	2.3412491078088498	0.9377402263351355
0.2826376929541266	1.2784470504444412	0.4745261526676409
0.3977061726303298	0.659703143082916	1.229790694660779
0.5569973011089593	0.49882884985354425	0.6485455603933448
1.505853677533575	-0.935763103244748	0.25427584885543497
1.8866820852226318	-1.2913751619378655	0.28280296286408346
1.8819494474451393	-1.6904402960652005	1.84010645765481
2.7121288947944207	-2.1732673995641774	1.3140016998305124
2.8117122809519364	-2.8271206390957397	2.149381210331923
2.826490615819411	-1.9289410347290679	1.8726002416734906
3.8077042111258668	-2.626449796366242	1.6516445958097228
4.362626183821108	-3.2014786305229164	2.0822756173703088
4.70825252300737	-3.7703624129192037	1.5351830218908895
4.918324155850156	-4.164218024078818	0.5610098080133183
4.782536937377236	-4.261016168383335	0.28101730649916223
5.856101056416855	-4.403864890247583	-0.09229766267731798
5.460475464265235	-4.830853515743611	-0.28791252396071987
6.4652932432796995	-4.61922744470687	-0.44663199065580517
6.64969554392999	-3.9886470072420486	-0.6164166715278283
6.820733982087211	-3.3566194405998084	-1.695205409239101
8.068981416902737	-2.8845889025244746	-1.4366086428828564
7.923654817896347	-2.789753001748741	-0.7825573478850834
7.928868165846371	-1.5495414691680975	-1.1649986732175672
8.576472359965246	-1.5874946479809202	-1.1315556980358439
8.999087208777269	-0.5921629528159054	-1.189527389187155
10.095543359080128	-1.2220493612630219	-0.7441738052068128
9.728910128841058	-0.4179471261500058	-0.4342473726858074
9.607412688740405	0.40114962416943656	0.37218531870391836
10.096174492083087	0.8040635247597796	-0.5102547345322801
10.159120269787136	1.4599032350408194	-0.26914003333451003
9.575261852102763	1.4755013442204254	0.8832394261211713
9.639081676203304	1.9478685919191043	0.25183142758626326
8.739577577802994	2.904767284999851	0.2008480209667205
8.628519240858045	2.9779140391794496	-0.4258834067906848
8.360690778716025	3.4628236825348973	-1.0903757640502627
7.218697099517445	3.060779869656753	-1.312517093772613
7.173094057827271	3.223543410725642	-1.3398994190191242
5.901634888902059	4.234068495787319	-2.241999389794986
5.440410869168621	3.7789025440809456	-2.134841752658724
4.562944527821993	3.0134484825706256	-1.5939821400331995
4.00459984587516	4.060434046245973	-2.14195300940784
3.6418060101476386	3.8131733750723895	-2.7492916103447023
2.8942985812930466	4.487372682041069	-2.532707872695323
2.2869350279429104	4.131537429742921	-2.7041080741679586
1.5421021361186837	4.343954322437059	-1.9099915713285174
1.4366598515439168	4.4581786035288395	-1.7886163775889568
0.13244654103500553	5.004277221138813	-1.4519896312583436
-0.13981004724766893	5.692008743317802	-2.0194405953950625
-0.9002948089053864	5.94882390817273	-1.0523039852693725
-1.621461912290073	5.08926711834022	-0.42477174905947246
-1.9070991272209266	5.623897432210201	-0.06274416122785365
-2.217465864054658	4.844364468445615	0.4320373213762574
-2.616745244338702	4.404693603012609	0.3507493240713174
-3.6062043428364103	4.590905355949024	-0.5398204678893846
-3.714833132595635	3.9670313665763084	-0.3373128997699874
-3.5364714635965964	3.7035272359694544	0.3267952457039467
-4.184732688179958	3.6128188469369014	-0.4629950437161937
-4.503108980424857	1.7826690676911128	0.8006559716253108
-4.0895440764245	2.505959341555414	0.10143431749506687
-3.972255691444698	1.3310142529700242	0.2865925841571185
-3.290403716042036	1.2797193275555947	0.6754812667372967
-2.9161574098744287	0.7574386055745462	1.2847189880336451
-1.7882903319856178	0.5762615547701065	1.7749075991463341
-1.686076756205667	0.16129838494818058	2.7791015771173297
-1.614270218173798	0.5452984567225899	3.0454698993675895
-0.8349110397835235	-0.024438162348235343	3.1773333473887515
-0.6556530791369284	0.7718210229750917	3.0292229797098904
-0.02886766068657992	0.7181026363969366	3.367781814097844
1.0531816151087612	0.6981423559386957	3.830584368478849
1.68661769491401	1.2090521943403834	3.320513310209358
1.9745028069369428	0.21772666784608125	3.645233274959504
2.372660713284526	0.4730664937898773	2.8987512102415307
3.5474916596627426	0.9784972231307738	3.2354383067221777
4.918318753190407	0.45784202682904407	2.64858002237272
4.86234669913932	0.40094405131779665	2.9624107259430055
4.887475707395964	0.5637262477522864	3.180318158136788
6.507879513902566	0.2904282560822914	2.4792936570905773
5.9895215844558995	1.1719313512535237	2.0710580094929214
7.076321405266684	-0.355719951624205	2.6568084330088517
7.1120035318930634	-1.020170355009498	2.134624687731174
7.246078836756896	-0.667151658662636	2.57110735112279
7.936929490242835	-1.8284783365948194	2.2717239076258786
7.710209030354535	-2.1189480831478433	2.5844077710907696
7.935144586279546	-2.2252651480514603	1.8231215114227415
8.392859115811852	-3.0225226158942595	2.497350936906535
7.805861092499626	-4.084389559684588	2.8645435158133368
7.672808530018025	-4.644640372324496	2.258291770039345
7.395828657710455	-4.359416556284415	2.0108639005747255
7.149188006757666	-5.523309582377405	2.8177544898703912
6.835436885941946	-6.346612010122755	2.5163584040740847
5.691191952493938	-6.181763790561313	2.1101693987086163
5.077065668014422	-5.835632967042744	1.7950944439426753
4.995024226323372	-6.530900299829651	1.916141550650481
4.015953328876611	-6.887191673168359	1.9531872067762244
3.5951846787867985	-7.1036829981077005	1.5936645989498062
2.7870600715504388	-7.084736614540315	1.496874880729013
2.0313298640349804	-6.933243065141623	1.8392644098929285
1.3074327688497043	-6.878304013647621	1.432114931588386
1.1642266125378475	-7.575188806425343	1.3639282445645624
-0.014409991493160385	-6.348752026388083	0.4443528683134622
-0.5579085238267185	-6.481829461459053	0.9275500741105897
-0.7801756699957195	-5.648798106178224	0.10333090594846706
-1.4124916047709601	-6.221169408047842	1.0661386066753162
-1.2145361246170154	-4.93377645959382	0.3664310821950446
-1.5052090623060972	-4.748582160053975	0.9822140501061885
-1.3410361163284703	-4.237963757827037	-0.3348651455623136
-1.9340016865003606	-2.8504469005128694	-0.2345877616161946
-1.4651590597524358	-2.649569305685746	-0.6690872769387705
-1.7096901141529715	-2.7576506625730324	-0.034940874985585624
-2.058017711802614	-1.426912507606861	-0.8836084606645951
-1.8360702872238621	-1.682260171883194	-0.41608224351798606
-1.3840016296793758	-0.7947961041964121	-1.7486322231887874
-0.6714926595879442	0.05765360243925388	-1.2446983339401174
-0.9797651806739192	0.2920144260462764	-1.3461056299433207
0.4790767876647044	0.9667312209386801	-1.905686786683288
0.23222601864793685	1.3132999399750838	-0.9518599179947516
0.5716373640178753	2.679521636661568	-1.2665117506053658
1.3063348526744312	2.1812636326997263	-1.2450092193838829
1.6910198313596845	2.289395847231631	-0.611344185344549
2.8394036801752067	2.8140139776980324	0.2857824010054006
2.1633295804826225	2.7223732879651172	1.862014081956089
2.6686810125158704	3.6948674115036506	2.0430562747151093
2.869079003103556	3.439967816386292	3.083652196653799
3.565172391651277	3.8948553015080156	2.1978888499958162
3.878839143664611	5.38295309380189	2.752759302700852
4.870146365822482	5.776101868395591	2.352292410272729
4.632076980410761	5.5278831395903625	3.326251507939851
