4.626735969287475	-6.969304954565261	-1.1391255943435532
4.3646794137461695	-7.334671501487528	-1.2773227011657633
4.00837133963622	-7.108455356921055	-0.6525770499551466
3.0432925284476324	-6.691349181820286	-0.6341877287519047
3.4157103183081157	-6.059503506597523	-1.339300656526549
3.1128863174022685	-5.31168339018056	-1.4594271684111615
3.701650843516477	-4.9811320388920635	-1.3627853168006299
3.089355853348951	-4.253968040973136	-1.5212633393643225
3.152264795408359	-2.9953909652516684	-1.8526393497681415
3.2498441746046223	-2.1971934845396994	-1.799410973233447
4.023619532001734	-1.11473306933153	-1.8509218982085092
3.9309727546024176	-1.4242315068262614	-1.6624166410512606
3.857208167107331	-0.2681190650101124	-1.0948815292428922
4.230998864294657	-0.3565974356217623	-0.7123295225113819
5.281674563210198	0.7712212470191371	-1.0796147161214094
5.337711243235566	1.6672199246793458	-0.24767782564801244
5.2286792270878575	2.0245071291697085	0.025149934604932533
4.800818841637132	3.128020115935322	-0.09345716152044886
4.436132758469909	3.9946871949653042	-0.410643778910708
4.051840638637902	3.7283119862666134	0.09192065936775856
3.687448076531871	4.628002932693601	0.5947779531511019
4.4217020337609	4.970897407675703	-0.04104657739726447
3.1884846042515753	5.57533555850441	0.9759308650352768
1.9586307156646992	5.033515509391067	0.7625085795904957
1.6456604205947167	5.251351234724029	1.0752738851862458
0.909825009160424	4.7612357661672	1.7585126630159227
0.1747113369149196	4.2912622840673365	2.0358227865005265
0.626172935760909	3.5716300670922623	1.8334163141783593
0.42925268283638046	3.680220399109724	0.9366211182339573
0.2797459252765766	1.9011617612988712	1.373387957799309
0.5507597345157691	1.3664765884412706	1.2945215428868513
0.1298647618087382	0.6335063533016083	0.39721555198473796
1.336637350234976	-0.11610142063990678	0.33644527109818095
1.220608553916208	-0.41477699870551077	0.12124304550364093
0.9132843981966893	-0.11967496306354741	0.39598469648584
1.4392417997361842	-0.6061778641972142	0.2754819490927804
1.5654854529852238	-2.224349742252428	1.3470997637138855
2.103958153733376	-1.3987899714015506	1.2082324151995558
3.409717823380604	-2.943061358205074	1.6407749902683042
3.2215198325295513	-2.931093785478462	1.5333151562921454
3.7866580770568237	-2.7315642032195044	2.5028330831568475
4.118062748932895	-3.7427869296247187	1.930606579938632
5.02390289676186	-4.032136058739125	1.5091709604520673
5.264644488172857	-3.7538172704173576	1.2372478879731095
5.764598336181319	-4.423024758708581	0.3314684062175224
5.679469077374194	-4.13383404956474	0.4061910601147394
5.81959198035472	-4.582331502574299	0.025867920533077182
6.366658001373974	-4.3379633864716505	-0.2378463371488453
6.4942097778102905	-3.5806473938294214	-1.2282144246770164
7.773211087898608	-3.997533525833682	-1.085987762072629
7.172104960681213	-3.1953937683239237	-0.8480544189374077
8.83473537000922	-2.86287657555559	-1.746031548486497
8.749762013704169	-2.7384385021726723	-1.6173727785152159
8.310530160617418	-2.2422907583874547	-0.9235362997509793
8.571167336273247	-0.9811147269965408	-1.5090028026923106
9.919156689849153	-0.9592222158637776	-0.6395975185391295
9.01624262778943	-0.6135699593349885	-0.6443857718566601
10.173302096550426	0.3929305024574393	-0.6755165385671446
9.69769987083177	0.8481929639703125	0.2850968350050832
10.18245631090738	1.7610567464936575	-0.1644458884715453
9.268190171370275	1.493348139301288	0.9522485366642277
8.609533077532522	2.7217402108794606	0.14226100986931917
8.190941693398631	2.5114153733383273	-0.596564260558399
7.839143053575589	4.004763341545044	-0.4283806152142132
8.110452219149572	3.05827094542291	-0.5275914419688642
7.149733069854198	3.350299834156306	-0.6382694477401873
7.253677543160238	2.9915250227688754	-1.446305887644971
5.989524312573045	3.542821486672497	-1.2796347022538321
5.522817905223119	3.2676213207375486	-1.6222871987615166
5.719230385029805	3.262260737844465	-2.7096398122247143
4.0284110597789775	4.072077450388797	-2.388261543767543
3.8664262552477906	3.6753221670482805	-2.718233039123194
2.4811612811760777	3.6061121867681765	-1.4728828105564826
2.8612019659587022	4.521280018956379	-2.266904520699509
1.8196348885705511	5.306459607711286	-2.574071059897468
1.2012979208254615	5.134776836999746	-2.0563756964410707
1.2820490265570528	4.913969436229904	-1.7882256261891691
0.08169728580851976	5.850697241090417	-1.3529617479241676
-0.8682819532068318	6.154999096971091	-1.1321709052577442
-1.467411211989058	5.729204225822681	-1.0828432898706064
-1.7080061667408097	6.2148852617639605	-0.9705774856414899
-2.064290676893628	5.365220331352511	-0.08504297532271476
-2.938815288890333	4.880668661981057	-0.45052138728207913
-2.9567172006524776	4.326809243016126	-0.0563194194971155
-3.639357737004765	4.042920180117949	0.039988257379224956
-2.965392960673525	3.154319132860575	-0.35209172079812956
-4.499345644846062	2.4711971620446076	-0.1400584192451697
-3.6323162365919526	1.879479416739373	0.4165057309597793
-3.9919286437151587	1.1308271320739283	1.0204402595808155
-3.625500926232058	0.6771438237116585	0.737820522895962
-3.73562134013531	1.2113433211691929	1.4134210577835002
-3.316936387991859	1.2410441602625584	1.5769573261541385
-2.356157179643606	0.5906969211137504	1.693834343422118
-2.070420675976213	0.6495064138994356	2.7478312447373234
-1.1490574021232274	0.8598355509027761	2.762069454060713
-1.0317779093301893	0.2571107387039302	3.1577068618618593
-0.7738691314028824	0.2497726289046664	3.9224353833480574
0.7434202279631792	0.26424520872207824	2.8875681031416005
1.2524575793183856	0.2063248062594067	3.4973750173280136
1.1486902279802627	0.3267177374606697	2.8657837358793055
2.074767165079565	0.5001233264731708	3.353066174877575
2.7196807803127734	0.1702367534788375	3.8040747212269173
3.096258225894158	0.8429322826862615	3.2454781849514767
4.5623362830828045	1.1795448562501418	2.323275831274534
5.261479578925483	0.8600471475022882	2.651952046377269
5.67056356339966	1.4504368090097457	2.3842303951383728
5.980585015164219	0.28464109603543664	3.0871938788551443
6.214377800688488	-0.15585321157069823	2.422390430179359
6.495044547783456	-0.19142077076479497	1.810551014134737
7.439490107541868	-1.0060529650038768	1.7484205653199203
6.861292501028961	-1.024425672070926	1.713700529063107
7.94250314298872	-1.0880107204911398	1.9206985249876838
8.693629711087473	-2.530958604068778	2.0915446665661444
7.779842771838989	-2.8638670864039617	2.712124003888544
8.316445541132044	-3.5070963807966815	1.860819951188343
7.710394346351298	-3.972322944413018	2.3324162015274297
8.146282048836222	-4.617083942541914	2.6949086049692625
7.269198683997402	-5.117001125491021	2.5478906390917904
6.680417422817216	-5.459253169963265	1.920308848646185
6.569965328105326	-5.2088953252583785	2.1651052972345637
5.468866599487367	-5.9343023409208016	2.173179606425644
4.617472493477231	-6.565653505214821	2.468777718933556
4.199561519049132	-5.847198172952727	1.8030655384767131
3.6160408561827992	-6.280618100556951	1.9074993260319193
3.3999599704833963	-6.5456539697650316	2.1510489857011414
2.406156227596329	-7.442752962241078	2.2397019186575253
2.5681861400357207	-7.166522978858703	1.5317186313804725
0.9784361399279154	-7.5180588473732115	1.6722665211846295
0.6123499236631814	-7.693670365777739	0.5592545303083574
1.0173151814037742	-7.496981299307198	0.8627136573643226
-0.10372969736268745	-6.853136410379394	1.0645736816591458
-0.03473371674813319	-6.772772735018837	0.5193381675817567
-1.4142069611361547	-5.924571554844385	0.9941505870385626
-0.5273164304613971	-5.27750456434454	0.265831831901832
-1.5068547040120441	-4.078748293802602	0.04816937521951903
-1.8240106320803782	-3.8435599696828566	0.14895613405850966
-1.55433432073078	-2.8130142189307126	0.18824245735572837
-1.4687076680188451	-3.031644467011109	0.3894359981581381
-1.8217404206283478	-2.655639398983821	-0.15326427503210538
-1.4681586963078659	-1.475047972947812	-1.1754258805610607
-0.7101872263027935	-1.1836603210136232	-1.4203301024326933
-0.5986004570624699	-0.453178644583192	-1.6795302869457074
-1.156861331296816	-0.44572959428642844	-1.6427243291447966
-0.004556569912635089	0.47972190593650327	-1.9891469457085273
0.22064044153226137	0.9866397367657841	-2.0258668683000973
0.5028066016980934	1.9935589078964386	-1.6236125201881475
1.6465110360019228	1.7021793783963586	-1.3147380916656575
0.9554648769908057	2.4888256485914124	-0.9104172298740237
1.6530107074127849	2.0159187974802615	0.20646380441982626
2.4720751213221868	2.2723192936273837	0.48835807020951255
3.3589365253488177	2.6896017393833955	0.6457920193725383
3.4997338343916313	2.862122616553889	1.1286933015702765
3.2960946937698283	3.354470819085572	2.6404846961994872
3.530422505516838	4.266557547025407	3.123604539183472
4.335686705918388	4.655620868754745	2.7925494165953433
4.149738216935465	4.876925570048565	2.74964736728644
5.535941072012001	5.473390189903306	2.8303625223924835
