4.7028095646309165	-7.637440245207225	-1.129407343766995
3.97893467149112	-7.304991319279005	-0.9048167713560338
4.125869467961869	-7.4614096904998455	-0.40622636276131296
4.417515070255514	-6.642441127084908	-1.4895768220222851
3.657873278077859	-6.316558345604584	-0.9495088573859229
3.1265230430480133	-6.560173808964293	-1.3106861853923797
3.7883241191524437	-5.709901921203871	-1.2595598797358754
2.7410430759230415	-5.506861668357806	-1.170520235320244
3.161243364762103	-4.399604878672595	-1.6110972331709477
2.8657956306519794	-3.865328160497708	-1.7736144579551838
2.656865354793458	-3.8501646162353067	-1.2186720490756127
2.850578919075823	-2.9148690008024274	-1.902605532989453
3.5381441976595296	-3.324624944992769	-1.9117337130108183
3.8036558085251437	-2.520533300325985	-1.6143261577855885
3.3296729260805344	-2.6894994065126627	-1.801538808097809
3.920261434288837	-1.1400831211080968	-1.4452112166313094
3.508813719012964	-0.8319533375126884	-0.9573445284028623
4.046234535994616	-0.8365287737235142	-0.4794350627981907
4.848685227269871	-0.21504444224930552	-1.0455347656523137
5.277419274979055	-0.4996503008110944	-1.2239577525741043
4.445795367209305	0.8682606650931011	-0.8668842892765977
4.684750987508486	0.5019873778512005	-0.9568187763484561
4.617075185055145	0.780904975672259	0.40839848748992147
5.415580401763155	1.523802965772914	0.021615740563525332
5.272798278272144	2.6403852267846437	-0.30831573743495644
4.404348200068924	2.399707610511476	-0.47012437472255114
4.5536441451425524	3.6488610259056866	-0.03969639607159159
5.21724941146395	3.4639848362095216	0.35828074658321846
4.253333836119128	3.6923471226399545	-0.38885485073528103
4.719604212973712	4.187274882731132	-0.2455056411978404
3.860653973105952	5.293331990410125	0.6183299223762146
3.5221747610242637	4.920496064537746	1.0669152537303968
3.706955279275795	5.47850063499296	0.003473769058738474
2.6904583786894802	5.070261205980498	0.26764704466976746
2.3823734065710194	5.169542833728105	0.3221118626786783
2.123152267363097	6.045974818000243	0.9465696137040215
1.343851654611829	5.472642746704304	1.7312689182972294
0.7846130596502691	4.56454986900412	1.5580745163823453
0.7032140513158966	4.609838667191458	1.7274807068132045
0.2763490710813006	4.136719761277161	1.6148718117327139
0.06320277644835554	3.7279754982746756	1.6346796799835799
0.8925641703473544	3.2012315207401763	0.9978490541246484
0.18988523252220363	3.457422843875808	1.8615788494212322
0.24337336922384878	2.3715125281574405	1.6870268455982922
0.6223109254157708	1.7603825276653184	1.1192370245618162
0.2606425820248499	1.1974501382898206	1.510282863811582
0.21521037311685787	1.0921859783283017	1.2780992350055378
0.47248453703349474	0.9799707908796402	0.9987442729481951
0.7201277898747092	0.2141830130454164	0.6456500893900888
0.4687841557469165	-0.002442160587347586	0.6792067040242326
1.4229836846285608	-0.3792150309368135	0.09005357337217236
1.9041353689551237	-0.9698615707244493	0.8729683694676078
1.2772262507357333	-1.5392519389158568	1.4439552557872746
2.103599745654929	-1.9637693338483966	1.5325419090698955
1.4208601952470508	-2.1186458748333807	1.5103903613578362
2.561990957138328	-2.2707087392846965	1.3349067176766158
2.2050842305031093	-2.1921880441372945	2.2921362794168276
2.890197686335423	-2.1173592787337534	1.816122450203781
2.6965489252732033	-2.0990646663477275	2.5282438582246205
3.340850263897687	-2.2033656846923337	1.93731957284211
3.4615949841880442	-2.781805844709033	2.289347841165107
4.0502462083861275	-3.3762854119472943	2.3000536174605206
4.440185015590259	-3.3234628440014555	1.198866153782582
5.138987142717869	-4.036750974233975	1.1123277380409538
4.942269771784524	-3.6881750667585225	0.9146310529879977
5.10781657202214	-3.4583732156738787	0.6836119858089065
5.3249224105723885	-3.854604647170719	0.387976277534936
5.466781301280674	-4.307941799265609	0.7902985941988763
5.937525957603692	-3.5718985483562578	-0.599564380701306
5.830364028929382	-4.406688001292396	-0.18787301054419125
6.566832573125467	-4.188866845335966	-1.1222864841648315
6.865036305430982	-4.531587063618437	-0.7401505839505993
7.2434764098857825	-4.149936593931849	-1.5978651139692177
7.829441160340687	-3.9221767091545714	-1.425053857760954
7.105063790698319	-3.512197403244985	-1.420048079192983
7.7035768731288625	-3.2821514474664	-1.2951192845799062
7.7678788190825685	-2.5483744733267404	-1.689300427410761
7.7065371676456795	-1.823024418350926	-1.3896296539307147
8.090726058599875	-1.7998722702341008	-0.9103233791359024
9.442945068698586	-2.316681181886642	-1.5861568993737534
9.068737414990776	-1.6411151428563069	-0.5970521127951549
9.264222169459702	-1.7719262793338197	-0.5593808269085713
8.66985001923225	-1.2745731030833782	-0.8188004082223137
9.298801192274576	-0.9077575934512416	-0.23352731787461645
9.285033226709883	0.20877986431415374	-0.5826597385563466
9.399692982739564	0.8306525207363038	-0.6412940093729822
10.237839439388969	0.27757853392588805	-0.524977555990751
9.372612547871919	0.8832051238255962	0.43330511481725753
9.362809560383885	0.8948896875681703	-0.08829847252071454
9.339783529758892	1.5192927305963515	0.3955591842319405
9.477600363405818	1.473213283684147	0.5847127309786864
9.19857824829715	2.413502723644101	0.1922613854494185
8.999846630625473	2.1474078997369084	0.08857505900155915
9.305300821923856	2.9262381416775662	-0.14358077641853584
8.664279791266903	3.731499559064724	-0.4250169090260324
8.390644549893143	3.6257858527390954	-0.940324564739802
7.513322612248629	4.256877013265072	-1.115367257162133
7.227695775376622	4.073575476121484	-0.972642543751092
7.542373387554958	3.601611316040012	-1.0827778073179661
6.490788194340091	4.097505874315	-1.3890161215304213
5.980114754796026	3.3512724577810316	-2.2276465956031983
5.632610400926585	3.7424766157537297	-1.8775688543394862
5.597341299076427	3.5650634238289762	-2.6375913877717614
5.428904998601835	3.8161286269119934	-2.5719008442686104
5.0219151571486735	3.220086027602754	-1.7814357449820557
4.389928096087971	3.08378230939008	-2.2142829455084145
3.4029185602920644	3.2053227445468666	-1.9539006224166542
3.2600467413819283	3.7290292427946445	-2.4127809994033
3.1040950243218246	4.051658417242374	-2.018949042780976
2.967022853191663	4.443708212791407	-2.4914462545453624
2.493213801122993	4.842309600430669	-2.1607213601222
2.2302867925493963	4.1410744398720665	-1.9292621713413323
1.9226563863500554	4.4892504557542505	-2.11782951372657
0.8957765331439478	4.953958530704234	-2.0795695424530134
0.15298139873674166	4.963605139936971	-1.4572252044933025
-0.17003127691319408	5.598322460001878	-1.0497248150540794
0.047219501179538326	5.2325388332690865	-1.1433310204250067
-0.5060065010375365	5.1058535124412305	-0.5457067223152559
-0.9853289637712015	5.667202829906805	-0.8784848234823008
-1.0471347647408091	5.179759158296141	-0.31269061260988085
-2.0389219275862835	5.8752283059563855	-0.49185788516810747
-1.6292414659143712	5.306067011866243	0.10341834110583759
-2.2616001031711637	4.8131088660226835	-0.57337190079005
-2.3842487506975187	4.7695581473764825	-0.5715862293754181
-3.0545196317803858	4.442605618268666	-0.010646676033405411
-3.5493406215085335	3.97486919300482	-0.552608021084954
-3.9612522277905278	3.424432744942598	-0.22146938444001663
-3.4474312707109807	3.4297886839037233	0.2674457643206296
-3.909767210700624	2.8384434476953704	0.33280268284599324
-3.676290305116711	2.3493207994540257	-0.0632996566897211
-3.6859716451699454	2.5613584671433536	-0.07163792409942532
-4.435959652892311	2.380282453587398	0.27973021847318796
-4.363908195314166	2.446627854701075	-0.05841186561671319
-4.081260587561343	1.6373912815672302	0.14237217929594706
-3.1998942851011987	0.8304689073875845	1.4150446769206741
-3.1588201445723576	1.177377198929176	1.0271135645295226
-3.1729262587775153	0.891968472897911	1.1052500641853935
-2.793802604435227	0.5341332197401791	1.679307951882072
-2.3024179832636076	0.16671774504751946	1.856253013441711
-2.384349206385949	0.17973855764850308	1.7922566346320346
-1.7045991589745706	0.39599208496082994	2.6371590795912976
-1.0494580596172967	0.5723866494495345	2.3447438834804117
-1.1264693788630171	1.0130088779476736	2.764990851507127
-0.8253559045109178	0.9088254835547217	3.3775129332266425
-0.46305449043150954	-0.1560548678251666	3.8089365404358397
0.7950708241139628	-0.0021201821769824547	2.797535715094064
0.622963321035472	0.6744707580298859	3.665451958014624
1.207094527517361	1.0048966162173039	3.048941031760531
1.587292979052104	0.9665596354075281	2.9909519139335137
2.021715904711139	0.45708397620888	2.753437691681683
2.1962714782522186	0.32810731057933856	3.3744241897994707
2.2746321336133253	0.6148311540392675	2.923324635557611
3.4455698357638216	1.2388888436527326	2.7182561186050336
4.289747615529002	0.20917351283019706	2.422723318224521
3.7903524677450195	0.4757872379793202	3.123366447527941
4.349874395938587	1.0175294103481878	2.6572431618286205
5.4351383650144225	0.3350790649399544	2.985108328596107
5.509349552592326	1.1351994933502814	2.9981158134337953
5.930463285085372	1.084483722521022	2.829332969092502
6.532191126289398	0.6301988343154727	2.4032329132085333
5.902305580560992	1.1161627210877152	2.1693659648917674
6.8756224753790685	0.7778707311490822	2.299956642659873
6.48061612817218	0.4277577470724808	2.393262974862534
7.304020440020759	-0.02102722570487925	2.486186774769004
6.808393048853079	-0.4667710603248538	2.061140974036286
7.041591113245129	-0.9311763217423719	2.544254507839828
8.084522997632353	-1.21006804701344	1.815031939450103
8.098662755947531	-1.854215285498494	2.0140977872770143
8.448411516668692	-2.4292684238957385	1.9756777059520743
8.279981296159864	-2.3766719020959637	1.7109098730518844
7.611302147769094	-2.5901671222613833	2.5691509981063514
8.756416856093331	-3.298026322692733	1.9570765562400492
7.597496110506252	-4.023924448438329	3.0874557846195834
8.678683617296382	-3.9593326296379	1.8318870801246643
7.497790443148273	-4.311627310845365	2.116133440770202
7.408973801281749	-5.050917376405418	2.202298634958708
6.7392229393381	-5.635351961179237	2.3483429046611937
6.984541121723318	-4.877262837878179	2.5090802214691172
6.075047605942702	-5.243159866495801	2.4778430275694605
5.616473107812	-5.889891685746761	2.884550961785397
5.493608509287301	-6.256300179895441	2.121964925734674
5.7964011157994495	-6.292228450467285	2.5181083721803166
4.6418880972946	-6.554196100996405	2.261073607301032
4.246464249309774	-6.45729185209138	2.653977535718938
4.273467896138076	-6.320019585410245	2.132754035540209
3.5497734527466696	-6.16340693652015	1.7378016124657294
2.7120608992250737	-6.786534243160922	2.5055236973667414
2.964545723180793	-6.593089942056514	2.181642868233144
3.0401510549302895	-7.501554805728473	1.8377693562763273
1.70933094221296	-7.356910320375632	2.365618074900275
1.8352602167643457	-7.753173312181158	1.4209841945893738
1.2464115719076942	-7.537154731958774	0.7558509641881784
0.7993789703693992	-6.78506585706441	0.8344531870100161
0.8234710219513627	-6.87010078013024	0.27093512611686027
0.5185786719216976	-7.326866520563357	0.7048087521870084
0.6794391532195464	-7.259634042854855	0.49425520858733185
-0.4565097628208029	-6.953537928854604	0.5169301994581967
-1.134945840328988	-5.984271438619941	0.6523278648740042
-0.9304194008567193	-5.828281913548013	0.5838966242768794
-1.5228550681404334	-5.606864329572577	0.4198545322824719
-1.2954806571465074	-4.245265926866446	-0.0008809821881647917
-1.7015990992901748	-3.868867305763356	-0.04645626796405644
-1.4533590865966461	-3.9991462165772336	0.1393633725095797
-1.7780316190956267	-4.086216367282185	0.21360810677317454
-1.6902493616969982	-3.7275874551635937	0.8753742780183413
-1.6142273752283398	-3.4102699727397567	0.7228668110549947
-1.7927432709998876	-3.1844370555717254	-0.6748417966165869
-2.139613198038764	-2.504905386386871	-0.5476474544682192
-2.0624206198939468	-1.9434230924342688	0.22797550173732595
-2.0356489055959393	-1.934017521972617	-0.6301012476170254
-1.3258140951304325	-1.2110711099844726	-0.25853981041072904
-1.1061370814079385	-1.13791053199432	-0.7766244508365434
-1.2552955609388925	0.2268250282060208	-1.8469666147141584
-0.5654378432673091	-0.5524482406324991	-1.9730898223141964
-0.5086695582766511	0.06538595531706212	-1.4657746676568155
-0.15032987691965638	0.6683640562944719	-1.3622491728314365
-0.33079262728688835	0.521143982164851	-1.4019727920556284
0.06080076153576652	1.0677616657684625	-1.632191417047802
0.3833483355350496	2.4966396463635254	-1.9186662791612523
1.3588939145422672	2.0014225271963424	-1.1117599544246692
1.109598656343409	1.853947361218303	-0.6766164722385606
1.672144752373848	2.3432887538419394	-0.43859905759964823
1.8934085058309857	2.726932388211175	-0.1023393028340176
2.3734886507718875	2.859803523874864	-0.03248332169311047
2.1076182909073604	3.1474476945677354	0.6072806986344985
2.8928136736738654	3.214276660879446	1.3768158961251618
2.983425837245462	3.2366211592510044	1.4692606902118779
2.9053376514680807	3.3932767433506044	1.8158154172383845
3.062532884485783	4.032557781683808	2.2784048660664036
3.815654877126547	4.011495706219913	2.934640027774824
3.3594066657748907	3.8845366092584364	2.8755177036192165
3.817355132797815	4.6109038155274185	2.292706668920299
4.413620352590415	5.381745173090897	2.3275519036551033
4.242919285920192	5.095377515720369	3.003534690826435
5.5667597163733085	5.281911308248736	2.496236905535154
