4.491771823544702	-7.078226952048642	-1.379574644519068
3.754254681790916	-7.023587834141589	-1.0479841563028445
4.280973750201558	-7.112526464519295	-1.2237889951250347
3.4290038156448563	-6.757129748680768	-1.4696992803446125
3.470053207880248	-5.850680821993434	-0.6747683453171434
3.207029410049982	-4.732249215918717	-1.2794048121438915
3.066214855004879	-4.1455534754343315	-1.740062173109177
3.7382033005462154	-4.075999198712539	-1.9610380789157906
3.5394035839135904	-3.04573078158055	-1.1381247189728723
3.0774921571954827	-2.4326819294275177	-1.6839286098827273
3.401392967804275	-2.0536340004770612	-1.6141228546994202
4.15898484888473	-1.6640854596425048	-0.6634502327605163
3.957552939907162	-1.0719098478534554	-0.12091089535548871
5.245444340390192	0.2373709727844565	-0.696272535034119
4.688719366187817	1.0568637210180183	-0.6546715554708631
5.2375572303730005	2.9595167728869294	-0.6648485945092776
4.662742287841574	2.10516179419834	-0.05314981738601443
4.661710755889456	3.255900617561725	-0.11270616146125073
5.088084484364212	3.34328917435917	0.37130935108087204
5.461097531556434	4.423591100250078	-0.5322555264615674
3.904623541979419	4.508080651174158	0.14125474157338697
3.9088360983824244	5.481519839869039	-0.12693682229583603
3.41350439782699	5.04706221423213	0.6311481018636214
2.318091741896982	5.207892027223997	0.7509894892886743
1.5431320200819565	5.562191081701605	0.676017024596477
-0.6868686386797831	5.362718435379686	1.3114235327123671
-0.6465443933148536	4.786399747267417	1.1991947673553178
-0.23296630617815506	2.9760851716785046	1.2405597720323052
-0.963242655876959	2.5185129035896976	1.9812311237356408
-1.287532266927823	1.8685841132507872	1.1561303235991722
0.044575651871602284	0.7892605046557837	0.8099367544440994
-0.790388758825487	0.17016720452538173	1.1263965331818135
-0.4368938271260585	-0.2815432332757343	1.6414487312105184
0.5207214221221685	-0.39229781111511164	1.0704459730000653
0.5177480915861096	-0.6567036924347387	0.4324874443710416
1.466580688640434	-1.0229456798645036	0.47844309404691177
1.8841941967256668	-2.0683141242875904	0.8274332852187025
2.2618622033994416	-2.5208190765433995	1.1327184779393082
2.311018222824889	-2.375242075676154	2.1245627409082823
3.68419746250105	-3.1560799848409857	2.441659409824822
4.290930484997614	-2.755405303050337	1.7816904114951453
4.078886407476297	-3.0638817001336487	2.013377627357433
4.831335439170769	-3.3540419867938933	1.8147914457894627
5.029342132353495	-3.8608292544982237	1.5287758819540909
4.778957037012442	-4.160542611236147	1.1161347334998961
6.3854386274893224	-4.458288352236674	-0.0312227653892998
6.61987661820186	-4.806748752944853	-0.381486433953913
6.831957317900027	-3.7927663830463643	-1.2709410075750847
6.611388768039599	-3.7757356101409636	-1.5805462289890062
8.169438973197057	-4.250117545448176	-1.6624098549353221
7.507006113778572	-3.5212859042551385	-1.5748001486318137
7.8130550376315036	-3.262914803158473	-1.7744192107091623
8.052035068629438	-1.7997690232032255	-1.8625145924280195
8.375746925176578	-1.9035495891176746	-1.4963253312902687
8.870147628276799	-1.7773096314885735	-1.5171747560077802
9.383373990012458	-0.9574330259633974	-0.151404707003294
9.471079624334237	-0.7229665416033697	-0.4016523648793364
10.408532541682977	0.009815631373285783	-0.6138542328706429
9.749456082194186	0.7273985244421226	0.4969333002513634
9.654056503001675	1.2263844331337357	0.8786681898226771
9.139452067268742	1.5518815721248413	0.4873385508268074
9.045458827826401	2.3236523846552966	-0.08202472705536978
9.347061617972395	2.5423339599902834	-0.5305384990023949
8.429937002253073	2.7693284713830755	-0.13287734860680422
7.773913011846177	3.635849367343254	-0.985613260103748
7.716207776630225	3.134192818450059	-0.8307183234138842
7.170072601661538	3.029628267757067	-2.062745400352335
5.738568129803008	3.5996254569268924	-1.2164548170725482
5.0925613536016	3.247723525389361	-2.088844450341491
5.218462438102302	3.780410608272822	-2.7658236030570444
3.9577164776111795	3.5470349646665413	-2.017596257872894
3.9612081952452822	3.311285537207637	-2.1334984296730006
3.149514429387775	3.7490747829435547	-2.3198506799436585
1.9428270730914665	4.275735806341785	-2.1792784765694426
1.617328333018005	4.919256642812195	-2.684741344818113
0.9771357139486572	4.487261262667613	-2.4612383870497556
0.21920358113593802	5.213872196919798	-1.6007126419351745
0.6384704906673517	5.063057454755176	-1.3446998662826668
-0.5514449435579933	5.997289400831176	-1.3351196361936757
-1.4760575486031642	6.334361006289628	-1.3831373346705078
-1.0645475683792602	4.99832487609869	-0.3744836873182813
-2.090282798716178	6.01369851844285	-0.7178670060176343
-3.195506697520325	4.358539901179557	-0.08842869741483594
-3.589469092795912	4.075200437246927	0.137926628793422
-3.398372951585352	3.769955786576068	0.6474096191058216
-3.8973066147291107	3.4227084872097104	-0.35389737441052727
-4.121470242048541	2.9987574207082	0.6495104308850878
-4.362852895457446	2.5563011615744458	0.4357507170610594
-3.4051531936252544	1.608106228731522	0.32422310103861024
-3.8960561499512876	1.639882054851149	0.4126302727991539
-3.046751886648249	0.32871306075321366	0.6993735628452475
-2.6937859610540666	0.44097639738109534	1.3094838020151287
-2.68291706022808	-0.0653275906811388	2.117840726309546
-2.395841508757325	0.11658195182772826	2.3930925314829707
-1.408906190289196	0.6284512632864191	2.4237221455755757
-0.41169796906696066	-0.4402952595424356	2.888823936729827
0.259256520108195	-0.8098608922593542	2.7601326783904105
-0.2084444022936241	0.07753026377381489	3.3198250870487724
0.8805955007642049	-0.33283369479859004	3.949554874897082
1.0057798313645823	0.32495850353762523	2.8573185903332226
1.871776537775753	0.6699906883476103	3.3754587658642747
2.2671063601006676	-0.23407700447396407	3.504219223928588
3.9525708167150695	0.04041693909024069	2.7353112252878633
3.9846505056480415	0.13951887152042275	2.7757391963671507
4.432469731101142	-0.6597038258651338	3.3156343837654925
5.466414796516242	-0.7253182024326499	2.244810017639895
6.034371672097889	-0.5291262669588777	2.1389930712764467
5.928277278343245	0.1722630768415544	2.0667023744777406
5.773393686203186	-0.5604886258894279	1.9640968447676905
6.0975963428142546	-0.8160196090451435	2.2076925939736185
7.016587632023942	-1.5094788954667313	2.3339366608389174
6.845934400640757	-1.880383556573196	2.7889243961454
6.676946756776886	-1.5526954006985543	2.538247342287841
7.391927355750707	-2.728417568108435	3.0290400250586424
7.12875119822363	-3.411009003102876	2.15407154202264
6.78658597219856	-3.0675157930439756	3.1818506882589412
7.390716958469264	-4.130753769703297	2.2497065408295747
7.36851835051934	-4.223192232064935	2.5033913440295916
6.519553929703483	-3.995168429951521	2.18679608038733
6.696647159743163	-4.671101611258483	2.367214998696763
6.056600678119896	-5.3049492697758955	2.9275783849957566
5.173302052699403	-5.709755303236347	2.1001383460432193
5.312210911854635	-6.365390173823498	1.899862124172845
4.193240665014219	-6.755469969254553	2.7434892675109093
2.965319850206044	-6.236391607864592	2.1095921434585936
2.303863398751083	-7.0753488785819405	2.033584493555344
1.7404858331421302	-6.806290569575567	1.2348264738502301
1.2832221631376808	-6.869585596982045	1.7487927718209033
1.3042622187447228	-7.531192549199172	0.950474690400173
0.8712580095100964	-6.7995115259010905	0.3604450121523543
-0.15653056733509096	-7.142922516570202	-0.0024280317714578947
-0.20863912078746694	-6.686309613208194	-0.1981408824058848
-0.747021018157896	-5.958362831574934	0.18799279554287052
-1.3802069688670724	-5.442977229066518	-0.29002420063851203
-2.394884876138649	-4.621084699011387	-0.19178950003229173
-2.06075985712757	-5.259241120572913	0.8552671142197379
-2.1393437978802003	-3.968247367974496	-0.36121269999221745
-2.0997771064333657	-3.5616784423152903	0.13245152298529217
-2.264805618306373	-2.1153849121310615	-0.45463049503141495
-2.2335116018304024	-2.0620576031281628	0.2965916981761929
-1.8882122547018718	-0.5977743971013243	-1.064714299314049
-1.0346471554475263	-0.03709220356453646	-1.282327353096863
-1.0319485754568487	0.3300809659866334	-0.9389708109249992
-0.9135446985475557	0.2547127706377038	-1.0878610765207697
0.15704618181048013	0.8855829194371599	-1.8893602536681167
0.2487121480082612	1.5564178100143495	-1.0729893833003394
1.7356675842621179	1.7767285535330413	-1.6596744922279065
1.8419540665821117	2.425576728010747	-0.6393962372655195
1.5775483730606514	2.8001551292142146	0.22497327265172629
2.7112034498834525	2.879831735712303	0.4625341527018277
2.652287178557488	3.27078573027214	0.8443634746751025
2.5263288608073324	3.8330550676361512	1.239194145972184
3.3651197488896605	3.2019514513860137	2.392241508757421
3.430431263737912	3.843583372193017	2.0621283608804997
4.418447886711592	4.983388880518182	2.630377536387189
4.6481807759361145	4.780035951442737	3.4931417379505403
4.800563622136256	6.096336192653452	2.870153847415421
4.961869701700831	5.94718016690729	2.8185845810502674
5.53622038002743	6.803636763041746	2.564474837331864
