4.6180532891265464	-8.291769064429799	-1.1984172755751747
3.989304930815269	-7.1305092762124875	-1.0700263841892872
3.6992394854157507	-6.992065523236408	-1.1193524229098408
4.456420244560608	-6.8394172688680275	-1.7535012724520196
3.8569487937831024	-5.888676589659206	-1.5877367680206662
2.794049090960236	-5.549527730975416	-0.8575498233343826
2.8900090330136283	-4.630728914675852	-1.4372598875919689
2.666147357817848	-3.63939631938804	-1.1167658241433014
3.629644486838434	-3.685059731771506	-0.8807148090044494
3.6515552187397695	-2.7253967129527816	-1.5558474130334683
3.637022874170249	-2.276749872158773	-1.6596879586414828
4.548160049236439	-1.1729065097863305	-1.5315658785719661
5.097817277902893	-0.7731510387339502	-1.4844308689976575
4.776621409782909	-0.3007170096172125	-0.25612881600830195
4.566337791760099	1.8307302522628177	0.007943712637059841
5.093629224783307	2.1885307583322735	0.17039950706807316
5.175751469045231	2.0738280319307774	0.11205587657088123
5.34263371351636	2.4421817579546246	0.5026854841693251
5.461484000702082	3.996083239824198	0.14702237823196607
4.815346424564006	4.985885958254155	-0.3315350027294569
4.254102441263735	4.853624805541212	-0.3039242413183338
3.9152271063192066	5.541998137566746	0.20167122052488368
2.916944186504459	5.538727542561959	0.26493692472032565
2.6509056100336625	5.35893259395357	0.5227160385672923
1.2443992208183274	5.858544752881029	1.5386644579897024
-0.5413578090987803	4.64062479770226	1.071482068901255
-1.0350156735687215	4.510202945211533	1.453028137797705
-0.6102660620908953	3.3767341348312776	1.3569550533464576
-1.2578144311187351	3.18612276500706	1.4341569516865136
-1.0069786508706446	1.6639430600862646	1.5659209841069919
-0.9174619578841856	1.9874737468007528	0.8759191722919795
-0.20517325702289435	1.1121504260855621	1.024410755815252
-0.1452854830270514	-0.022095545513608372	1.3294097876550057
0.17152560015187343	-0.2651755952392061	0.49775300724619453
0.7766186735809117	-0.5724266785803918	0.5168383628083449
1.5041640072701759	-1.373406996740225	0.642183813709331
2.2399029962877552	-1.187197409586502	1.2137248943787924
1.7686375330711641	-1.3575773406965839	1.336816048797917
3.3927952930929086	-2.270182660646371	1.5281562952434506
2.6118418153722125	-3.135715596306418	1.7457641546318372
3.359471209034358	-3.34068062686603	2.162751803325989
4.766967194890247	-3.7881913271698573	1.8170056681259519
4.522537751897951	-3.678616966662629	1.3741937937425583
5.377221359420245	-3.8233971128601727	1.3763481171512888
5.027461519467895	-3.6377090569339514	0.9942622920709902
5.854308012004515	-4.108404638002623	0.10245782484694543
6.555701367286404	-4.0898403594006805	-0.5935805131132408
6.215677100564192	-4.4581385666648385	-1.0578088671298667
7.306782542928949	-4.375364173008133	-1.1833917472735378
8.023319864135296	-4.22274088834151	-1.783151110489412
8.145963542902406	-3.5431359799477726	-1.848505676276842
8.145834654489356	-3.1227892212558386	-0.7966404449522373
8.955784682966407	-2.233952572180215	-1.468122185701266
8.715884441706518	-1.813608588864033	-0.5072653755399983
8.484480467193698	-0.46640792402153686	-1.251820113644056
10.167831121359685	-1.1276386987043447	-1.0172043226530556
9.586921103786647	0.1392650695650165	-0.3247355749966291
9.713173021114262	0.9480483468059777	-0.7029677422777554
9.803635695746921	0.621016950736599	0.38991019864979615
9.220243376406351	1.7596678502710525	-0.07338696244733406
9.47907753961344	2.307529011805197	-0.3747109091061277
9.562728700694171	2.981606544437436	-0.1447333301845964
8.196240381148831	3.2757137554476152	-0.2568823683509549
7.995820114836444	2.7197122093311243	-0.7829949313225644
7.7907884299436505	4.095161835601646	-1.2009638179439177
7.490757057539196	3.2520138487676227	-1.646423661352029
7.333039771591058	3.764250103911663	-1.9308946425830467
6.2152469223186255	3.925218134159951	-2.0999501901618576
6.371454969459154	3.4512843448502997	-2.462078661061827
4.446996905270874	3.3057692432065147	-1.5117437278725432
4.703775774999388	3.313928508120537	-2.1799062687301047
3.718779684728452	3.308497231744732	-1.729410519447917
3.735617827641871	3.5483290364844535	-2.54920288321137
1.9452291226263865	5.089387877102353	-2.4703167420338246
1.793596497145444	5.059606626817992	-2.6010174722581647
1.6302180974436191	4.483032618756516	-1.6946112619507703
0.979265078541521	5.104772655497502	-1.937013165430527
-0.39165324451949474	5.982986518213082	-1.1936593238676716
-0.974574670764011	5.427102245917012	-1.0663084650315338
-1.548124450972164	5.696441633971847	-0.7086976627471968
-0.9725447343598934	5.2656984404335105	-0.7491108570733219
-1.740560788390624	5.442990527254384	-0.15308376809115098
-2.6293713496441242	4.900170673164157	-0.5596065106578518
-2.648213205337146	4.592524033336813	-0.4574217959849649
-2.9433326949573333	4.056110103504244	-0.34301181793916136
-4.033420015384953	2.925957363404101	0.7414182940072175
-3.873840792006009	3.282579534768351	-0.08012184817538032
-4.076332335222024	1.7682613206207571	0.35274345058214207
-4.189207771474315	1.387582113353786	0.41013648112364615
-3.8207017602280695	1.2265983109998524	0.581174559592261
-2.530182695617759	0.46519876105213237	1.1234491635074244
-2.84945210573512	0.6980069937703418	2.1741396032933493
-2.887541431625037	1.2561431700336492	1.5311089403368354
-1.729169165859029	-0.03031582705647043	2.8690581306803757
-1.885248159594819	-0.16938981176479345	3.3674143333278783
-0.529369859393283	-0.6845847743982716	3.3727831644830526
0.1447622582811362	-0.569829929684291	2.9699549195170096
0.01835647198130752	0.05253227666910365	2.830383999373883
0.8344982530822074	-0.7794712059968121	3.0008820722187624
1.396665055969729	-0.3724452848106271	3.0507774269988337
3.0276407111611263	-0.3390653472613177	2.8111355050959603
3.5752966110308226	-0.2555161100820458	2.8067343075891635
3.797234423267362	0.31438502187669837	2.6306218207774594
3.423968950401088	0.4359108673385831	2.56874107177938
3.976736554607733	-0.4912439291866713	3.387233071813009
4.618610498295993	-0.35405565419526575	2.8736218534439497
5.479626249429955	0.0190330211173948	2.8509979948542234
5.338560505871776	-0.20735696053560904	2.6794519881151535
6.341928489695578	-0.16394407632830965	2.2309015348702697
5.6281413532942945	-0.994201491621387	2.0154449751019294
7.259499761640972	-0.9808237474417195	1.7830571599359146
7.328242527558978	-1.5563373833519376	1.9150314114686668
7.490211391270503	-1.8630194723622489	2.5080426678502086
6.949965763474309	-2.365203136053461	2.43181876369707
7.159730904730161	-3.317516025417771	2.6158561653308943
7.5738066567996665	-3.0982074352671316	2.0176511374529666
6.944532226441494	-3.8174863063991444	3.353835599936968
6.562018977260028	-3.8468935076174233	3.1441738112650244
5.892068337427673	-4.787548134931963	3.168709669272312
6.437831824654857	-4.471866545782182	2.3745583410599944
5.689138325422178	-4.536477330454113	2.793387087798657
5.624086121719145	-5.44490812175355	2.7051715903972946
4.108927741533464	-5.625209397266365	2.1583889458371983
4.024924893417403	-6.871755854957613	1.835367292126692
3.0018662482055714	-6.899831508320585	2.7392087064472768
3.285395223510517	-6.983266748769817	1.8160033050150957
2.3295853568271268	-6.709248338415387	1.489164537681424
1.608599303546102	-7.595132121624081	1.1314068622857323
1.3791577455261013	-7.669417320896289	1.3917038238106558
0.3083632810212463	-7.17947653853922	0.9061039284408045
-0.5509874864838648	-6.108773193411122	0.22135331341680559
-0.2924095277403693	-5.631834258166103	-0.26371118028537943
-1.375547039199687	-5.263443319162254	0.0040927714953208905
-1.2598648402148889	-5.817569117696912	0.3077964008505054
-1.1904194979412306	-5.674183837811871	-0.14714990915884935
-1.7996888347868654	-5.288538694503636	0.18805358914438036
-1.8255988718560976	-4.341513559286767	0.2025476086335964
-2.481085777140472	-3.282357736055921	-0.09962498261139019
-2.293159069454069	-1.5549844637491328	-0.2667380119853661
-1.46422266779335	-1.4953088961694163	-0.8523039104637431
-1.4972753743092029	-1.5496925108129587	-0.2957489680669032
-1.216492322933139	-1.029241991885526	-0.7429784658372427
-0.7562024607483199	-0.26699749666327877	-1.1908810625394077
-1.1080240774464738	0.007918870925773206	-1.831300528724826
-0.3775211274549681	1.6698691685365592	-1.3521338995756362
0.4666821992111311	0.9742931056929603	-0.8034318229817672
0.4922493517411166	2.201709901927621	-1.5851260919836423
0.9901443189244712	2.001942935542827	-0.31598753974429483
1.3439058248098703	2.988411244184754	-0.32841624834631444
2.2635184801277077	2.9146550707285406	0.9090218378532025
2.1918788806257425	3.3187018083538815	0.5525591466421235
2.423691220974809	3.100905215707502	1.157524036849129
2.934565822658975	3.549046361440476	2.6488753272522843
3.356138854275742	4.41926828207841	2.0824014905160033
4.200489266581378	5.391738817016723	2.229615672157649
4.675558229134263	5.046558129891131	2.4441055109800076
4.863032526731939	5.708852977306015	2.7307288130918868
5.379980917936018	6.525930965078682	2.379318947102494
5.623471059112799	6.275240734765123	2.1779020917878036
