4.955633493275692	-7.832599048492684	-0.5172495338941447
3.725927493931483	-7.237656843133304	-0.8875938596460275
3.541245718668349	-6.957815173458904	-0.9467991584062033
3.292664622380435	-6.537094339417399	-0.6158518506571853
2.8393852324292657	-6.121877013915562	-1.6887051745452746
2.56877935569304	-4.799985014249552	-1.8147407337072445
2.5804982952197055	-5.01176880495435	-0.9341826986402357
3.4017261671740293	-4.070046297171727	-1.523043051131872
2.932794199180525	-3.1357473782671073	-0.9369870424632549
3.1318404987270383	-1.94875329096545	-1.8905370998422186
3.830006816095959	-1.8390442867346761	-1.2451657115988823
3.8988681074535663	-1.1615242974781452	-1.1431880802477274
4.261520220343001	-0.4027171850283482	-1.360434789552643
4.552427149843739	0.4505924642661622	-0.5644848995204268
5.297842597579006	1.6783851639406855	-0.1457370430193876
4.781635563897365	2.5663519853491232	-0.5719201300512932
5.465283383867222	1.9732698599096021	-0.3536279464025853
5.374439709307892	2.498087730861956	-0.1165337108006344
5.239759208279847	3.4361904883652885	-0.10597402457276456
4.65858386982829	4.468508644801165	0.047778068285013076
4.080794030285867	4.749131095225898	0.5577764765866184
3.4975346476786306	4.667624185389478	0.17714470789842696
2.980516785883543	5.269296320050584	0.984919552788614
1.9579898769097794	5.9829424574385826	0.8419344739963661
1.453382837560889	5.15722571373436	1.6010439758748825
0.4359591829327317	4.663666055553859	0.9898475062511265
-1.2150628402855956	4.380760356507814	1.9559701544225774
-0.42066393550017356	3.182750663635482	1.3320653452864115
-0.5919995630404826	2.374224237108576	1.4017323638788446
-1.063121265291132	1.9092066128406495	1.1147193735367984
0.026167920094261055	1.2631293892445776	0.8514954377380426
-0.0031595557645316408	0.494112822234349	0.5456507327690693
-0.36217072546977114	-0.005888318328076014	0.5087331399532322
0.7596031126328977	-1.1253286789637984	1.2242322795041187
1.544753676748283	-0.9195338522307861	0.9188100678592873
1.8702655646268402	-1.8542003317102007	0.6477054702925801
1.6774131673382293	-1.6205912366074868	1.4684425428975534
1.7675826341218777	-1.4629716189177002	1.1669693009455822
3.081143546449905	-2.576740117965473	1.4261171346622867
3.8653352284502396	-3.2276670680786896	1.5862458086391371
3.433474792087542	-2.9724026264023253	2.555074153708949
4.151496950409451	-3.6565551899703888	2.4856898865150994
4.4075468414046375	-3.5637180346775104	1.25990108573811
4.59050670775794	-3.6599765805671076	1.220091724631592
4.97393396706109	-3.5437626086008542	1.0042061780559486
6.028955878663962	-3.9873537575879583	-0.09960884242404838
5.5546064542294555	-4.481192094037543	-0.13919936385735765
6.110215367626541	-3.5749588547700575	-0.8722763794282564
7.192312062242156	-3.9029158015416296	-1.1200318548222779
7.395600923120695	-3.0557264402771884	-1.6437891114710577
8.021257298803036	-3.4682118319098936	-1.886633474213483
8.008089924086875	-2.231273755425476	-1.7946509905140469
8.705685000959226	-2.6641206112999405	-1.4719464577710277
8.981494792226496	-1.4957031963258987	-1.1590330351253677
8.444467636106232	-1.7611813047029088	-0.7428829579140738
9.905200704092815	-1.0647380676003562	-0.7611466180600068
9.327559280903223	-0.7167956157732116	-0.5134989945229942
10.227144709749096	0.15597745730047619	-0.7742434083959961
9.202954623434435	1.147837131769947	0.42640103632974347
9.71608629255359	1.2883632677827506	0.674504576098357
9.504928164282195	1.7355341876005885	-0.3991046371599078
9.51673065908655	2.443279664506241	0.3917321383163204
9.134829006036776	3.0233909631404323	-0.3263263888086451
8.126238035737904	2.748597894084956	-0.9219664816173265
7.9264979803258	3.1978752159519317	-0.7068317620344933
6.818945910772828	3.8372711828480432	-0.9039243375479864
6.867812289797028	3.925293310788008	-1.8811462468387992
5.879029356987974	2.904908684916163	-2.2738979427443846
5.769791669764718	3.005738785515892	-2.2894273907246903
4.917457666224503	3.2537526073507	-2.7781370936366856
4.26172858197207	3.370499958352083	-2.9312123565637247
4.152820010339683	3.7582181209312937	-2.314980596581882
3.0661560025519807	4.1965440180380105	-1.8786382157752912
2.4868738409001065	4.821699967382056	-2.5663179292442573
1.7481980100886978	4.620009355851643	-1.7235065582372386
1.7201632926442003	4.462185639586755	-2.4536456448976
0.14473313265057658	5.279560851835819	-1.423046475942611
0.6206512273661982	5.1978047148187185	-1.1817753432412847
-0.7549391459771093	5.249887705563675	-1.3881284910656764
-0.4710514759093849	5.155681818727808	-1.241702614749682
-1.22672905129189	5.210968876160709	-0.10090795233280181
-2.538573420196335	5.883837318433616	-0.6238848662046853
-2.6533494981759875	4.410925563146708	0.04708758037254157
-2.684472474403648	4.7498360564373225	-0.35870023654403643
-3.6888519263917905	3.6113900873409728	-0.5163791387494516
-4.124045297427807	4.2660257416814975	-0.29812678167984075
-4.434608811279058	2.355211873212734	0.26155138997126215
-3.762911157942369	2.7186564599817986	-0.10390263566690638
-3.691495655329009	1.782212260464181	0.21466315043644651
-3.9237261950929367	1.3080576035850697	0.4977114510739233
-3.65182175850493	0.30962045551118805	1.7651441249982196
-3.028294310307412	1.2842430285715223	1.605147352813384
-2.5271019970512345	0.9402401476518517	1.789723843457371
-1.870057048367803	0.17112839937285865	2.368403187482482
-1.9655529292452014	0.6850090819591996	2.416107595113161
-0.7509935006744759	-0.7172653800727278	2.8551957840043
-0.7411912064685797	-0.7365680043840457	3.590054497162453
-0.1501315351636875	0.30748243659745333	2.949257964965392
0.43521179132130594	-0.9105320787964203	2.9486234748568787
2.2996921976953324	-0.4845867697558623	3.078443219425463
1.7021113031819657	-0.3554247389234462	3.3055684213832657
2.8168513823941232	0.14802246937802416	2.6317938572759725
3.065510407220809	0.8599767407782395	2.8551161209589813
4.106661739014657	0.3611649964633431	2.8976605808752867
4.422280785542053	0.07204320447775925	2.3395288311234563
4.503970230965092	-0.40083319874917367	3.1281435579393575
5.33478132092294	-0.7293535687332415	3.1929041395154654
5.740678702466437	0.3501300425798731	2.2970974569563034
5.426478979384432	-0.41316534676161554	2.269598410889045
5.647784371649937	-0.6326382015251614	1.8810245017123552
6.930034941736877	-1.514819310199836	2.271366809596296
6.867913285461704	-1.2155665803300804	2.0691783024467076
7.39990461219104	-2.5005425108284127	2.4717161757075075
7.686324578637732	-2.750667773296655	2.395384226711169
6.884127135994092	-3.5827759025005026	2.0257184614343466
6.881690011655685	-3.299532176762508	2.1378683566511136
6.600400399309114	-3.8829776797148554	2.9501876211557576
7.125704122333942	-4.5254503689703265	2.4011268017841227
6.2591737076441065	-3.7564603042881908	2.3229801042994476
5.863203734656911	-4.886228343437842	3.1659204929391986
5.958909504787614	-5.152182605144386	3.0206764866197373
4.813479471219773	-5.777259999952287	2.545783324760494
4.402772793638475	-6.278549165429053	2.715872326084482
4.424779425731243	-6.805617188481697	1.8090121056063917
2.840099623351448	-7.067527764811383	2.732969875663273
2.1707765421641203	-6.259072950026719	1.3767533801564538
1.555404246168956	-6.785193551787265	1.8863371065181225
2.00339786458693	-6.983836694630259	1.2114362439889754
0.3713427952631274	-6.9919412600819575	1.57299414935745
0.7179922056045756	-7.033282894986627	1.0320089793663583
0.12043954630378717	-7.204047429773651	0.36310018793954546
-0.773486966914602	-5.864410729780755	-0.2453853446882598
-1.1114382707110129	-5.473056317809526	0.4031036192608999
-0.785430602440633	-5.842514784378013	0.1395934237163452
-1.3325306669999843	-5.9118910601249395	0.3558159519870978
-2.534029341367541	-4.8176780257249066	0.20007328085187365
-2.439660782662884	-4.677916613289465	-0.3386128605936914
-2.558832888242662	-3.5189571370904504	0.8044427368327912
-2.2551447278151073	-1.6240418379688148	-0.16009635279319395
-2.202266687312581	-1.0747267689995699	-0.13760272350037916
-1.873518829074152	-1.1584751090923455	-0.7833001618921449
-1.4073150166063793	0.27675177173165966	-1.5716135914502345
-0.8763402389016088	-0.23101763015000554	-1.9659556591723668
-0.9720845664674533	0.10343096871853058	-1.9725319938578427
-0.5972610132491043	1.5992067163149382	-1.6536499395895636
0.20304295642050407	1.29027732200221	-1.6139236293486403
1.1679276102441902	1.8027431698941134	-0.5591527359646888
0.9075609039629066	1.8659827952781425	0.01190242943465547
1.8061745720695148	2.1929910364130127	0.4373654374100938
2.625860880768207	2.7928920975627327	0.38209612837450074
2.6540720877534585	3.398761535629828	0.5156927354890084
3.550464950689556	2.9544273969698804	1.3035639027172727
3.8534378051343605	3.3161897139750627	1.7690628203066971
3.641371764747563	4.055797517997266	2.094247845975682
4.173971341416376	4.474369805961227	3.382278068381876
4.668825471409092	5.436656117622651	2.591574688188751
5.3554340388261865	5.639669283660378	2.4279220167169244
6.17640264746224	6.13976842752517	2.1410377597506014
5.463379300410481	6.366155093415712	1.9153000722056066
