4.478744793328981	-7.8108254572219264	-0.9942355895742848
3.411780107223975	-6.423273280939325	-1.4008824891462988
3.311697492583201	-6.289191374528352	-1.079177342677673
3.3347495848812656	-4.676775390910735	-1.3092458148022326
2.8234197606687115	-3.0578530829837964	-1.0624648453745809
4.174355325729568	-2.3598677926400455	-1.8837356711918836
3.9775465384825517	0.006110496320980596	-0.6104148558962192
4.798411802015412	0.5539542801950574	-0.9775814454386882
5.570302713004326	1.772107112787522	-0.195851379788208
4.376579832213791	3.5832588473032594	0.48477523312416976
4.657114204955019	4.485113551429017	0.20260976035203265
2.664375494390998	5.752268219998604	0.16322321007167578
2.0648585910568342	4.826169453398046	1.2791921834451832
0.620499551674339	4.726951323891093	1.2754354055586679
0.1452621841062614	3.694023025184933	0.9346154486772702
0.8882812374895106	1.7323235279118274	0.8644891432361768
0.2534289932247049	0.8340752542921588	0.8735156057448316
1.1964364679495212	-1.0314589405296297	1.486072369335604
1.8176478676103813	-1.5178363884953838	1.4573273171158587
2.6908630374575777	-1.9330703246770178	2.1891068712968416
4.556386705988004	-3.3440319763442665	1.7954811705268001
5.275798339232113	-3.371235553949312	1.016490627191904
4.743940489246661	-3.8706218276451687	-0.03165183192361154
5.8184937979942335	-3.7965628419281114	-0.23794990025656437
6.760543119277745	-4.190244108195322	-1.1825082308093822
7.717513653917978	-3.6270026915177125	-0.8735099655067735
8.035967155122528	-2.491638986070249	-1.655182466556489
8.781557070708375	-1.7837534102355856	-0.9815378864480484
9.506080665582111	-0.5408344653788856	-0.5667481542406076
10.065275144823541	0.9078553986778862	-0.4016573931354258
9.269236665027591	2.788327168645252	-0.02889123122184295
8.302670673965677	3.4859618256625584	-0.2711439673273958
7.264761847438885	3.4964803240825946	-0.8229469451351894
6.598992981524789	4.135958986559792	-1.5757528259410791
5.623870238020636	3.041924622681176	-1.9833278078184662
3.921515418088655	3.973105810321581	-1.9524851231072538
3.226481026506267	4.434249805912953	-2.7117810075825033
1.8486843502364287	5.07469228604736	-1.8828015201423476
0.6442175679025495	5.630015281599064	-2.2702020817420623
-0.36569882227549066	5.01084905492158	-1.1060059741056127
-1.7825034835358637	5.845429146230381	-1.0288472493353844
-3.0015550337867904	4.69138309284436	0.08126326633274328
-2.792207636789368	3.7016594706440564	-0.45593988575743066
-4.422590996821198	2.9395061701729746	0.11537986244979681
-3.6241527088333703	1.6441895346661881	0.3714669486798607
-3.096981217326335	0.3032222026220837	1.3060247404404781
-2.2669461578997803	0.3148744378057877	1.856654684848465
-1.7587989184040391	1.0007402765587716	2.4985848683849676
-0.7392640215313443	0.4964236759880504	2.6782635428155213
1.6494879417069788	0.35733801573928364	3.1241565912075697
1.772601129079615	0.1279165526928716	3.768536697218191
3.6592803392051696	0.36398317798798796	2.784391057743865
5.195738969474031	0.4170467305905329	2.6665480726900572
6.07266446895233	1.142727644354084	2.2409180072594266
7.308601111779092	-0.11913142290653495	1.7141888837269619
7.802904231080424	-1.1276733283315625	2.1428016509131145
7.989865811422064	-2.4090721646291247	2.0358113373330546
8.30890432189249	-3.5532221243283812	2.0035526690041534
7.287002790708421	-4.902755516383035	1.990362670292198
6.696189997428859	-5.600951897933878	3.188700409044019
6.399124286322767	-6.6008545658902396	2.5004396744614956
4.585235019289756	-6.428016032144928	2.0141541635233224
3.8576304666427053	-7.046861288404453	2.18781985326709
1.8834728908688878	-7.128855292065833	1.2725910166766488
1.2200663046867943	-7.237183000775688	0.6133066704841297
-0.08166001446244786	-6.234675033247451	0.21394100802722876
-0.8225034030583478	-5.600248138552733	-0.06364133227035695
-1.0737546609313058	-5.082347094699496	0.36350384467335023
-1.5449037568286283	-2.8524407580280933	0.11331559699075683
-1.9330666623639514	-2.6084785986422223	-0.46452463192600274
-1.9128383681292633	-1.3995650884171797	-0.6139020633904353
-0.859952513715323	0.4355752264540723	-1.439153697996783
0.14676699191016152	0.9731476795209755	-1.4488852457144652
0.9411424426347543	2.593808800210031	-1.3618737663847447
1.3814420502201492	3.3097691104335	-0.3775798383667435
2.3640682009691205	3.5035925224065316	0.8526618404389765
3.7159216434483078	4.33809844927689	1.7125078554290112
4.147386879832096	4.426011755924005	2.7538069689446845
5.091741632586378	5.310932377954755	2.269554494260939
6.361814669457768	5.863272182443659	2.0443426698823672
