5.151215979311763	-7.474278315775763	-1.2407054540838307
4.162833215074474	-7.102459419733757	-0.5473559571626633
3.8965835076400435	-7.417147362583005	-1.1638155066643316
3.793894359382768	-6.732795221078866	-1.5400980318095308
4.032639884638772	-6.661020855345048	-0.7689698635579378
3.4505098006085757	-5.734587926835556	-0.8219216094268442
3.7362448396966013	-5.399225237071157	-1.2965500368496314
3.004101547591677	-5.71439234929131	-0.9128126553096696
3.3588857425596608	-5.107140255073552	-1.0825676555820118
2.682014610430207	-4.587783095031064	-1.3835774348235415
2.8189243031779676	-3.880786985420702	-1.4255814465034797
2.7133502589785596	-2.9943144917544817	-1.383855481932133
2.8241746261588845	-3.3657499668629214	-0.8579919032801089
3.588013221514557	-2.655303412749264	-1.5573242400841925
4.196180337835431	-2.779391049700519	-1.6828374930407906
3.5071436765718134	-2.367587981015209	-0.6765554614199036
4.555001621003745	-1.776164006188819	-1.1883644343874529
4.1164873165896605	-0.43022030313002224	-1.1792784413438078
4.313878617399102	-0.670029201586138	-0.8803271311389902
5.249514792548369	-0.26846504315113895	-1.0003668813818103
5.028025978909961	0.10391547420353031	-0.41935632754900154
4.646362101866021	1.2010359332436344	-0.6245754105849421
4.439926637983077	1.633078041657099	-0.8594936227677874
5.15674245555736	1.227799254829189	0.07379696840952832
4.688347473538782	2.4459974681646997	-0.5192335624975521
5.298460885953965	2.790172092809831	-0.40318723506413917
4.3419404325213575	2.911007614040361	-0.30171850282199464
4.259569452005773	3.109565626699677	-0.09338432372099414
4.434519443503923	3.6584822088098967	0.3642471329222033
4.258053810530821	4.494199055750262	0.8465874754426026
3.559058625585437	4.888693473732005	0.9097075132400652
4.149246281725881	4.847864425239433	0.5666349469360402
3.339508702722312	5.701152342670381	0.1628827529264112
3.7798971951503044	5.3268596961014305	0.24307719817490114
3.4044925228379643	5.096953860427972	0.4022463982026864
2.1635021249612	5.008324372503674	0.5801936835755991
1.2887905006290876	4.861572837589913	1.9203656830739444
1.1055263119859993	5.768535984101242	0.8187334900970353
0.9160043456084586	5.17061338821592	1.5351612308642189
0.7691969556074825	4.953364078435291	1.5554585328140145
0.022316942475128505	4.117988355890368	1.8508870637946977
-0.132291862268055	4.08305229753107	1.6143471794459299
-0.013936379034144908	2.6189142621983263	1.6440628356049454
0.8081225960960773	2.1633195467392317	1.3585058874827922
0.3909919212726646	2.1379072053094617	0.9432313780774999
0.7182705081541211	1.788160882944184	0.6813210608895238
1.1981484867315764	1.0058639117709542	0.7646603302903687
1.1842142796390673	0.5895803356318328	0.6097673814486833
0.34643184758007084	1.0112895168916713	0.623983952087702
1.3132363591761687	-0.38713698604744334	1.1630338395840125
1.1667247326665358	-0.3879322428645141	0.4485400868076147
1.249750162625399	-0.42321242695082795	0.27054420928249906
1.6091049092171759	-1.1352440202021146	0.741107099594632
1.562264157391894	-1.2176171715944193	0.6227150297114679
2.432867482094175	-1.8616246843244868	1.179318918918451
2.333649729413034	-1.8624268945837348	1.8714682783166892
2.7384534356077257	-2.1496299777667898	1.8666446934498029
2.3779748200065387	-2.4280878542923023	1.9187373832910657
3.0715130544309814	-2.6370685663473123	1.571119298223762
3.4345829302951367	-2.744915578310527	2.2002948057947407
3.9583317597153984	-3.3905603330987226	2.51084833594126
3.6604066620262747	-2.8715830291957305	1.6704317642569524
4.733696970951229	-3.216787611486337	1.4272663315797427
4.484228617429785	-3.907420525572267	1.8644159753833978
4.396010672574819	-3.9703642333458724	0.9560172030745993
5.032993089653108	-3.174025397559479	0.8813575021542172
6.0276116371729485	-4.509209234161508	-0.06531101455622845
5.324341252560007	-4.569706899200351	-0.18245147698506914
5.996973369881831	-4.296380156109556	0.317848939218741
6.8034336013119505	-4.789291286366012	-0.8461985275164513
6.832437844316218	-4.516364547828181	-0.675693981809969
6.267346661876309	-3.4972897701838033	-1.18392239652789
6.876645645221698	-4.57214577777472	-1.7442957408554367
7.49245880366113	-4.377770156726149	-0.8718408363749091
7.080437273531166	-3.3583812722216777	-1.177761204242844
7.284979996691455	-3.539020329396472	-1.7156038677650047
8.214539499073162	-2.8904130129566505	-1.0820460322925223
8.531639014509958	-3.1082714135109626	-1.7936968048762862
8.940107615431131	-2.7319796276765134	-1.6025486860445914
8.275736955669313	-1.563747071723173	-0.7735636905086731
9.526681269695832	-1.7262434858042193	-1.5386981065372594
9.216789535654444	-0.7851631268500403	-1.2309087372637413
9.070988590985088	-0.49311547764817987	-0.6235191902007555
9.52892244496573	-0.7210960564557743	-0.01051903081978156
9.290213165326543	0.49832703251018085	-0.7381240640180637
9.242823555475399	0.3423926396115626	0.25840002049474176
10.331018368864449	0.248948306228353	-0.6609959634254021
9.5519130702972	1.1840973410188163	0.2834051661608714
10.44047404877569	1.2648647224483316	0.08191676801476461
9.21895052405781	1.8781938310292579	-0.2361468041490415
9.193666064611927	2.450173769511714	0.22260505712349982
8.894226281120408	2.8621514586089853	0.4493200474908777
8.788573330076213	2.986725118182425	-0.49148489908870735
8.28975578783884	3.627122883628777	-0.4032945981182035
8.12678997127891	2.6066890418480355	0.2515321684306715
7.8734542359843935	4.004691546822125	-1.002088779962023
7.333938202579861	4.044237997164907	-0.8021278211673609
7.2416309254847615	3.4117984570545907	-0.8565082792157758
7.719939472083546	3.528434041465027	-1.659039407056118
7.089465133557523	3.785986317658094	-1.4827985652919806
6.26719175854093	4.179393093915632	-1.8112717233792746
5.670647352990899	4.04265248115763	-2.5389017924245505
5.08183204096118	3.515783785180831	-2.500255815348342
5.032244815392005	3.4148189194294942	-2.3775257042029803
5.036821524020441	3.5866134770384313	-2.1003268614752573
3.7912579240337267	3.618509898432062	-2.7270069692084427
3.6138359282044816	3.79309604697462	-1.786709263093153
3.330329902801991	3.537366958344488	-2.3171734342358157
2.899741480057746	3.6817374362639734	-1.6676035808456344
2.6413000315491457	4.28809733516319	-2.3430085747851366
2.4007080118519246	4.185571041990032	-2.0874432165752896
2.1026662331851247	4.164174707572773	-2.0174958928341167
1.4270894372033398	4.272029397030708	-2.3926047689492975
0.8420166167959837	4.873995825146959	-2.0739026573522104
0.22131982294777724	5.303926400988766	-1.7351546843537378
0.2744962195968913	5.554945899932734	-1.6991938959204216
-0.586289849931965	5.5654345515496795	-1.8191390856261407
-0.711256522000985	6.300099557876552	-1.6405837731545934
-1.027813099144865	5.389086038417204	-0.8318807069074037
-0.6985415331823832	5.425881028123062	-0.7421548893798684
-1.305074406534379	5.518942663465113	-0.16865045055395478
-2.4464977088717412	5.700417380242744	0.044833650427167804
-2.8871655085925747	4.666111736120772	0.3322985708706391
-3.17348822611832	5.591724690536633	-0.5760266030010727
-2.390349303599178	4.362208647508206	-0.15338720486930085
-2.5845982788226687	3.933287068272718	0.16817220165744617
-3.5944486494988457	4.647969440866884	-0.49174363554102435
-4.010557454515161	3.750383098835694	-0.1538735366726331
-4.201840493916333	3.440586411704712	0.33625388571425463
-3.9645778918684855	2.3574918423212123	0.08213051548530104
-3.8970128440069733	3.1235724888606673	-0.30201948880668755
-3.666809331955809	2.430913706137889	-0.3130000420200826
-4.280945349608693	2.111846443923115	0.48722410286340273
-3.541212824006712	1.424846290934044	0.5123942452537052
-3.6196898863048017	0.769808720977162	0.34352271763760345
-3.4902198650310527	0.47124531077529364	0.7308071258377278
-3.103703505653752	0.43101282620160364	1.2394591356572366
-2.7632050248093885	0.6660029824838241	1.669954275952164
-2.371456453976697	0.9991927767953589	1.739117375221489
-2.5457779525756834	-0.014155713251098795	2.597227935249812
-1.3874919518723876	0.021059595500949074	2.8013992671229326
-1.797096834979897	0.06350517913116818	2.649270975512728
-1.588922887213844	0.7664680795732312	2.523782677131985
0.03778119270279645	-0.1945846651344527	3.0218412522376106
0.1994455979640355	0.5426494652700466	3.4420385717127626
-0.08365037848699264	0.06518921186830262	3.679852889328895
1.2625756596038078	-0.08892050533372	3.445951387742884
0.6346453913467005	0.060620527814810324	4.098822500160744
1.1449487025218559	1.0068043184276299	3.504389063472411
1.614730944277353	1.1606578064819335	2.8585903958452037
2.1733199333530018	0.5943389341665023	3.402276730910224
2.6711360540284943	1.2343140528720038	3.005168469861785
2.6987722138473678	0.4153913610647502	2.577083038144288
3.3215902996859756	1.198640315655666	2.599189265829127
3.4541996541239786	1.3973070019337661	2.488576598866973
5.087285917053975	0.5723244003355301	2.5048903508182527
4.297202744278259	1.600006935747504	2.6332917498064403
4.73179656708832	1.0686487358035153	2.5458273472624553
5.08243548852408	0.22898689811745568	3.4209565561807223
5.677086421569655	0.7775123350451733	2.12414125761427
6.196654502719401	1.0816123862286082	2.3691545099963682
7.1012877228464015	0.003130914609603297	2.696203454263122
7.138726368507719	0.10228185125877032	2.472499249875424
6.56406213200048	-0.45634544303673863	2.255397074799758
6.751677075265901	0.17656686072543915	2.010546076431814
7.110048191608501	-1.3088298738683897	2.115651283835168
8.266068037320213	-1.311359670293427	2.159932467918969
7.6912496614209465	-2.2490830744163075	2.3086118674513507
8.657083050076361	-2.6387333576327574	2.33446617003274
7.708386149817991	-2.8512748093319873	3.0851335934553785
8.608428232008698	-2.996511677214701	2.4187288523426425
9.09490028697296	-3.8575597541994986	1.9886530724619376
8.798338806673714	-3.664140848321512	1.8227910330737276
7.940149073746928	-3.963546465189924	2.3706944973149673
8.45796538832709	-4.330762187082084	2.031948397988814
7.004253262912637	-4.315089352946027	2.4957801464644307
6.887071667895413	-5.143167461767778	2.1073901716998313
7.5319842633242535	-5.131784170038779	1.8898874908612624
6.762013677166455	-5.941625183674691	2.574058094368902
6.06451525716016	-5.793599317345401	2.39380911990017
5.664007653110307	-6.3868268685784715	2.5955326002677834
5.504628724414513	-6.704181736114	2.726087765989851
4.859184924708066	-6.293945276340439	2.770143247770872
5.2065497931159666	-6.637418442622278	1.7547456477847643
4.248674433507151	-6.171469553594555	2.2439136739069694
4.311499112089887	-7.121238565824281	2.119815770750807
3.0396758132010064	-6.9706838422308275	2.4742940518385947
2.6678451567210963	-6.6713720388629785	1.8485216409899925
2.175012373076411	-7.383748820001641	2.5602433399310875
1.6081137987338852	-7.068679226585383	1.631625324565643
2.0831197162055295	-7.687859872861614	0.8993990185523421
1.0670246352884898	-7.436980818087417	1.8755831104348388
0.8775024551508486	-6.739813763201715	0.8086249550802916
0.47709079717616754	-6.697165402301481	0.9685370982257169
0.2376292103056299	-6.374054660376789	0.6275354846170226
-0.2554577425343393	-7.277442739236631	1.1665523185864792
0.11668143009727627	-6.8969546592332245	0.03510021053054602
-0.49700868095664075	-6.588369102786875	-0.0026704987436070304
-0.08319180888544087	-6.2153118892839	0.15504250117844343
-0.9571529768066886	-5.588765356631591	0.63529805684852
-1.2886327868794412	-5.282265907065769	-0.06598762524956209
-1.209383744790047	-4.966124856621871	0.26647955865595657
-1.590403869878813	-4.007147638660639	-0.13774804369110105
-1.443878185009458	-3.843260752489953	-0.4395232893272833
-1.0532778108640124	-3.9853749193974197	0.4809842271182982
-1.3179387880246927	-2.934158874170321	-0.31675698952403175
-1.636493146485216	-2.9452177925079885	-0.30495339471555916
-1.8369056659930694	-2.0484172917361434	-0.2702290162294486
-1.5741607087424232	-1.4975041248745413	-0.6781271160713105
-1.1639252986017528	-1.5723895809468675	-0.9704371507006813
-1.6173238564431545	-0.6030876633544067	-0.6824102670092145
-1.4211884042836584	-0.8588197833521859	-0.6514046250939862
-1.2676933771242616	-0.49409716240237284	-1.3244494472852706
-1.2129423245318476	-0.04826450365713675	-1.3634885814272932
-0.8845545891528375	-0.15402971879922825	-1.8912640878640965
-0.8647632079744247	0.8038527877103255	-0.8646403023778606
0.18390338003029372	1.357817729604605	-1.6790327041778705
0.3600905532487418	1.420959122634167	-2.04419691513627
1.1372967980983881	1.23550130272946	-1.4565827869748584
0.8055750136744124	2.343354480847329	-0.7567436967363095
1.1229955528132998	2.0197095515545915	-1.1236173784729147
2.281978485234106	2.1416499606132597	-0.545341839469182
2.2966520843334273	2.7074455305727976	-0.2878499215008142
2.0868276032591835	2.5513329439003463	0.17835104008773117
2.107704091619956	3.655390387319425	0.17227848194787776
2.1351893104339683	3.5764263474943787	0.9092009674148869
2.97288859733674	3.185560192751379	1.1726070301239875
3.4212286574777053	3.162759820271927	1.412084631160763
2.9165654770672935	4.466819193767606	1.686186186111945
3.702248960123032	4.751862185135499	2.250165918355667
4.023544913562211	4.7399283109278985	2.1835549066069957
3.7610567500879	4.17680853150414	2.971455895358746
4.806766010572662	4.633316161747644	3.11025343319483
4.792732681222838	5.4699628823158095	2.59415459134317
5.251906334593959	5.650674314870252	2.482333690767989
