4.565052517646663	-8.26442666548566	-0.7503233551599919
4.316086274333526	-7.5576174736911	-1.2618797547916332
4.740431146664571	-7.059663901149202	-1.5513922447431505
3.71631797490906	-7.26255376148092	-1.1726226111419127
4.073822680080228	-7.07978887605863	-1.387118502128432
2.994473139101995	-6.223107970903184	-1.0569533087668679
3.2327771962512504	-5.4075586255621015	-1.6332626218513042
2.851774262750046	-4.848226773059875	-0.956301946749687
3.007551064719764	-4.725887207954102	-0.9640919899043493
3.6449857101672305	-4.889114581634494	-1.7004495214664166
3.1301136047229807	-3.6523926153952795	-1.8892307555096546
2.9109633780072817	-2.883097244866046	-1.6781457803123754
3.5814305910051027	-3.6632148643071396	-1.8564563926269648
2.964305945391498	-2.9639946453463093	-1.447506337323095
4.0953232118944	-2.4915609555071097	-1.3070438477585204
3.3212188689661364	-1.6209371451317915	-1.3398418303863173
3.7103973562570505	-1.9448817450435771	-1.5935018738030313
4.172684486349186	-1.4738036941050532	-0.7945698351695198
4.3056294646544035	-0.6984284724900074	-0.25469987391006743
4.274585030206072	-0.6564216280129167	0.01957824881236192
4.950601087276059	0.026332767564657245	-0.3664709398349768
4.820979157719214	1.0774422058723383	-0.4835672828672408
5.981847781412179	1.8139157596303053	-0.637674857344857
5.477364411378941	2.060724418050552	0.4230329303343121
4.626929100457039	2.61060500367486	0.33239179765789795
5.679479976047389	2.1792065688930773	0.1706558171602619
5.299650800847393	3.5195294900169642	-0.522449224199659
5.86408303947797	3.764662101672588	-0.2085793091994177
5.368660880634291	4.768212670088452	0.13558071070812994
5.4950486140584776	4.5090784870233	-0.14926180541505019
4.1798046120142365	5.303701620522931	-0.2580712399481666
3.7728304642176154	5.319008566599804	0.44167922878500765
3.4109725246100764	6.063769837747481	0.06989024905793345
2.6155730536923296	5.825596138787107	0.9160643009764938
2.1780090062453668	6.223466410571627	0.8516586344684972
1.8165149334015815	5.783341643779808	0.4276865677234558
0.8774235659261118	6.051172117651281	0.7531946133255809
-0.05974659427761825	5.034082551382063	2.2222138029258285
-0.19394512508899098	5.027879105386164	1.8066152140193439
-1.4432317662672198	5.1347571905187595	1.2529016107483575
-0.27692642971686054	3.697504772469114	1.7180201672162556
-0.280530955466159	2.937741600593937	1.535392629089097
-1.0153884208373711	2.9697814088740566	1.056434029719273
-0.6347278834355647	2.4327208840500463	1.2564028333326882
-1.2197044635566863	1.8611555693458737	1.779047420328462
-0.8402415932930634	0.5691715494105822	0.9580777191037111
-0.5930824179175362	0.40804070362672906	1.0874899752917107
-0.6684330947981365	-0.08232703836696076	1.6296669002239246
0.4258951940413642	-0.44025493817892797	0.5421676021118615
0.6671341312458755	-0.4616149207030851	0.42465974632573167
0.5172378330143917	-0.882002381324339	0.9928852784740947
0.794680135276074	-0.5798332092184383	0.39678820385282565
1.7234243545355263	-1.1276280061407509	0.6093629591410377
1.5163779805507103	-0.9427616779320467	0.7439559646864313
1.5962620246723653	-1.8510783404382636	0.6604991044964936
1.9024072573558328	-1.8126207264772156	1.739513331131438
2.6857261467653624	-2.253787224521316	1.7693501903893574
3.1541856473776066	-2.4797460434782526	2.271071816510938
2.49917537685071	-2.383223027612928	1.8620591073540966
3.4043748658140944	-2.6039997635035927	2.445020244168475
3.495351208816418	-2.332602672852864	1.6770719701275643
4.288918248334625	-3.1404065835801838	1.4230722348585254
4.452194909640509	-3.1885022500440083	1.3427975636597715
4.120941866341223	-3.6948071975724246	1.8744195020393808
5.233778840681804	-3.9358193244997093	0.9990563606758239
4.504276608115033	-3.0778342917959254	0.3753606755223715
5.893834846430231	-4.014489596825511	0.6136591639392942
5.293280582189749	-3.7771932797000787	0.19920648568274352
5.250950691124079	-4.169135011340437	0.16960905086602363
6.020624651491229	-4.188227603551118	-0.7677487869116297
6.827415231463979	-4.063472980677873	-1.1416632777827507
6.082916330396163	-4.608607078276233	-1.133153372375154
7.219349937116791	-4.235794045664837	-1.7507422585198815
7.134526130584083	-3.6958125949649077	-1.6990163206713624
7.628582777183733	-3.7025530890672282	-1.3547023548160337
8.169728472296054	-3.1734536502141815	-1.3531116860592234
7.646159837377093	-2.9463531396599683	-1.5710131146966004
7.928756786207065	-1.732730366051705	-1.8681211559091442
8.717675523697988	-2.444952862072442	-1.1304709895234604
8.938538519677238	-2.3306269610155566	-1.7283901999666798
8.571603221558268	-1.7440260135906742	-1.2321082589067491
9.292123333655422	-1.476217574914712	-0.5185527289887051
9.425592143319989	-0.291396393968832	-1.15673699359377
8.828513999424146	-0.3914570501169634	-0.935067260312253
9.618283854007935	-0.5699206062838209	-0.4672809012895398
9.508695212925733	0.1999561513160562	0.31061160377158725
9.578294932454588	0.17332324720966524	-0.07257235683352659
9.737853934607172	1.0967943116815153	-0.2593428048731005
10.299799103709534	0.9156655648719082	-0.44858831728447707
9.144851324975546	1.1099090955373934	0.5823239415962627
9.501182698270501	1.4859274805572358	0.8094613441819754
9.898452474115166	1.9021416448386936	-0.3293056404627208
8.658015447481336	2.615777030698769	0.0977105355736031
8.714203784449687	3.3771415995493954	-0.23660225235141397
7.900701270106211	3.0291360382979295	0.22690650558055236
7.794029150479841	3.525588499027755	-0.6327621439301732
7.536148110053013	4.145859379066266	-1.2042745438042728
8.079516677429321	3.5200948192955956	-1.5545094317207502
7.682094449551125	3.57509455209928	-1.5856029338622053
6.955696744133531	3.9229411025684895	-1.4360479711829728
6.38579139723652	4.116457398579844	-1.9444837475599113
6.036220760552607	2.978078959506693	-1.4835393694916572
5.612487389885622	3.6946774427300273	-1.864797045419238
5.054919219782024	3.3643024704963955	-2.311946847875082
5.429801659011871	3.4483705753957477	-2.3621739426528063
3.814401762543316	3.192483529212197	-1.6239239823067524
3.3097748864021095	3.9121895752891716	-2.2206383628192876
3.131797675386493	3.615006688546788	-1.840848602831477
2.555180214187589	3.7094303000607423	-1.7079678609816518
3.104284302441643	4.274075373800029	-2.1577428090941204
2.3480487997376764	4.70933718203533	-2.428421903824986
1.4420593900026326	5.074166563200139	-1.9674282263216334
1.29553758612143	5.2120660276025035	-1.9375609559925928
1.1384193889525274	4.481733708071513	-1.4338864986284703
0.1680194389807741	5.110943745984718	-1.0254919283513366
0.6291502885350477	4.841514623479898	-1.6163689802553343
0.18865086088534955	5.591141160122832	-1.8006047374328413
-0.8620595571175003	5.225266146733485	-0.9139884520360735
-0.5044880993670071	5.224898802864966	-1.1444387966448148
-1.396008213127634	5.8630632105831015	-0.9704886778105071
-1.9584504569516084	4.919471520457004	-0.19752115960700523
-1.561432473078733	4.819734250846928	0.11601155516543016
-2.3466815635749665	4.702832818732486	-0.7158514720926874
-2.3206929267608745	4.325428851160418	-0.6758541339198287
-3.4394602317215357	5.157001479688092	0.389048707131607
-3.347739619048604	4.091548249024463	0.7449773895456945
-3.1678072564692217	3.976621163236401	-0.5017504413076446
-3.110974845581094	3.2692834329939413	0.09264180102722919
-3.518254362077115	3.815368303618671	-0.4217498142482263
-3.504888500048216	2.4114760334937113	-0.007051755273430715
-4.254882015121342	2.7891842296558043	-0.4041872201338295
-4.030590391980876	2.6466524709107997	0.3711281957857378
-4.3198668588088545	1.4220070909487323	0.9136388102966477
-3.701514260521546	1.4098714937678776	1.1421238239464286
-3.1434111763488994	1.1094912836529387	0.4515548818407383
-2.975737556667722	0.6083287454697802	1.363198803011505
-3.411725742076979	0.4833407451667062	2.1457328202295507
-2.6938905253376557	0.24930626932971445	1.721453592335785
-2.640255813288458	0.76225244550225	1.4358413875310456
-2.0675686486970006	0.3241854475316356	2.2784429762966174
-2.1907458829320485	-0.014552942618426906	2.8698523046519258
-1.78131641130102	0.5784813529559998	3.1043361945168604
-0.9581502170133729	-0.3629563036809072	3.266738402355198
-1.1985674417099028	-0.4176133499745056	3.086856843087297
-0.5869463540552431	-0.3267220355544087	2.9058172393797816
-0.37779034876197426	-0.49264143932368687	3.1372819336147897
-0.08501149243552536	0.16520521686474732	3.6111292022533847
1.4823440859356145	-0.7749543157926266	3.272038108818033
1.0004703275733209	-0.710542973108903	3.1519585843507083
1.3473149509255693	0.19941025835232662	3.2433168006818853
1.6602006680171737	-0.061043257847751387	3.8648499416551987
2.4802776521438146	0.07606425481504137	3.187614784366811
2.8036240586982495	0.0559439834206808	3.6218883955107684
2.992004631145344	0.5868577440617211	2.3897087187537145
3.380779671464414	0.3139701091940157	3.1058616585132985
4.371717525595427	-0.36467413674985577	3.3469709736349755
4.673149486771106	0.07214296308878099	2.9355932687803903
4.214054143960437	0.16953720516965654	3.1582141580568477
5.302495785738279	-0.31731482740848926	2.2781735723472294
4.94249095859308	-0.9023037381807042	2.552522851482088
6.211018480459071	-0.6749047337939968	2.373673105411185
6.360961009783512	-0.8969761402914516	2.5424033196006337
5.868441384685046	-0.4042389131671298	2.0032353090446815
6.042583374220265	-0.29699653361523937	1.9044952333704295
5.835653439498369	-0.6457326709496853	2.816563911857749
6.824381914378371	-1.527096977508074	2.161843376853316
6.8587289751803935	-0.868145534234649	2.5077955241024763
6.637147568445821	-1.289141848097625	2.363622288038687
7.0168965679401385	-1.9882593634258041	2.294765065862986
7.340577956236625	-2.5345071816437565	2.599541530590894
7.953286267186152	-2.815002093227691	2.2679136560709257
7.02463788374876	-3.492142773195231	2.105546608743938
6.975346313249674	-2.784924168119345	2.045728371182408
7.575792343257529	-3.198564552638734	1.9928636929794712
7.442172797937654	-3.5523509710906467	2.9130941323342365
7.640149942382733	-4.3678852029605695	2.0325117624671822
6.201496733263535	-4.363938224648014	2.2701124310319956
6.920227278471996	-4.112263924014648	2.2970685826096244
6.423664194288629	-5.170703097589104	2.431003522621985
5.787736198340178	-5.115234762448061	2.442707355443043
5.938164459481449	-5.349447879403366	2.618308098499776
5.198844213471641	-5.650849333911945	3.202132922922244
4.810234728118182	-5.117334163680946	2.445411266026121
4.12457372534805	-5.816817552900483	1.8657670180303958
3.9585254512846664	-6.283237128596607	2.2216958888828
3.095841907470333	-6.739346274898669	2.476788881907232
3.5005203938244223	-6.607031037898528	1.5807890993376692
3.3422155108628253	-7.4706983060360646	2.003699937145586
2.8885245357571523	-7.551250308277395	1.2297294962325365
2.2923675621491393	-7.6863082639778675	1.3343574174183137
1.569163114317767	-7.077952566969567	1.2336733742047683
0.8297044436299099	-6.587156904470622	1.006072127252884
1.036701299665797	-7.570314172251018	1.4410869511099706
0.6060597554138938	-7.706591966780902	1.4881129597851888
0.3016960813200469	-7.4245360693745575	0.9543693559834736
-0.4370279632477268	-6.180038767313187	0.1714507331492503
-0.5467319775749746	-6.871032676918762	0.1860364974626117
0.14270828858551798	-6.27236541208297	0.004969936455733792
-1.0155787568884271	-5.643917987460835	-0.03381392975532832
-0.8348113259701619	-5.141301448311899	0.19868965651125092
-1.9948744560884069	-4.710701111609644	0.16145227910981952
-1.5437875375256298	-5.608546778100595	0.6975890147199966
-1.782409022653358	-5.27836478273597	0.11253962874936035
-2.6424378478810233	-4.356710977592494	0.14069272712821346
-1.612425054239018	-4.507989069344926	-0.3429473051044247
-2.7521120540209347	-3.58338892199166	0.11784760905019004
-1.9599656306598865	-2.559106335437212	-0.43650555553845277
-3.1206210310343137	-1.6708502424917326	0.10077734159318696
-1.5198749399343043	-2.213404066592338	-0.1338238283993587
-2.2563382725421373	-1.66315246873295	0.05160167289167217
-1.6036604622016268	-0.7693217394870825	-0.7969648666939777
-1.728640168624652	-1.2422029133292292	-1.6361028580501955
-1.0560740582262151	-0.22812859642307182	-0.9858194195658729
-0.7216836572817806	0.24257531315780767	-1.3407994974311508
0.12648243364067158	0.20328029193729377	-1.8161074769240082
-0.35828130315092255	0.4788798824343812	-2.0966077021881544
-0.056145815964180334	0.9172223647139903	-1.0944778775123671
0.5009762949489942	1.6326837948887674	-1.273665500950382
0.23622114535372818	2.4128533542298225	-1.8488366094906359
1.3403649538789904	1.379766422011826	-1.1596299347114836
1.071379256021179	1.9956593597015209	-1.023844521103995
1.1545116711960213	2.0683452230020576	0.02441087146943799
1.8955359652573445	2.4994770934560457	0.09344698276697627
1.9367227389635877	2.9014530383382886	-0.27451050325698584
2.510207070685051	3.2289016964378114	0.9787788573779459
2.837024380170754	3.2385830948810934	0.9120046548547776
2.294809261640406	3.9100802844977482	1.17277230503359
2.684457162799642	3.7976506705887614	1.7997993843338833
2.9951718153561915	3.3136082476920468	2.9383789391402857
3.2352658308666764	4.566971767053709	2.2460150403547456
3.291514987561324	3.8495266022937384	2.0951524368994017
4.264191776853074	4.391793198343653	3.4641328216654004
4.350817464559957	5.2157176095760125	2.6952960331538787
4.889272415840686	5.155060833283037	2.288497194437885
4.645623940631208	5.32155406765012	2.8565861182018764
5.347373750053642	6.100171204823548	2.765580570366439
5.084155755451126	6.682726575392419	2.150714909700565
5.779521303011571	6.127595481945827	1.749419149784561
