4.530285247655401	-7.74284927086081	-1.3954787847127665
3.949933513753968	-7.210914270032715	-0.5203198263830002
3.4562008615821105	-7.127819367754026	-0.2134258181297326
3.032311447869558	-6.389902935110234	-1.2638934858566413
3.9835860915942725	-6.153515849713696	-1.6447430268111756
3.059398815388872	-4.8371789319154885	-0.7863926120858997
3.2488999942671586	-4.410508858194023	-1.5560040350726745
2.72317588770746	-3.900473598401935	-1.6557700365989472
3.3875264494517467	-3.5486790108199395	-1.764971295827611
4.185917604207508	-2.990555787598868	-1.9626441475107996
3.8861590490144517	-1.7173519327913844	-0.9605035095652057
4.310971482510294	-1.1352255341030626	-0.7079492457986505
4.226404979865379	0.17155905706874108	-1.103669075686445
4.272745693841684	-0.34286187441153365	-0.004881133629701884
5.0854737331664355	1.3249403705438882	-1.061015494160721
4.9867374990815305	1.9025354417192057	-0.017132968149433214
5.815413059151426	2.1141208614139737	-0.6156519102873859
5.731331491056249	2.942357770237101	-0.300546127896706
5.793172933718831	3.6519337657960826	-0.2133260876550444
5.18659676756284	4.036873073638808	0.11330007748862214
4.923649285353489	4.677532996006102	0.255134307854988
3.653650801702695	5.6591491581485265	0.12301729837660369
3.7468055725143583	5.247551788084185	-0.03915946334477398
1.5166313422936344	5.1415827051224685	1.6377808476986169
1.2869475664610108	5.514765262135371	1.0738216176081536
-0.12442356126168852	5.045236032945646	1.368142384677591
-0.8327766130641632	4.537276236361033	1.8854388970777238
-1.0211038738858644	4.266869375291836	1.145855308270562
-0.7655192220929627	2.3262312501880826	1.366478314824361
-1.1696963343271074	2.0409321487927126	2.0533342892929687
-0.9619251793943889	1.2811131755167682	1.96056249020114
-0.8382071365298418	0.5368978846878878	0.7260156549557942
-0.2671192673524792	0.49365027518953153	1.2327563732784639
-0.17090772216982927	0.1604865452520614	0.5299570906594833
0.8879584504656516	-0.4637800473324154	0.5819917659361056
1.7310366782094475	-1.3092266378689699	0.5099020432067431
1.6039435843200702	-1.1089252990192295	1.2296133484547338
1.9664517711264353	-1.911467341078832	1.6579819805732903
2.364660224448962	-2.04437941103727	1.7111993784682196
3.3341337557553796	-2.844437963164512	2.514216320242573
3.955854719832735	-2.551631817259422	1.5539796310857381
3.9866630598052266	-3.07072281826425	1.6737415175882768
4.761704495010592	-3.656580272358604	2.050473103926978
5.518386874764758	-3.7750190685513796	0.8815201487793034
4.793786642864393	-3.2158118265222875	0.458405431044984
5.965581082103213	-3.7117613104879243	-0.32727830781118594
5.4706525837482	-4.433581985403131	0.30193750753655335
6.934811342552809	-4.788155087134821	-0.9407478181984682
6.362154524365385	-4.228697013673726	-1.2752009741893475
7.178448195222896	-4.269685891117007	-0.8608104648667683
7.976112873871165	-3.590358931549054	-1.8593717121378432
7.6833672199021	-3.1183217840177213	-1.1351494774815958
8.579146410496953	-2.6432443043203566	-1.845964891255086
8.537882997961562	-2.2614246435495984	-0.9005844762876205
8.586648742698072	-1.6951568722356074	-1.2189379010400336
8.768579757599403	-0.8064424911001695	-0.14457089509800847
9.334010911407482	-0.26269381085910204	-0.10578858299940574
9.446195758232392	0.18812776217828447	0.5253331149089662
9.606018083372437	1.3048403807210835	0.3475932690583051
9.68707209173377	0.9102226793415495	0.43983368594353994
10.36388363082511	1.7029445204147238	-0.24185091739200892
9.20424322094889	2.9010544372749214	-0.09253870192080282
8.30369771763355	2.764338956974966	-0.20902425951369735
8.683796825495847	3.2427627957545697	-0.21881780559733577
7.493868929720019	3.4620138641770595	-0.286511609369972
7.7539760173574335	3.8934251357404683	-1.5775187770902885
6.2834150611370285	3.566346735715264	-1.3286834154504317
6.091655866042181	3.5253579167416174	-2.2547424296992977
5.891195849137898	3.3579411787627564	-2.237793372642879
4.971660265985586	3.094343069532276	-2.0517549341531542
4.172895472060207	4.104802572527682	-2.166052103244114
3.5917332423718595	4.0908735643447995	-2.3242004415574495
3.2240457291254785	3.6129278926876656	-2.5114778332240957
2.4571778396152544	4.420014780691263	-1.849637228877493
2.1706028178063863	4.1034106593765225	-2.150096771839108
1.3976130533690485	4.709581546467309	-2.2184074782585887
0.08210868248818408	4.618846137851213	-1.7484440714901202
0.10764631426067095	5.109978062508761	-1.8935759501434912
-0.5219278412462585	5.097340222505787	-0.36455150202538533
-0.6278252779675304	5.238696592910982	-0.8691729413734193
-1.3075498248565132	5.838371006417976	-0.7710840393460778
-2.2654683167697156	5.420597571483681	-0.500116149088832
-2.3345895743441556	4.421294504512255	-0.5495948809493203
-3.600491977239022	4.975267722125256	-0.506933073011766
-3.7285674555351367	4.556146065461846	-0.09602425606163723
-3.7786367775490737	2.868678672724261	0.20150507724034739
-3.36637781236585	2.5387011400528587	0.0778329438410249
-3.5499311884491074	1.7677235989364335	-0.0637548601523445
-3.6367519042100573	1.1802646546729179	0.03800553142723878
-3.9677789493670312	1.2438166986226835	1.201436522383114
-3.6127427484259935	0.7719120343465337	1.5960641926169936
-3.3601672492297907	0.19892499440958572	1.353827167956672
-2.4254926613305416	0.21213265420764177	1.7748920797146024
-2.184316216407885	0.18757369026731183	2.149496738427713
-1.339253862860557	0.7071072382511261	2.6897075580573198
-0.3195270963978041	-0.1589610883772684	2.4674167257337873
0.27042511837758487	-1.0382957213042618	3.0789099945328684
0.11030243459084327	-0.22039349360196936	2.8449672388400917
0.5450981090959712	-0.5940570589174092	4.040302039431166
2.342514785372737	-0.5580406125500625	2.8395406352891093
2.694077755560841	0.15037011233538422	2.9865236897655816
2.3101715753965233	0.45159601613064176	3.0990096785140144
3.018172709836924	0.506977236504544	3.084338768277354
4.462120846896771	-0.08022751251991767	3.0112249525959704
4.756459882256619	-0.6609061495629447	3.1605277737717192
5.271755086310616	-0.8215430059333267	2.5476488256167995
5.5085079065823335	-0.5079794628697707	2.538336258191506
5.858368697225243	-0.025702244164084176	2.4178210140221013
5.491494377322103	-0.3249513859015145	3.0210916373049956
5.9165058259784775	-0.918125088307564	3.085455841488824
6.5003078967303205	-1.3439773330590474	2.0154035615950514
6.901706284128879	-0.8642863795274109	1.915953588950679
7.098086258300916	-2.2869485170451394	3.0099876854723417
7.4181674136352544	-2.7717089973143283	2.648580866087599
7.4213963918790435	-3.5733552546221823	3.010910515151484
7.054412626633949	-2.542146386879753	2.4731235107182856
6.499756508124498	-3.487890719446474	3.1611954615729463
6.2386364185411995	-3.250199600859178	2.4190515930419414
6.622404492506518	-4.745520329669177	3.1288832621580367
5.715753459968015	-5.005445607083471	2.62117042467255
6.195892823805206	-4.964168452034169	2.176749669645025
4.888544547107957	-5.431877479421608	2.086173948659928
4.01839977061704	-6.474852901101821	2.2591946721284764
3.358407064257514	-6.560150385093005	2.4062075751534637
3.0998306828732436	-6.709468494588453	2.610044832601913
2.640087820167551	-7.088082750021098	1.7392529445654632
2.04418823548754	-7.089535958024399	1.188654434650636
1.0325732372775485	-6.772734153568441	1.1263202302037059
0.7434720051757919	-7.326605002174955	1.1755676466581904
0.3118337204543373	-6.848650885717335	1.0614974607863465
-0.6454522781962071	-6.416672347396995	0.5212232145121228
-0.7195875888260868	-5.910977262618103	-0.03819871344087322
-0.7124685997671487	-5.789068205252404	0.739965111923167
-1.0152901076129117	-5.103722393331031	-0.1508500481712487
-1.9552286354698887	-5.400045065505307	-0.28437751300939207
-2.2146569162036562	-4.324798159519933	0.4656933973190726
-2.4355556160272234	-4.043790235206966	-0.07748159088567841
-2.046263629330215	-3.2715476816393405	0.45710524069877423
-2.8725040033248406	-2.46703993079814	0.84341134382912
-1.7085845619540814	-1.3429839083817772	-0.677287775193071
-1.8276916318193754	-0.9818920422077074	-0.8251967293316034
-1.5777477736067202	-0.3794095790070737	-1.22687845179077
-0.935798741944743	-0.2393581215019675	-1.9356559450522215
-0.3058547019250206	0.6702868812166503	-1.1710258991104654
0.03855176241513103	1.6582498136613921	-1.8974660783076676
0.7939664850725447	1.409391957712035	-1.5731147582968452
1.6891475364814026	1.6621911655116992	-1.33668754686628
1.304126913852632	2.407343372557195	-0.31721512994528633
2.1755172117507247	2.6746003667380966	0.03376579934494994
2.337445647189271	2.4860019871348413	0.8314949287574462
2.9544184332673926	3.2955530253518965	0.8210837489982821
2.646285138487074	3.5980181900559853	1.2907441661904775
3.2565462747940215	4.080604641255052	2.1074088732075946
3.409121900213007	4.4728935734779744	2.025424583135196
4.43353843508138	4.477712170466987	2.4026465637768255
4.776363875962347	5.203128690430771	3.245397364581282
4.93670878426426	5.78102117766669	2.454748548759187
6.054417232882547	6.237193996531163	2.190040614894891
5.660064261913108	6.3711856588217985	2.436821957885502
