5.009319927989009	-8.185632362550999	-0.3230493922234592
4.022995756122444	-7.210919291479038	-0.9346380450578726
3.035270606291432	-6.122171417276101	-1.4640798254801626
2.9946762509867346	-4.430973185342969	-1.5557367606300447
2.979893826168014	-3.424705103549691	-1.5603866728523728
3.550469163740709	-1.771066034441467	-1.296745526124424
5.1630488563353145	-1.0679053324342176	-1.4652308621604249
5.571391512190239	1.0854503334453025	-1.0158389585577572
4.814287535156266	3.1735421437013747	-0.38145609271724906
5.517899923492212	3.3915011971597884	0.7875051238758981
4.822483416930634	4.890529992176812	-0.30439494500575254
3.277163925494791	5.1760696131606005	0.6457519529181112
0.816723338627249	5.778714238168388	1.1412015601398764
-1.0150016843870238	3.8956557167185	1.3339837974250583
-0.26538564667632936	2.184259722111354	1.4350926187517103
-0.9040034172842961	1.5489680949196276	0.9530073517357638
-0.40473498762435944	0.135390494148671	1.4155083104716106
1.3676513786110924	-1.3959429065171935	0.6325691985396977
1.421520073296985	-1.1696420566486738	1.348085179024248
2.512980317421121	-1.9449136368018294	2.1869545829241135
3.639271647639382	-3.2682430895041037	1.8639399564352397
5.117519131040127	-3.49545085401282	1.3957458565088934
5.74379345726189	-4.370482755264342	-0.0003236683391417694
6.034669710138497	-3.9018726631597467	-0.38410015767311656
7.606046353816868	-4.610750569819066	-1.7445008581063084
7.9286040225350325	-2.8996181193156376	-1.5817725627077388
8.481730365555052	-1.519355541789647	-1.7749764681492948
8.900560736466742	-1.5431169658726884	-1.148271976419835
9.266519182183972	-0.20599497917433707	0.0959375229287931
9.874387014854166	1.0543647831979448	-0.2494366066608345
9.321244569957065	1.6756134250881338	-0.26937021462296873
8.765155401409377	2.795522069287488	0.5671669458318591
8.032133214756398	3.932174283121815	-1.1575421092955365
6.297351040104947	3.923544703004293	-2.0587423121648705
5.310960417627194	4.0361061145269925	-2.7658762800286754
4.24555748231228	4.044518033665305	-2.6596371494632005
2.5856371774871603	3.805812026092561	-1.9798081282639588
1.8910506715000486	4.198661928022324	-1.6588033003035196
0.18859779346469563	5.676001855962912	-1.3381126952735063
-0.8870383463770852	5.209508433518989	-0.28431298565912466
-1.9245615330424113	4.9624016551388035	-0.39255778127804175
-2.575962934599624	4.8653716534755524	0.03577876897464449
-3.5459682386871343	4.236627873061919	0.5304968868062085
-4.28571771537483	2.343749271909503	-0.44348535968605857
-4.44211381373459	1.4363048652244832	0.7512143610036415
-3.415616533734539	1.3282309285422733	0.6113403849506375
-2.0341937261899954	0.3699041825351134	2.350920176662613
-1.1561388384292395	0.525009855899412	2.351157636943167
-0.5856481850855056	-0.3578476076922932	3.6936924376974454
1.1595060827517072	-0.7362554796970827	3.137290636676082
2.0684516917792988	-0.3386986608185091	2.967643387085751
3.428340666757604	0.4233566469045722	3.331748368715231
3.7620681360337596	-0.7806282363952339	2.705453877969818
4.807872960054548	-0.469307028996836	2.396662758947458
5.3475066585690705	-0.45299919808079236	2.4460291255859246
6.437286064328954	-0.7841766754383207	2.333451451655193
7.178516217417763	-2.2800755415357803	2.4558322563670316
7.585899634914453	-2.5679257020395587	2.2631522291202173
7.259271522900729	-3.397304140055236	2.7345044091247432
6.00415517312271	-4.441527357862037	3.2259152247462737
6.201067130015576	-5.639594192756589	2.205689484825394
4.90983415608266	-6.429594086433044	1.9861991648022799
3.7637208229628216	-7.157081212778482	2.3672079511068045
2.197488718744312	-7.2659493712325585	2.088234672726663
0.5715755836220453	-6.348809792743564	0.7540393139422472
-0.48811392912542056	-6.731344151461859	0.040012810434593926
-1.1225396593008223	-6.053537918878782	-0.057236682830207275
-1.421080588326761	-5.1300803859945425	-0.20068869909945403
-2.4674666647188674	-4.605820779536864	0.381260338828373
-2.9297144561655837	-1.6263507177756078	-0.01208979145747302
-1.7308451114056784	-1.012111835429681	-0.35050154250531107
-0.6443598450177678	-0.06965461325728328	-1.45747223298823
0.2298885560434899	1.390085959622771	-1.4051273957143846
0.5429219395598381	1.8724317213740966	-1.700057050994326
1.675048645055689	2.6631453836516203	0.4836309490952163
2.6337260605569197	3.3591728717854576	0.5453817644764242
3.408493809101614	3.995849235549718	1.8014692120689197
4.286406863260643	5.017994254374592	3.1152840040589753
4.570239627750161	5.741053335000877	2.2392945892337317
5.813714969480628	7.054933449060767	2.2557085942401742
