4.85399765020116	-8.50505858097437	1.9130228672535097
4.249030875071035	-7.96772450848418	2.1236102136746635
3.3157036484935807	-6.954487475583086	3.4375774782051893
2.875897252877081	-5.498773045059865	2.853162538104756
2.5452221804564976	-4.337887825988909	2.5911124635399476
2.52047406347383	-2.806428132026078	2.0614944058610627
2.0469520282750766	-1.8239743291684742	2.219510965480644
2.7631153724509208	-0.26639984685027673	0.5360879452263825
2.772234188912553	0.8543745769626383	0.6158169104475202
3.147195725166624	2.698978266553575	-0.03244426717203985
3.428960140368007	3.639537975022444	0.5600333741885274
3.791130196134077	5.2603660111832	0.32927048836722184
3.874685717697062	6.7881787349186355	-0.5589323980467776
2.435432739142449	7.254204726466125	0.8528654566644991
0.97517878701693	7.935211627398102	0.7764615736465273
-0.78148248738241	7.227484540405288	1.9630016446423482
-1.1738770009751764	6.110188886141442	2.4316346685864776
-1.5924880357344693	5.713649801657404	1.7863021260728646
-1.1867740542746976	3.870492633227708	1.4779231447932186
-1.287107373159569	2.2819468960553175	1.0207332356678172
-0.9063427485589317	0.5884440952508436	0.6184207941737362
0.35349643349061954	0.14177479938758775	-1.037084877958288
0.6362266480772117	-1.2336438436633168	-1.2921792962601608
1.4145758089108373	-2.010620567990352	-1.9614825352479381
3.1331537237570055	-3.175242219154146	-1.437277236825802
3.504516504998196	-2.414110247308403	-0.9282839746920928
5.4676036703917195	-2.8661159921777855	0.8029155400154746
6.516768382835931	-3.260466825024445	2.1450399614256974
7.033157455030441	-1.424761619488129	2.151900103894843
8.547394121834264	-1.2437971364962777	1.9747255870006042
9.11478921130425	0.39811111755321926	2.1380258369385072
9.056724706699564	1.5242479205779735	2.1043836985554645
8.668027236902766	3.566885872363622	0.26922469398093285
7.984881115943572	3.646219003234406	-0.05634823959516366
7.4487349052098475	4.572539619234403	-0.920461479996393
6.38115838015065	5.217420728189275	-2.099250410604313
5.010515101697232	5.070463384402606	-2.5255810176987703
3.6540742802028414	6.125987870050291	-3.4495864515480648
1.950726587086264	6.424775366265837	-3.104841941323912
0.13082856537440443	7.071854812244522	-3.563788392952879
-1.1485414569330898	7.045853478432046	-3.111176601039423
-2.9967983119218955	6.253187012484655	-1.5200462085831943
-3.1585361499756406	5.75936537879998	-1.392340785105038
-4.422863137394168	5.501043599263342	-0.1680296602734599
-4.721612378509637	3.956154982198448	0.6085660129123194
-4.287474755703522	3.244124326204639	1.5219600569833849
-3.0950984831165838	1.9075181108668353	2.5568374888003405
-2.1712184364281035	1.459451580309848	3.3580236839205746
-0.9724006851773018	0.8849436146065752	3.9381532912425983
0.6237659251099086	1.8962183409014135	4.0719595363897225
1.9367503566547315	1.0636266009826647	3.8115717126432203
3.519994259675149	0.9815768066484822	3.5790579297554337
4.455191896250302	1.320365055925866	2.3973424062828954
5.358302334062196	1.167893844724801	1.606672981010018
5.675662870678191	0.9155070687213208	0.6249517087642559
7.344598935676787	-0.4123613025970232	-0.9030154555395886
7.319726664622982	-2.162516665042724	-0.8510538979989537
6.794462603189587	-3.538512375474114	-1.9406745960083363
6.988034986510174	-5.035997202153306	-1.4248868278322135
5.344364238860338	-5.673437826525456	-2.137696317349905
4.436298614309877	-6.204675811909606	-1.0246657116120819
3.0873195335646715	-6.397410597288804	-0.9821755580056926
1.424794347739606	-7.144104198514237	-0.7082197498272258
0.5455221909984589	-6.82288454048214	-0.6301422235605132
-1.462597231619703	-6.450785773613827	-0.5792467404257509
-1.9905558969323844	-5.3294260333738395	-0.4089344986077169
-3.171281087383752	-4.497697369000789	-0.22406407393793382
-3.9381417851176965	-3.7615481069813366	0.1616984811764257
-3.43401074460529	-1.4760120409465607	-1.0364186219011047
-3.925015582581814	-0.0819287034701437	-1.7711571277156344
-3.322955235054714	0.8286681520144662	-1.3715168049041506
-2.934672001692025	2.0149790139229165	-1.098268610943742
-1.6452976932828678	3.3034776248903177	-1.2354611128879847
-0.4852944534309765	3.641403463021092	-0.04986957068412945
1.3050970745268768	4.546732817225499	-0.1589152130665365
1.0948449341728486	5.143000432756099	1.1936812992795072
2.0894450605832273	5.489118932744154	3.057767029054065
3.4729103608700496	6.760275013610112	3.288718195819176
4.284421769083079	7.531792487593087	3.027290374031618
4.700965764355003	8.90300014728511	3.4806454150884822
