5.16241634203063	-8.470562925622382	2.120202655372936
4.967440084041729	-7.771944100501023	2.5419310043233034
3.9054948089428407	-7.658024897405504	3.2077902333286836
3.9739316519437167	-7.447946927303495	2.826018165518496
3.0914978132256734	-6.150364435766477	2.8066647391857997
2.7824222392754177	-6.255186241177918	3.538634061660432
2.9281307925373357	-5.391284153851808	3.006478083197691
2.686090708152543	-4.957783516287426	3.30665823698626
1.5901195916935702	-4.120257358568785	3.115399851814797
1.6392013012447306	-3.4968037083692995	2.95424212292184
1.3561703379967311	-2.013298591647569	2.700056104481313
1.5548075336597802	-2.4565833868763782	2.528164724833584
1.9992445061153261	-1.7721417580338246	1.9605920675232391
2.6173655820254833	-1.2752721881707911	0.8987000535748839
2.1516145012793526	0.27229914996251214	0.6860769103665036
3.0073441937967664	0.326694255750327	0.8822998703277054
3.0642298220106334	0.428711419316734	0.8660774316835774
2.819190514903401	1.123116866956043	0.6455946894349838
4.215322976917653	2.182701164356603	-0.4307202711283554
3.2906283345529292	2.7699709944895217	-0.21120432160391367
3.545627700056975	3.925269291606198	-0.4990865398311511
3.7578516815939067	5.173200531936381	-0.2608576660788706
3.9350084601658	4.8301985919489825	0.37886893885933737
3.5423955611411952	6.086776652481129	0.026670626149298604
4.5974883827694475	6.344889013736938	-0.3170016819053964
3.3428569029130397	7.205305129024604	0.0944399229516808
2.9585446768399053	9.171321542890897	-0.5671076977180354
2.2175265133831354	8.726803104022599	0.2561017048188632
0.744615735083126	8.45435420195621	1.1497491198957688
-0.3624412041660864	8.544108352388436	1.0153723557337315
-0.8354426187827437	8.15617842642848	1.036380333062868
-1.8714624558190844	6.993697362344107	1.3929912646964513
-1.385560739130218	6.403706882594503	2.2975304510645773
-1.0236713905584562	5.056467034928651	1.794030168017032
-2.0577043368503434	4.316508391004906	2.3478924989374166
-2.1124597902057776	4.211050237457611	2.131055122368707
-1.9328825376932186	3.1922215820755704	2.5452879208273496
-0.6475596678900053	2.8136229279111986	1.1531210756470998
-0.14647713132589613	1.8528690224295263	0.6306759575112688
-0.5130138456797533	2.434655457256384	0.7501281730914079
0.11057910394864845	1.2335646790044235	-0.3296430505037998
0.24939029611884767	0.32805969497471144	0.3301602545639081
-0.08090015364371883	-0.19886605803487384	-0.9017842699558665
0.6210455351451978	-0.19518770825142018	-1.4488549437715263
0.34330387428190134	-1.526461504990964	-1.7783889392002774
0.5018537002384179	-2.1845875706300304	-0.6438219815742585
1.3611746299937297	-1.5837876577903054	-1.4842705451756864
1.6576311104141481	-1.8196552370493468	-1.1252703751627742
3.016693861410827	-2.7234844597700762	-0.8028796832927936
3.2608404435338354	-3.018035654332795	-0.5525461020826872
4.215939230167985	-3.2579206448630496	0.06859230294365826
4.616287524979686	-3.186731309512735	0.5227975129304339
4.437601538735091	-3.186091787126739	0.1909209239250755
5.146707233620667	-3.061193315990244	0.62877251655617
6.285610937073735	-2.3251082590464502	1.1111692763197023
7.1765128416857795	-2.392887198152963	1.6201358843693847
6.823550306573041	-2.5897090384086106	2.5543917988571194
8.582312469647006	-1.9428312104619458	2.239181760664373
8.68794780808427	-1.349326453951173	2.8780764520933353
9.087989320101356	-0.5032705664113728	2.3472057793240455
8.537486992926851	0.47247828492286637	2.404874398244857
8.729358412560668	1.7451125636165805	1.4669827134527702
9.597428630391297	1.7502999963533317	1.1296870849579732
9.300945156709293	1.622817701402944	1.1463438695524497
9.101595226123326	3.4280206046703268	0.22190552040333344
8.178517412389695	2.8896546229624125	-0.03825054555998392
8.45713647548174	3.181041767434494	0.24085321771345047
8.388041164860562	3.8416668911311165	-1.3160565382614915
7.49038103744526	4.076030759747175	-0.8216264771663937
6.611379047322631	5.442845017307938	-2.2805336399550846
6.066562508088078	5.717698780488103	-2.227804062115882
5.11445604497763	5.541724525803636	-2.229125164771286
4.7308660784567556	5.846140717374431	-2.7454074812693294
4.794685627928011	5.585634292056108	-3.5986253898240506
4.502388548243324	5.854030090749925	-3.447024247108815
3.6512313503028873	5.995926039013633	-3.071933593158243
2.55867494980178	6.187928728207104	-4.056537726504195
2.18853237340785	6.942018620726783	-3.066190248705962
2.3805879293600345	7.099344470685767	-3.498685360079785
0.507313908103203	7.252428657401178	-3.018661413654564
0.26521377402309665	7.449949823858603	-2.560706576683849
-0.26243879778110935	7.188008480887732	-2.557439274725286
-1.6395960245936378	6.593855508143725	-1.6901829438097091
-2.08476668081639	7.187954715841655	-2.2238837436300956
-3.1602794779743824	7.1235577867944135	-1.0643965230087171
-4.058920274625088	6.436787162676129	-0.32978023964752645
-4.287330379680375	6.327052942935973	-0.5435012638118917
-4.2941663688202	6.260413237245819	0.5925964633492908
-5.336623493460416	5.900599581843026	1.2753874682456705
-4.985393246571749	4.549285802458805	2.133325964830391
-5.651997944404865	2.9818972453517576	3.1241133567220474
-5.316697151316838	2.932179378912304	3.1532924151283916
-3.89817344159111	1.6221505728851608	3.4342590159670183
-3.9201379007380552	1.58047729663269	3.303708336543285
-3.6928995421393878	1.2624404702718235	4.0643258723948605
-3.5264700592084894	0.8725521150909674	4.53829886752331
-2.0750058230445325	0.15921380910123512	4.686944988399565
-1.9309979386418346	1.2737742728300963	4.259142205813107
-0.66914574639763	0.9957877203189958	4.851372328540029
0.40351384936493706	0.8433929698521054	4.638893416274842
0.4253264737517905	-0.19707100636620645	4.204327276260023
1.3637466100125326	0.9503562906849472	3.6265058211494074
2.8053593081161927	1.5831347662539506	4.122761300716757
3.6201433917638717	1.5477630451988085	3.1363654893306667
4.081846396916877	1.7697724790919307	2.7271332353188567
4.871320298634667	0.7616229812349073	3.144584110750077
5.866299113082343	0.8739497442556735	1.5538409544865686
5.735029821653626	0.8471560125644183	1.539245377723016
5.861784146166789	0.3520616968297746	0.2587550283076616
6.238907082308305	0.1942821038432615	-0.09950446738453561
6.687110840020703	-0.5017992282840751	-0.09877431466824138
7.24967875857242	-0.7843084916545928	-1.1422682811406806
7.448287349010116	-1.5355173360495717	-1.2667659038530288
7.410369064649069	-2.9504003472917577	-0.9961143743003751
7.313560104733309	-3.0122232896598975	-1.8240624621481647
7.092897793828637	-4.140392592010851	-2.1424712203541687
7.501793040929001	-4.638300511540988	-2.0927780380109557
6.617803367839639	-5.554732775470785	-1.1711364496103922
6.620726430783039	-6.127588622679389	-1.6984747404865441
5.361116774940733	-6.255545498070468	-1.4252490252263745
4.407246851119296	-6.275098697065015	-1.883903687914259
3.957382999076272	-6.216885948740221	-2.0431916622651247
3.713795498214229	-6.830110042133432	-1.1109806591719507
2.802844820724641	-7.258036023359056	-1.1522327391165712
2.5564477287167904	-7.2090335842125555	-1.643883462730993
0.9880642596805094	-6.9578263540668335	-1.034423853180292
-0.20326824028524854	-7.0905959113527395	-0.9415091552263652
-0.8608864888341135	-7.629511210053382	-0.7642799464132171
-1.6920084866237477	-7.521373344582905	0.20101530331979944
-2.273985318390222	-6.554742143745228	-0.07433196886597937
-3.1206970811647423	-6.355486478461498	-0.0878213771788865
-4.094134783493837	-5.615361733564837	-0.08984928034829548
-3.623529538829871	-5.830436846993133	-0.3256536686266122
-3.887944360983167	-5.335378070205392	0.09254383722549109
-4.317439580468748	-4.079521330190355	0.04836685167815846
-4.756849192180134	-2.593532320241974	-0.7912359297855486
-4.167206110725671	-2.258206721342867	-0.7793949264864992
-4.735866359440828	-0.7773616234094944	-0.9350810154850566
-3.427337303035948	-0.9016968151030266	-1.1442662044719882
-4.10303075178375	0.1413504276661629	-1.8250364945086233
-3.695503033762116	0.7615109340479893	-1.3074386571680932
-2.2654281940606618	1.2347114153945733	-1.4341080902788264
-1.7933495544782612	1.7265074934517421	-1.6795078308830516
-2.3199565112795653	2.204368875811946	-0.9814450459726756
-1.1765463748436509	2.64590375520136	-1.431007895486335
-0.14364714080421792	3.466525698336161	-1.426684378221708
0.4155666642686181	3.505420789288338	-1.3039419021668865
-0.08969153466873289	4.308118859581058	-0.26993924770598104
0.5419919392155383	4.825230400076678	0.2866107232424782
0.6148904243820235	4.335273298744154	1.8325810042962472
1.9134548096908854	5.055520394174954	1.575571545043268
2.4055439457100527	5.635060529096264	1.9834913010578892
1.8828684773889555	6.1077993759682	2.9468449523520888
2.3727205571434893	5.915329467371432	3.6732857713567824
2.8110047420097737	7.176836885402656	3.1688109673113063
3.3933667167884463	7.100987547262745	4.049514316131868
4.364002126733858	8.61184549297958	2.7469216684083815
4.394305795399651	8.11933577301585	3.9169754344949332
5.699534486623557	8.71092222912293	2.5558084031748596
