5.776730692389769	-8.65219115565469	2.222895444421128
4.812553496578844	-8.551449548884497	2.310129411658855
5.079782070871165	-8.427571295948267	2.7808878535497157
3.803285352632783	-7.642012758750138	2.5959756554841986
4.508261489362548	-7.752927390935136	2.3785591491288445
3.1857659560393343	-6.803680212718564	3.0671921988828683
3.7432719950065527	-6.372427457313477	2.771844434307193
3.319556001010751	-6.030840635193174	2.8675149931901833
3.3249675617435375	-5.93876014439841	2.6087838683385485
2.930568871830469	-5.92179690107318	2.9430459270951155
1.853483014323917	-5.25386607432472	2.7281776046909045
1.927932876244198	-3.809413024569591	2.4760478677723334
1.54148139823637	-4.414064523207683	3.693310422411371
2.4157633635904583	-3.7112343342272656	2.4613194827314016
1.4646732728672425	-3.378710016735018	2.3101725773793405
1.7550242428065295	-3.0284672818848035	3.333983357832169
1.7610319726489354	-2.0121571992568947	2.1057987762292387
1.6696230099558278	-1.6439166779917094	1.8343746700515435
2.06156586894711	-1.2703826572657433	1.3642379660275068
1.8563709529885144	-1.3457561184171416	2.1254490294145167
3.026238833708225	-1.0054963874865526	1.1356555842969256
2.780855597396155	-0.5153545783696931	0.8878028274835987
2.1496805867271207	0.42825131985401177	0.6459876175615897
2.222051112112929	1.2345794713818694	0.3552358295035174
2.42600789091549	0.7522632569939389	0.48535033024705976
3.5777928421126837	1.4310428517636824	0.25227622163486446
3.390188998349852	1.5245103884020983	-0.40260717378185906
2.871273423136399	2.5489465146447	0.37759566065040995
3.3010951767463794	3.102664692083169	0.17490004507784163
3.395051700639643	2.8886716724912493	-0.33406225631020064
3.955333124650875	3.3129976188239634	0.3712127325553424
3.7102354910565203	4.193168903559891	0.4949350004066009
3.5698405723131983	4.7520961146011365	0.35621169981326695
3.9083509145212973	4.985119253194853	0.0777354758979929
3.5471116167318786	5.93162718477835	0.48281451921310947
3.8408974205067867	5.657455982189887	0.3990765606541088
2.8127617567334195	7.49381803961938	-0.4064460537977751
2.423935372604386	6.602351689733959	-0.2370786066645944
2.8424337192710634	6.936748033608459	0.30887411208011684
2.177900264462086	8.206918644954863	-0.38011421092949993
1.8772717141015565	7.966996302861705	0.2430746314625269
1.9329221158853023	7.940067247378168	-0.05758499936077664
0.9416386890003727	8.385199701811928	0.8861294729666555
0.41403471761964167	8.038700031070594	1.0132306099809205
0.11741018300897532	8.344835964579685	0.7103421131196368
0.2927748883669449	7.461250354094848	1.453455536139307
-0.8483275886513042	6.907334593368274	2.141670944974299
-1.2452245868700647	6.425658555386743	1.5548747409232357
-1.5393359803607536	6.412759689479006	1.3649120294330224
-1.1422463383403438	6.530522358426562	1.4173614691243277
-1.7597251935401461	5.89518791325007	2.382436434394905
-1.0035363545458607	5.339542970241715	1.9115294965411735
-0.9370326759741658	4.8864666764200635	1.4216217184566702
-0.86222753795634	4.091499473751895	1.3681753643947845
-1.5741165868029587	3.592953321265455	1.6757736425969243
-0.6179194206371292	3.2726029322710257	1.2785043544661767
-0.6137299821976541	2.372585478158271	1.4145395709662485
-1.566082157222145	2.511093320642719	0.8300387477587359
-0.5583991467371581	1.686741281577243	1.4030418076452271
-0.8426881228922836	1.6127894151060134	0.9346958687147847
-1.0013688900086	1.282262228845784	0.6338237284732036
-0.5085384508229873	0.41893209950744936	-0.09641294273606493
0.26006422872052226	0.16240096382991914	-0.18214067951184731
-0.16854112623459216	-0.5972280730108914	-0.9258049539880449
0.04834164451384171	-0.8658724211613317	-1.0491521825940537
-0.21223910245877253	-1.0195134116124682	-1.3036073138565492
0.4081750167725944	-0.8213534354055243	-1.7071000361232214
0.900909029246853	-1.8411109313184766	-2.0726626344210035
0.9748129773186072	-1.1660088711246868	-1.809234755220853
1.3429812760246853	-2.1233992901035825	-2.148214654737008
1.9952296355088723	-2.4734498717594535	-0.9227065743105616
2.5901451018002897	-2.990112816031919	-1.8439515345690904
3.3110395329399616	-2.325008292191929	-1.7780337971706994
2.90563536628198	-2.1782301599690896	-1.4384356174589659
3.0343429056798135	-3.2632182335533093	-0.5848606007802566
3.382952460459973	-2.1592838247231536	-0.4692451514181867
4.394445743636966	-3.25797206049804	0.2286885180488193
5.091360887888424	-3.364682710031515	0.12902070410930375
4.442067206450467	-3.246594322889852	1.1343747456551687
5.660307517319171	-3.1776043289496223	1.412835683490016
5.498779860672154	-2.0665254519824767	0.806459203452587
5.742683627206153	-2.0712807034797236	1.8051728965889575
6.594902854141399	-3.1398721982530273	1.57321632883282
6.917957557317114	-2.280931543278609	2.267622274114392
7.918730452796519	-2.2010665900841206	2.2567776995966486
7.100381184093715	-1.6459188837547245	1.9373011813574843
8.220191036561339	-1.7472354360212308	2.470386908370004
7.957017788487665	-1.592807465315098	2.6014508216009653
8.488779775389704	-0.02916760333300039	2.337446389418342
8.789693343310198	-0.015568999887844215	2.275426695234723
8.53766900152642	0.44679931132952433	2.6447329858126842
9.328970315936076	0.4015184693601072	2.0700614624798717
9.220280103860995	0.6441842175886089	2.4570340328312064
8.854544463724269	1.1963041246637247	1.20902068801531
8.980376305698421	1.7279040806604244	1.027257968506972
9.189614644978622	2.1348093230906784	0.5427564433048406
8.739460185531607	3.4447689731209667	0.45622982402694656
9.39775322163125	2.5490117366149	0.22551414231993427
8.574702866478994	3.314703492232903	-0.5160454113755226
7.921437224853813	4.198296795799485	-0.648077435804726
8.792003097006484	3.680999123676159	-0.9870796609089719
7.432591955774303	3.794366261224496	-0.6795353971735836
7.693463933513127	4.089916945593299	-1.1413811747116094
6.854516953633746	5.08171516061389	-1.2111733115077898
7.312389648345349	4.824915813501753	-2.072695584091897
5.784548256052253	5.151631850036127	-2.6010747444035323
6.01544404229378	5.332364338575249	-2.4941894595697875
4.887002151688468	6.162438637588998	-2.8186857779869876
4.394246214991733	5.092160460963029	-3.3337846232240667
5.297442583367147	5.37018289227886	-3.3397735696133934
4.306521924644763	5.471599236249057	-3.514462801746367
3.4495394412553364	6.531294726141466	-3.1311232265098017
2.615775977398626	5.766290219426993	-3.0205331275958214
2.3127999979058838	5.972214484146402	-2.9789090034754127
1.838964161208505	6.83288601147701	-3.255871049851211
1.800386238535367	6.741263432472199	-3.677793851644589
0.7953315182776968	6.029606532882955	-2.7890395020507066
0.3171603952055655	6.522311867438856	-2.984830114332343
-0.7373202127327791	7.229657477151484	-3.245684347041675
-0.14626067855025982	6.731739288504332	-2.8406334203588397
-1.5262204980613199	6.162331158356226	-2.3702702599129015
-2.106468329363714	6.692328217001484	-1.7982147334463283
-2.15841076825798	6.05097522579623	-1.634014283799035
-2.978269689027847	5.9640159628061165	-1.711494169533064
-2.3403717574941827	6.122967977905688	-1.6717311035813254
-3.04314816507288	5.79766919223964	-1.239189402034995
-3.9080975824637285	5.738054653941521	-0.7829052771823567
-4.529820300593475	5.582842352001969	-0.13751117879831298
-4.438704456074176	4.727677793543898	-0.07729364625173096
-4.164848903639824	4.566179136316752	-0.24780400702756672
-5.26508760766775	5.416043228099968	0.2809572357397301
-4.580055166014337	3.956022886401615	0.144905124813263
-4.151610491262261	3.797205962833054	0.9613230729477815
-4.8412625198442205	3.373880755624173	1.092072550100654
-4.543475517976829	3.7646506482139985	1.5783519136782682
-4.640600874875908	2.5999140664353053	2.0497561939503823
-4.389082824082443	2.3856525277997074	2.773378232859672
-4.744884573411276	2.132504860957402	2.2683536045290302
-3.2298538562104193	1.6335103900627632	3.092122795287983
-3.193702834997908	1.5486219052791328	3.7196184543614157
-2.3939647891493814	1.717634183883606	3.255405611602338
-2.811869529252225	1.0499533199409623	3.627837917252888
-2.166225926531338	2.052932498600079	3.741347587264994
-2.2417417407430897	1.8402896143266512	4.52415811761752
-1.127000163888878	0.8063203898442596	4.4876633634710785
-0.7034287517822473	1.7043435435256793	4.155580029353056
-0.5853341376912833	1.0885714133402786	4.371906719138176
0.564346442925814	0.9857467075061928	3.9772892727216465
0.3473297428314854	0.9300793344509426	3.83577329769658
1.790772511874168	1.4807702461507275	4.068095558180669
1.5161901295278692	1.3952299457681099	3.837996684800726
1.7200581435019426	1.2307847941594363	3.645360455281033
2.5074150401516784	1.7048810093301894	3.2963649094702303
2.662764966372934	2.134687564571929	3.312588882695362
4.225895771869901	0.9565375636245785	3.135832025803845
4.207876910778359	1.9748202102231742	3.2138137335935077
4.909909266063062	1.5482353952741743	3.040703469328304
5.604991437265937	1.128839817301132	2.4971720364167336
4.82490545116914	0.9019810713202678	1.8791652988574905
5.63111771685151	0.5346281025814703	1.2522749161649867
6.085762509173183	1.0735091526313738	1.3126004813407528
6.003222661730655	0.4665066069841346	0.6720457966879256
6.279922298046816	0.7926910490577156	0.5576770306944338
7.13291040248569	-0.3658952534467121	-0.2709835168645002
6.174272417578149	-0.19784939076182118	0.4941350611085663
6.488452632164723	-0.2010297301827022	-0.9731299657373378
7.423274708985768	-0.7447247300798799	-0.8938947430886334
6.865933359776809	-1.2970061901009695	-0.9826637949934691
6.812717626788461	-1.9721106115559597	-0.6661535573460211
8.002454937480605	-1.979823263726282	-1.7533319727900758
6.891164073342129	-2.7117832553815457	-1.2974194717229595
6.965965164500026	-3.1183163833737684	-1.0286047881983444
6.956405639790468	-3.703092516810749	-0.9237368055413335
7.660240654530402	-4.333272458253203	-1.7394326050441076
7.2160524731455284	-4.9693485630737815	-1.356766354136181
7.42143383026502	-5.434483173613919	-2.293253969977075
6.05634590138308	-5.117730086063318	-1.7339951464861834
5.821902983170664	-5.1345398662935935	-1.5237820865255443
5.303422245174135	-5.802412112003861	-1.4522965250744404
5.344130451893009	-5.665780817264668	-1.5941333284613228
5.012403088297499	-6.591863917488373	-1.5686897652051446
4.662210648539283	-6.676745297526118	-1.2603224049213917
3.5816967240816977	-6.067823140734145	-1.6293204326983892
2.698819735561889	-6.079521780637661	-1.9604738994369053
2.6056746940981883	-6.506698867583102	-1.7234161630443208
1.9631719138427015	-6.178910374405297	-1.2499453003512557
1.5146369018930983	-6.95497220537616	-1.4434349746189237
0.9611039338205354	-7.054970339568357	-0.29661429189944477
0.8574135392796514	-6.641812046381312	-1.4521843120420552
-0.08815546205026509	-6.563512577674972	-0.26611957355017135
-0.36715480001760353	-6.728342089528201	-0.11658773545742207
-1.0140919791928145	-6.9629717235431485	-0.9610795174855402
-1.5157958248968404	-5.942935284297813	-0.626922117954411
-1.6410375331823412	-5.772603632252689	-0.03707280177499728
-1.1786971626492284	-6.045712603977784	-0.771380262490737
-1.9011730619606406	-5.96081618057835	-0.022656215379857736
-2.325680585073256	-5.7140609498266945	-0.11097155093242672
-2.7309899157549458	-4.528742494962262	-0.13670757433597747
-2.788810314512201	-4.192911126663121	-0.0769478295488849
-3.5738477383104623	-4.0133258073728575	-0.25023777765876054
-3.271490090645906	-3.3986842262468278	-0.18146815335733724
-3.372007250888748	-3.4242104367334356	-0.33271704498204824
-4.2518701917515145	-3.1883717431942795	-0.4452893083326934
-3.335519549678624	-2.193078390617285	-1.1366782453168756
-4.52689482517546	-2.1957301795378856	-0.011445922400646236
-3.519862089136116	-1.2149376256337672	-0.892779887639547
-3.986749903835822	-0.21682680805518895	-1.512726759989587
-3.2397564364307874	-0.6797766492565473	-1.2007980833136633
-3.1009143700941726	-0.3132805861944591	-1.1423727877307361
-3.5232451057218714	0.18600221250027582	-1.9632345444578863
-3.154452528690089	0.5126552470663139	-2.0987166607391505
-3.1090780210127567	1.3066902416922932	-2.165849609301931
-2.495113965382423	1.7163920488927227	-1.3125340359556603
-2.0409735131854623	1.9441981252118534	-1.873279705099797
-1.8853195812391155	2.3702264834715576	-1.3389940972894214
-1.9330715743720586	2.988153955803453	-2.0192165459407563
-0.734056623212386	2.553166356991049	-1.1624888903385484
-0.8308951423936837	3.4357987333602376	-0.7102700579203498
-0.535179409995273	3.7149524506780107	-1.3894576802667928
-0.5206275124361994	4.173153509377292	-1.2790410343873106
0.011179110720478613	3.4891783807841614	-0.44351535560599276
0.10219310518678462	4.464820058063303	0.6226097710164302
0.9331618532800421	4.0750295708523385	-0.0004265799753746524
1.592347065731207	4.706634737099687	0.6984748636863491
1.3422707996684156	5.417928661589949	1.0869792953875819
2.3323230447415235	4.526786713285061	1.3535296267260146
1.9632906783786892	5.314932486261163	1.934480775163283
1.9388833544134327	5.5423370643798275	2.703557413131249
2.0884631546313948	5.5475012109889015	2.793841812988709
2.226053043263395	5.879155043929977	2.5085743587688043
3.178551743166269	6.638917332363663	2.6390853993106362
3.361977972978122	7.464261371474139	2.919371181543039
3.3496994142910372	7.079236809559528	3.50448292388222
4.15344805792136	7.147843050949821	2.7705707774357515
3.64399146895203	7.57769729871907	2.8890965115156115
5.061115128302818	8.36406602831566	2.951387240048209
5.237592061677699	8.538802054589551	2.7984954234691584
4.9446984790488315	9.2680309511548	3.486425892647671
