4.767977491688123	-8.706885124979324	3.110159702380127
4.007293504892131	-7.700569874868364	1.9959894322586422
3.575837726538216	-6.954678582651551	2.4614403144237746
3.6371685559943066	-7.033461618831199	3.2061822687014128
2.920680255552449	-6.964719529826492	3.2387803192886384
2.4004921501040357	-5.516187967559689	2.887007726296993
2.267545702332359	-5.886369605041883	2.809172673532585
2.4811085197312437	-4.9266073875449	2.778018001709471
1.966189808090511	-3.78981102619516	3.173405214216465
2.128489490281382	-3.347950536343564	3.1195975971917456
2.47426331100172	-3.145682744446252	2.239809658394472
1.8403191497811624	-2.208672437463085	2.0547676530233567
1.9634358663028113	-1.6641376238800025	1.307920560545954
2.2076094359768783	-0.48693973121786904	1.7238502453275533
2.5931508153978644	-0.7786725150728007	0.7320008291323702
2.711357707951332	0.6349601573976167	0.4268046340233321
2.669848310260736	0.6994219230781423	0.6990665113575257
3.385053394910987	1.9143327893618625	0.18382715963760043
4.03711615951446	1.8294387753054788	-0.37078645632998747
3.8687568076767995	2.560102636523479	-0.010038437244147103
3.7662939260207793	3.47088277658568	0.49273753749694704
4.309543389724316	4.138727716703777	-0.4851922094506203
3.3029899915961107	4.6462880005727865	-0.048975519904065234
4.008509700986593	5.829482397261749	-0.4229160937519176
3.824819125978001	6.4425153005783935	-0.5022600471953553
2.5513904000923984	7.131480103893367	0.11763798983449791
2.428228362621427	8.218915822698545	0.16805639358438057
1.5233466715625406	7.559725510809181	1.196871394659484
1.3635629078408484	8.111519456654435	0.15613635795807934
0.6202193170335337	7.59822738373907	1.4002851328000223
-0.20519049061032657	7.491415229930495	0.8558262010268385
-1.1154615641674002	7.619752988127352	1.3101429716820758
-1.4695182074885713	6.308100305608518	1.3188736490692312
-1.2891682986598696	5.333631334804375	2.524688320515667
-1.434035450201261	5.2652638657787225	1.8403545982221476
-1.5202501510905648	3.928991176242885	2.70913330999368
-1.6671310900436258	4.2442602001150345	1.9339849872296644
-1.4911978316498928	2.8115565979252084	2.061922827794403
-1.3022086235208814	2.6559561876260545	1.5248704141657414
-0.3395115380321245	1.87299565027496	0.48747218685595833
-0.6018305166608736	1.5514951581571732	0.3369751472465643
-0.663479207112381	0.04757038378063522	0.5462302694156501
-0.1549309612984655	-0.3219134778242394	-0.47808088608534405
-0.26054719024409695	-0.44378718097390646	-1.1818673218735172
-0.07926126960546989	-1.5783851645050542	-1.2386147697073489
0.6103045464328836	-2.1387627899919663	-1.6596346870916951
1.2855104596968638	-2.2086449206856655	-1.0784386270571549
2.528861525695688	-2.9572041686786514	-1.969431766465957
2.38245151729985	-2.2752688023575405	-1.6337158934404084
2.9728261815009454	-2.9226217992409715	-1.0010609534789148
4.283282697301659	-3.226140427753506	-0.29093233429073695
4.475587624862361	-2.790959172825951	0.08704887395540745
5.187953095904036	-3.4698465853302025	0.14246799541412244
5.222703997523527	-3.404078369599803	1.6789866830773947
6.3280767034768814	-2.5978434493365157	1.1101598570837794
6.672709354734149	-3.0191469367534522	2.3563148784928867
6.888775438977333	-2.3178835095996275	2.1325862031163805
8.45882187389923	-2.1408224571134196	2.5516635807244263
8.340395908142652	-0.32129187724315433	1.9067134657140439
8.544940701913397	-0.805066044552875	2.771441835648236
9.545502251973328	-0.05099768047798714	1.7783874623498326
8.828054230199266	0.8600913662459743	2.381498524689861
8.98206511850531	1.9023043831532898	0.9837785523480598
8.965756687194837	2.247573386565511	0.8701320801981696
8.778207560818995	2.659271417327744	0.9859213235467413
8.36026953943035	3.0571272850629363	0.6131436270345204
7.927832285144931	3.368335066773689	0.3154034252394514
7.737939557812895	4.327563973020725	-0.9783474351202714
7.879560404394418	4.063474829031479	-1.5929994093929292
6.8256292605868785	4.566307245623916	-1.4589771007730374
6.245929066068492	5.256639654127612	-1.7646136721018022
5.913995021447596	5.121435960550936	-3.025082215666294
5.2223027161312245	5.178487573956575	-3.2085675732777723
4.365497302955386	5.961513379546615	-2.737352919042192
3.0690573502817884	5.608131090826821	-3.7358285307382055
2.5196130333107245	6.173810564854117	-3.571121865389148
1.757893656237821	6.697791416931345	-3.086069682823025
0.8897890615152803	6.159141237807253	-2.825866487772454
0.45969365089089065	6.300341360920485	-3.296592979684266
-0.15911490604164902	6.426313782276934	-3.019548775615485
-0.7553269580052127	6.5951926702134	-2.5159156085546064
-1.3984494612214915	5.860640896171139	-2.5208127848177573
-2.9741781730139056	6.121822696607097	-1.558232460294692
-2.954843714643786	5.6712664711872725	-1.161186467668856
-3.8976285274289784	5.340643720164596	-1.1891613930242806
-4.602961167158577	5.692622068990176	-0.03257309468543368
-4.2035296887371505	4.594451786126185	0.1405186657694455
-4.863115344712575	3.9844848974461056	0.7304820535047972
-5.218889462298863	4.688962756686155	0.999069642259943
-4.913742003549923	3.9919272651504585	1.885245322564611
-5.023545932004867	3.7728393763817323	2.026922902190197
-4.792572657971448	2.3178529413183573	2.9143364649575494
-4.3924980359036985	1.8115442460073679	3.8042250400057545
-3.260349691595837	1.8872785026801457	3.900563013469185
-2.615241839351176	1.6247424476189627	3.819005784702748
-2.3975383290306422	2.083058976978104	3.710261320957025
-1.4080621002873177	1.1214195347974478	4.135846905572925
-0.3445836943086227	1.0050660728979754	4.404955219532773
0.18365547136916743	1.1390147519999518	4.649343689566387
1.0399734454003493	1.47127325644439	4.784177315103872
1.537044492493907	1.19337335444005	4.546127835290211
1.9845177587460248	1.2879144939414522	4.4435557037090545
3.3726340515903352	2.031759462123634	3.5887064650909526
4.090705268235033	1.7264644321449678	3.580220503750285
4.141712532719	0.9971265315539715	2.8842638467223676
5.150898952615773	0.7566088568116529	2.3557731198481107
5.099639695010632	1.4150714705701672	1.9985225219451208
6.2006655092156056	0.954608625815776	0.6865206286778758
6.565459752499344	0.35015942964804814	0.556641494079375
6.522864484047648	-0.08326096671801858	-0.38483760651320315
7.09851485314647	-0.5778894621805771	-0.6022980140570229
7.844676014237239	-1.1262183303847704	-1.2720090792931202
7.252141381703676	-1.232715119078796	-1.1802138415164676
7.363986590777106	-2.5813793375082197	-1.9963941423487228
6.8770148265358255	-3.3894622085495816	-1.8782653723233975
6.965316274974342	-4.2404995107120955	-1.2397184594801014
6.871450824277289	-4.716463819504264	-1.5941954999801486
6.51439115785499	-5.55559610960237	-1.29914545595049
5.788805014258571	-5.338959073275844	-1.2205457896736802
5.786070269905103	-5.984823390239406	-1.5183472197467185
5.287238831041517	-6.8076180828633	-1.6350653584727517
4.455644533755301	-6.6917390738462466	-1.7762630007991094
3.415813285350691	-6.39193074537114	-1.3050688871797116
2.4856681579492226	-7.1245805299979965	-1.1288707681194687
1.5676776375586776	-6.871674121494139	-0.7513274522719295
1.02053902133511	-7.019602923921151	-1.2384470854726828
0.21939849571944348	-6.480877100109906	-0.8442431641728697
-0.7076413763527195	-6.351994234678738	-0.24340761647352094
-1.3066062088394599	-5.927318043368591	-0.9378401730640864
-2.174331772052596	-6.395538506865202	-0.6973728705235758
-2.229669702087392	-5.568863844063075	0.09336810960856845
-2.442578434263878	-5.408438124495988	-0.4572939116765032
-3.352211921390809	-4.688253401747677	0.49394169632158824
-3.0015809790285526	-3.4784960239018057	-0.8121854396979677
-3.6383523364390227	-3.624919251324928	-0.5611062504107405
-3.9485300734987807	-2.733069980056001	-1.0507017666545984
-3.3644879775128542	-2.0066946861532626	-0.802516575612074
-4.5179971926547156	-1.2360120102544236	-0.8632863163274614
-4.0428442992839	-0.41915022051627737	-1.3897738721955752
-3.31474979999432	-0.08513402560422867	-1.2729534049775613
-3.683923231861294	1.2030903873319674	-1.2187851268569412
-3.027625101865093	1.4222435070679573	-2.2541121116036127
-2.460346048242112	1.8330878641442612	-2.0764925926318236
-1.9349314770211512	2.550862129431345	-1.6841541434363485
-1.2964954740968677	3.211545110314381	-1.674233273145469
-1.05798815061405	3.2921726485756393	-0.39055890943590255
-0.042296821309270594	3.7348838557757538	-0.7190102127653055
0.6193429686900742	4.559345508286098	-0.29223713426710385
1.0080508386968348	4.617841351618005	0.605884088747137
0.8115031855384099	5.382919609725709	0.771242501923078
1.8150605518610936	5.111412408044434	1.525307657818302
2.3547452964611573	5.73855491184683	2.4201522083593625
1.8514068296224795	5.75801849161624	2.6491160486037133
2.512913822218113	7.070593205860863	2.775235480550772
3.56344331372733	6.727238033605243	2.69094814661607
3.374414476801579	8.032083298012239	2.966692504848914
4.87032216968831	7.531221802272218	3.381547080705812
4.23924644765122	8.44528158819451	3.270523442045535
5.108185618157708	8.531678752192434	3.2277474168973015
