5.795057795832573	-8.59468895760535	1.9129936051375456
4.633150021636122	-7.974215583055381	2.1793399514886302
3.83059576998693	-8.11303225356382	2.348463393568214
3.852805779582346	-6.92072885290111	2.876058974994627
2.7752586102659547	-6.789735035334648	3.1408692259761204
3.0771421584624283	-5.442123516444232	2.5977930714752295
2.4895563855722584	-4.849358391907113	2.617789170902507
1.7995951258945047	-4.928015938665696	3.2864444694679977
2.5313820623598073	-4.432725735920136	3.1147924365166926
2.399818175972003	-3.9054976787771825	2.6044282074429823
1.9609049267546452	-3.0980821028050705	2.9870569673427667
1.9737323153965234	-1.8344041709867276	2.4753283328087283
2.906745072660916	-1.4355622380533748	1.510091000366768
2.6420799890150413	-1.2665414063331282	1.1933196876534164
2.144010819718186	-0.1858838780863109	0.7325290762156313
2.1935167140333953	0.14599617502872744	0.9728357636722419
3.01688347097717	1.0316173657690784	0.0020124926206709914
3.302537252606561	1.9158937801071332	-0.49706420942728863
2.86386020409703	1.8214140348204622	-0.6836907422119021
3.362432848693345	2.747284046272885	-0.4704030333028691
3.5362655713025384	3.4597172640942713	-0.5591436574633322
3.9601652989178207	4.3583532010806	0.2880424531829878
4.123190696366212	5.091441223817642	-0.49732721184839845
3.108088753986509	5.626887706997753	-0.2152341790172706
3.0894420095120214	6.452234589549371	-0.5718736456153428
2.6001272077362447	6.971255353159389	-0.08441112861819933
2.4018144532949943	7.7307969766588185	0.5782430610914915
2.1614482794075283	7.422121202582368	-0.07474440657984574
0.6600447184851932	8.096211568099289	1.1751024403175532
0.2785561493058389	7.829731026357798	0.5413598400419168
0.15219026129490054	7.451144107117543	0.9082329679534846
-1.281187646416662	7.959301595297793	1.1116652558317357
-1.4623325575155408	6.541024318832411	2.504713790724064
-0.4424512446651636	5.3628699695011335	1.495184502049566
-1.5768660644383938	4.739900165322144	2.7559094559915467
-1.201104491900755	4.157651454659904	1.5578497964549365
-1.6024342071380628	3.3826650382856007	2.104743816062955
-1.190931605408652	3.398402079924618	1.6582055862992555
-1.1846844548645181	2.707541336338195	0.9391267702538226
-0.4605775716568724	1.132430257107314	1.1776692295151767
-0.8082279128993595	0.6207834369638472	0.09628699834304774
0.04344876495233463	-0.09371272761972027	-0.1448750874149749
-0.06624525903066225	0.25722234074806205	-0.5265642309762004
0.5744755554883773	-0.2856141119851996	-1.5021319011457
1.193652400323488	-1.5669760775275465	-1.639548591913049
0.5649270878131036	-1.9277994834543297	-0.7926002349555028
1.1386002767669137	-1.963372970717151	-1.864910603695264
2.926696876040122	-2.9275719090229764	-1.78173904268826
3.392082817007812	-2.961686940718104	-1.6010464500972224
3.4485425706667066	-2.5618499903127727	-1.0975882537275963
3.549861431587617	-2.5513828304531447	-0.010402354548855741
4.098476245837088	-2.5620687842465806	-0.27094811483110737
4.398061195085835	-2.749488052611289	1.2936100681502407
6.215096737113302	-3.281717903048714	1.323309813543322
6.015982090626637	-2.2817895609944783	1.1583750225608502
7.132252862358822	-2.8320787700302676	2.0489432647934884
7.213327742364552	-2.5034514317017544	1.7554585262829472
7.669164586881103	-1.702592947020094	2.4189820525370367
8.074489984078308	-1.1725101898438737	2.0505951748003146
8.566771497543519	-0.7976026611288146	2.311496639549926
8.923616652114085	0.8428975098669804	1.9686310873027149
9.354798342846202	1.1308095531808107	1.4650208018062094
10.041801417094828	1.17356097802501	1.2539239783091238
8.773204397886172	1.936110546187799	1.446763991707766
8.981029258277509	2.1594654529894517	0.4124017136380168
8.845395952484786	3.7830197802118586	0.12777176358945785
8.192099987751986	3.923283011310735	-0.20493678943235583
8.120084463884055	4.062253900728187	-1.0409650836364035
7.186990562674256	4.57615410940312	-1.2520832235910606
6.778675183546159	4.430178911145772	-2.1493098326275555
6.81761445597877	5.366619082960946	-2.3557384400216743
5.821387331705116	4.9419280439191535	-2.447633532557533
5.272471827440274	5.62033674578828	-2.844250433333761
3.9721682369489297	5.4628597417820925	-2.3700270028392434
2.976809193966632	6.169924315754129	-3.285159895266178
2.9185892719381763	5.9010926944252535	-2.922320585152238
1.9130615179794837	5.801530706929104	-3.146786025115918
1.07748110939577	7.115579066537473	-3.5439213427684892
0.821953615793739	6.439532691936411	-3.493529867504501
-0.2714302311518537	7.1608963464758135	-3.116110695577955
-0.5291012902114258	6.195973372847224	-2.6313267385312678
-2.1837570123483205	6.79951987438799	-2.7802435443143083
-2.5567982585035036	6.571829439252336	-1.4785902927439922
-3.2840598490213337	6.075868617814859	-0.7666760198754456
-3.5195649177922768	5.540722929253539	-1.5256992429413183
-4.1167718252466	5.717114989529426	-0.5095942657089394
-3.81395847353033	4.56208402163139	-0.10777043227316352
-5.045049437087288	4.625618763678052	0.012713012808829458
-5.398567132482083	3.516137347832565	0.8664391146807908
-5.3645360014009125	3.0935981582326075	1.1651181567555153
-4.2373971768171454	2.9353357305901984	2.14255003957666
-4.794110613277516	2.6985691276093227	2.90966847784965
-4.1101289946288855	2.249715009116784	3.1248064600632945
-3.378721633935705	1.9230931619284255	3.0488098218834407
-2.3457313641383504	1.2911847986737826	3.375131874773294
-2.1346289563656438	1.2890125637935828	3.933540769895319
-1.1717344895510757	1.4086599515378633	4.637965046310176
0.10948941294074022	0.9955893749793565	3.754681436435553
0.11805256638470057	0.9335946756855292	3.925368035500537
1.677576976979473	1.601063086377572	3.799793908818692
1.9589511794990506	1.8684547207599285	4.253182671669831
1.9631343340337046	1.338530343522536	3.4966750861373956
2.894224065652287	1.8925055041353724	3.1344371638953747
3.657034189213945	1.3348073485403118	3.508578944613702
4.284764834598494	1.4331686395038585	2.852794989846128
5.602816429149101	1.192859774876958	2.038671138320692
5.086604919189415	0.5619825726368766	1.621907040676672
6.438487100839519	0.510724595453939	0.9984976095928276
6.49164352982449	0.3932997642000752	0.31677778452023286
6.912103955806978	-0.38674966664777927	-0.3094179605706292
7.439850779535606	-0.6635405874346645	-0.8103447559324095
7.4290942379721105	-1.014088353123684	-1.2090481777159134
7.222548415099537	-1.7636285746324487	-0.6589229235062521
7.2892500327600445	-2.032893361060497	-1.4015072173426615
7.339678807161642	-2.4678436930778265	-1.691456692725887
6.939929099886468	-3.9269974529102702	-1.2236238388005904
6.3501182492469885	-4.490632780772087	-1.2654107426618069
7.094029718092489	-5.099445653251074	-2.2688918870153336
5.338293058057446	-4.918894723027956	-1.9356522110150074
6.08502454374144	-6.315782301719738	-1.740151776806581
5.362081048398118	-6.47039414170364	-2.1557622088502453
3.830903646921799	-6.136674164659678	-1.6656590682716943
2.6593368235080734	-7.302347681338204	-0.7428589649348125
1.9812937190164932	-7.35113141501018	-0.45615084481535084
1.3721262749089358	-6.8409311578364065	-1.280859072659731
1.5626429296022053	-7.322832321127063	-0.7408266610627797
0.07259881577752969	-7.032536343678904	-1.3889535873335226
0.14373502148355644	-6.353472088212335	-1.0923949638991846
-0.7256395009509762	-5.75270823644574	-1.0797323786826718
-2.012806741755842	-6.538356786301049	-0.1765947790082767
-2.055365927845072	-5.7130454009780465	0.18190924553318488
-2.148662240071205	-5.510621727499944	-0.15773290892385194
-2.559327128016882	-4.691139871265436	-0.4561643009338623
-3.5270504494417465	-3.1821676861670944	-0.48508191578708937
-3.2416610482822286	-3.5446980514904367	-0.4067660317608077
-3.3597158978793598	-2.5487873640284935	-0.46852860481516534
-4.250571760265098	-2.3433064106496313	-0.7010155443221413
-3.3798190615153025	-1.3230042131333968	-0.8402645060510863
-3.9007032144278257	-0.8519141244837078	-0.4693602875586478
-4.048740862088896	0.4934041028747843	-1.7692561783037908
-3.166324697332386	0.3537669646632854	-1.8150043406091183
-2.6769440828354876	1.0669144569930185	-1.9929107144928497
-2.097762237027415	2.039070967871219	-2.373579187169229
-1.0696374104808224	2.3565170061092817	-1.768963505243255
-1.5944641892532352	3.220863757030159	-1.7106905907009788
-0.8796220821920451	3.617227075584273	-1.0056592198292522
-0.06386439390441068	3.6340421936661533	-0.4023248836437473
0.12024071115828078	3.8401588511109974	-0.6182391484930834
1.0174336472854815	4.300215320318122	-0.12000218754124925
1.3204751006862328	4.912209789089528	1.5747969953144527
1.5135862205410038	5.0065505401505135	1.4119550032748756
1.7282955512837748	5.65890410900719	2.7483344263977734
1.833389226469472	6.392754008805743	2.2872730124669873
2.415413712412386	5.988266456903204	3.7988517260874817
3.3177863165056065	6.977163877173751	2.7064341196430415
3.9480837898632846	7.189272932357039	3.949553014017429
4.977156993568511	7.809319650833222	3.0725496397017023
4.955032336491077	8.962824476997996	3.2010771743707513
4.533152885364862	9.101449380412006	2.8843560416360976
