5.842053985762767	-8.868775063502971	1.95832856550292
4.774709399589768	-7.974835095530439	2.683002620354185
3.722133833126602	-6.232117146261765	2.6701679128043403
2.144611219652008	-5.547957253278702	2.9338401917184562
1.8342652755052098	-3.3732469972368797	2.653438417450496
1.4047977262888867	-2.666268945673492	2.0166523990794802
1.733696162257242	-1.5511861720492301	1.4966627887930057
2.429849868515068	-0.652724515666546	1.831164675328886
2.862627801295394	1.1050829181729338	-0.04798777018193984
2.8976960801606984	2.813495324930776	0.17122292711144682
3.6337492160901625	3.4347917508411396	0.4196708999876301
4.206479088793251	5.452115870241397	0.007250964648923386
3.5312398731246355	7.571864946634493	-0.5907739844333559
2.861397813777049	8.053706961825345	0.25955637309866597
1.048510467005975	9.623770380208672	0.13970104490823437
-1.0279741635034099	8.370479969355143	1.6504549028549889
-1.5255954334430835	5.891187749189088	2.1238323038714757
-1.5328640856279028	4.620851461989785	2.2725483584334265
-2.3127338675400724	3.126035833285279	1.9427632303823565
-0.4854070414107394	2.5422896389694043	1.4120499676343345
-0.34839357894880063	1.096752524061107	0.5211169849879536
-0.364092929801717	-0.23528779305529296	-0.5470290947766749
0.9113868567612438	-1.728213615543223	-1.3999076622009565
1.127568848530845	-2.1633333383487794	-0.9130389932988867
2.6108445290144404	-2.1829800199424096	-1.698417992430397
3.3412834485475416	-2.857485844576966	-0.4091216684625396
4.704372495076904	-2.6530802074743196	0.8995968036255874
6.500617164557349	-2.903324239644094	1.511852808318161
6.771492298087434	-2.1306621187237385	2.8054207179701622
7.987282597443541	-1.2764888869216808	2.1567045022315834
8.935864318177186	0.20809570055353066	2.116026495540111
8.677609392840084	1.50553401233072	1.5757555722559888
9.30284651455986	2.5570669864289455	0.7818013367178133
8.265142459240542	3.9907761073845056	-0.3726791890839888
7.870254286214657	4.9261276039172	-1.6886688271439925
6.106752665160088	5.501888604473688	-2.1076206228858134
5.680706655829214	5.186876326095215	-2.8052666862317137
4.086488980179653	5.767061360573405	-3.088293883600554
3.493980941758295	6.776157871877042	-3.9020107768279324
1.5130933205876615	7.075831066877169	-3.8162277184195643
-0.01093762975137727	7.371271743400449	-2.666410334062194
-0.6432958738273782	6.99213087631691	-2.863829280713568
-3.5386295821776526	7.143591248427789	-1.4277647436078311
-3.987847251340938	7.198455058026219	-0.5018099269987618
-5.024992439246599	6.350377406862926	0.5239659623779429
-5.588845451065204	4.178053105017031	1.936117951167677
-4.592412616961156	2.8198352844642427	2.9569221726083414
-3.9132490730060927	2.0915958207439296	4.125726462267731
-2.6717862959673466	1.0166441052842823	4.6958782726546575
-0.7784825938047489	0.6456887663790235	4.231551684071689
1.2335546481475843	-0.2676067477966734	4.51898083582775
2.7926799129687656	1.9342590632932375	3.345985482676511
4.220220656319007	1.1606259498061782	3.60097370190351
6.265255774869292	0.6057710765393651	1.3485505952611798
5.9271095230433195	0.631572702947787	0.24179208508676908
6.327778013784335	-0.376684714907241	-0.19168879523007964
7.0842846311833085	-1.2596556272901998	-1.7790571680748652
6.874694538683135	-2.438049369299113	-1.5700781113063966
6.897628952466213	-4.789173290698303	-1.7447989825767898
5.765937239145092	-5.268380416554886	-2.1813687834530127
4.641920150385537	-5.828777024256979	-1.8752663633009548
3.349072623464657	-6.378859101381674	-1.6248847849753716
1.448748718918983	-6.9808196446561	-0.6720884406493974
0.8619106881036301	-7.614685900899386	-1.036961174435121
-1.4806249673632839	-7.184245546118843	-0.15372179004484499
-3.371145349370078	-6.064836439803706	0.008780260790384908
-4.172736978244966	-5.545770092931312	-0.3327251058565773
-4.233010655788295	-3.9150920643245977	-0.3280514265274938
-4.72625191305079	-2.248231910765066	-0.2996407727081727
-3.195679774966034	-0.8632316607144344	-1.7820393292032457
-2.479205865042596	0.775936921534239	-1.8764909891890684
-2.5143628223456505	1.829422121610446	-1.0284903022978342
-0.6703594005319335	2.7408166832141205	-1.4562285698559563
0.43167325355960606	3.347249541953691	-0.5728769934003775
0.7305135823644899	4.062168036751747	1.2291378756926192
1.0075467447291713	4.892349647345856	2.551101713166756
1.8134396172416458	6.4059433812514275	2.6064885985093382
3.03271605588531	7.659552792071432	2.9639372581691634
3.6902949637852593	8.457918162236023	3.2227351309079095
4.637170227156948	9.593437990338652	3.2601058354618404
