4.6128636238511875	-7.525913570954725	1.7633263879871435
5.031050017205971	-8.375821670707918	2.969265173623003
5.133703697339378	-8.106816155125138	2.2658301597972597
3.7775718209828697	-7.983003946323616	2.816074990173435
3.664573547580636	-7.3984889758878865	2.9267893949250086
3.1722402333802906	-6.903846381389993	2.701900398609074
3.0662881317687067	-6.9596766415852525	2.713656345212439
2.486281155109147	-6.69034139862435	3.0373829008992312
2.597025040995315	-6.1211166836726525	3.3126622771371466
2.0731623333255262	-5.141223627097927	3.4261084992148243
2.3051417864780612	-5.202617019221091	3.177340914547021
2.1685902441913956	-4.608172514921844	3.4226070130680992
2.2259513889002402	-4.193479470158722	3.207016579078651
1.7493214695408712	-2.9790307670696534	2.8982795367653935
1.3819789251683903	-2.694647403925993	2.47090818701802
1.6035419590986302	-3.131242956248047	2.2719190280779915
1.5294070618355027	-1.991270155190006	1.9339053279118013
1.6411824483873296	-2.055579421042699	2.1396711501662242
1.6033635196593978	-1.2138486424214616	2.419268775248601
2.2459541983926337	-1.2102214929885706	1.3465132157071402
2.256229511153827	-1.151516283695491	1.1487232005721169
3.371285042321194	-0.6147445953353283	0.6592857245673123
2.329614857112045	-0.3753983510106142	1.339347200067822
2.3128959500364017	0.003374687682562579	0.018912099914891643
2.719802750011453	0.3965329134279724	0.38238420507596127
3.2943592277926674	1.2068771169612833	0.6610404572646749
3.341088985857535	2.3824276867850567	0.05070023053583517
3.8473572879529447	1.7585143229610796	-0.7117695955759118
3.9507004473368603	2.8916732161552092	-0.21250591897878723
3.8293191947565934	3.927059247635051	-0.4181425042260281
3.2847939756890225	4.240939290063785	-0.27543154142115367
3.878185123125843	3.7744147545740168	0.01910471265472713
3.334497386926436	4.474647970929999	-0.5963655457691937
3.270651890706725	5.241850408160466	-0.5891243454834771
4.165905663449938	5.675658913726635	-0.14380182740136738
3.742763422674431	6.34685550194969	-0.13803030292473817
3.835549990826763	6.405389029535454	-0.4343112473422744
3.705776281361352	6.94024650822338	0.30656075511944136
3.1494681193843133	8.152406964787733	-0.5256628409761556
3.0487364656732714	8.304140061369154	-0.3297013275152887
2.3561445791270965	8.472147608123885	0.45784025662937816
2.2472222064416267	8.977403810685518	0.3719163724069786
1.8984936627223146	8.646709389026515	0.1704322184585964
0.3486689261353447	8.39216651034491	0.6985884332628173
-0.3669568533590288	7.877276177383227	1.6104253164985796
-1.5697811249146585	7.989591211402927	1.0025603808486805
-1.7712330562300254	6.921330926359363	1.320401080969261
-1.5019600036380583	6.607151327344998	2.0662861121388976
-1.9277372225047227	5.883261290000947	2.828238340639891
-2.167081521456097	5.4368692667629075	2.7300137255869945
-2.1275255613996973	5.579870765326545	2.2095664460330804
-1.5846465914036294	4.301540261443329	2.454618239516428
-1.7480440950299359	3.7073786434243514	2.3104612435023557
-2.3741773596600746	3.260105519196027	2.118104130666185
-1.8879785388762578	2.7939789745463703	1.5141546455416464
-0.9764281607781999	3.0646099534812095	1.3229085752791734
-1.2982701015092453	2.600914329811628	2.1012460298319113
-0.3018119323650892	2.2426119231410104	0.9614552537360874
-0.7453880062884588	1.5685199356752542	1.4263382942928358
-0.02083385339355326	2.1094360733940833	0.543510957328793
0.5152090247392238	1.0661654238333789	0.04542951006581586
0.1453981043471384	0.7219892740053689	0.0014272096191533246
0.3564813429863629	-0.011425113127460113	-0.22609952401927302
-0.21067882202678995	-0.5515240105749343	-0.35226267379269127
-0.26423229322444136	-0.9882915505865202	-1.0460694972900557
0.9460139158058224	-1.2829738677715479	-1.0793403239577999
0.6375709372688041	-1.6906484618425135	-1.08986322308682
0.4869253310466667	-1.2957245749060804	-1.1510507420640004
0.7793491749719755	-2.179601585759505	-0.8668610272505413
0.9507952427124453	-1.5842045981321404	-1.7286443384711832
1.7058134901678783	-2.663486440147694	-1.573370831039013
1.8277468119356375	-2.7249499381033457	-1.5555370323948838
3.05782842208682	-2.210624796463053	-1.7758637363750147
3.2366692101886163	-3.018929607894233	-1.0429128760686408
3.165116645679311	-3.285078471950272	-1.0322771721578885
3.8904517122780424	-2.501920802016016	-0.17390272420206243
3.9729038951549156	-3.1057316659724514	0.39013350141669423
4.510419476206062	-3.2979009572927667	0.4726096065137673
4.883275053104244	-2.7971072656054456	0.7321917777967359
5.5780325803364255	-2.5102618210536978	0.8000215989499921
5.463704869756157	-3.316605020655043	1.1481918755184934
6.576464643809774	-2.85498861267635	1.310215490550799
6.5738462900154495	-2.5077157876347234	1.6370088634178432
7.495548878236301	-2.8334368823545786	1.6511295141261773
7.304820298485865	-1.7930962846737608	2.478769507549933
7.339394084581051	-2.011519704814497	2.6385933506858836
7.618398496234129	-1.1828224566899297	2.933814480771475
8.95765332691349	-1.2432400591562467	2.1924338188932397
8.61926905985046	-0.8093536562748407	2.5144571185849633
8.913374960972126	0.24167471836564736	2.0018532933200137
8.91375003784123	0.17139431756722945	1.701673470158074
8.997285215855012	0.18989924532098967	2.3526264860369395
9.711011837314013	1.056721948262871	1.3270778239172076
8.730416604143473	0.9814655913220169	1.5669475445111418
9.164030604916645	2.202076788735648	0.7926950317779249
8.976779603287206	1.92291970552989	0.7054184258470154
9.608607040171881	2.4510619837139775	0.3630768699924445
8.954422917311575	3.4132246523298355	0.3911850964997621
8.266992485675663	3.227317223324797	0.38345344946138293
9.05976904729193	3.2389528969957495	-0.7047387717182173
7.9382425551089035	3.668943080815717	-0.2885252073596629
7.207789962899369	4.106461332210708	-0.1171745416047405
8.033886258327081	4.287991111825442	-1.5972795089975804
7.030034847455246	5.379697452083363	-1.676448993596372
6.296460086329154	4.593598861138993	-1.337379540019386
6.235299414216604	5.055924552905463	-2.2373343679561186
5.894293169563569	5.94408916268819	-2.907695349052103
5.322770928006088	5.914716313886777	-2.9544782372846417
4.551472945128266	5.137491706595947	-2.0628117166681945
4.400479636266354	5.706836859108008	-2.8675377195439835
3.893570082972186	6.659461764347644	-3.2456055741293603
3.5878061605269322	6.026013785360692	-3.2705960358904624
3.938615029778502	6.744862437770001	-3.795650889917744
3.7378163001182836	6.320439326339808	-3.731173214807718
2.847686776697598	6.667671462863634	-3.875548495558685
2.624659159261178	6.782763591252281	-2.9515493061683493
2.298617069743949	7.459109729149203	-3.727998679174032
2.144156881360533	6.703038463796897	-3.04903930317522
1.0416100903254346	7.213225741705953	-3.057921229889698
0.8187115821841816	7.110605675692474	-3.1196430636569694
0.4247469499758577	7.69946958823813	-3.0900551208354834
0.04914377028325234	6.760456220334008	-3.312317246666451
-0.7042930640159576	7.4435258599090055	-2.346653597707281
-1.1478313914708977	7.028755888062708	-1.8872873568567385
-2.4143547580432223	6.678039360213934	-1.1778876692764793
-2.610314884939972	7.84001094155449	-1.7243092584529836
-3.5145617073181556	7.102116323079558	-0.7567408770781243
-3.322618057828297	6.902371286821821	-0.9620906591584097
-4.122140353401782	6.445572812037673	-0.8187978940071413
-3.888307296640386	6.306702690628085	0.010583918999724662
-4.527890099007111	6.751892605589397	0.1085377867457396
-4.871611744595965	6.232381198250528	0.7113359337288626
-5.256403409013896	6.084353579395094	0.9349489207818327
-5.5966955317163425	4.977614896451048	2.0021330696575546
-5.616100976505215	4.882491991183832	2.1321473004602485
-5.902987513639649	3.3871091701166467	2.83459434733783
-5.606978656808836	3.1416319530445413	2.6953526384039295
-5.327616948933956	2.397131859992845	2.7392642879922313
-4.30676936882383	1.6325770913175097	3.412876830465221
-4.616663940472004	1.8976382933005098	3.9193327652131638
-3.324248986011232	1.5195925017277316	3.606673699836085
-3.1000278772070753	1.2397573601513423	4.375133178161484
-3.638279871787814	1.8531694828856717	3.700543380218904
-2.828308629430513	0.305070012528468	4.855885855853106
-2.4575633837225577	1.0333715140393398	4.22268022115445
-1.753129182085666	0.43202362999936106	5.217238782195313
-1.0358934347526156	0.5314184738783388	4.339311974024018
-0.9835125906927058	0.3611600813668716	5.306504894109257
0.1759874422370874	0.806652284665123	4.17412304626225
-0.22865638400586613	0.09222382823453201	4.4527213767822715
0.43917077531820364	0.2924731903800071	4.615923331292504
1.2918385858893955	0.4075600994623932	4.714568467974342
2.3282599366707233	1.3143203615609709	3.445065599141068
3.211600102674687	0.6276075735277464	3.7799181315249504
3.2005815869475507	1.556934469466059	3.027682093862893
4.574793516356836	0.9206081786670878	2.627910251697194
4.799525734759648	0.9240736885208741	3.499699354037515
4.370785853936963	0.8633378081104367	2.9635214673914514
5.358500854412832	0.6293375527857952	2.2761784962463074
6.029144082560066	0.6008395093595367	1.5845445333162
5.268498405339288	0.4177175482675266	1.8275248513153568
5.734307949020025	0.6338666326707924	1.1776794780332127
5.942225184792552	0.6439342619879017	0.8741146383486328
6.6193070778192915	-0.029846765300505118	-0.06261838589093316
6.373506957071194	0.48119998684437737	-0.7105054972941452
6.830120095466769	-0.48739616077171966	-1.0510804857872995
7.465492965955726	-0.45226235355514977	-1.1773893034496778
6.631531678198985	-1.415279897480133	-0.8662395362720541
7.219820302314743	-1.4459262906336123	-0.7637336051492682
7.0398372590560845	-2.471525567599225	-0.8378777056613351
7.315769397340478	-2.4957038278514103	-1.2311517953458948
7.073441338102302	-2.9215999038198275	-1.9834273811049221
7.178176966945072	-3.4299641264859444	-1.2412925551089231
7.54247662611077	-4.592981277723645	-1.8773468268925257
6.394782144264531	-4.689002709409629	-1.6935426734148442
6.082432528435221	-3.9604374153883546	-2.1431045171478993
6.8525772829792295	-5.594900856884634	-1.955296957018732
6.003798462376442	-5.830832406156892	-1.94447199472582
5.345448282485322	-6.0376685599497435	-2.232261795012371
4.75055859520195	-5.723870954768519	-1.2151691957327784
4.85500777096003	-6.283376456549008	-2.165573506162452
4.124545527336677	-6.831640269635369	-1.1810966144691295
3.310249883983742	-6.750078189055523	-0.6729613905179186
2.779411845369261	-6.705423087428793	-0.7149378007135274
3.1070210250479073	-6.949816014266996	-1.2458043374012782
1.7211571221260749	-6.31602006620515	-0.868183924731001
1.376289971770524	-6.7721456239310305	-1.6986898268595274
0.8333399774573542	-6.935675458328893	-0.9571947694532393
0.2288569641558758	-6.880603496686359	-0.922725105634149
0.147451602154948	-7.156136560421141	-0.6565673036115693
-0.9532814103711327	-7.245727690372905	0.04056446385833401
-1.7677268702297566	-7.185000009662827	0.33493838199781034
-1.4741679365732332	-7.533819456949394	0.015931099457587083
-2.322385587979227	-6.945546847105571	0.0481147534756301
-3.364040460463573	-6.374798249067863	-0.062309768114835296
-3.1880198831026108	-6.512491545766778	0.5994539310583017
-3.831076978079844	-5.7476019890436705	0.6596412687243913
-4.0635890315901575	-6.321993133435313	0.703224634504424
-4.5044645683337174	-5.1159120056970115	-0.2077816325620791
-4.809114938717032	-5.3824757323390795	0.41042305758632724
-3.8504100314210854	-4.887960973757571	-0.41518156727418876
-4.194498822644139	-4.268128308225922	-0.5628603990000544
-4.106597907067092	-3.5110769273223856	-0.7155556360569731
-4.3650139998433	-3.306686246330409	0.0038049734175611416
-4.1619235445404765	-1.930220516613185	-0.5458669087126344
-4.146518225035162	-2.0346095796805543	-0.47161820332796067
-4.566594183183086	-1.4353922542624638	-1.329651425174507
-3.5734271392172667	-0.3681270922308656	-1.5700657948523458
-3.6904969494096553	0.7040550196659541	-1.8084220764271464
-3.850780178073461	1.1842778277092936	-1.9272212629403456
-2.663222426171459	0.575614503996287	-1.4197265306431412
-2.999170535984916	1.6274122237513589	-1.5882857799305161
-2.9743835593999752	1.4327899649467346	-2.1445110467437973
-2.5945756739768013	1.5177491787737971	-2.100939306836807
-1.7127998215330456	1.947154966474423	-2.0514560794202072
-1.848089331970891	2.85168001576923	-1.2143056488339563
-0.9473582813343652	3.204132621956864	-1.9396376782046465
-0.118983459947686	2.744523268758761	-1.328213378631356
0.06399191649895708	3.695877361570147	-1.0871530115859795
-0.22883329197942726	3.8583778293914563	-0.5283212362097987
-0.036387300463127326	3.5353443767408805	0.44059704756807705
0.06458590010802408	4.077224651511234	-0.08113293071400651
0.3698824296331545	4.210479213745464	0.26269686464262665
1.4773352365064902	4.192884515105538	0.5988926913152262
1.0336647373330692	5.1120428723848566	1.0429343159387585
1.817679537519584	5.170576940621514	2.019152624879693
1.4837786370425847	5.0359494170775685	2.711970493432192
1.8909796977133508	5.33525549906247	3.125455217534552
2.385384512677609	5.371908156360989	2.7973852221958446
3.1579081810708116	5.811976435560865	2.3837269498293856
2.4234670585250857	6.8095294208908985	3.4646031128787893
2.791969076702318	6.849941241810807	3.462936813522111
3.8497705691468376	7.04952122889652	3.079416999912512
4.043826859535289	8.247683135353874	3.318828952985525
4.884236320185848	7.928207143878111	3.189467579907117
4.485827736987191	9.12734199920122	2.6912910250297934
4.863072856996839	8.50642114228576	3.249366225542956
4.97187273864539	8.777345734405262	2.4372556245183294
