4.551894326717557	-8.039941222251905	2.4587145550048235
3.6788902888548507	-8.036273307604208	3.032229955720924
3.1060692062021187	-6.555372549015108	3.3874076465282714
2.0391997386421883	-5.011749356203435	3.417966982199363
2.322704163873438	-4.077621608199646	3.146617373548974
2.1371009166341093	-3.0701779439089267	2.6551530929678124
1.65482007335864	-2.0024432104572063	2.5341354561117857
2.874042387689864	-0.31961023121681265	0.5522146812607052
2.687442808712378	0.6007237951234672	0.3390723777010861
3.452850973922934	1.8593579829750144	-0.6459547417543593
4.187752443322956	4.048461810614663	-0.24889603652212794
3.526770445042286	4.959898177609407	-0.5816900707511725
4.378030924358535	6.703512801498381	-0.4155757041586618
2.6601213115318796	8.976803548239484	-0.440800372800385
1.0734570370464098	8.719089183339593	1.1531321140272932
-1.5119954509220193	7.904007236269388	2.0464637055649444
-1.4620898249140541	6.445672135593185	2.3039067878665165
-2.100300126068569	4.736626008528691	1.9045248436820117
-2.3722934331910768	2.6103429178662756	1.9977670888085057
-1.0925752087488558	2.9681346802864526	0.8014719985060608
-0.1998693409533498	1.8425787641273723	0.07453853268777588
-0.5009095599951545	0.6656699062022114	-0.8440259587216611
0.4732500527498882	-1.5808771542881774	-1.0250322348466132
1.6825555279812785	-1.557779981409895	-1.933330800337668
2.511337912616537	-2.7857161905996204	-0.9624014948906259
4.384689426067808	-3.4352065538135785	0.04371418386180048
4.791654625221234	-2.5974927511126022	0.38163825904836735
6.230372139932195	-3.075929732761275	1.735597257174462
7.279955615231786	-1.997052598904534	2.519413328018402
8.185120471675145	-1.4331864062957063	1.8955085934566382
8.405582882501653	0.8123451990176165	2.255443385533363
9.922741294857836	1.1298890023301467	1.5460454541683055
9.02057273570776	3.1636412910787195	0.8048411553565878
8.168865333897543	3.2117336489394477	0.11690657678324456
6.946930699040783	4.670374433380913	-0.8151669591691453
5.850922593131841	5.321941891344624	-2.50577828764442
4.580647146567765	5.223212906932915	-2.868215468431961
4.447326819466596	6.0362310542821955	-3.3045730723348052
2.539564580123238	6.201076065935296	-2.9563648673146012
1.6698985434673288	6.8478813808030505	-2.9061154638571534
-0.12030173198862584	7.548349300382014	-3.235907896717868
-1.6714152871631622	7.0291622217616725	-2.119802829928333
-2.5050484173810554	7.34822501466873	-1.8433971351682283
-4.216082264927396	6.163868538461288	0.4750953457955792
-4.89430413308782	5.535847568230949	1.2008256236161576
-6.174381883713741	3.8003171860020624	2.160406171939883
-4.4186662787672315	1.7928936429133837	3.3748547937465263
-3.6768497132397053	0.8939340874291851	3.5233565042518835
-1.7301246734598918	0.14600652662818547	4.857899119980176
-1.1759303396095522	0.40839987148304685	4.56730609481711
1.0312706812638186	0.24764185624411106	4.771010523859086
3.575137384982156	0.979933716849944	3.182477550122312
4.256974813124589	0.8315296495923532	2.5310249600359707
4.942434892985548	1.5055111869318274	2.197973275698324
5.86737690532524	-0.016857630083070535	1.318544445569609
7.13334581526725	-0.8023152533934383	-1.1184379670862212
6.940867152167248	-2.2135246015326078	-0.5016161596259343
7.677010224854905	-3.355565126447994	-1.8615208742746876
6.347819636273704	-4.298668535114208	-1.7373846276197336
6.3292815238133375	-5.491126213882855	-1.6473196501304441
4.564155531550849	-6.601428475904399	-1.6871333057620586
3.627836296577003	-7.0125213955320636	-1.2612118354877069
1.975174663754631	-6.8674816989602725	-1.2864063130386398
-0.27246160992479823	-7.545831596946252	-0.12376621860696302
-1.9379405821310347	-7.027645832530748	0.3892793592985885
-3.454884633753625	-6.735877185335907	0.5089383049722954
-4.445327738783409	-5.294052791483649	-0.020980953878505848
-4.982381119572212	-3.783036450737581	0.338880299643881
-4.988174044004103	-2.543608183705966	-0.41140220546381046
-4.118593470580129	-0.23019165244858064	-1.445994167759923
-3.40146920345297	0.6471002369508956	-0.9669300800358958
-2.9406128310807786	1.6404373584316465	-1.707216053494549
-1.465187033325022	2.9973963105425474	-1.5747138610144764
0.06687147184949793	4.284260889493493	-1.304083628027682
0.9254149902325439	4.504075193786136	0.8897143421855311
1.1468025806518094	5.030889763581212	2.3353955103183006
2.0290331565265123	5.5530147639634855	2.2875799734171465
3.1840264678724433	7.126077687900327	3.2406367267372382
4.045724406611962	8.085534515103063	3.593676951644123
4.5570726991305825	8.554640963657226	2.83899724884056
