5.0334728062564515	-8.899808938257454	2.6895687568880895
4.22442056679211	-8.152707623263339	2.0747849189036316
3.692315373766754	-7.590934002615152	2.362360172064562
3.7078524594347835	-7.336728005648167	3.2622131461669075
3.1687439275264926	-5.903971673243786	2.9147982861812602
2.890093563316687	-5.37056059438095	2.5337286942645414
2.2497537624416735	-4.7239296719490325	2.6216305589278974
2.023099429832236	-4.961719335117803	3.623141654015714
1.8439252587005917	-3.552322286039624	2.660520539032638
2.2439117101183528	-3.8431810245944034	2.573510407305152
2.3877371581040534	-2.8315253990576217	2.598915811230646
1.8655481539156957	-1.8399025262767474	2.6195000427014774
2.3031397811909518	-1.4770035083794515	2.1313569829780445
2.2548817240770513	-1.069195724536847	1.6442215244375498
2.086176296516132	-0.11770818733074961	0.9572121733708849
2.2778730848960596	0.8043944981898421	0.4958508285333182
2.718205091302725	0.6845906893054298	-0.11970148977505368
3.277142042638253	1.0758277033725863	0.30251459435064953
3.2321488967214673	2.2852038186582737	0.1182818239696618
3.3489816697622983	2.9581111106554427	0.31816478046407504
3.2821154198670506	3.961540904919352	0.3026898239000396
4.030605300410769	4.299713503237622	0.40728741309486083
3.895224074545097	4.763055098105257	0.5531101234975582
4.083867739128695	6.033245459939448	-0.20871783489373125
3.683649073704067	6.815005152134795	-0.42622014609112824
2.938882541976697	7.565855154302199	0.166350448477935
2.2878885304315735	7.110864725374445	-0.28820907180240785
2.2377703288567563	7.383208090247002	0.21099793519204643
0.7331192881162945	7.736113106531841	1.5066674406659128
-0.2595725808038069	7.460359139194407	0.8905886476384508
-0.5663204240119412	8.008114621411062	1.1246950880985591
-1.1690264096789784	7.23019965868693	2.0717613337856062
-1.5921075542641372	6.14620291458853	2.617158413525081
-0.6742012335830787	5.7423114347798	1.41664926626389
-1.387157279166788	4.5799547209346585	1.5952351767401793
-1.853963176350442	4.874072500898403	1.9819616567122607
-1.176865944679356	3.19824826167818	1.4097612457199382
-0.49486112876310306	2.6463561358044156	1.1192366592192928
-1.440754253905991	2.305557621617054	1.7205609741614087
-1.1866845793494099	1.181816028963495	1.652619330623146
-0.8294703785362854	1.2474287958726005	0.5147539443419618
-0.4769745145040639	0.7039929198739678	-0.6592704105171832
0.27292275861362814	0.14255942122735266	-1.1006931906096349
0.43945023656632276	-1.1703738447811838	-1.5622869928706016
0.01498672548308519	-0.7475929385598565	-1.6757416437917247
1.2479787110646714	-2.1254529838769076	-1.2284599962688043
2.2349009842527834	-2.5391621530213895	-1.7473959051735641
1.5865166545594906	-2.5332268918455902	-1.5868750927227298
3.567225962949327	-3.178648282898946	-1.3464690686777776
2.9349632419870204	-2.434304195242607	-0.8371080821724606
3.459073484768645	-3.014362799697892	-0.7300113314635358
4.3221609238906	-2.67064124176492	-0.2861525375962062
4.544065307545585	-3.1637780957894797	0.817918049803547
5.375861326758206	-3.3092390943203402	1.5381285002621532
6.656618075320308	-2.8519610574047425	1.451730890328054
6.1597614239382175	-3.0300622378939766	1.9970628520573932
6.6686182473294275	-1.3478135132842965	2.122278596221574
7.889025834064137	-1.4574749789104253	2.9662414117797975
8.768732826137388	-1.3228066689036553	2.5503706107741153
8.732695665051878	-0.5585661873391777	2.7602882100601054
8.932816997716408	0.1862142949544019	2.842005131885383
9.060174984478557	0.4719031587848427	2.3934724067544204
8.85809242482091	1.536941059164779	2.1240450481223405
9.210752802356657	2.0543934201250114	1.0946850341494916
9.185406819876402	2.8761604541226404	0.17202089416014654
8.608235791795739	3.9488676726991407	0.070097779486615
8.503352241711552	4.20044151907714	-0.6929739617189989
7.646472176922631	3.8673425377467914	-1.001528131778702
7.3724618701771245	5.153120453974962	-1.202782291206731
7.557770863896527	4.593688561461539	-1.8897003586544505
5.989907918291399	5.387226699754118	-1.874430985878384
6.336805500258957	5.024252184474319	-2.561433993857271
4.940700393452908	5.028108838117894	-2.9996751405117754
4.039310720048571	5.72878448927699	-3.595982695813354
2.936215674690701	6.298006484907925	-3.2476993036316935
2.732099794642225	6.70574516100051	-3.392255318318289
2.085995825903786	5.987710260776912	-2.695349689961588
1.2026688809545603	6.67121068115346	-3.0174179717300067
-0.01777571330558983	6.3883459182531235	-2.2138841815758563
-0.8226139352142325	7.064729379096735	-2.557068908637732
-1.2680289902153374	6.201571363251445	-2.0352549374766555
-2.206748328908445	5.866257962497903	-2.2025900877407496
-3.068214715824605	6.083821317928473	-1.932708398160335
-3.4096783614904593	5.547808764816873	-1.6307757893369559
-4.007590124512754	5.9547082488557646	-0.6812721947109801
-3.9512776767059883	5.6505210501480345	-0.5305141737394308
-4.89026353819893	5.219759909327579	-0.14180403233701644
-5.204900600144511	4.9102019020666585	0.7702084228832873
-5.099809975950878	3.803106342936778	0.6242561562901787
-5.365210358783761	3.0481146939564816	1.314633837909358
-4.725521939964635	2.890929402650945	2.128218371957538
-3.9646186884646237	2.221468796596776	2.7536063541923648
-4.337518469201352	2.2481899682029085	2.610021505696716
-3.5715270035379154	1.4517731447712396	3.321817265457102
-2.9987841820862453	1.8552800781582364	3.7199044637731475
-2.1747967819277525	1.1459603319444125	3.8258224711715716
-1.7232401482656852	1.4021846760957133	4.196462164352662
-0.6438851864287507	1.2285061955197205	4.45011210713185
0.8764260955245982	1.465590873300033	4.091554928120162
0.9828912084083042	1.4295493180077274	4.211897835573658
2.46400690245459	1.405782905447682	4.059547940392147
2.1481540716660734	0.9990128933347093	3.6152120776656225
2.864048571294918	2.0198259635074085	3.4940952406655477
3.49656073240452	1.0974423016114838	3.6321946366614246
4.47011889811397	1.38220568762203	3.403075534762494
5.116143055207952	0.9666665515997623	1.9169598278697142
5.1440954131562435	1.7899056200431798	1.5352159072498237
5.484092699083134	1.0917740610406566	1.4533358834466705
6.185414608921555	0.8711807686419989	0.4065305102996468
6.971969749088068	-0.03657184533794444	0.0571981725878451
6.2599479772623665	-0.33902600964838747	-0.02269259619115127
6.82172425607485	-0.5476404774279289	-0.7360198637043394
6.8049545229255415	-2.105036931609537	-0.49882953630866833
7.989314903572327	-2.2712025203826514	-2.0810207099827887
7.523628238141921	-3.1865343134757445	-1.6441018869252344
6.977286658233389	-3.982289283251958	-1.1055496040633477
7.413319724221475	-4.128661566238839	-1.9987471757874848
6.46137839097408	-5.070614674479975	-2.2050430246605797
6.193324152469768	-5.827225732341687	-1.886769537145058
4.998356025463646	-6.187703390452078	-1.098222786971244
4.219687747967058	-6.484577333664713	-1.3944998506751483
4.14988734301852	-6.272335971498187	-1.681666403389674
3.644725265863283	-7.047924132063849	-1.1890513451282982
2.8233938924604947	-6.674906375104845	-1.473969754968485
2.4861782286392247	-7.130533848250648	-1.183308416218975
0.7358918644650315	-6.28644800719782	-0.8494160877733551
0.12258249153041895	-6.6578487437188	-0.7009005164059667
0.33702732003720315	-6.306131398224834	-1.1962922110976644
-0.5866417306822338	-6.005207242538246	-0.4071165718101294
-1.932225898684048	-6.199709988685126	-0.832702211340495
-2.661981636851227	-5.607996168068167	-0.7453631413545372
-3.0903154307785936	-4.6095861200441135	-0.7331920643112897
-3.0380990242148433	-3.967725112228891	-0.42639882118048694
-3.3686476254709765	-3.481937804876879	0.0004175153873562376
-3.7319187322202945	-3.279260478793598	0.2196253582307499
-4.421925030461117	-2.679987626393897	-0.6309196911144358
-4.007132972042986	-1.5396282829633148	-0.9632537252413061
-3.6907914088737073	-1.1620544841135212	-0.5991143838731652
-3.582326803007973	-0.5309026608714881	-1.4975918759538582
-3.189146728809244	-0.07585452865943698	-1.3144235280522638
-3.453259389964221	1.0704442144628383	-1.3199811905243948
-2.537874976705465	1.3672107119267782	-1.2517081951856788
-2.0419536189942575	1.8511972496376812	-1.8363072814348393
-1.3829985122070587	2.804870551026399	-1.6450453405695307
-1.6686450362953567	2.884677620097112	-1.3481102425444313
-1.086701663855926	3.7735580038671808	-1.6394128327331763
-0.4375399558388229	3.4861015112990956	-0.5459050028181456
0.6549809858575715	3.879060934629023	-0.3670009924796786
0.6584350670344274	5.092526311617645	-0.12352831453047597
0.9422970207048411	4.995990478494172	1.3614500999284633
1.7853018287859717	5.087050260260307	2.155384005880832
1.6669637263833321	5.60127639766416	2.2196683452732886
2.268910394992541	6.039330889092192	2.1723458614011726
2.8536861946724716	6.402324848802489	3.0043224959593866
3.3491065266225286	6.584801109491179	3.5345871387665886
3.629534528959139	7.4058307578131	3.297428917563968
4.39788636313176	8.116474354610602	3.407011286079271
4.526248464930426	8.053111118649884	2.9520251844140866
5.723478892822368	8.80458959949422	2.815679258622928
