4.887255532025957	-8.699728960229614	2.249490149815414
4.211954715944917	-7.764792267419936	1.995765941988206
4.3612265852431396	-7.9676974673755945	2.6650357094689965
4.375907034185391	-8.040213289570099	3.0192196767354273
3.9050400903896003	-6.667395826776103	2.287362979828898
3.1033411996230664	-6.611973844927922	2.7201056710647875
2.9948149544778064	-6.141833017238065	2.6312792079075202
2.5600616786404253	-6.4230288048096496	3.4044060566465655
3.0294768018047566	-5.667838965879429	2.642880656653146
2.5777387185383756	-5.523227535583304	3.0426924752623763
1.9632022668675635	-4.926042791763065	3.2669996580219562
2.1575127684740143	-4.818364538921591	3.5462754722319256
1.464460814075921	-3.221032303644371	2.732387067024116
1.996152898544532	-3.516124257313557	2.5365352168436024
1.8372121070215939	-2.555096997270949	2.208545965919521
1.8536062573709178	-2.640428577286159	2.581447110031927
2.2606271213321794	-2.4672449190416494	2.4189346385280066
2.50771749356331	-1.7026430176854401	1.541556243675969
2.7076517549582895	-1.8027338256760153	2.1398095706531906
1.9611672649911356	-0.3552741194003659	1.2548267216547782
2.553507556270554	-0.4456669434868469	1.0161760163533597
2.9658100227679913	0.14072944423108025	0.9853996364549088
3.1687875317031953	0.3421191385583129	0.7834828849655957
2.8451394956350917	0.6301663652709916	0.6230761315178875
3.4566601747972667	0.7584419152865636	0.09599877149311498
2.805246279360013	1.0149980086274444	0.38165399218142443
3.1645903707532446	1.7875373084119301	0.07593911021114697
2.8883779468877053	2.996876074651327	-0.2808013183153859
3.3846611243797207	2.3328291464790096	0.10115017042182206
3.405303987453405	3.0588597837972857	-0.5475636884569948
4.119550785618339	3.710495686123748	0.1921018285990269
3.2658817727324747	3.789112985674958	0.6004391098082953
4.50771459014147	4.196249557892013	-0.4112454327230065
3.768630531082417	5.619938364424772	-0.4501436964487046
3.8012029168766692	5.442526223915199	0.28469911479496013
3.672609732967905	6.5825206552176345	-0.34602759806568817
4.405304937985746	6.623248094540593	-0.09392535152134784
3.156682002295241	7.855598440644443	-0.04163066335784471
2.8883571536106762	8.071400150625843	-0.15608064552344048
2.7378040031245705	8.474866375911493	0.334117121580236
1.980149382617473	9.558040825334285	-0.37284224284178824
1.9715373218995607	8.886227727849173	0.7166189818146439
1.4652481455209236	9.211585191424794	0.8530611000621244
0.7712299269956764	8.442814450724207	1.2026474529991231
-0.7834888375480482	8.379498275459325	0.6317745437002458
-1.0698620917978081	8.07826088839952	1.871886415410979
-1.5608333812051858	7.2153602636728245	1.25689104259436
-1.9154758530751521	7.0787635559226665	1.7813484849897552
-2.061201428246017	6.617132728284021	2.607502933304546
-2.173006326729459	5.2648504439675445	2.3048044778555297
-1.7768139959170655	5.267302050028377	2.4503245821370463
-2.072417158175498	4.515345126684013	2.215418051529521
-1.7149509501736455	3.9028700480817426	1.5724045948262146
-2.34895632619826	3.4657199547730713	2.0441664084178806
-1.9518943571600493	2.9661209250762157	1.4604842016072075
-1.9433009478260226	3.3120446467799054	1.7419651511784937
-1.6096431495943855	2.221171715081579	1.9811786614246267
-0.5700736943490301	2.2416189444018193	1.1323425217140408
-0.6750214589157095	2.449214950341914	1.0375408040806937
-0.7652109919512484	2.5056778347196467	0.2995833729463159
-0.16941955512186607	1.1766674969687836	-0.03386493763002013
0.676220537360853	1.0732488508194424	-0.5330108330974282
0.20169539781903567	-0.0108286315081568	-0.07781247227239485
-0.6434983143076768	-0.3451435723153354	-0.20401740985811723
0.36829164509578355	-0.48919301581363595	-0.5617175856766459
0.8091992927537449	-1.033452648526222	-0.9951467107713803
0.2602821530774181	-1.1909508919216303	-0.972469354888738
0.6634251497217344	-1.8145724736181812	-2.0521250365318853
0.8074789376031426	-1.475265159765822	-1.2296867544397834
1.2441221447268473	-1.7723061176705341	-1.2542841503632307
1.9954431473856502	-2.2266755344678852	-1.1022682506934804
2.530403890900105	-2.945765170212851	-0.7561080743459245
2.2682344467709776	-2.558802093442825	-1.4932656523095895
2.795750247621571	-3.0623034435464698	-1.4705575139618499
3.3990894460822676	-2.3975589365607997	-0.6261202501482652
4.387320701189823	-3.1776597692580952	-0.7247107740062494
4.769143536802668	-3.25734802072658	0.2598401361053386
4.4881658193137755	-2.859639207389423	0.002316080564162548
5.2295133450343805	-2.9468074136970683	0.8012796375848339
5.459567873854758	-2.955705693768923	0.7112071577477802
5.459684105230094	-2.924918424635986	1.9322973453168801
5.82182321133164	-2.404902639708373	1.7058436910744734
6.394449129214735	-2.612153681530334	2.2994497780269008
7.3301175331675275	-2.783811686397254	2.3702191839743483
7.196082105532337	-1.6470817106180062	2.6701068065938047
8.188543814439365	-1.618425819328854	2.1492940713788586
7.756924127519148	-1.1769853392253133	1.9866209239781334
7.993925405369556	-1.0456327247898227	2.0871545768887274
8.257470223024042	-0.969327435242034	2.90888184170675
8.967470775500106	-0.7442631907097632	2.386338709769923
8.847864748374986	0.16855027055894567	2.6717051957504947
9.121077952099434	0.4485751313279293	1.8785049472976332
9.70529807078432	0.6316235834841	1.1430207007326487
8.744352310610404	1.2028318608135855	1.0806206821028037
8.578609767233294	1.8848202181076428	1.4946480730867429
8.655079022403763	2.0073514839426916	1.057153902338708
8.844874619289788	2.3383102035563526	0.9003229668864962
9.538412767631296	2.6455082530863123	0.17629395379749996
8.599169086493555	3.7042628293107454	-0.4327668809445588
8.112170635163329	3.3562588772991826	0.27519524759725555
7.770463836461077	4.252503338742574	-1.0382724862610622
8.102471665099658	3.6995352825854746	-1.3331507199091501
7.872198271438651	4.774046462098927	-1.5657570434592936
7.844263895912073	4.20312210048709	-1.8543836859328393
6.694304006460281	5.19468450368011	-2.3670028820760853
6.099451128189637	5.046564408511242	-2.3899472465575173
5.2938237506335355	5.616760911238166	-2.1349099236608557
5.295141138753295	5.219717462925797	-2.645587499866301
4.5772941804479705	5.742429354093455	-2.6488377839084807
5.140380005455367	5.434798968874206	-2.708896118626293
4.465576026549153	6.545324148832073	-3.4516014917836424
3.3022709543896926	5.533576644573466	-3.8626521800002056
3.127581158986447	6.430433081321583	-3.7108553441137353
3.0995453420311376	6.9008797753994795	-3.612054013864798
3.1915189560011	6.492003682480971	-3.0219423034654485
2.450784474156606	6.255435571073434	-4.086159130589301
1.94699855590874	7.621317409048468	-3.8421812843168883
2.1394954849473033	7.290145430373451	-3.3756409412023936
1.3569952255834756	6.853617810328673	-2.897916055170912
1.348481192300675	7.140938732823179	-3.6606715126546514
0.287497007029628	7.629329721352304	-2.978994380370552
-0.14058154532426248	7.327436469561899	-2.5715663594408014
-0.37082844673616344	7.200606934141335	-2.451447818632418
-1.0140787152601105	7.187189489982335	-2.191812692977572
-2.4196277932150405	7.1243433863374435	-1.8806276805185789
-1.7062348902932682	7.101331828726472	-1.8837759630464295
-3.0829417405872603	6.894258578434476	-0.5742190643060436
-3.1872105698641473	7.4048735648967305	-1.1779867082491462
-3.7522470733089075	7.082143365991865	-0.5410030306576263
-4.490006881729676	6.365673014315718	-0.7635320665813682
-4.655288065267619	6.61404835062382	-0.254714871780913
-5.05114091295455	5.954270678272667	0.8855832429250129
-5.249846759687266	5.754311358202262	0.6526670116776594
-4.807490159939521	5.116087768613295	1.5672604820694547
-6.024669001809751	4.315986585810522	1.9487943261437826
-5.969745657083144	4.0916578734085665	2.329018856852151
-5.787722499426263	3.3825511313178294	2.4169158884820976
-4.467427097286761	2.4796767838541673	2.714247906510478
-5.045769650926734	2.4105505842782637	2.863021248056858
-4.747223936275534	1.6642839406584866	3.1520290902971038
-4.319604100113632	1.3875937227671378	3.9154569440640197
-4.113022647570466	1.4552811578254659	3.6150666479097695
-2.6545997266067984	1.3492348760404307	4.154762174963059
-3.29809505967838	1.2814136048804134	3.878247032183722
-2.2818879449614826	0.2516884851288948	4.243475930873841
-2.107244894632233	0.15383494039255358	4.604201748600775
-1.119160249151807	0.2704017806201261	4.785697976659961
-1.1320660972157266	1.0771838764568742	4.331808646229646
0.4507295819071594	0.514611006438001	4.607405565131285
0.32267008460471536	0.6041314888989018	4.958514285370243
1.3908173068759333	0.15081758711756832	4.579963958835952
1.563144900139604	0.7064214918876341	4.405402886113112
1.8410134097618005	0.45886025612980996	4.22342856563505
2.810980504098518	1.183301438665147	3.2752227296668024
4.029107834733671	0.806089773609552	3.014147077262476
3.6104597195208687	1.9339257737275366	2.641617211627258
4.764106014737486	1.3061340699522916	3.289858678032304
4.978883764584373	1.661795520088777	2.6006455280539367
5.989354663608913	0.6832822484090604	2.07602438569268
5.818916960879189	1.0963607276452076	2.129348599862701
5.5642158105174495	0.4422834524540765	1.781330964832021
5.63042267644345	0.7139662747158887	0.9681217074129207
5.719280459215376	0.10876627488622284	1.0956862930254214
6.447550176759626	0.35730792664164246	0.30351704268991153
7.105578712142147	-0.07836612594542991	-0.5667974619958738
6.7475965832157385	-0.30705633441926117	-0.5514692348052165
7.392002341680022	-1.1366570355357983	-0.7237993991203349
7.242325179550597	-1.847287349470463	-1.4896499848691014
6.7267023546606115	-1.9649565470697627	-1.0118652394103331
6.953825412529958	-2.4258946612145755	-0.8010446925255648
7.195165476988658	-2.15930544717422	-1.8610895660046116
7.219396304836634	-3.1440239719582634	-1.63520362397067
6.892766649750718	-2.8704459289734414	-1.771300433462675
6.47102311237484	-3.873365434231177	-1.7029235836040695
7.2010806522087645	-4.262995511193905	-1.6053489330581354
6.03434309062845	-5.230614828758885	-1.0913244923674243
5.8739470588020035	-5.5244876611813885	-0.9400608899358407
6.636999704840264	-5.519969037842114	-2.173429825099122
5.035860803158024	-6.386073554871712	-1.5129507518528449
4.754445867833695	-5.968398159134393	-1.9971063971602177
4.430564848187174	-6.506979652921542	-1.8299416810039335
4.392966200204021	-6.228470124059788	-1.6968618187996398
3.279247974763634	-5.774855838056452	-2.036194055373595
2.9819345932633703	-7.061137806449029	-1.979233666987656
2.344963391585872	-7.285382627008322	-0.8734752074374277
1.9720731421895363	-7.183804113019385	-0.38931855882115474
1.40344330007363	-6.022568638926602	-1.6719041596407929
1.773829309090251	-7.060556512640966	-1.4417536391957237
1.0414404946560207	-7.497413602610449	-1.0400992349210338
0.1081462299248993	-7.347783213458871	-0.4495230359128466
-0.7499060075404415	-7.385703361010616	-0.04188620184375491
-0.5484203807282348	-7.656673237722939	-0.789932215795638
-2.0000068061540572	-6.541650646936113	-0.09196005405608576
-2.8480045286494047	-6.601388785749314	-0.0397228731098036
-2.7198694879553003	-6.710359572008606	0.3540132561050433
-3.1920066459170178	-5.900326903195381	-0.08021784763294265
-3.8695245120655946	-5.57567681774591	0.024644983040284285
-4.393901232027415	-5.286844547252628	0.1509905091138839
-3.9321343835679476	-5.843301792461596	0.21922347100015926
-4.327402721298129	-5.2987190063211544	0.4197853529714548
-4.838857053274478	-4.833165031331409	0.4729366231253852
-4.251698757785748	-4.376484098281631	-0.04635083243922422
-4.769308489684655	-3.0787788181059605	-0.48794348687420075
-4.918997775158957	-1.9484539734985873	-0.7939570624969322
-5.13586307637241	-2.4528195878243078	-0.2704989185932356
-3.9210481155725843	-1.815121374194416	-0.47662551717138846
-3.810018624322769	-0.6886599986695532	-0.8587274911803684
-3.938272956377139	-0.13432064768440388	-1.6280207842588703
-3.917903985617535	-0.05656421834601533	-1.4218512883960095
-2.7988906824514324	-0.1410458103888325	-1.3208486475633423
-3.653983395058554	1.3655574758167486	-1.8489227764302187
-2.6030305826751734	1.291097141870341	-1.6649424610485608
-3.0492093558912585	1.073030678585647	-1.4436144138708085
-2.1644324974540665	2.5701336944908744	-2.2595868282551645
-1.573515702886591	2.3876023883479545	-1.4542285588870578
-1.4778394625537064	3.1378531504606926	-2.0650267807154377
-1.0552655486139288	3.3555676873559586	-1.4049742335041928
-0.9664099045956179	3.27034101131948	-1.041168878640784
-0.4171401906870291	3.1178727933946973	-0.9216127232496549
-0.5160982639494742	4.053254030245585	-0.8991840878049735
0.6268833919482527	3.7475408069762595	-0.8509323291766754
-0.023196673695403833	4.017925601834409	-0.4404049128186821
1.234344423895866	4.895300085993572	-0.023449659969220216
1.7736222671568376	4.786896163907572	0.5299254315654782
1.0359177914373077	4.420427100231281	1.7541200175755098
1.5370105333109159	5.662448520650619	1.7546451452743286
1.5664682528581217	4.923663861990078	1.8451780963157614
1.9192363932716008	5.19984995619351	1.8908994715032612
2.947583282832785	6.157869996641717	2.2933501756550387
2.0902103941322396	6.6868654070275255	2.6726345093531583
3.0173340662703887	6.381854020267998	3.598017769297734
3.441466314249819	6.907765596842809	2.738720549964742
3.0249731068613417	7.508597568031438	2.8846432589034725
3.7239909841493617	7.52099744458371	3.490639607683653
4.8058152122696045	7.596371190165777	3.0292421377639425
4.083821465211303	7.9565277123092235	2.690644929246375
4.452628542582754	8.288436833203294	3.0877227579575743
5.568860785277388	9.082002313456606	2.598725454493472
