5.541370676590185	-8.577340339954167	1.9024359577549954
3.9346704571241045	-7.868567823035197	2.294114063560552
3.0188098677836583	-6.9890531668524645	2.9248837728805164
1.9753228069793634	-5.767081518089716	2.581507765118433
1.9690048524350912	-3.6830437630805797	3.296666199606097
1.3596688817276275	-3.0128922201735384	2.44358569120501
3.0021521163907408	-1.6752916602488872	1.4806169393384048
2.6913522561169665	-0.37639055979239877	0.8364590389381101
3.400404880894071	0.424917743402279	0.2663355701856932
3.223275777251261	2.240363242179298	0.4963483074491405
3.4185899687283734	3.5960113051795672	-0.2327469147294839
3.876241775560605	4.889600109519298	0.09918309589142194
3.254511508151313	6.788611223856655	-0.38317152506661295
2.11186626823127	7.470328795865174	0.9630870769291711
1.370219803595495	7.58759469749448	0.9316430635403096
-0.26077304784165833	7.639149131741684	1.1621703499639895
-1.2276808107778447	6.721749332068952	2.3221362859078702
-1.746421127315533	4.895571483824925	2.6766311723239697
-0.8408921071751452	3.2532940605040097	1.2471170166908503
-1.3192702361419137	2.3697817089047346	1.2032494937250895
-0.6671251839895218	1.354813833453281	0.3308078772989762
-0.1332803506515129	0.11254766429986907	-0.10557937601486933
-0.00482622207117403	-0.6520203271704104	-1.2329988514125756
1.0660930305582381	-1.7740715208327003	-1.3467243306607877
3.3876446316201525	-3.020077585656849	-1.5024867798261474
3.803059813909774	-3.506877794994621	-0.4518759904643515
5.303597067459376	-3.279111084260331	0.9352679639046304
6.481993808360139	-3.218381168572177	2.117473201981939
7.477919393182932	-1.7374097462800293	2.134203837490952
8.495492145148004	-0.7386468396933612	1.9187659338069127
8.93538329090664	0.6691860573055208	2.0303294728985626
8.766186472108856	1.4939794539130788	2.2761217888995784
8.45503169172383	2.497431419870298	0.532325388841706
7.837180615014772	3.3950843177524184	0.0698211486147643
7.4462223599837305	4.888292255106024	-1.626314139142604
5.721108919706294	4.710315949665519	-1.341969279265624
4.6421853214126	5.6425664833624625	-3.3493829658369223
4.025087900918666	5.439772813144295	-3.4517770082973036
1.9774330996736647	6.3323039189105215	-3.3532445164728406
0.7103192374943625	6.182600221748114	-3.3211007234489602
-0.9665070135120826	6.149059455386808	-2.5526293662950845
-2.0079244812142134	6.6316384827304296	-2.2113886368425075
-3.839089367549127	5.3297650296763965	-1.3942932228207146
-4.528021990072637	4.760302013788271	-0.49907940433808734
-4.642694897778028	3.628403731920614	0.6232390011863649
-4.070207951932684	3.18681641457874	1.7080785819084436
-4.223511672446238	2.6096065805193223	2.757072864530281
-2.5576754983512267	1.6332990522948265	3.9153813592900732
-1.516136500561774	1.247310456027273	4.623214294958994
0.08303141173545459	2.2336313611006755	3.8998082195754016
1.3144851142812837	1.9370996580852373	4.362670532500757
3.0054972682879573	1.3943851863185752	3.7811087575415536
4.167071563200239	1.546860689218322	2.726695594220808
5.4369471834162315	1.2420804327098276	1.6234223633890754
6.45497794489707	0.3039498074816709	0.48022046439602756
6.772046157366988	0.09829659773324373	-0.43981851518863
6.933223899923934	-1.9295940387261705	-1.0867465345722653
7.000687814853705	-3.5093070528046706	-1.0466074164194983
6.9486666223706255	-4.135043023298195	-1.8812708501757962
6.149370557807053	-5.5793271605625465	-1.288878134067599
4.476476941017152	-6.557896036928028	-1.8815066329171064
2.783096577847658	-7.123770794496696	-1.835243516078388
1.6916040109984012	-6.953763222067007	-1.004716107922878
0.2377264144592225	-7.123821172999117	-0.7851716454317476
-0.3215448194556054	-6.271221371660518	-0.8865175135857857
-2.4328983163288953	-6.050030875382941	-0.01758264635990414
-3.05256365041465	-4.32331184131853	-0.08693168192167833
-3.2245500733059522	-3.2837969689364113	-0.6281339750804456
-4.039921577832312	-2.3754743346254026	-0.051477992884941814
-4.120270562637949	-0.7877936074875833	-1.1331477467454643
-3.3315454347502755	0.7458969568826164	-2.033607169065328
-2.5860852794726377	2.472411151787343	-2.156868364885588
-0.6765512563454543	3.1472189486491797	-1.8618091225058506
-0.39571328343511997	4.268644571822795	-0.3516113189678671
1.1641463205725062	4.187158132507987	0.6931198636048403
1.8068022485257251	4.661027057939858	1.2807561847282336
2.5616150087028595	5.663757769182636	2.712532343570638
3.297951895075518	6.712244050459861	3.0122145898246275
4.81472866941271	7.789463124107328	2.8429574084723903
4.613207192750086	8.605955352638805	3.433092070286318
