5.514707508945182	-8.076648293281147	1.9291158418485606
4.671089461239631	-8.436599849540327	1.9597991697772827
4.720859555607766	-8.039093932122784	3.0345286180065076
4.1167876344018195	-7.669694864999568	3.0808414673181908
3.516290986368624	-6.999653084757283	2.9004350846476425
3.628069431534544	-7.120749707933742	2.829999589476976
3.198757469196007	-5.839137425485406	2.6194898022173705
3.1286340595073874	-5.792381041004093	2.6313341296148827
2.288770851938938	-6.185206044713719	3.231384896576215
1.9421756805151134	-5.971481807449088	2.7511819119408063
3.181641741422509	-5.510134154074672	2.515048739784701
1.7842643216506053	-5.104944903345355	2.8914009104837817
2.13564800333595	-3.6773043345279097	2.892541217026744
2.1108538114719053	-3.246719616630759	2.3068566720045407
2.1013838157836786	-2.6441946579807314	2.1208349653061362
2.4463092403340303	-2.75055245311064	2.513381027095578
2.357910316759871	-2.0304359977179174	2.1426772488801844
1.6016804909348112	-1.8721700600253148	2.813645654045885
1.567225412466945	-1.4524280243021033	1.7016157308353543
2.6054817333808913	-0.6534134895153814	1.6342928566224704
2.3511682078266367	-0.4358369271782706	1.7558434410523391
2.037486962424894	0.0785695933782583	1.475262387118951
2.4533629998132715	0.808738179376425	0.7582290166306259
2.3841349691800433	0.029011780258653558	-0.00897681227187639
3.360226502533097	0.9710102192802137	0.11600865597676951
2.7266374526899804	1.3978673692453771	-0.4092737122347667
3.391568969981703	1.388705020541492	0.6738188674508003
3.2615236504918768	2.434818893133291	-0.6109521258359409
3.6269282175650055	2.448815862413497	0.38942520013500737
3.246496427492317	4.0591500257657716	-0.2940489821892265
4.256291297265928	3.444524657389109	-0.5821886695605554
3.8636522004083704	4.071364524461964	-0.30393852038458763
3.4507712695064146	5.583731563684646	-0.45004186599492485
3.2636411556877745	5.853531730507514	0.10260376276328265
3.4034585169137146	5.881720020886344	-0.5023521373108858
3.377112624961796	6.653044930807598	0.006277350757517897
3.553144141417053	7.4648239400295875	-0.4844137051970659
4.0181861839885995	7.643380955175482	-0.27047871385889255
3.3143402883085376	7.68971809741306	0.5210652172824012
2.888103288830554	8.162265781456307	0.24744771160346224
1.8055250814373587	9.566757472383594	-0.03820405980399472
1.2905185008384414	8.758502655239672	0.260022314473183
1.6596449326471645	8.980014177746963	0.6442262876325694
0.5892786437862162	9.128156108419702	0.9239271319337985
-0.3767785936619048	8.325483412865307	1.7483359009735904
-1.444047204474014	8.13190388521288	2.0907918451829306
-1.7138290975600052	7.272281522521631	2.0963682850668004
-1.613542262998136	6.563284468893828	1.8337600014007311
-1.5455985478756253	6.594977831313683	2.2650943286909095
-1.7401213301616207	5.664158959281944	1.6783567414875917
-2.016408563277211	5.290051332259763	2.1533289518135756
-1.8437238854358964	4.4189318088126	2.0229222431534706
-1.9198855200590894	4.534134162966765	2.3251387271745774
-2.282347660739845	4.160900054910954	1.9640156329796057
-1.9756047396313752	2.9430118212798186	2.4534540935081686
-0.956148630102202	3.123493035617411	1.2442455036295832
-1.6847100009696052	2.36228209032065	1.208493594373763
-0.2993144225043636	2.0111128782544476	0.72481418487588
0.17565087979232574	2.096937408570091	0.5679194425247829
0.01896716850572422	1.2398526786858661	0.24821849679461758
-0.03785177409882495	2.004735336855469	-0.27256691101113767
-0.02139900949602036	0.6127720589652812	-0.6236550790854143
-0.042614790220465215	0.4569543866329082	-0.45563896367731893
0.13598656199986836	-0.18716968885582985	-0.25039017219376813
-0.25630354745276523	-0.7530107765577085	-0.023657121345808774
-0.1895759489252789	-1.006622541701296	-0.38087678578746953
0.9179664770341291	-1.7611948264303172	-1.7646302609510331
0.41130990085810115	-2.0322489169723816	-1.1896946976031724
0.7290248038125798	-2.0912721755855306	-1.46186970530737
1.7643643650402754	-2.5039807372260503	-1.362277667512824
1.7632043464445861	-2.61359319157553	-1.2606776089714589
2.2560060590807627	-3.0514200673490337	-1.073374122324835
3.2278387752147615	-2.8789324829810043	-1.555561766055476
3.9306601320880206	-2.882368959596344	-1.3191515249806254
3.03407685859109	-3.342677987813102	-0.9550216372179094
3.5344445542115226	-2.7402604820441434	-0.27262425141446045
3.756322226553557	-3.4868189933878835	0.5877633877959461
4.1916548026536775	-3.0766388638547975	0.4082969635433959
4.746816590024638	-2.590781948414562	1.1091938739862481
4.747426747525816	-2.085465935338852	0.666484227470681
5.320706719312966	-2.691995009473329	1.0402468820190838
6.311239582119407	-3.075013556211503	1.6498788395238033
6.069659296073633	-2.292287649835358	1.57193690007333
6.892178450232935	-1.7537268508690187	1.523203399932249
7.266384208380089	-2.5213657857573653	2.261445115426644
7.340567847050428	-1.5465083644611803	2.6113637928515687
8.00786164988327	-1.7927035646798837	2.608706643993688
8.010115564406815	-1.509476283990947	2.7988041600152935
7.973188912621019	-1.1309726855918623	2.1761456654362714
8.94910127474031	0.2258886150769448	2.0531585061789768
8.676099167501082	-0.2844736671640128	2.8520422049825784
9.484759621942906	0.26250988253699137	1.7352222056288706
9.487226123870233	1.152676262808395	1.8655377895080596
9.422831065046761	1.5102879760169783	0.9859788296147382
8.814315761566139	2.7001123816895807	1.1819799054836775
8.55935220731618	2.7906010465659	0.3354272087216198
8.508808743214706	2.290373747831551	0.49078602191782594
8.142721199564447	3.5533997181087464	0.6231643087314389
8.431474921426648	2.8237544789348172	0.4609962367542081
8.454656729830036	3.8878506528877077	-0.003853842668655849
7.501443949521901	4.695818583425384	-0.7288744345250193
7.2706002506115	4.113199886977656	-1.1401018891252055
7.848071477073087	4.265263981255793	-1.066894512780173
6.519650292999359	4.948551385445738	-1.3526813325261284
6.137063783770149	5.300158063916598	-1.8733437637094905
5.790158683658707	5.336731442438964	-2.5240708797996847
5.558615461346687	5.482478129043999	-2.7957978709532756
5.429416300876186	5.519767774820786	-3.1674559565427645
4.872214761337341	5.922918765311041	-3.3310014321551202
4.267400136597124	5.226458895349941	-2.3149615065169358
4.3386991827432615	5.991042935755797	-2.5738289411123616
4.358686398278019	5.65246193292914	-3.547272102919503
3.6281883686245298	6.267275102827928	-3.885208852116368
3.302091998314001	6.29238036538332	-3.083471026224253
2.59853945742949	6.875920831469961	-3.4571349708319117
2.1414033087770954	7.110620390282802	-3.023928890985941
2.858183173856819	6.547847856230206	-3.6658767647577797
2.131767873477324	7.025881343728405	-3.6980019722189974
1.653315571559853	7.123141515639224	-3.300641332041213
0.9821532571566237	7.5103128708475175	-3.07873085689119
0.3785501623518922	7.6679785835827925	-3.3405780856203915
-0.18890311635367674	7.3674814903178545	-2.4932630766259347
-1.253037169807229	6.832011475918193	-2.4757137468343307
-1.3563934422941561	7.524512451293329	-2.1273316664266693
-1.3053607339868978	7.217623564417787	-1.970191911302929
-2.3958869835008763	7.370010554081135	-1.547434944277152
-2.849204100511651	7.250949053782768	-1.7085091785288928
-3.6009990005854577	6.630938788420891	-0.8667813232715066
-3.9405747098235753	7.312074545859652	-0.7930058526281345
-3.398582550719217	6.021003249237055	-0.5476893619737644
-4.797160937217846	5.87743696354507	-0.07925104961776497
-5.148478219889126	5.646542684029499	0.6629407065790295
-4.794840067857503	6.459575828238582	0.943051473465881
-4.572051901326026	4.713169098636733	1.1831784491630792
-6.102780313475962	4.019359330792037	2.1095943820475314
-6.023694039647832	3.5259423392635587	2.910574379443389
-5.624815119829011	3.1140580314070405	2.330799215052191
-5.141868365965043	2.0307296795060314	2.6211330446184733
-4.660780664212239	2.5137076319970877	3.5838095324841337
-4.050291866886777	1.678731449146586	3.2398540007160292
-4.056290066394362	2.407080839592229	3.1804767300037295
-3.580004792509322	1.6611424885309662	4.020702060319738
-2.578466017443093	0.8748605294311811	4.19857228483704
-2.6875015318777784	0.6936228132935496	4.21838122640993
-1.9713115602895273	0.998201232948688	3.9882046652973755
-1.5375787513370622	0.7082970519206313	4.183394399732746
-0.5653493310876037	0.5442467522960516	4.379268179992742
-0.7781795489715554	1.5879676773601825	4.339896284652677
0.007962689188885541	0.9866689612565758	4.225084267188745
0.13530813802006053	0.6987996613191054	4.299717767928751
0.5700440899894017	0.1626357576061761	4.505543255562456
1.800398186559391	0.839793788305651	3.9545827653850503
1.9080224555693428	0.8012663629651486	3.888897189438009
2.6890644703910467	1.5713601191205657	3.5778222966338733
3.4595530536632113	1.688005225995173	2.9706303819519464
4.34008774922459	1.7440538122329454	2.8100638647991163
4.107628029891276	1.5848676658907688	2.976992581630787
4.556561300377796	1.6795992977985863	2.4739105628876015
5.177907840270963	0.7391398153811048	2.807831761687506
5.3019800180873435	0.6148715109537777	1.8480299460160006
5.440432781715937	1.3208050322080251	1.460488025823846
5.9123828001211525	0.23458330220869933	1.3826132131523625
5.697021232993565	-0.02491197798177372	1.2128014033238883
6.300949263410408	0.4525716267944401	-0.21825066441010604
6.071805308550047	-0.5920781303420652	0.5181903223988121
6.629481533439555	-0.5925123880753178	-0.6137174060200408
7.481364411888179	-1.4168868141586681	-0.7079087610104373
6.593210765850464	-1.0213930587357747	-0.6079799063937721
6.877063686682612	-2.116073594440708	-1.789793838363556
6.83858610995421	-2.7187648062634944	-0.615945246329884
7.4594089098972045	-2.8282587061270714	-1.8711170782509823
6.893958708990263	-3.0256754604591407	-1.9811371955527883
7.0682085662662555	-2.845726153744303	-2.2518009128733394
7.627903057148771	-4.157484664189705	-1.7935991037869268
6.988184281882917	-4.925887720563924	-1.7026174135046146
6.796615628855405	-5.0354900363115345	-1.5380500455525152
6.432912190425029	-5.002923180028292	-1.5790880330589434
5.490547338891733	-5.046636094429748	-1.647054586131608
6.206455124971949	-5.770604345576412	-1.9982762369796365
4.875411440031733	-6.174167513515137	-1.8137013807629812
4.202434460137101	-6.4797861921817095	-1.8338772722923011
4.519224657768897	-6.603731974148772	-1.1448898398706349
4.482369672286691	-6.849079203826816	-1.8052557595753895
3.6053767482663286	-7.0893460891357805	-1.1155450268321543
3.29265599501554	-6.927960408078165	-1.2643162519586677
1.8046503653202481	-7.268496806086173	-0.6867719478215983
1.710516250846405	-7.139003330987497	-0.5704521227325039
1.86167747037693	-7.484872568048863	-1.2317038067078079
0.33460479202532706	-7.486141157655875	-0.6044299639394171
-0.08626203255958909	-6.8436952583243285	-0.9931291740561976
-0.8776734848219897	-6.835091987684669	-1.082440268318153
-1.3783246457674059	-7.7488256876159465	-0.6555423608370801
-1.9553563625529076	-6.503377106721809	-0.26527645741473793
-2.892261555712019	-7.380456314429984	-0.4761673233720326
-2.61777751652075	-6.202821343740002	-0.16948380177835048
-3.364719741858841	-6.55244430702232	0.07300421236074495
-4.0432586682178275	-6.420352450890871	0.7427961869425728
-3.900725910031791	-6.13816979883603	-0.019347458747738466
-4.426234825130902	-4.74995947739056	-0.20070759466784444
-4.891960261705338	-4.8960706043998625	-0.3930005727041765
-4.88661853754018	-4.762394955318485	0.7540967468561143
-4.612020880607578	-4.098183116762944	-0.19078875063309014
-4.464740136490723	-3.2463172676545495	-0.310618399364269
-5.069550537550117	-2.4588282366522343	-0.7924391187007982
-4.758908947841442	-2.4229282417751787	-0.8431139745207918
-4.584302675588911	-0.8253188163339584	-1.3538129844067788
-3.4724476949196266	-1.5254675078171744	-1.125811056755056
-4.170908738220467	-0.3824717380240843	-0.9007210639403305
-4.174611468369604	0.130298914488427	-1.6107686329598476
-2.966163940124918	0.09777357674406209	-1.1206854368536556
-3.336272594906283	1.111849059558392	-1.2006357568735122
-2.909582457922533	0.753862994721868	-1.8091484502685176
-2.8495343524490773	1.0679018522541583	-2.004980841277095
-1.9114047318742078	1.8933150796675415	-2.122345338323898
-2.3696520970212767	2.7906254210305654	-1.5037829395970936
-1.4550809001433322	2.8233432461891357	-2.0858187039841516
-1.2059528161871218	3.119302468521469	-1.118372457368807
-1.2115820468518885	2.886744557762439	-0.8534574507142367
-0.6199972857752039	3.0572112597362455	-1.4291155301158873
0.4438244045605938	3.8131014620941057	-1.2242225836773486
0.24889482372170535	4.201330176623171	-0.5594008494885203
1.0870915726611594	4.309119908237475	-0.1479642606506733
0.8923081773513915	4.025612238114471	0.9174531498829908
1.0377902302869417	4.338212850025808	1.0948582061402683
1.5731205388327851	4.790019841109998	0.7186486856994281
1.363271711191419	4.938523379069974	1.2593774767583934
1.3741848179839162	4.797198429821488	1.8731732668051966
1.7260394350586439	5.4755804551095935	3.1768802490019135
2.0183180642753604	5.782086745942921	2.6503378782479765
2.831494358905245	6.753111110796257	2.4950401408785066
2.5021660959563485	7.251903677746822	3.1273329267913645
4.013205247763503	6.487689532085287	3.1348730503442157
3.796807754947919	7.626338705831155	3.141696716615189
4.160606353298767	8.014621590039674	3.4902102337416894
4.392686938822331	8.09094279710624	2.7620711561021385
4.361732185755717	8.98136914213628	3.1941216411161797
4.571970794539974	8.887036813468375	3.4115853145232338
5.682281572531417	8.779622492528405	2.9292427879444585
