4.865546132811852	-8.371466732509269	2.0873814069606635
5.140872631651607	-8.538432571118769	2.6732154894341926
3.9762088855707622	-8.230644981952587	2.889217901456544
4.0374673020029626	-7.57083800128958	2.735514427794514
3.732860799095486	-7.3862114992538395	2.977587954736318
3.698118325207507	-6.5891333258007805	2.7691798993268693
3.5293652889829463	-6.774764371087836	2.4253515351627373
3.1942649280428506	-6.445037007276138	3.3976027008124965
2.2757250468630175	-5.869745194179156	2.878078255564602
2.0957084887289326	-5.799880526341902	2.554707363127309
1.760895993066416	-4.5829752836772215	2.5431028611723083
2.046200780811339	-4.659920563393669	3.5879434809326844
2.4575481021382615	-4.615282531621061	3.081827233442213
2.214336794218525	-3.080330701644362	2.349443091528504
1.6903151766917663	-2.793010822506965	3.0828876083437873
1.3904885011105717	-3.099843476997122	2.507450118446726
1.42297220759787	-2.4268965832993272	2.714729486909698
2.6018940950081646	-2.11203752041901	2.28232045981935
1.6868400230622305	-1.7032279740842502	1.8729767437205078
2.903888120955275	-1.5296312210084746	1.3288592853746517
2.0674064111769948	-1.0338698141848628	1.182938583674808
2.6618375519184534	-0.10228456356729254	1.494243515228055
3.311332312214603	-0.41636628733551084	0.7946072202957456
3.567941010783047	0.6225725334923327	0.03524629584687317
2.4611040143290492	0.9808908437135031	0.6160943258972755
3.0534083889139043	1.5014943559715763	-0.34721911197354316
2.929049531572103	2.170647312117632	0.545175770657477
3.8557116224675796	1.9676650904792574	-0.5540067674078274
3.2606616170195735	2.397336004676888	-0.5083780845081087
3.863340029114939	3.025196003882324	0.010517628003802182
3.300941494625177	3.564508261187498	0.670945603232666
3.5173829994518107	5.035774955112384	-0.6517332766675704
3.7090151412837025	5.091187895311946	0.2708835814968136
3.567415871558906	5.681190484031722	0.07615744698707094
3.8346512942650652	5.591843571887703	-0.4875113251114748
2.9579482856674737	6.192317162315634	0.4702546904669408
3.6671052060521534	6.191811777622675	-0.22763805622573735
2.715684771864544	6.570337938325431	0.8607627557911209
2.6580839697362175	7.200205038981606	0.41989900099008703
2.1047479720155304	8.127054806886711	-0.30944259665170665
1.8827715523364006	7.455181989971993	-0.20147555479969648
1.6522453752524213	8.381868847322757	-0.046696712839545615
0.9690567060843576	7.60532275437443	0.41861272106951364
0.6929434081389932	7.623658424505796	0.858074889321756
0.7765584777900376	7.651594152832259	1.112231527995453
0.5137114359236198	7.536976073308712	0.7934007415042781
-0.6924105354744045	7.849650726281649	1.398692846853141
-0.626478433550613	6.891647875669349	1.5365367519908233
-1.6755118186620852	6.254037377851919	1.8938578162832096
-0.8858981684603671	5.798759430500715	2.3511880216753123
-1.4122374388360563	5.3161507305901505	1.7943618171968172
-1.6559459788913007	5.2937828931403725	2.1407013394468004
-1.084382142271712	4.443086496627659	2.0425308905781128
-1.8442260312660381	3.5905007229012473	2.24970506195065
-1.15772568068562	3.918084046153192	1.251025080317397
-1.0516491439275524	2.9652558745330575	2.088759271499666
-1.2080170122487093	2.9999231066725383	1.08051159908465
-1.5348466742745868	2.020465547733929	1.3500050482233152
-0.6107543536463567	1.5411147005784307	1.2264901104894026
-0.1936545687857365	1.5550734152380563	0.3629417505121179
-1.2051416030019304	0.5179608870478205	0.0052482507386765465
-0.8017919024974001	1.1318072867524727	0.3011290861883784
-0.8136956483273019	0.13095453567221688	-0.04905493222560742
-0.6358174914135124	-0.6354630057596304	-0.22835243119176307
0.5990036910728869	-1.0331882716125853	-1.3235892952302386
0.7606602152015856	-1.1932625898930724	-1.5773073803862667
1.1540292797796379	-1.5144409195063648	-1.3905682820866998
0.5419409374805622	-0.8631718303800635	-1.353423061259906
0.9660464209028217	-1.6335880797073652	-1.7632911292790585
1.687628029069577	-1.7473883640687637	-1.9199261815657676
2.219459632952857	-2.209205057631454	-1.6950658516635426
2.0272175803189727	-2.5124653548535854	-0.899629369999249
2.449660670987968	-2.4817314367788033	-0.6893098574985623
2.8068418930546772	-3.0921386122927736	-1.2820595635985197
3.4503548607184324	-3.4284917269511626	-0.568120776070312
4.425567107311549	-3.1478383478364136	-0.7760631097250461
4.637686312486106	-2.4860698837759747	-0.33733946518161767
5.1450622235531736	-3.2956249675434086	-0.02460117442267526
4.5003644299629135	-2.7342994951752315	0.2363408130616845
4.973697675973128	-3.1826995898648134	1.4893636446203224
5.182792309183286	-2.485668936574454	1.1194140506008483
6.5897763002821605	-2.9959468179733415	1.6874015350490625
6.673021210864942	-3.0253045126720055	2.4514404046780447
6.291713751416361	-1.9186408138792836	2.321132850025411
7.379929883467676	-2.5328047305421753	2.450817444903051
7.846184895706454	-2.260667826136495	2.0141803481962968
7.682969941897012	-1.819479368902899	2.82938199207128
8.077278531345353	-0.6785083294498553	2.7507271935224007
8.286260936812239	-1.0919691488849987	2.245767360500113
8.519589420308364	-0.5079159446404166	2.561852789182002
8.97116055552833	0.3209366861702978	1.8025031098381465
8.831001325329778	0.26986329577268875	1.4101514520743978
8.728043412520304	0.5649451287375044	1.3013304426077463
9.305150825305896	2.289567128546211	1.068276603673307
9.292105468207842	2.123076804463002	0.9590304134773742
8.521975333831252	3.1315912882042958	0.37692314043429037
8.705017103711807	2.418261410866912	0.3781641732629219
9.193576714682619	2.7800371453546338	-0.015915856829372133
8.485226230323962	3.6917145406466805	-0.10292926233341887
8.560914039048718	3.608288128900924	-0.026567208713466628
7.616030676757641	4.709358640599367	-0.8584314899768846
7.652418505313607	3.805625002623259	-1.4719279737671729
7.341018802755862	3.943474834201313	-0.9266494033259137
6.766658389320648	5.302866556781114	-1.9150318120023873
7.1424808207300625	5.232708655725119	-2.122845967233375
6.51230719479361	4.627622726471796	-2.488321318312265
5.36035097444743	5.051940624243601	-2.568556633268386
5.594673590905744	4.925197402390123	-2.786981292168048
4.378693933449116	6.148250725956067	-2.5697590658878187
4.454915588863074	5.265102041673465	-2.5544827823860072
3.787934678183367	5.880387829250788	-3.2793192011574344
3.588121854239131	6.403830313095558	-3.3717657567116115
3.037670155646252	5.584776391569408	-2.8320021371470308
2.9715191922126394	6.253795622321705	-3.7179103989296824
2.3706184121658356	6.234099683596702	-3.1699410589322854
1.1840688809250353	6.532858316896865	-2.6644067582294024
0.2915541936460457	6.179765001648686	-3.5057891442247744
0.6383229785054243	6.348147889580163	-3.2490492575876386
-0.5552096979432506	6.9443819994699325	-3.238006055044126
-0.1602347545813918	6.253500911304313	-2.754934455448665
-0.4711509477179521	6.612423007323727	-3.021144715103087
-2.0424662788421664	6.719561271170063	-1.9271497440385144
-2.072329618678461	5.926649726089064	-1.539823634388941
-2.6633359957585014	5.719557112739389	-2.1894281421993282
-2.8152614475634143	5.673897196853663	-0.9630805667234801
-3.91619378336135	5.662194035907959	-1.1868388233146046
-4.090889647278066	6.515647713646109	-1.2812933273836857
-4.605418149592823	5.465621699219173	-0.419132637811815
-4.7435390641696165	6.170544350652618	-0.9108656607014596
-4.774840416498623	5.276763623768863	-0.3710959834432009
-4.838685384389709	4.939426631554937	0.6310321999590036
-4.655665726933163	3.933229298908987	0.24469858342745732
-4.6262924257755484	3.564476087883325	0.6766771686512627
-4.306094437727463	3.788450378341535	1.1306997076780463
-4.240098923643842	3.311674258397902	1.4834219688431882
-3.992399896258354	2.5776277973589266	1.9044267029572024
-3.954905346975572	2.386125445861072	2.475010719047426
-4.531219406451855	2.0333446358751432	2.2159024007652355
-3.7974209549938776	2.345188307996513	3.221580574159317
-4.001854620955704	1.8282270531016673	3.978429903010854
-3.471089314523093	1.2800570116918963	3.769928698704865
-2.7066527165408836	1.9813481496224337	3.9829233943665736
-2.8130012603299814	1.483715555890015	3.672766606878337
-1.7378651291733758	1.9272648592897192	3.9130037605703674
-1.1104188609453767	1.4036314356216106	4.050435110436536
-1.20720643605097	1.968391546054606	4.468187903904104
-0.433614280317421	0.9422180444660497	4.736449023366248
0.8774268585153517	1.2136522933040395	3.8066488508266483
0.5592569295777556	1.6702648990614595	4.835561919346372
0.848824970587025	1.7813442142127953	3.9147401361719583
1.4110249812978586	1.3404009393056389	4.315169657869126
2.0338291328832048	1.5332440554685718	4.538065247813168
2.242697816836666	1.5484667262786782	4.096131326827387
3.525400001087508	1.4821055276552797	3.947210468333006
3.775573794296127	1.9359870637407477	3.6805740187998515
4.575409476910972	1.0580834025999843	2.988353101477201
4.297389403108099	0.9287328555002081	3.5614581806188577
4.546916708946083	1.1577582607018135	2.369083355722943
4.663512668871053	1.8138768825158875	2.3509741475591905
5.61763731642989	1.2606141982068007	1.9253431393847935
5.813194688755994	0.46035891787281974	1.6238778448854254
5.774928654164734	0.8720841374507267	1.055929684009614
6.976917202361042	0.17143818924411527	0.07783768138029035
6.7407301158659125	-0.2494156116941496	0.07733168205476193
6.091509988427268	-0.5517690589352644	0.5364309942956188
6.707823968494795	-0.7231330626709449	-0.5351355815004912
7.429412669357073	-0.9213393445504059	-1.3677788800361697
6.942639867608751	-0.7168064789749158	-1.1804030716570113
7.38369038507627	-1.8283500016515686	-1.4251720990795607
7.510179084676334	-2.5501710456181383	-1.0042932878220299
7.542533032641229	-3.065747389176627	-1.8048997934349051
7.8471189911951225	-3.5741394144577443	-1.3365410806715339
6.705667891622186	-4.0382069834540815	-2.207677653206572
7.451052552348706	-3.98130841959646	-1.6147789368012164
7.490620274638145	-4.694159345060367	-2.1320137043566514
6.085863431901956	-4.699784352174449	-1.1625264901642587
5.980607043262758	-5.032169956019595	-1.4110709505470989
6.0578657557450235	-5.906244212566321	-2.0711463590995987
5.3827294330333855	-6.113976155188183	-1.9849359953302854
4.540995584200624	-6.445425558715325	-1.8619223820782602
5.246411726388084	-6.492867201044105	-1.4273185137034066
4.752083447882294	-6.141055197507533	-1.9601106621030742
3.6422533028318886	-6.182884000791704	-1.1972793834472206
2.6736415030723557	-7.296965914134305	-1.1264664772784834
3.336175743984591	-7.3187676934324095	-1.200643907087589
2.1864861822323185	-6.582782186196076	-1.0198404431224914
1.3652470399679566	-6.612256570017242	-0.7118278738638315
2.0848127210814495	-7.271865535121056	-1.354600547347133
0.650350745065861	-6.978376167968369	-0.40106012278871406
0.07204917707247321	-6.182518208049387	-0.6794606702163887
-0.44508317461869784	-7.109218208078238	0.14971109634757362
-0.7043658319133013	-6.611488253524938	-0.34749421561752447
-0.4135309230475619	-6.454866130609898	-0.379404166318291
-1.574586533837588	-5.987769862623704	-0.7857504546982559
-1.8047650039248457	-6.368370623672469	-0.5295139275809005
-1.702712197842002	-5.440353401274397	-0.6786160396066332
-2.530587586239352	-5.20244693903322	-0.7231168657390814
-2.4389038415295694	-5.233182409341167	-0.14302555128950012
-3.62816135245083	-4.298978010508358	-0.7535922129495944
-3.5087136743166836	-4.072287378572446	-0.2922503887383707
-3.9341960709140253	-2.971467740065884	-0.21962184024177833
-3.545786873135855	-3.0745535716444667	-0.06264641226007717
-4.142253956918036	-2.400577871739264	-0.08327542649967468
-4.493253267915208	-2.669553513144906	-0.1812604929840751
-3.935694371901434	-1.7633624017893834	-0.34128774324635924
-4.223888993659257	-1.6846736982915598	-0.5608075820324947
-4.207045735880863	-1.0896249762365473	-0.9703944481916886
-3.1597420429792513	-0.875287036498944	-1.1749242309601826
-4.231145288048322	-0.3488048082104233	-1.4097151965651866
-3.9415630463610802	1.0613272319744158	-1.485369842933879
-3.2474158974127074	0.2700352418983572	-1.0244862750943806
-2.8226821829901296	1.7621283579314588	-2.0151895931213977
-2.440300505225002	2.0100914777648184	-2.182126436167028
-1.6498346245608086	2.0282942616351662	-2.225880694763479
-2.0703828314249453	1.915789790926844	-2.002118365531797
-1.7047538777748579	2.279275282292902	-1.3300988706755743
-1.4131156011235644	3.364971541334773	-1.030068038325136
-0.8774181635540296	3.4641942609614946	-1.217180266833519
-0.6268406634035426	3.6306478603917847	-0.5376420364019634
0.383676397695457	3.872307768899421	-0.6515183676585836
0.311240359791164	3.7730305794475045	-0.5038681972125076
0.06791245488457462	4.753882949908867	0.11463652691150783
1.3577658618005393	4.238699681164633	0.6057472820303693
1.6623122149125722	4.531585562061136	0.37002474392865503
1.0038354925931525	5.619246194043141	0.892224052985394
1.333363814352382	5.272314645280847	1.1723520958256763
1.739002555147478	4.975961772644269	2.4641934495063103
1.833139046874082	5.245532904240061	2.891961781338651
2.4298698603374373	6.041680565736632	2.1958169670964947
2.29120385180626	7.088134023994574	2.7028954772315537
2.6336579122331343	6.875959875800669	2.9296337946928306
3.0334316607045566	6.597521526403119	3.7071565877456845
3.4447005163124333	7.227952433731839	3.308486555921599
4.4084408003292666	7.4367722232459075	3.396747383523069
4.180960238015742	7.541588888821794	3.963566977799633
4.7206680930034395	8.237153652573447	2.8445810828702984
4.793948148304491	9.426251595893078	2.5443081020343454
4.801603798500105	9.286976561861945	2.455375099768893
