5.438782523223244	-8.39495325608377	2.2536127795813945
4.172125907902205	-7.343010120632711	2.5953753082202247
3.5988770922466458	-6.843857212821769	2.1861113155044265
4.374570923572353	-7.675895373668841	2.4981354981180317
3.2355977510584184	-6.579072698326772	3.3530787976882914
3.3885081988284282	-6.331331786618189	2.775299579931592
2.7541120368836074	-4.8907269401633195	2.5804480053666423
1.6556873096679023	-5.057034958974739	3.191665196005812
1.742131438236835	-3.5218124933307315	2.4258574786002427
1.7678511330477902	-3.583888554321584	2.93507006092748
1.5751946771998924	-3.1524147400343607	2.931501803257878
2.6098901336767018	-2.0221378666695218	1.899039655666539
1.8302457980566458	-1.753914935563052	2.678528402756013
1.8506200329277225	-0.30869442501869226	1.8639029643613183
2.064092978865057	-0.6347283868738535	1.694318371358353
2.5844368879196042	-0.016348803101636694	0.07966969565674999
3.2630172633398047	0.5328186950293337	-0.15833620077536914
2.633039354154413	1.5685535083985362	0.7286360778679124
3.9146949769885455	2.1115924814867526	-0.02882247725989484
4.079925694083033	3.4433118798450066	-0.4131855676315227
3.5039712473074554	3.3463623327390644	0.7008865990593373
4.577207975190462	4.23370297600379	-0.6128284361194904
3.8472194340484718	4.803301755804481	0.5953991501449072
3.4543312657543264	5.468066589248923	0.5089017820654126
3.693847185836333	6.320125698707989	0.008487724393798302
3.269470077988575	6.911596823539877	-0.08823129862969459
2.704859098567164	7.542273114394983	0.5831528316274439
1.277760865614107	7.839520749886683	-0.017759091345974615
0.5987597147339279	7.744365835954573	0.5372730406143134
1.0522410963895292	7.6724707554733955	0.9844279294616671
0.30405115173108344	7.636060136128368	1.0496942260533515
-0.5253013594339666	7.219999550214467	1.8520910903215828
-1.4958770632787624	6.697551428665786	2.1770677798935116
-0.6585230648082732	6.068823865267969	1.4539261477342118
-1.5132697240615147	5.574034560197683	2.2139013925406568
-1.0364957435680204	3.8096087758310935	1.9683017706838009
-1.5701238212314133	3.440537615332977	1.6734253176216747
-1.1576617497914872	2.454891187837647	1.4546599232145254
-0.5130139761335131	1.9804098273193937	1.2256904233069859
-0.7012239292039676	0.9832741388039572	0.8728661437176036
-1.0408948167134167	1.1502771812699266	0.16223216885136973
-0.15476682804808728	0.7595556723433712	-0.08961417753982681
0.06810789972084341	-0.44190176921234897	-0.19509930415621657
-0.4051768139821486	-0.5805769850836063	-0.9346162750154438
0.3443469882844781	-1.742860911299061	-1.3349814374083828
1.2101410296271464	-1.1705251585193455	-1.955218466988559
1.7096405148792515	-2.267580186435745	-2.129651560069737
1.683136228736537	-2.5574173067254176	-0.7637465108620951
2.5642753125389106	-2.764249696392314	-0.8382065381515627
4.00477490371823	-3.3887428788158873	-1.068231839163191
3.4888837344017145	-2.5562606379664734	-0.5154115755961961
4.355292562982906	-2.7444118325916507	-0.020897154185341327
4.683199531601057	-2.823072781214144	0.7967787765433638
5.362556647147403	-3.151745183243257	1.0455786549659525
5.622870167413793	-2.1272530147394937	1.7572965532227771
6.413172202314732	-2.9580958827110675	1.8475578247627065
7.429657189652399	-1.4889938468897381	2.053909604839071
7.911787833368933	-2.0921389953792104	1.9421395359010067
7.966303906539951	-0.8488790771716459	2.0744174408767657
9.020733889233222	-0.39390911427650055	2.5191315815328315
9.142693280479403	0.5795991366772331	1.8274327292925816
8.891737871074524	1.422818106024371	2.0433998275918244
9.40540604573811	1.2425403998314268	1.6368846089543725
8.77208584698782	2.186003159756262	0.7308059342033136
8.81328320362903	2.9003486533185248	1.1190078297986985
8.344111533570459	3.1410501637402506	0.5486052078861899
8.197018123619989	3.258531430415897	-0.5016292001950979
8.473713367218195	3.8485711448004527	-0.9158936828634691
7.249506295744603	3.9501928938063386	-0.7276685984477875
6.606648076153211	5.065185164574916	-2.0830606914677423
6.296932441111957	4.780618827200221	-2.1474107801600915
5.781869686405478	5.029876578240072	-2.037599706721528
4.872353131545053	5.056481827499707	-3.083102945916449
4.438027587873942	5.191714892364588	-2.66381176963149
3.4209854034712306	5.988084134190268	-2.6975587883680117
2.7695330870816774	5.946881675759547	-2.9580592001833446
2.256302043636218	6.479149675001269	-3.336764032635196
0.8649004794571764	6.935531756538062	-3.0184280532150964
0.7142486256470569	6.340398407239667	-3.0760491098117666
0.05724134638340539	6.901312808619641	-3.2001066922663517
-0.942015081262751	6.952577018977422	-3.03341299802738
-1.6398844052505488	6.698618260553427	-2.512180784612607
-1.9823910424012083	6.099876265047873	-2.413098435308358
-3.2274907253288942	6.1480941992674865	-1.0429213443686827
-3.9338815680139394	5.8958127790638	-1.1055251471418335
-4.70963025061188	5.037143953863471	0.2865239652129621
-5.082310351261636	5.216971705658151	0.02069643551938205
-4.626336381182822	4.916769943732096	0.23552675527907785
-4.764435845312272	3.620841361430745	0.49616710924677604
-5.104879378982524	3.312823551285393	1.0333463912883254
-4.530139467785013	2.6134421915548223	2.015237249790354
-4.374748390696738	2.675116104716468	3.184338652781711
-4.305192099262043	2.0972765178345085	3.7649257406217314
-3.183438842045706	1.8709993242167053	3.417530340978898
-2.267014146677801	1.676416933229888	4.007554055491719
-2.3377736029736873	1.4278994614896703	3.954955081404818
-0.8526314439990093	1.5963426908716825	3.820018637502394
-0.9945537878855824	1.1365086604520727	5.1123153511551624
0.19325386365430136	0.8532469555203179	4.461404119221919
1.258311897388974	1.236849935520603	4.760364117288473
2.4511358764800986	1.6280195607610697	3.693948388430986
2.106032360305633	1.6723716460768867	4.292488143427887
2.698928661266483	1.2147135594577894	4.450090988348495
3.5307234100798985	2.019594287352931	3.672020389829157
4.382278861357535	1.400068388611126	2.513278241921453
4.966528875179534	1.185474010212833	2.979086890329836
6.361430324556521	0.7527986445573054	1.2612527125292257
6.754134839068703	0.23617417591836842	0.7046068837695693
6.160440531585587	0.43119716851776113	0.7127843328234716
6.256275612809016	-0.15638313821179245	-0.5691503896959651
7.23978935832107	-0.12118449228366746	-0.9348675569984648
7.319826040118752	-1.4744789153197684	-1.0459606810673612
7.916752697344153	-1.9414753808666507	-1.0692284558707832
7.197463624319855	-2.047825609323163	-1.405725737958337
7.785744989388585	-3.662159886000554	-2.124804381872496
6.6434886705660405	-3.1168851057052027	-1.8197607421332103
7.048689312290669	-4.161926986663415	-1.4245108508102984
6.170925917761165	-5.401522098203647	-1.8890117405513687
5.726249288769916	-5.510324189887703	-1.1066824708715957
4.784572003389139	-6.476148594623781	-2.204724506161074
4.942885497989738	-6.13545773861286	-2.091051285613774
3.6158576502352773	-7.126415942030917	-1.7119931445738037
3.23543419904905	-6.415514347160201	-1.2189173916625646
3.193758925928815	-7.267417473566172	-1.2008110963184424
1.8984838079900477	-6.908587269749612	-0.6287471610620647
1.0837375363593467	-6.293247188715484	-0.8751858005844588
0.12353127226284877	-6.221947940078492	-1.0298764832337595
-0.7534702794030819	-6.208235359276228	-0.8611665824174974
-0.2002948086674785	-6.770126234320424	-1.0755132838709132
-2.1779205016452954	-5.808901838745394	0.023486560142507162
-2.5760226955018286	-5.005822357688862	-0.11401578872328388
-2.798922167135398	-4.3623276322581415	-0.50446696458915
-2.6187915908039696	-4.481252789717042	-0.3513500912970323
-2.832525338317197	-4.397378234882007	-0.3377063527717341
-4.223819852695037	-3.636778845342141	-0.6381887539812623
-4.450502959972595	-2.9511171954985467	-0.7976462783586951
-3.993133429682861	-1.4861097752018961	-0.39647683113579235
-4.4955129981427575	-0.9422534124083013	-0.8945326072830375
-3.7255061006358776	-0.8873516802735804	-1.1104912974403212
-3.5349360015417566	-0.2324024030521179	-1.3862605705869535
-3.557885747968359	1.1886109696713785	-1.5949743692787015
-3.2481604967702333	1.5461924018994848	-1.8331394982225033
-2.639105228962846	2.328770816180579	-2.008232377358114
-2.299064515245467	2.7423703140060387	-1.3480823968278948
-1.5584130962857348	2.634364853901387	-1.0253682097518837
-0.4161636272417587	3.3234963379908966	-0.6310805440335445
-0.04945400952939638	3.320999620255347	-0.4123966949506752
0.811718583365608	4.226042731306957	-0.2674990700513289
0.65062061255466	4.5986032224408415	0.04653342342614014
0.8651682806663034	4.27356430534614	0.8791141334097703
1.5468971435740482	5.807885437743947	1.5741465479231112
2.341722101320184	5.363610975024287	1.6938380622152365
2.0451502140251905	5.851621264477895	2.5713833446539627
2.6593998484792083	7.0009787252802145	2.6459168227461674
2.96047590362901	6.793419623296758	3.4892016840842843
4.280887889711247	7.400905453422486	3.104942340530039
4.818310664178544	7.854561467590049	3.46687708966667
4.898653709380015	8.201400967287842	2.7811638652053507
4.966763959012299	8.478834852057515	3.4323033779197436
