5.475522200243191	-8.51936772604719	2.534931279207627
4.701324041846093	-7.802333860982159	1.8806067357451834
4.643624214109484	-7.68779823474031	2.7617111861487507
4.384692033972538	-7.6958437165295495	3.068585599257731
4.538519744271787	-7.138056494617246	2.4652391456904366
3.5239369138379493	-6.929871038804421	3.039863416240496
3.526130526926157	-6.416127124496295	2.4033144928507144
2.773555030350017	-6.367680934587755	2.564120492146824
2.3452748013943925	-5.8278215470979005	2.6746073264368846
2.042378355073939	-4.713089098658986	2.7789841760415825
1.7359275173207538	-4.915251496562964	2.4582658791779606
2.518127029081472	-4.9362931447600795	3.394431891989668
2.56713680860144	-4.6158110867058655	3.169629633234261
1.4824124456028043	-3.7139207174824445	2.292061733156118
2.152890599352437	-3.561217652416245	3.1968461759749776
2.4554197488402787	-2.8946289836947665	2.1614965092513296
1.860962272909528	-2.365645462782017	2.1320668953979935
1.527140121455537	-2.1410463330159493	2.541904138534532
1.6473125098691952	-1.2135964410498863	2.285706256041287
2.0799896895316454	-0.6835024686228772	1.2455247001948069
2.9243603788081005	-0.8991436478890995	1.6248802432685925
3.106782988311352	-0.3004611218797766	1.2229562334838482
2.1478483018424006	0.9152888902067939	0.8740446472948994
2.9515863238376463	1.036844012261126	-0.022556035770286233
3.6080332618223836	0.7010844905104799	0.33958057292832644
3.18511069918028	0.8434142439463721	-0.3179665232744206
2.818377001831843	2.389577179000275	0.12389000916043469
3.87800218080924	2.176028102509114	0.0989069646445121
3.4028634921979233	3.1829605998067327	-0.654199549061796
4.311412782456607	3.0656074979637937	-0.3615854699256087
3.2415931210979916	3.6962656985338893	-0.653706024085672
3.6093326925637044	4.113362806809649	-0.17538932348572467
3.6922454013433668	5.029873232115082	0.10109615665726879
4.4004320736673765	5.347213762446296	-0.5067836189327275
4.2721094202124315	5.649903792256015	0.08297675851316144
3.583204224248596	5.951269141064842	0.45875484411728107
3.5587649562992114	6.7276161881668095	-0.12324505210391179
3.861450190441577	7.74573823936575	-0.19056031342429325
2.6848135140157274	7.621626738098771	-0.6257643812992333
2.4479281509153514	8.796509448120524	0.5450699606039827
2.436146905378479	8.336539675568552	0.4361800922337257
1.606912120537006	9.491012300315782	0.16315208054068103
1.5154039420167966	8.80154246041806	0.8511052819188246
0.2773975872179132	8.314888252895019	0.8775815903343727
-0.5982106515598549	8.265532889962861	1.0557926471971717
-1.3866124202532828	7.520813350879418	2.150817225988071
-1.5387990580346567	7.0080656887614445	2.522342620674377
-0.9629926606904031	6.3795741910241235	1.2578177683539518
-1.7887491616917548	6.8767783872278	1.5464983566562547
-1.8805783792562463	6.47415619029134	2.112660509380751
-1.8578497431455276	4.760321009607494	2.691322276428728
-1.6205629743195433	4.0249312997634865	1.772262622906611
-2.018769950195197	4.558224435404385	1.6302751980829253
-1.4607424150887076	3.078782284970065	2.0973749829030828
-2.525623438596354	2.657240682917028	2.790309433354955
-1.591022831505387	2.9699103258098924	1.3524594720642358
-0.36975394658387506	2.5308226797129314	0.8485152934712312
-1.0212749175962152	1.7894320705810842	1.5972120242419114
-0.24000538374066815	2.663002886095314	0.41046916935241906
0.1961943201906876	1.5965930132100203	0.07510892243582154
0.2467055531251543	1.1921440874714815	-0.25266593520281455
0.2102811699062439	1.4404817071512384	-0.5702719216849959
0.18009089389777277	0.818377959081295	-0.8487930974423692
0.042994995420756243	-0.6027797601280733	-0.4250582705956991
0.484237489454119	-0.7694053895067541	-0.4176352782443358
0.06760685854596027	-1.0335544032477224	-0.7286089773890158
0.9909279030544396	-0.8252960648361582	-1.7541139164726527
0.31985068542215445	-2.0627332298005947	-1.8820202712305492
1.7491683077077862	-1.8166942093146101	-1.9461385317008533
1.6659587468421406	-1.8191344755340189	-2.1581549450202098
1.6480640077991702	-2.64756059571125	-1.7505245415663602
2.453416251371449	-3.093159246368016	-1.1329118864089391
3.302965772138162	-2.8579240589653416	-1.8027390866712474
3.046920110177043	-2.444507429798435	-0.5761157013087977
3.3372350488033313	-3.2606853311223105	-0.7066004983403671
3.4634793625550735	-2.567129826474644	-0.6050373278945161
4.927611946783275	-2.9664289729331115	-0.19773922796012466
5.099356250374482	-2.7241204239670767	-0.19931724151350438
4.5463724359277835	-2.8552064191560254	0.8616992935633612
5.434285142429941	-3.130545049693901	0.9724598739728212
5.332884976849932	-2.2570739786698137	1.1742126433104478
5.63984479638031	-2.144525911904852	1.4729708399290116
6.363514990263406	-2.872975072449415	2.162763595812681
6.777393393205503	-2.143362701265286	2.572171932008353
7.482536924122882	-2.1761221210945525	2.2067434323770696
7.632332756100789	-2.315249285741476	2.2612950537812626
8.38260304428007	-1.2244061166671503	1.8442893870130481
8.579588081550051	-0.8291655588301996	2.137618225888502
8.480416208432342	0.01720902953126524	2.41651267444404
8.602293195227855	-0.3377537820180742	2.8214665284550233
8.659138589894551	0.004624976929265279	1.7343834559304354
8.63018599427961	0.593830045919681	2.2940318873412497
8.566883182327686	0.5462353276541746	2.0315324781318176
9.868692477061723	1.1979825914997535	0.954310463623766
9.614266766192646	1.962484678500887	1.1034908992310766
9.51580547435833	2.341815627364344	0.9814867781336953
8.957000487379952	2.6264306845602947	0.1650918196510735
8.268407134460213	3.806283693557196	0.21731789523318457
8.267692795052255	3.0033411494301223	-0.1254710363233582
8.307725776789317	3.544661415786554	-0.490443087704844
7.52887931052046	3.643041929657791	-0.927948258148086
7.19744206246557	4.634391720904817	-0.47041520695480465
6.8306629067029325	5.168090287509267	-1.0239336879582137
6.533553847078756	4.435750411263992	-2.0071270616749914
6.212288685677594	4.43971370717424	-2.361446685967684
6.6590372827132684	5.391653942370211	-2.200405897713947
5.754313733094828	4.754834721497799	-2.9174838833181953
4.811485053658716	5.264069681860509	-1.9096078098936071
4.422377265089872	5.756548103702118	-2.358387580605132
4.264725790192098	5.3378786470753585	-2.895457212553542
3.8120347033493793	5.748499242480602	-3.5643120785542837
3.8524574772148332	5.603189538819494	-3.455395573839868
3.7355300216657112	6.327872308475571	-3.3134345948982618
3.2659476810394934	6.638260096033161	-2.9922785200523094
2.6838689992180127	7.016644917145252	-3.195311198641221
2.3328748221596416	6.385518529511737	-2.9101562752744092
1.94540520459485	6.707493077389561	-3.331916678241962
1.3620037583423374	6.835240519523273	-2.7130471366530235
0.7726391109791804	6.959984881516269	-2.5294821338428592
1.4035298340494453	7.017375830354996	-2.9907470550787885
1.1798126170090477	6.719087787852685	-3.5816429787806423
-0.5023939090451559	7.557486188378381	-3.0685373692059956
-0.46166063461612117	7.207897785440144	-3.011291524927097
-1.7167899530559265	6.853376465033683	-2.061495920352746
-1.6639228456485942	6.946822633837678	-1.4794053680080523
-2.1620790102481333	6.75903898199155	-1.9272558764741885
-3.3266332858455576	7.004524204918438	-0.7301636232657924
-2.6546794664859097	6.532560492397632	-1.4646209055616868
-3.235835817326998	6.631624013157972	-0.5786162200912054
-3.8560455621943364	6.914264898579595	-0.5285997448183154
-4.520077319225992	6.299237152118175	-0.1715535025812423
-5.3084171675376295	5.7786292575060365	1.4456625799432046
-5.411111580431569	5.797604775926294	1.7478375580472052
-5.820407273444628	5.187617150886858	1.3579009544964666
-6.05457209913058	4.873199081571521	2.109530792650351
-5.65009314722664	3.944626973356306	2.5703880243031394
-5.789319866070987	2.9632373262789433	3.276424498661914
-5.307693211909509	2.192620290043778	3.196969367173913
-4.27324442085875	2.065817301088373	3.0786994494854962
-4.501250477321816	1.8520087568567078	3.55455359210742
-3.825300384118295	1.324760915641276	3.3539673946690938
-3.6925607662904953	1.1665802710056985	4.065999651606478
-3.0042225732364107	0.8376256104420862	4.451831358141576
-2.930284093461526	1.2870733039203062	4.118913865613385
-2.0205983397385316	0.9199027528668953	4.249877620009525
-2.2589533725314013	0.29183224190816176	4.428143277489147
-1.5152091582980405	0.42933593907734235	4.191002207215956
-0.49048267579557203	0.4001993023912742	4.5067417916730355
-0.3246438566764201	0.6298492301094532	4.8802313976448035
0.23740038320386192	0.871706821546506	4.3110396690481485
1.3489211006975397	-0.11453615238047149	4.702960000880461
1.6733861266171859	0.447731704265277	3.7291818635480176
2.008517926228937	1.6140830241505775	3.8205380132950864
3.0114030310859805	0.998177483480956	3.239862545072575
4.013140154259439	0.9178885425322791	2.9258589765773166
3.514888537208161	1.6710730804555354	2.657645121178235
4.7024333760376225	1.5780696178744238	2.8722928396485408
5.526815057660018	1.3224139228672298	2.436925481150668
5.6063707558112	1.2220145646317668	1.6247022755811324
5.782272131126565	0.6187405098638623	2.1480689914210234
6.2161922996398005	0.6870554398816519	0.9906389939574571
5.751256849541045	1.1954613528434281	0.5172713130866851
6.833457648078774	0.08109009352346427	0.6905345525076777
6.242471989522991	-0.08789312364001572	-0.09209119155877926
6.833749895384461	-0.2225395069570132	0.05854326719062064
7.273754484772479	-0.37078503647798633	-0.5287088883735025
7.312631788943655	-0.745431014745059	-1.2036597951379275
6.623796613244024	-1.4535157988661909	-1.4212151761825544
7.7157420674351656	-1.741695508446751	-1.5973349761028586
7.347678029561506	-1.9118982089791856	-1.3482252081955817
7.015772327792325	-2.9157354815609695	-0.7479651352286811
7.566401539147913	-2.8425563129519293	-1.5051849019314787
6.9066008731197215	-3.232022003942279	-1.2943460641967488
6.853074649983878	-3.7508339297903985	-2.2922100212653245
6.601491967045303	-4.5846718925167105	-2.125904281914506
6.799052583064524	-5.237049590779026	-1.3892204469617369
6.329703284480521	-4.542792507582055	-1.9634593043921653
5.3532390896295485	-6.002171321907828	-1.5075042971610104
5.420636304629129	-6.283394820540278	-0.9828019368520633
4.758909616144849	-5.848700818949729	-1.735486257287843
4.889132965355491	-6.672660509951758	-1.9518449554570143
4.330147578450898	-6.144348783072816	-1.6769326048219646
3.5171307377504393	-7.129788983052713	-1.2632805213029066
3.8473277552983642	-6.505769056539411	-1.601264721783663
2.3148159055320203	-7.179544805892827	-1.3042947348973026
2.3607573097369716	-7.160356157604082	-0.5154832806333618
1.9139254462098727	-7.164523592775216	-1.3999557262949351
1.4587470266386633	-7.614513948532327	-0.7612348645220048
0.5597274250638608	-7.03750336405871	-0.4506885318033673
0.3806718130232858	-7.72660286794644	-1.1559104197816912
-0.4003704105186028	-7.680931898628812	-0.6969843701037306
-0.9294857330106963	-7.045012810942156	-0.07304146624060337
-1.8204771234325183	-6.914643006605313	-0.2735359321374252
-2.135841251649066	-6.528501944698519	-0.5499310340046764
-2.5325018572429263	-6.945938965147759	-0.46074525508052305
-3.688124233178806	-6.550205961638736	0.2299999714241311
-3.3826766304975235	-6.478136026003004	0.6210519343110368
-4.373692234179275	-5.495881272484719	-0.39342955988222617
-4.663615208152427	-5.189075588933621	-0.34391824566647156
-3.86038754318081	-5.3504494841237715	-0.19132356359626718
-5.0514601821551794	-4.479607373411571	-0.5162729511616404
-5.1056424148854695	-4.713522301836622	-0.37513924843177043
-4.144473196371813	-3.5448032876179445	-0.26649207554873133
-4.99828746438316	-3.0493134844306518	0.11212298510269081
-4.309739230644825	-2.596386506636784	-0.43614913592694227
-4.640131966520691	-2.0762326055690576	-1.1551005875377451
-4.14051823121565	-0.4706014207017222	-1.2371976720655498
-3.9020618821519033	0.015412472799028576	-0.9562359532285609
-3.508233532016052	-0.27104136051871874	-1.5208055985893716
-3.4447888106836606	0.46624919410045584	-1.703563745688136
-3.1305123082249127	1.2075905938954619	-1.9799218679658472
-2.8352333298649066	1.7529436864128956	-1.954311739092782
-2.6332460791901022	1.4791975382023355	-1.2615858129604247
-2.0578606454740065	1.5695537916676745	-2.273860633999622
-2.082200136474693	2.3831083002263	-1.3425612005308811
-2.084585245453611	2.4659734345505773	-2.123389124450589
-0.6730435611539956	3.1322843511730794	-1.9266052911033347
-0.28481099763707673	3.042664336536576	-1.3849687823422285
-0.7768252849631544	3.539296074343012	-0.9894477359260055
-0.014930400101102914	3.2612631910381396	-0.6199615167758314
0.009694931855168176	4.585243096601333	-0.29818057292683886
0.13659384169626498	3.699402077776284	0.16474729381089426
1.4648768428969074	4.102399486651584	0.24150961948306615
0.9267767701070957	4.348438620345635	0.923656849658377
1.1966675390632524	5.256741205849511	1.3677130109315065
1.4680885602255898	5.615638444140126	1.7635657574357122
1.3060631065542627	5.427846815555181	1.9305616334087041
1.6418754214570868	5.859580445591804	3.042650275176878
3.1549021326281066	5.40605057854059	2.250704622181203
2.1522308203232585	7.081700285528572	2.7244990619133467
3.121912451658581	7.032534103372176	3.0192243594955017
3.6321272903686905	6.519499757316275	2.84819033656232
3.3159689593521815	7.605503225930935	2.6636945977133903
4.225211980599397	7.6271686085499315	2.7924132003915747
4.25119152962151	7.7036482344992505	3.9537089864378805
4.650237705729014	8.399565109645192	3.2872440007751327
4.829399146797588	8.191168251862246	3.086279996321128
5.709762641903029	8.619322496203766	3.072465056908009
