4.674179626340668	-8.913595379838538	2.2386255555599543
5.1495782095999285	-8.257766642274035	2.832997005406683
4.493807335891776	-8.017732137970727	2.6191707616841455
3.6174865459065657	-8.00797131492751	2.8809661636803634
4.340108096636958	-7.361105306763491	2.4334603346020494
3.765190421879797	-7.420104396277945	2.359902236175633
3.0217875041282865	-6.109400661294881	2.3665311331595342
2.4133916051456943	-5.845686264529542	3.398274792908044
2.781122489295533	-6.2981271400215615	3.2808751925546473
2.397989534202138	-5.0266834706829435	2.5370639951121774
2.0421447954701524	-5.0482592996447755	3.591909366388118
2.3640772794683658	-4.707029329682114	2.9450122706808086
2.759924627079396	-4.493624731173705	2.5854891245111538
1.8127139111039845	-4.1296810271380515	3.2363188645677488
2.467194922014918	-3.0371530014733525	2.3809538941247474
1.3446472890837413	-2.906404991826531	2.8350277425606345
1.5875388600513407	-1.8437047737282062	2.0040369589431837
2.365041108672254	-2.1304280979543213	1.7660534375849701
2.645814464282158	-1.362294189591609	1.7417386669888892
2.463984457328281	-1.0546855935621875	1.4357675945547799
2.335844069025544	-1.1340514946244364	1.548030825217202
2.8889675863000566	-0.5689033175197274	1.5865356227361171
2.32809421616752	0.6056216349165023	0.47797773477786054
2.431192193374577	0.3569698462617931	0.15169637953430098
2.735385801344469	0.901303269086277	0.980663725606087
2.747214605152263	1.432528690945584	0.14930805690215426
2.724760634133742	1.7165080361819463	-0.37346356118415786
2.877356891746315	2.6889714732184187	-0.3687533985094264
3.1086297414026878	2.296306999102468	-0.5510174129118993
3.959927665344547	3.024934997574752	0.32689311802556276
4.059817220405886	4.118705542083552	-0.1078703225926404
4.324299683343654	4.329369008526701	-0.3978650338628204
3.608384807790754	5.024244315556472	0.446076014605745
3.658134023589806	5.09870191957754	-0.5259482714044973
3.1225027918210277	6.333317186698531	-0.02577685060117596
3.3413742867930387	6.366358888533762	-0.05535595607552224
3.0429176693264397	6.423523086398328	-0.04212851525727823
3.3649493568027244	7.12990873324022	0.2416519564987878
3.160391076378853	7.507173105120649	-0.45199754016220844
2.355307246050301	7.953679792018325	-0.18474705425232302
2.09489831425708	7.837831328303396	-0.17941820744411296
1.1947243256262183	7.947201301843481	0.640382357129453
0.7858093884908771	7.891920514252427	0.9688881357545802
1.0022080768606203	7.5224080196206575	0.586814105841355
0.07193565833838134	8.177932122969928	0.6961493030870096
-0.5615117085900225	7.469467108158035	0.9891235807644398
-0.5913106551124704	7.0875386880271485	1.149819601234302
-0.4498938949641331	7.401277179702877	1.2792469350608635
-1.6497651708064958	6.085444033008046	1.491900047882407
-1.7526508863914445	5.992681244972754	1.4850624666297552
-1.8120065954448379	5.951868514011138	1.6556041629675984
-1.5999418021018008	5.35192116218335	2.1435540182025905
-0.7316984763886485	4.264615343023728	1.357477298280051
-1.5106356287479896	4.248872639236503	1.5824981817741552
-1.8904669732601578	3.9672901476195523	1.250181996993284
-1.4073984369995987	2.83178072099245	1.8212906947227878
-1.4167561286422683	2.1817445149203962	1.8382521943504782
-0.4011927025693727	1.8052528050791192	0.8556946652840898
-1.3822656198513785	1.7904882946333716	0.9012329659510159
-0.9887916372551964	1.3088668916401307	0.11523326256601489
0.27862093236423857	0.3505349670184277	-0.11374973714267547
-0.7943020701659355	0.3028009941909	-0.3330533138980471
-0.2481702763463891	-0.24146579269558416	-0.4252435764833146
0.5365979880398016	-0.5355524090317306	-1.079065279323709
-0.08296924779212983	-1.006836360774849	-0.27273221523034397
0.17091937208662905	-0.5238269172876033	-0.662255049161536
-0.04486744332533968	-1.089027447372671	-1.8488243288810848
1.314275949315177	-1.91623054433061	-1.2796307927904447
1.0549810240996569	-1.1488231588800846	-1.8885562399048423
1.1401367611875872	-2.132664492848491	-1.2730657140621653
1.8802732024953837	-1.8391409431376813	-1.9241402243789674
2.173908949144986	-2.201573712385615	-1.4858644412617965
2.2415401542524425	-3.126699083157247	-1.4886455898582893
2.8109281326971156	-2.962855465268166	-0.5722562082483984
3.662453304140485	-2.614807366701063	-0.9579860404135657
3.708697566475096	-3.004131042010998	0.3939806283682755
3.8326704329585057	-3.442812788921613	0.4124011372174372
5.097099477582869	-3.3266835126638763	0.24630870011796305
4.47508849462683	-2.5342890117884735	0.41273385642495974
6.0472418242248365	-3.3918499565885765	0.5127795172929117
5.871513404923555	-3.133585119170131	1.1507495256699694
5.735623452381645	-2.2788153248534004	2.037709808242886
6.38680161512845	-3.062367594332679	2.5457572039936105
6.3325424856355275	-2.4934006352818288	2.343659756870504
7.878912248162601	-1.9497782048339671	2.0155786122015242
7.1968737105976555	-2.319376633713301	2.882901008469027
8.16236094067116	-1.0307616256756407	2.1151725982452523
7.817370425199899	-0.8082055221223365	2.24738302873603
8.385302480085517	-1.1902946124245577	2.1343031870820317
9.000027098537636	0.009400744125635851	2.0591080567408224
9.511491573040685	-0.2579293761905266	2.1752489650817592
9.397867356183442	0.9525790175386285	1.5880793433359226
9.947411805923771	0.6516008350005827	1.6100467697894167
9.018961528614831	1.0330408434049052	2.028008743650796
9.543540818537076	1.7040659514835153	1.4531525413142976
8.870909715754458	2.0678822857620682	0.7447555328719745
8.635017322179573	2.344480518199943	0.4890658663015681
8.31663389487368	3.142230650996627	-0.035039655407325176
8.963184001083633	3.2410862659277146	-0.09244060148358818
8.429884927342012	3.9502744967396897	-0.6191638501819478
8.197305565078539	4.490689510784862	-1.034177651094252
7.506182611210432	4.741177094395148	-1.4111633548269362
6.823873824183526	4.3003747870496465	-0.6960393201024897
7.27541506038573	4.274153554046104	-1.4273073157803808
6.3984078032042895	4.7155368679651275	-1.6585188270119418
5.989817429853997	5.72615874790978	-2.1715647438834393
5.777197526768344	5.1609032979268425	-1.9686660172239991
5.060613795736785	5.706958177143395	-2.6297620954238976
5.406662186287944	5.764034156400137	-2.6859044252727995
4.483621637463061	6.294839756924418	-3.1088959652077617
3.709873245068708	5.498772931887524	-3.632500947327157
3.0671306553207383	5.752616125454275	-2.808134552304157
2.65224723157046	6.355575924342029	-3.0352391009963715
2.2583085386204287	6.11056462372811	-2.565804992877971
1.730771492444271	6.371970578458066	-3.169305609934465
1.724175531729224	5.789940314957227	-3.093116646061256
0.9763534623451526	6.662147676052726	-3.223859502164343
0.23884993554316028	6.387278279533794	-2.7216070435935995
-0.6129013357809838	6.92089775658485	-2.764383836601181
-0.11107992318958937	6.0303955415799955	-2.7264396937433952
-0.32494251067950874	6.227960985378571	-2.893099994946618
-1.6215773557897086	5.971846493326851	-2.7425231083034785
-2.655811807616004	5.9321563186409785	-1.7895379779933565
-2.6207565670334625	6.830148837099016	-1.8907230473637116
-2.1698802557152117	5.696081619946745	-2.027985799657742
-2.8202060814170586	6.010925045427161	-1.5681333712250178
-4.2312439320914335	5.326947804748978	-1.355046692853038
-3.3536776981837546	5.066137700731673	-0.9418339147409865
-4.3070607714904305	5.150587979572687	-0.8996301527936761
-4.646464732160165	4.973657947244099	-0.6049763675582346
-4.929015647578326	4.9308142802517985	-0.14628248501609709
-5.279058103848237	4.221976404230317	0.12301671200110346
-4.221499859336046	3.49510960108687	1.031178675743219
-5.203238820307584	4.293612888197133	1.0997368233239326
-5.051463758290782	3.4353880714049705	2.4127533813907416
-4.341018966870972	2.4892222735371714	2.6606329012732
-4.178192490829727	2.529623761359182	1.8748854918143738
-4.606485201161374	2.466556550671863	3.192725165985853
-3.5472144937118664	2.184102551420577	3.40553562938726
-2.9868359543938303	2.01437614926549	2.757488984564871
-3.2824546279506905	1.8212309696780022	4.232944734039094
-2.503066150291241	2.047521374572539	3.8756698887311045
-2.761199524630894	1.3794765463927707	3.7702027963221596
-1.5322322535693673	1.7482030323258493	4.077543229578342
-1.7103464745596924	2.039550420334543	3.8230828141201343
-0.9095586715754608	0.859914018573672	4.913332282211404
0.44326544170629856	1.0388429550226461	4.030388071503789
0.1471753214986498	1.357747588964667	4.13089803036246
1.1789930970873195	1.3510386046968237	4.356437895393668
0.8747623768885635	1.4833078763046188	4.9858696802063704
1.2602402569814175	1.5456309699509783	4.220073464485647
2.0743239256103854	1.64827761521408	4.042330693398538
3.3228119434463617	1.461858493701245	4.045313264325648
3.173270652950979	1.9139639442268042	3.6295235437991256
4.120959088870717	1.2481679183582823	3.8133885846099638
4.17326706306841	0.8996311589456367	2.739281713954011
3.9667218082432836	1.5310747263418634	2.8480072506454572
4.671171385771341	0.7822172272710265	2.1605470287757615
4.928725076886198	0.914909185840145	2.2631767691571496
5.999754942094464	0.7410091148489918	1.6768009622256428
6.058439356691101	1.1431899791508118	0.9715856922728281
5.621998483317134	0.09620005882561203	1.0030916884227745
6.034446548794421	0.4063386182657961	0.04621961439840227
6.34928077724762	0.43651530353653245	0.6533829921585728
6.178603707943608	-0.6097747330217798	-0.62704371580097
6.3015934323978	-0.5864227417725234	-0.46252812948902067
6.602355566755695	-1.0377615817048247	-0.8730325355568549
6.705167442834546	-1.424977878998177	-0.7332645672437887
6.808214271990876	-1.961573354536848	-1.8258967608146184
7.639514369116689	-2.7248721171120085	-1.0513086929039146
7.003534141236067	-2.933017581055963	-1.5954476354920262
7.061434384329843	-2.6305476910386014	-2.2255660618390123
7.309742456315886	-3.0073144060110515	-1.6903674217397273
6.9778065751097	-4.04761170582773	-1.782853072603161
6.687440706041674	-4.659175756421101	-1.454532758767365
6.020992969667714	-4.777065229322047	-1.9619486992167188
6.093430708704107	-5.201399283320087	-1.7386984607658253
5.857879982801226	-5.055135366421824	-1.5879439438469147
6.191814029846959	-5.830310283436867	-1.9966217948312996
5.5281607773587735	-6.370370223478577	-1.5349080903935377
4.133653996281959	-5.645341026760155	-1.6254536670536244
4.601347340682517	-6.993826362912802	-1.4377948042550055
3.367259521660689	-6.860956235362749	-1.446170140239616
3.4639060874859955	-6.900166985062882	-1.8125272820946947
2.4091902487632746	-5.930351757226385	-1.819841572575767
1.6960104211093556	-6.771873276015375	-1.170705079570135
1.986595469290493	-7.270452169350946	-1.4538193822698275
1.4609878487276933	-6.874670833142199	-1.0679276964490516
0.3462763039671178	-6.155412482296508	-0.7892047883107693
0.09532664068143848	-6.617918718820248	-0.47382180319096223
0.198150471978074	-6.746805455324505	-0.5361288239687201
-0.01494368760185072	-6.783772462149584	-0.7780469478840386
-0.7474038586560857	-6.702137435005405	-1.0183060000406883
-1.8259497310924278	-5.251954162477501	-0.6937205454419417
-1.8428121234178607	-6.399274479144419	0.31243814522160984
-2.351852149310212	-5.435550319746962	-0.3961926597717124
-2.9332452416663513	-4.652566621990882	-0.331626442601542
-2.7575139658715626	-4.689854897487759	-0.5972480196331666
-3.154286975696354	-4.098928314374891	0.17980398006182263
-2.9966748772901797	-4.055222628329192	-0.5687210438317436
-3.9559707459670443	-3.106380439541784	-0.4742758402637679
-3.958639107515385	-3.3744646207372666	-0.9135526107933747
-4.143036415893541	-2.855742897535017	-0.35551345970092507
-3.737031248207499	-1.8524858757240494	-1.1626823338379957
-4.490086826319488	-2.2581059949802147	-0.23850051447567622
-3.371515958037362	-1.7835017912941062	-0.7733504676029237
-3.254449138719342	-1.134813284553441	-1.3288495570027024
-3.7651031928580347	-0.2337687795963519	-0.9377390606871552
-4.1210561481508226	-0.4535380871753717	-0.9611057755818178
-3.3028185085155988	0.34985880875684855	-1.8870268696471089
-2.597218416305409	0.41805067654955286	-1.493952402506708
-3.256545756578388	1.1857977932442876	-2.0918539261311047
-2.780651144879519	1.1826427779121576	-1.794551468658971
-2.8584336665572025	1.7736292051575253	-2.162668994931104
-2.4892922294082873	2.14737714106611	-1.5320343090838922
-2.060909664291845	2.5788190369984285	-2.2177728644877543
-1.0111627104380285	3.1529255326352446	-1.3835441718892085
-0.4579640439093684	3.61115531276849	-1.4875697835045965
-0.7705294600300499	3.2230114076724323	-0.23976152226607828
0.6752813982051767	3.549664506716938	-1.212534667822631
-0.28633171981744077	3.8899694305138217	-0.6693998343337118
1.2959697994693067	4.349161065287544	-0.4804777163092191
0.5572967155832892	3.979525190151692	1.0126386307383388
1.3625509110241685	4.667135755600048	0.6682630390822906
1.9394925843255006	4.951093068121617	0.8650987330614035
1.5739298358119784	5.68734881501222	1.3580095140141073
1.7885718932124102	5.773039981760323	1.8019151898414503
2.360754796551635	6.227369513871908	2.1348549614681485
2.9995483623048043	5.505728632693076	2.9986799288267765
2.4277916298687408	6.255991771082972	3.4053044109357824
3.5123653959773913	6.1431098444319385	2.5646177522195024
3.4341742387802996	6.590105425952572	3.6241240597807547
3.754837718144576	7.588056327496794	3.33053210520505
4.2836025339134025	7.728533922554353	2.825600510555241
3.795082021087434	8.787286101346789	3.067296163059485
4.358797097055898	8.835147710566012	3.459095330580696
4.477538212147518	8.377956538271343	3.7591306512043636
5.235571723203355	8.557731586416248	2.3805348029867024
