4.593163639422734	-8.49759270197804	3.1287147268626074
3.8562738587383887	-8.056543609431975	3.4235624829752247
3.6488296888442804	-7.106169442216791	3.2383440425484205
3.039204084472575	-5.414496951754519	2.4783690777531713
1.4155416321029222	-3.4055224519644667	2.4212788209174456
2.3677596684620665	-2.9804987619591587	2.1062303274668683
2.1587531954262715	-1.3687519791427214	1.49058126709119
2.9254184824476983	-0.7727450042821276	0.7434822481578431
2.919128998166112	0.6653303877287146	0.06793594419188703
3.1908332196902425	1.8376007189008958	-0.10272298879390862
4.168393609534806	3.1862483203362757	-0.6356803856587875
3.8228800527603677	4.916925719272182	0.20066788820578108
3.7165574147294325	7.223059463266242	-0.3724579877169399
3.2336478903024415	8.72644490583394	-0.3000228166449362
1.2027450618766964	8.647916169454806	0.22576367567761396
-1.414875782868604	7.7127924157875904	1.3399756611028295
-1.3675198725811297	6.516649349365858	1.945004320536932
-2.384485875818215	5.422900138641418	1.9384920641622483
-1.7879170476636268	3.3492650567100566	1.7871653404510384
-1.2886088429803049	2.5443583391425846	1.4659845765264319
-0.43336595494725905	1.01932720637737	0.9505904083990531
-0.3229630657542827	0.02471320244414621	-0.6896759852314022
0.6195385762784882	-0.8344396823974769	-1.6405215573418042
1.1046658505732954	-2.364535431102304	-1.034758328403438
2.9711592384483376	-3.0310068499025444	-1.1831933614993413
4.2932721320687115	-2.698672668811212	-0.5296914363928746
5.638508920958498	-3.061479806682522	0.28982107646484123
5.9373959015553	-2.2902216715943235	2.0473083839182182
7.104981491889096	-2.3529293202818136	2.64010633752918
8.34765830389491	-1.5740942000678928	2.880552210540371
8.674490613182472	-0.052467078441110426	2.714127837366478
9.349426069014633	1.101993248000484	1.18324794030034
8.791502439584095	2.6948311431254037	0.202869072485516
8.031971258064644	4.098027779658138	-0.7388658596722362
7.808224703788383	4.34529121709044	-1.602925621569112
5.927993582610383	5.3182156989630975	-2.5899560658675296
5.552078756541663	5.274033479173219	-3.0397001591176407
4.186708074735722	6.206920172988573	-3.8283881764095944
2.6176943696316646	6.1865946669584595	-3.611950107614602
1.4628112200926833	7.405140151621167	-3.702988912147162
-0.05777270572354373	6.988843886721112	-3.196270590915013
-0.9730742737693625	7.02999518280014	-2.0360427861315435
-3.0823456574213695	7.1747557763706595	-1.0629686777868146
-3.2245531446869844	6.259529303512809	-0.5727011253806966
-5.657649151355494	5.516742520166806	1.210646482005183
-5.726958071498778	3.14965168488382	2.812140211169061
-4.574766940363215	2.789727896822427	3.040720839757567
-3.2124888404953387	1.770197796909145	4.051621783739531
-1.7645228647410403	-0.012446193678325293	4.2684546166357755
-0.7354703928066325	1.0286996928002705	4.422305746987912
0.2772637944222828	0.08456184943502537	4.617683718393236
2.7375487591797345	1.8026226213693746	3.791602887291562
4.246841197401297	1.8462672923675463	2.727161286537778
5.820268437506004	0.4219071533384345	1.4071951761183115
5.82401895214088	0.7076795807521387	0.5142801026061234
6.837742020830402	-1.0289353702478727	-1.0186985203368462
7.324707948169583	-2.0809341671457853	-1.218637199462289
7.363367462245475	-2.589086001437113	-1.9964856123961232
6.656566337319278	-4.040597333192192	-1.8217748167322454
5.496771896833383	-5.926025237145793	-1.1761975444034765
5.324750280465369	-6.661176838489984	-1.9207905090826316
2.7207686384040706	-6.7244995211837715	-1.5235591342209747
1.2495320393920946	-6.914966778615932	-1.0271781523454404
-0.013658447404833018	-7.4516207558179675	-0.8639957201652584
-1.1682218678092027	-7.2740801996000055	-0.3539813771750596
-3.882817919359893	-6.409978174963689	0.3382129532265167
-4.586521124994753	-5.816388046909956	0.6577263374699438
-4.707073462373026	-3.8940328386887937	-0.20984465681448217
-4.423700214312137	-1.8052988264146395	-0.40730671743838365
-3.8134020509743105	-0.08709047302184614	-0.9262996939429864
-3.477960026471686	0.6507222056653195	-1.4120901676863604
-1.8463768041567017	1.756362046860629	-1.6686036568594838
-1.308867389932436	3.6250497174368244	-1.6711675732541842
0.252366194510243	4.085918367117998	-0.7446295005878416
0.3390643847599572	4.116224493073892	0.6073429511536821
1.9080359262228002	5.527771429551475	1.6478159661579332
2.297786657036501	5.621283619884296	3.2906544783264535
2.9081290334980805	6.498142422700013	3.434632807058099
3.9403846842072174	7.789665828297759	3.5545918155364893
5.19479631012836	8.675606735066284	2.5152042444834257
