5.713239396541564	-8.641647318207971	2.386430480468003
4.010380326760987	-7.51903821430484	3.2031847224887704
3.9159920727989697	-7.109507007212652	2.4527881216671634
1.9642132445091998	-4.800796832860123	2.4834302872737726
1.5158271363387592	-4.602530900904625	3.835334562334843
1.3932902420644253	-2.254557514663892	2.457676031040045
1.6397591944992715	-1.6405175389639126	1.4723439929294773
2.3157146696859825	-0.40025819836818327	0.7506136845982039
3.3325719470889097	0.7753352837484201	0.35865209005069765
3.569369089182222	2.5235447147683145	-0.03623099567078103
4.110379891182052	3.7206561662028	0.2083355570500922
3.8331201917464846	5.190515427381991	-0.27045550530278567
2.74198127281298	6.44617620038442	0.830090510300625
1.882921292713399	7.135239038577527	-0.2673376717889818
1.2085068767042157	8.023928044967512	1.0849539138774642
-0.8062680025765808	7.521790271382636	1.1986009618257754
-1.2681955855849933	6.121361197839463	1.8706347913174601
-0.6842726973238937	5.0141073266230105	1.508423795451448
-1.9225081746618464	3.8568374032014368	1.984813030600498
-1.3170313669927287	1.9563526459745706	1.906040626150886
-1.0874460227398248	0.5954971343438938	0.8605914574237081
-0.3447469455005232	-0.4537069201774	-0.2810028509807043
1.0341681291323297	-1.6728137317011016	-1.544865888346477
1.667817857769926	-2.342191629231822	-2.15441493004369
2.2119310075097776	-3.1073991988773324	-0.4059192844898887
3.681365267069019	-2.6088222697329706	-0.1385314455005754
5.076704196638573	-2.5614277984409637	0.7897825667518109
5.663035625909475	-2.1099028143497267	1.7129488040350438
7.439835142661962	-2.0610134243051377	2.3615260818280257
8.236134992609687	-0.4150650456880811	2.1551408640371164
9.570753304007281	-0.11415541613286068	2.195393071469038
9.275646366426564	1.213629161875844	1.1603535044999302
9.016608801518789	3.0159694937743975	0.4710992064872725
7.772997785941947	3.3813449344132143	-0.2640021116339494
7.527315594208857	3.995922844989414	-1.7045430410114064
7.042792712067011	4.981770441385733	-2.557133951818872
5.132491998479852	5.135653075859781	-3.1943129076784325
3.572711262560393	5.512185970021854	-3.4122118302735456
1.4302239912854404	5.796153965254834	-3.281110570357477
-0.08811336928633015	6.693981302811737	-2.9018829305125102
-0.8430597145451808	6.566622415975191	-2.874026089622443
-2.7813001948876344	5.997780525582768	-2.195969202500927
-3.995517964078267	5.807144638240684	-1.0788504569051702
-4.927578701926145	4.425048307712692	0.6099939853401107
-5.443480507364615	3.8979161650208067	0.5117496044907645
-4.841823296728687	2.936315494712943	2.7895067405002822
-3.2160790836745647	2.012910242174373	2.557213892558121
-2.9734270360084056	1.7799256371087793	3.274679440022439
-1.0777626924370411	0.9968836580008462	4.768912742803032
-0.11607889955984824	0.8474731939931278	3.9281645715862994
1.2128570705728292	1.0869932669682285	4.6378912106119365
2.82843992522033	1.8461564223182467	3.576690609644949
4.636073028765629	0.9900773314055115	3.610461551007127
5.452992963556723	0.626309137491862	1.254330028082294
6.248200384319434	0.6251445456067447	0.86822538855753
6.4746571108938324	-0.2812580688885433	0.10868258494002547
7.05583912330168	-1.9685920957397742	-0.9378174787199669
7.066568034667914	-3.31000507971614	-0.931377017219599
6.553092680658181	-5.044541251135275	-1.3166050530721158
5.330805621672854	-5.497241350342507	-1.2930308009691949
4.576986777632722	-6.780232853908176	-0.906005343589781
3.2969020100938096	-7.084634004512817	-1.2447439871980417
2.432863297524271	-6.854869040634567	-1.4856636700765007
0.40689276401205077	-6.171344425788686	-0.699465209326529
-1.4460913236036292	-6.544873860945514	-0.8872059224471863
-2.491831907709029	-5.6695129745885895	0.48777134348113005
-3.37937284752092	-5.046864984596549	-0.2960349852182524
-4.223576453231278	-2.5664241663331167	-0.6034853959188213
-3.8750215348586305	-2.2787838926751935	-0.4301627623292683
-3.412325526439177	-0.6885904418709738	-1.5090049962984071
-3.493205475766267	0.7391703124098958	-0.871342380035659
-2.3470153691827242	1.645306994614909	-1.111102032191021
-0.5883424707193428	2.763664911484016	-1.4504208435416595
-0.5533653772735244	4.024749475367173	-1.2531358620995001
0.3644631675294407	4.370233527592485	0.30987163088730235
1.7045870774719036	5.410032310976229	1.7075523641117396
1.9388957424937177	6.257952266720739	2.4430914600732856
3.5594681474264482	6.788480529719271	3.232469443024179
3.638810094058765	7.83920685157027	3.1905545190324935
5.488689554145974	8.445429798248135	2.838556112209349
