5.439261690476247	-8.808323863752575	2.345998559120961
4.493053492527287	-8.478036671852434	2.497300246993431
4.9837134225472735	-8.319113074172824	2.6725054014970246
4.712795340928106	-8.014614482788192	2.156979055744118
4.037628177874674	-7.646539071604649	3.131810393575463
3.4846285761334017	-6.7611224379732136	2.4023295605791963
3.127848817294485	-7.14399406500802	2.3960953175902535
2.4572288749040636	-5.293420550566534	2.6288621003381043
2.25143655241288	-5.465846070780035	2.7841657608171504
3.279983277939822	-5.785621803246494	2.487491682205378
1.8489943919710485	-4.793622947208855	3.1058541830449675
1.620867161858655	-3.676844283488887	2.485881079854255
2.2746157139441245	-3.7475776097582587	2.354080084026747
1.4531463780121596	-3.93235478345549	3.2355514259069658
1.871201480226763	-2.425501773703944	2.2877499206129497
2.7363169706097694	-3.068689975620141	2.219313273836219
2.3941337997082144	-2.8617479635078036	2.814215745982251
1.7264997035193888	-1.2727466522844382	2.173938286651425
2.296126951679969	-0.87152668868246	1.34977619587737
2.840793487971104	-1.2360159917294065	1.632710882510778
2.5429614368005367	-0.5317512273816214	1.0725939536624554
2.5498603534730493	-0.3339561070160356	1.3922634319657385
2.5751696899133902	0.17322051533218996	1.0590685989119688
2.504664552790024	0.6852580349259598	1.0181750715860531
2.392756373016633	0.9012416820174036	-0.2792993565791262
3.19608003607413	1.4239230671422143	-0.43050341274631454
2.722134271792081	2.1996709624229287	-0.06375394528283373
3.6494464467520573	2.2502454191867827	-0.44162407370479095
3.2208297275872977	2.4692439596522275	-0.5456718886581082
3.540177063620148	3.380165030824962	-0.2352137624673702
4.122239792825567	4.067079522043711	-0.7213245192794308
4.193363067845756	4.453205923207252	-0.17180042833016107
3.569808449325559	4.769052979385094	-0.6603022151314336
4.100178728238771	4.653012554840884	-0.5300821639663285
3.9590172040542595	5.767615747759191	0.04268082830089759
4.487558863395881	5.770450687547272	-0.02126852461702944
4.206567988255082	7.199432009635768	-0.49300411337824174
3.4892370986815227	7.540963836660845	0.023358768395859375
2.636259510179393	7.710854260924746	0.7158199286386048
3.0278784710239406	8.24443417937878	-0.5958030187037464
2.275969399795571	8.165949301297342	0.8026175552407651
1.9631821447322084	8.301504849465896	0.7269522853407602
1.3422738248142823	8.85971685548513	0.952596939387882
0.39730052256216264	8.21884554187535	0.7284391930415526
-0.6154165735994865	8.342448018262948	1.3457487588891053
-0.7529213699416228	7.385099986413759	1.2903666161263512
-0.8823511804809954	7.29378468768207	1.4075172993874792
-1.4535763701010413	6.9448940725215245	2.4416774806860806
-1.5684089204987437	6.012186417528385	2.7308585769033575
-1.7788524826703753	5.506797012299113	2.3575348156634797
-1.8611953323643782	4.698903361641696	1.5815835564763656
-2.2776932798241996	5.082427906284321	1.6399316425577808
-2.377793659741095	3.6818463088313624	2.489397350976912
-2.1247765291688956	3.179349297839254	2.2745037621722584
-2.447725206910878	3.5075833715756577	2.2680966161817224
-1.8545242401703697	2.3892837326359073	1.545555247207163
-1.5567784507600895	3.3549682854682352	0.9667361266966332
-0.8177434240535068	2.0098847731671867	1.8499158044038588
-0.1773111218999729	1.6222009359880596	0.6224596374287067
-0.23924122218171973	2.00088803897601	0.6619682630304845
0.11307055495387808	1.9943317683283195	0.27108284453049136
-0.353165312670447	1.3289148150453107	0.4186791004601941
-0.40765921012548395	0.029085620630724035	0.21832907597015583
-0.23395992919407743	-0.5920056376879415	0.03722715580107594
-0.07156806900776824	-0.6146648423343153	-0.15130722626642212
1.078167155996629	-1.0644966007472885	-1.2042270117074325
1.104999519065662	-1.577954236923926	-1.725327920553151
0.9482581517573261	-1.8962427834798539	-1.2882785168822084
0.8261378403238285	-1.430003321327098	-1.1854761139672807
2.220777162054708	-2.176360351189092	-2.05126575068686
1.9406982230269025	-2.1724582822546163	-1.739540299601055
2.3223808433847064	-2.6877067269029062	-1.8967329581637635
3.0958336352848783	-2.8806478120346313	-1.6369713086035116
2.9287226084297298	-3.04062073168795	-1.5179131638489924
3.679221635315506	-2.8273781471214097	-0.4010190453489437
4.506727988138941	-3.0581540035922528	-0.263713922400745
4.2873207666382065	-3.4438577948006466	-0.5757958258465988
4.434252632739434	-3.1761183534874573	0.0821794528605253
5.223673219534487	-2.581949391090742	0.2763003625862692
5.942149905829007	-2.831274227140225	0.9978310740790801
6.089011273859974	-3.176584031815368	0.7954517359572342
6.61635069459922	-3.1995679539297237	2.027053900137262
6.330800472191907	-2.2879799868581947	2.1051544877511477
7.11566268808361	-2.0818167136129846	2.0174328775395516
7.659802224248837	-2.509850121483689	2.2975944248114666
7.4604700240542545	-2.0417957208880275	2.2954355167539693
7.829210560545285	-1.6991304373468812	2.1502240337176346
8.484456278347192	-1.5448090729008614	2.325670909426433
8.65512857870852	-1.1233604536025532	2.92150139960113
8.777227291579772	0.14506557599696213	2.1178599968121037
9.053132150048222	-0.3321641605845096	1.9100011108317294
9.237352906962577	0.5244009722016775	2.3346658654999266
8.87237545464822	1.0661878698778064	2.377505553068722
8.774159230854153	1.2050592480049254	1.7645822032028717
9.08611522420912	1.9091761515933823	0.7403365883033555
8.706819916112352	2.572338604305509	0.6337371759855991
9.476338316429716	2.4002511250023453	0.13555387336157648
8.463480082896812	2.7605932624236935	0.5086103221687315
8.533981869985698	3.239414036742876	0.3190296589588766
8.61067669413367	3.147758552332028	-0.053487061875482356
7.986990215096259	4.659975933571157	-1.1299956889091223
7.571591925377844	4.217900484514994	-0.5374964973174852
7.412770556397277	4.4950898089700315	-1.4518536699040865
7.590512217892339	4.450229170426645	-1.743736322740601
6.799381571273843	4.5910475198144445	-2.0338429759004817
6.2976699214436715	5.258533449331381	-2.477525517054709
5.463164315428045	5.129197474314746	-1.7843039048589933
5.566312727856729	4.890397251170066	-2.9574070140798194
4.389739945872813	5.485013625039093	-2.539577159806714
4.446667311066372	5.6849362898952265	-2.711726688878157
4.110795997246751	5.774246878306158	-2.595203536271975
3.9188987272036826	6.857661713275189	-3.6411498839343794
4.139465789989249	5.812525351021034	-3.8537656399682962
2.9690829653493247	6.009617361102964	-2.796056717037558
2.6211309420284454	6.194903027939706	-2.7310418998360353
2.169346109535506	7.002362081786018	-3.157916050148241
1.835341846835859	7.416924175844122	-4.057521098369721
1.6590993112303514	6.626484061657762	-3.526896773236217
1.325733545698459	7.513912003024776	-3.810174606222571
1.125806693396769	6.794036415483692	-2.8826099842159016
0.7082916985365997	7.696336066382485	-3.610386837423757
0.47908192185439735	7.244091615397066	-3.1478104786420875
-1.327859479062442	7.218109905164568	-2.241440350963001
-1.2621792911783543	7.044846122929073	-2.395473569173129
-2.3307345445031697	7.431131634854966	-1.6680233555990824
-3.004037314272292	7.077885539447794	-1.2134250468251433
-3.5828101279062454	6.831152332163372	-0.6838974860926221
-3.868124476603113	7.156063866534451	-1.3518117806043324
-4.176947638691196	6.350363675871624	-0.622254204309029
-4.067576883579712	6.167529463395326	0.4171728820701305
-4.237738961427597	6.727134212081339	-0.4130267570746256
-4.242503106502219	6.530215328486014	0.3950559338636973
-4.781732395740427	6.34020013696933	0.7117771406923292
-5.0708861935703045	4.708778860294684	1.195229128095201
-4.862025047307115	4.491939711539148	1.629521059019575
-5.703009136076123	3.797013930174481	1.914040270446409
-5.259585403024954	2.6356333547398596	2.8953577266129225
-4.776249259808054	2.077720441654054	3.4048923528715402
-4.252191746431316	2.4103952211892334	3.169064175591495
-4.201990917286873	2.3567450226066766	3.1996260167904986
-3.7412008874036315	2.265323165372913	3.2196170285784143
-3.9746744191249554	0.8609596593616456	4.542949134855174
-3.6884732647614635	0.9216650677233624	4.690063593118001
-2.800767223937415	0.9258375692499262	4.224676392678163
-2.2503308924692766	0.10292733154298765	3.988520217903901
-2.1869996095007718	0.8047378885875558	4.914796544385711
-1.4560477097241544	1.0838654191056143	4.804573594232113
-0.14721210627271852	0.6427188280734516	4.558566418408082
-0.05951605991560316	0.16835484651287108	4.330373896636159
0.12582377339852918	0.9987293115709759	4.346588383484201
0.6425080194120438	0.3940200943529061	4.423257503825249
1.1599730392445333	0.12376052419841949	5.1325492805602675
2.3074950004756793	1.2119866722113228	3.870217798284618
3.2339295083800983	1.0349163017845209	4.104011224580965
3.9278264639733536	1.6966762906239548	3.183597765182156
4.411042619967246	1.4130550393908412	3.5036020237159984
4.601712453786101	1.6166743740823577	2.5572862902349405
4.634252946423627	0.791513755277202	2.2411860609051653
5.98737417890888	0.7194596476135633	2.0897165095578654
5.963972847536687	0.963479736486974	1.6853563151991326
5.697517507514624	1.1178431303117957	1.3320000057614967
5.427853538203147	0.09012269104693967	1.7924713667698748
5.834911092891748	0.3013308173070508	1.3322009501418886
6.726493001410626	-0.12349569896533513	0.6703890896090205
7.28753217116078	-0.14042779325177224	-0.47671880278558215
6.694949102984062	-0.8032267475857443	0.10751654180017578
6.819818417304306	-0.5773541155630189	-0.28051747986131814
6.901424917807578	-1.3312176644400726	-1.507250003643222
7.125589255964201	-1.1511083697712798	-1.4767568758049436
7.586720577175107	-2.3528555230475647	-1.3896413859573065
7.554226620319559	-2.1042228096008806	-1.8587068499737438
7.4711244774463275	-3.659637812672517	-2.0713347373998716
6.973371837720046	-3.79967323721486	-1.1817914314896536
6.586041813531685	-4.34107400731213	-1.5780382294008632
6.6541389271989715	-4.438710421348426	-1.4508607931703228
7.187723915376498	-5.100579290303885	-2.0145176314102735
6.059067262689055	-4.416743891301682	-2.286622684946901
5.8187442111984105	-4.865018705579644	-2.0226881580520075
4.906483631542184	-5.824006084952851	-2.10275463219027
4.506296141886396	-5.553280785379641	-1.2738544304232042
5.213909560338276	-6.732513900342554	-1.530994544212385
3.7609213139651856	-6.333399124770612	-0.9642913233896295
3.503556660682842	-6.737498116681631	-0.9828979138349998
3.8987019310317845	-6.817995092006662	-1.878951238170562
2.808583667603828	-6.756184649244847	-1.7663706522951543
1.7976152641831722	-6.048867389028117	-1.4095424797321336
1.9465543024908432	-6.38551237923846	-1.1961680382389983
0.6972478705148722	-6.467199167616997	-1.4537957012265277
1.4115191369150664	-7.83823065443053	-1.1194428829338923
0.164122507076778	-7.968000910406126	-0.5256525629355867
-0.3339509429471843	-7.650051484638874	-0.6554596434097419
-1.6626442061677627	-7.45814984388869	-0.11394962626854255
-1.638866447657065	-7.617000113401596	0.4642622400167459
-2.399114617265301	-7.088059106869433	0.6544542997778267
-3.3980870730549873	-6.7949556503873065	0.6251444218563759
-3.8051311275269515	-5.822451749197197	-0.3443237182312097
-3.485035583743252	-6.621695502622107	-0.20113490561620562
-4.2827622039126885	-5.977796230114581	0.46578301298614555
-4.608695255822832	-4.689817845829555	0.03777534481957329
-4.061676656705549	-4.891469734809091	0.3388076036008171
-4.237212685457849	-4.581257997171031	0.27162655761794063
-4.248838803201137	-3.9144413046839146	-0.1848357535903633
-4.803770512597512	-4.011143382881837	-0.08932483435709881
-3.979512766336871	-2.551772555176254	-0.7890423634549326
-4.980575038555571	-2.5935350362268657	0.09204191323073285
-4.444159164750038	-1.9313665030422795	-0.2764164876379709
-4.3502379643195335	-0.5501757495236617	-1.3707215424538406
-3.2825310297791033	-0.6535648469750466	-1.4551512626065428
-4.035865281190249	-0.1425841606813421	-1.8415976982281743
-3.3192818941022697	0.3648155538660116	-0.9494911121532104
-3.7303437926520946	0.5629728158280425	-0.9833084801093668
-3.0347814333727703	0.7297943136561839	-1.8339767782487562
-2.2211949494399743	1.1442421650130872	-2.2844883238344513
-2.2709049212426997	1.5375380079941732	-1.088024936216081
-1.4273562055222309	2.469297576533756	-2.086150221735517
-1.501318530749629	2.151281018371005	-2.0754286901172065
-1.4786031614372892	3.035762431350881	-0.9594059982795209
-0.12889917652108807	3.2315163935169022	-1.807989893843525
-0.8146472863270989	3.7251570613686584	-1.235836576593177
-0.6383013404230811	3.295077426427743	-0.8302904105013875
0.21414705262666878	4.564064273249756	-0.47784531589721296
0.1701594222652889	4.153622099018673	0.7452713287476244
0.4052196495181688	4.40895474877067	0.5456902340082861
0.6611340153041596	5.070938083886038	0.9277625056053846
1.9806233032355092	4.9148752895940895	1.2347503560800752
1.2725361922656655	5.004751008787276	1.7601894763608348
2.1901907956460285	4.992850414555046	1.7162413976884805
2.2755186578343336	5.37552187829294	2.1382534363301
1.9716923231037142	5.841946989405995	2.559002125895197
2.204452972585137	6.6723832850273475	2.6064251242983922
3.3484358966964947	6.723450197032927	3.0753761078348556
3.8460150770223605	6.8254577118588315	3.468208759184722
3.303163007503137	7.227256469552427	3.1010623089033227
3.6282208996426277	8.243004391079523	3.4261426437649694
4.195724614405319	7.645123767236557	3.797308199571866
4.17209459459096	8.557333224021807	3.0906997061544024
5.17338756895114	8.561861091160894	3.388651046251562
5.340346389218226	9.211832978787431	2.505934161115736
