4.751332669531424	-8.076439726491174	2.659810740633773
4.137908685462952	-7.835933520776693	2.8726978732020605
3.064580273925229	-6.93520383679006	3.2113695924285377
2.6251916285823356	-5.525311396820307	3.055038154533901
2.8811084609	-4.594931488573618	2.622284831564221
1.5392499367853314	-2.6492494644554148	2.423514602534405
2.5675156234475747	-1.6200372092501154	1.6395331640600639
2.543913553326087	-0.5247057068025659	1.2922690688585337
2.956099646267642	0.47955816865584944	-0.11081532982695469
3.3026534710802973	2.899688771422116	-0.3214095414556225
4.007469700572158	3.833961863004687	-0.4990966406310111
3.578414424587792	5.693417003860535	-0.2660840331144626
3.680068530311018	6.7793017893665155	-0.5074273652791014
2.6690826846498696	9.035065039901259	0.16033613118742596
1.351187051289088	8.968403866230403	0.6462761955685267
-1.369310306172446	8.226547908217842	1.3382271049113945
-2.067436940599754	7.0177295233448245	2.2289507319159996
-1.4896071722399684	4.863033019845666	2.300331326454029
-2.5505961903308814	3.731407038143694	1.626145848278141
-0.8091319060971307	2.3784687694514908	1.6976787620903617
-0.46208501728697127	2.1005010824972388	0.21735701272666264
0.10507625886214655	-0.0820476582530747	-0.3901723330628949
-0.07884248509993139	-0.45855073732145746	-1.749566672782497
2.2824682914052166	-2.288607485473687	-2.1334654969562212
3.2377849788961033	-3.2801860354744203	-0.9409617832785008
4.3752858562966415	-2.765415945785625	-0.3351150707234828
5.1227768656004535	-3.386086428713588	1.0818305664796817
5.6054826633758585	-2.365766852432354	1.1828889419930537
6.7394364929163775	-2.070180149623658	2.981191980029499
7.867500754270637	-1.4489505623971382	2.431108603760004
9.737868580260008	0.10307906354131702	1.5704655533353273
9.633346967991677	1.912468890701583	1.462366687408578
8.633914233357807	2.397272374240169	1.2806172689477298
8.469260462465002	3.9401504435947983	-0.5643531193943992
7.010579690573655	4.433724728027278	-0.9286157391268892
5.854493632363367	4.619000411028172	-2.115032091929962
5.023295923596876	5.542529286689245	-2.232817162688417
3.7847975389216475	6.348434665674899	-3.20326807886761
2.912128314802876	6.821756795053835	-3.8022545813355886
1.5921809307377386	7.339415093834904	-3.9103214134513924
0.34996974488646704	6.994943870929233	-2.515753971372834
-1.2388982381225535	7.299215885876467	-1.9693910930678238
-3.1355387910671735	6.76110074686188	-1.2143922759817687
-3.8296456311679585	6.139517951878143	-0.8093642646736214
-5.206974793142678	5.738384407848164	1.2241094684722316
-5.800093660495202	3.127224007249822	3.1542162916632015
-4.658901618405259	1.5465524838368447	3.9257542810813773
-3.2028623018274933	1.2692143721650497	3.7728181315721714
-2.0858737313993156	0.8181484535319413	4.151261825613515
0.03344606447705223	0.5227027936469251	4.292272123928633
0.5465584955408325	-0.1993063863531107	4.912109962079299
3.569788157025526	0.6099537649537374	4.194938743295962
4.473974051645024	1.8453997409030007	2.8690258843688694
5.309306075626999	0.8370211424898405	2.2496824857484734
6.2594113982044695	0.039069545980050996	0.4269723853367859
6.317455611988621	0.3691564565620602	-1.079912212652566
7.927929148811354	-2.1669130882813787	-1.4138231686470106
7.290520750292849	-3.6448280695816657	-0.9247985422641793
7.2759241748497665	-4.284574044753933	-2.2099446265936784
5.661368191279642	-5.631713734258463	-1.6171450372785616
4.143669219372082	-6.467392781139443	-1.8266520422137393
3.5175848835590386	-7.26818143967518	-1.6705332559103052
1.8616179667162855	-6.726470847966426	-1.0511293967222557
-0.3089001157408574	-7.829995444036429	-0.18382833639560925
-1.6856781474525897	-7.313879395512186	0.11464690034703895
-3.7088822770099847	-6.087685178263484	0.0862465150274937
-4.043437305432892	-4.991037387403605	-0.297011011928445
-4.218198602518344	-4.3294864600783045	-0.2733545463577783
-4.982499187502606	-2.399874881004288	-0.1457570915954307
-3.7897436365038275	-0.07355032493409519	-1.137632091157477
-3.073843408473366	1.2283706134698016	-1.942133724934848
-2.8647452540276994	2.6566211465087783	-1.6862452299709405
-1.5685484387215878	2.8903283356374736	-1.2058723933358106
-0.006634792728935968	3.2688172954384123	-0.7500904596550653
0.27833635774749954	4.001413874709841	1.2578533346322704
1.7782054458812295	4.928386112857855	2.1356708853699944
1.7947088994037501	5.735812588955263	3.2811223324411207
3.4658974532821087	6.661065348803626	2.6803846817365726
4.078501030249072	7.68658228589784	3.0530078269306387
4.800409581031781	9.388912243219991	3.2136154534674732
