5.300089619458013	-8.631397595593825	2.7996953614717093
4.98319946063238	-7.939748113775735	2.6442583663537036
4.423300527574864	-7.399940433219722	2.637257898844328
3.6989390370615816	-6.883310479760448	2.186335224529962
3.6873425343592467	-7.357695226937039	3.4980656790667624
3.8804545394403953	-6.352955372288766	2.3170187083688383
3.5954160692450063	-6.690172023329669	2.7033565877248766
2.4916337464475338	-6.575387461055886	2.6064336952453395
3.1679951771918375	-5.714774757882965	2.485581524717461
2.8235508537883125	-5.729053872260375	3.147182291686127
2.1611427593068213	-4.691870080063799	2.7648231622918713
2.0860028110658924	-4.764046934653836	2.3981688606349905
1.8577207305819934	-3.675276749843208	3.082566437856332
1.4409353644125016	-3.7192455612560273	3.469665571408486
1.695411317687028	-3.517660652197996	2.533274175011326
1.7360857025635854	-2.2253025554610337	2.5181324349189347
2.295992705900903	-2.863787378083682	2.9387991873760564
2.4049608161192486	-2.07461237935704	2.55528229189716
2.0554822322071606	-1.1131021049113223	1.564379545230753
2.5596014926545987	-1.5557322098950896	1.0328171932736132
2.415788690899382	-1.0319873833865678	1.1853918549219902
2.258661351671176	-0.3154023447798401	1.3841912358047455
2.309266396066821	-0.055312871653629636	0.2962515625248073
2.466289507187657	0.10589015416945949	1.3312860106986655
2.740572341123441	0.8401667587569185	0.9166459958847811
3.1891477435235145	1.9066955825701877	-0.32310799955106473
3.038040375648416	2.0621392540088457	0.3008506019989765
3.5538599364854493	2.6431407771919	-0.13383815057796078
3.6361621564159448	2.3801544269449417	-0.07061175542863674
3.7123527402901564	3.5670617571824783	0.21436586369302468
3.9100844018295495	3.655027408514485	-0.020782904997353024
3.2085630957446862	4.12261087754839	0.16204759387164303
4.157362445083142	4.45010804799164	-0.5635458504295061
3.592424862515697	5.785060332510824	0.025643358298892083
3.7273735990486996	5.676183964404494	-0.2806122970047801
3.969075902023378	6.012122943389536	0.15543012231697761
3.925828784423381	7.145566994622553	0.07520433470967647
3.487284543487932	7.2276032837037905	0.6003074717176349
2.5906420995883477	7.686345368386405	-0.5533806325780435
3.5005301369462436	8.74876233069893	-0.17466574888955338
2.1484260212324093	9.50808772469676	-0.42261025150983855
1.4594690358669014	8.483640385785673	0.8787816108949928
1.52601979116845	9.56094710819157	-0.021104398145413705
0.9431347445468695	8.892939854624238	0.5098506171541259
0.24061318458663783	7.969132715753864	1.3850221419368216
-0.8323982320088208	8.111121669927916	1.4975180211643682
-1.0022864436812282	7.1668083645090634	2.202350646439651
-1.7647739362077166	6.748915843566491	1.377101774774362
-1.8354614426884561	7.00075887331884	1.68543757444111
-2.1815954574298937	5.8876852072392225	2.6356656718307097
-1.5522898721823843	5.308297568293568	2.009105934107401
-1.4473125476536177	4.7637398178724455	2.1848944876848053
-2.1248988246535836	3.6140358095538003	2.0790496692136458
-1.9352894165301069	3.8337483471286724	1.5716323991555448
-2.0291849677887117	3.075836153862038	1.695018823103822
-2.0748698704773565	2.303380953294546	1.51494105979573
-1.4120065310905394	3.0361852916741205	1.8428572782908326
-1.1625843743550486	1.9476734385699666	1.9230484364065985
-0.5529125465264093	2.21110960920722	0.6697266846282448
0.16999201834033117	1.5560491870505304	0.7868079123851442
-0.31839688242269704	1.1380707323275403	0.21183619622337124
-0.320139772400523	1.5902186109802872	-0.05015121308749815
0.476065275487247	0.038072506960060676	-0.2879664429854373
0.5023368325061865	-0.2784261309001496	-0.7598052622333699
0.6137578456851704	-0.867702671959764	-0.5953256739095438
-0.12016793521087282	-0.4578332193091901	-1.6834174548590728
1.2041561245404757	-1.1335478714378446	-1.6499754810927327
0.8115140720175456	-1.531210694092539	-1.1937887776817893
1.7989416260250555	-1.8632346701220501	-1.753445292148482
1.455113954785974	-2.3822657000919563	-1.269808998656539
1.5562852843731192	-2.185039662909494	-1.9480155228195426
1.980403603804127	-2.453694707404072	-1.22799571721682
2.8826186657945607	-2.6329656794890384	-1.496621412099733
2.756936206668198	-2.65220248222699	-1.22561455064614
3.2088710696420373	-2.1143659355993227	-0.7554882725329017
3.93824173852198	-2.879651582094646	-0.13982827926968
3.725219359340519	-2.6035659012233694	0.33740743247003513
5.065729821845768	-3.411775508630736	0.09030045474968867
4.964321577484913	-2.5924104364949514	0.814753121739741
4.969096970058465	-2.4385893814639457	1.3362408209693555
5.159612790405481	-2.7525398551525866	1.084222614194275
6.144737416419847	-2.269694176807893	1.9011686493142337
6.674448774951239	-2.166764741586227	1.7513064599704384
6.3665122137990044	-1.7617980454648756	2.3885063043150554
7.6901992319733035	-2.368858129428437	1.757063213125046
7.095679905835721	-1.5371692599986972	2.002899760955952
7.684295568931688	-0.9551827655776284	2.5028291681153236
8.364848226933619	-0.8657810287712493	2.389388416321143
8.72925882442792	-1.037460857078885	2.332943686081922
9.200590517102999	-0.5707526084168679	2.6922973755066693
8.557347972496965	0.09916105610135212	2.098074884818386
8.740095129409571	0.8528478203417886	1.6583587632373282
9.601781886662794	0.7670092444932228	1.6975024777995902
8.973430886407428	2.106454154882971	1.4238898154524704
8.904508575156346	1.6555998012076232	0.7342717345978109
8.847397001426105	2.5417243427542893	0.8587520143272159
8.983702098521942	3.143107727429899	0.252813992473427
8.93342630238389	2.6028322800713948	0.40843321288911916
8.22213320764004	2.9031657726918607	-0.2270830105930483
8.551917144760758	3.5639525628849498	-0.7258829089141654
7.960843273565364	4.720416730169249	-0.8851500910324268
7.602729816483782	3.88601112676137	-0.6177572946211916
7.3310402133805495	4.977010180419425	-1.7926684209291255
7.172240900948034	4.540237113174457	-1.1166400839498638
7.1433021285256375	4.499120518236119	-1.8162934400092685
5.7821570724783	5.1334689110943925	-2.2497794149648884
5.874150577583989	5.072042172927304	-2.0940266923075996
5.041564736260284	5.99884489245511	-2.6849667827014603
5.546513003305996	5.859346945786013	-3.263728344066049
4.07767019197991	5.4655967180402545	-2.906795670121853
4.902147418495474	5.437024523604521	-3.342768040672694
3.5268916032021473	6.615644110333188	-3.268695296251577
4.150369928372728	5.785979563375094	-3.9074234428278327
3.3682092672410855	6.091916925502051	-3.822185277735145
2.653762285855186	7.147567900536399	-3.309157803547076
2.3812109309297402	7.2520267946060075	-4.1011384394624875
1.87743421946207	6.828842938110727	-3.7039753722019806
1.594418300500488	7.353296288374484	-2.875340732627501
1.5816999566361436	7.024864164583567	-3.557516403712682
1.3137581584779965	7.023764631521508	-3.3585751071809478
-0.03302444260286999	6.620449633732365	-3.4797502001442715
-0.5178774033861157	7.637280602928179	-2.735935488973532
-0.2293658141065571	7.035590954673037	-2.3140878925578767
-1.7399795370105826	6.815111527760412	-2.2766775155366177
-2.322786431927833	7.91488086160898	-2.1744428354934864
-1.6932602088910618	6.6682231747742176	-1.9568214598558664
-3.1057607403074625	7.7556169788239675	-1.3386648854930963
-3.1663075987549716	6.587651901893675	-0.33375639417211334
-4.208298015800161	6.953584616273122	-0.5420219153010964
-4.458545000686019	7.359861529947297	-0.3688440670109442
-4.303091607024863	5.855634303278786	-0.2896224392865816
-5.153676151880046	5.7808850805602985	1.1562560783084868
-4.942531362252476	5.512254986585624	1.5851030997196556
-5.072800580703338	5.338638033463907	0.8920461894158942
-5.501150905239202	4.009444124333443	1.7182162904490583
-5.913931315863546	3.801249178182757	2.1182278754346737
-5.618178702856341	2.516611682828817	2.6405495016822362
-5.358187934706479	3.006797896680574	2.606399607491436
-3.971581678990969	2.4669943029281534	2.6285523460639277
-4.356718839495061	1.4163895256592716	3.485618273188311
-3.604879356882193	1.1136319323700956	3.501574514945737
-3.7615268159569366	1.034138843852932	3.6275824401178434
-3.701994204420332	0.6907129436844937	4.116922798636756
-3.277567675311137	0.8912660006656091	4.154912377671536
-1.6601822762350154	-0.03375851410014653	4.144155058913359
-2.204443096621671	0.35302751109291897	4.216479343168099
-0.85139915354194	0.5428835386551413	4.834208922153868
-1.0859422189194072	0.9028238046435051	4.3620040459111
-0.23738593077949244	0.5396412399387649	4.798778274490616
0.7479822831137045	0.26363120366047577	4.504404793278438
0.9092983793934009	0.34674837725794605	4.946776378073257
1.950803782462308	0.5663700904775045	4.580684222045377
2.3507568386880098	0.32468620994242203	4.573963815301267
3.3188947631608796	1.1842568155340558	3.6549614322156017
3.2365682888025376	1.076846212108485	3.6648205850653377
4.444324805475934	1.4851419945939752	2.851346777820498
4.525121622407283	2.0173404801210744	2.8754884479655076
5.179347438526378	1.2238605171191876	2.0318826283417413
5.740545656066458	0.7420161342168203	2.1307580465668474
4.965893020720903	1.1703834069506671	1.8885555558680887
6.2755163476552385	0.9820388593380717	1.199946600045441
5.63324678390626	1.2046593486521244	1.2381359257059283
5.841111591204311	0.82291557685133	0.2887867061189266
6.154853362777442	0.766579558004861	-0.23719114500703997
6.886470881612287	-0.29899747010981736	0.10821272487646927
6.96213182808192	-0.4161086634634621	-0.49948520835244437
7.357142729149955	-1.1092981545953893	-1.3711510692570275
7.76075588503995	-1.5510554185848302	-1.4794454257278078
7.593159469492184	-1.2996528415872697	-1.5459430193132113
7.065458723871312	-2.3684158218540614	-1.5249472508332815
6.98131402822876	-2.9392373933584786	-1.8862850347166094
7.469615095803825	-2.908660340214018	-1.3072580597088552
7.788710943120634	-3.836943772480449	-2.1659032695130893
7.538650089050746	-4.289887278362181	-2.2630574980758444
7.189738111818379	-4.90738939620991	-1.8137458651840124
6.7644220304603495	-5.263048121157737	-1.6699264105118534
6.451470773840557	-5.470850538734854	-2.2723295493941107
6.178144776508436	-5.58283399773912	-1.8068870878532008
5.767383973037887	-6.043128685652711	-1.1459068002653594
4.527706445635413	-5.56496598786708	-1.2521004779533422
5.429333892629229	-6.694072487806584	-1.717413329716771
4.5231606677318705	-6.782819139054213	-1.204208993476851
3.6547910748686245	-6.37387370624263	-0.946088228022447
3.7846263716038093	-7.128750967790733	-1.1017771415874207
2.9211238753821993	-6.905572948953241	-1.6737638097890444
2.170812106841963	-6.750314682161518	-0.7357196531938499
2.136196220105909	-7.460806770281776	-1.5184044654317574
1.1071594481432576	-7.359632886529904	-0.337939255158761
0.34904759938765717	-6.571412657528043	-1.2410358848550018
-0.4538927127731719	-6.850840663515472	-0.4781007746602891
-1.0866825468153636	-6.61607891693521	-0.9945843717733804
-1.298684829696505	-6.55944590952092	-0.5323213835059089
-2.222279768182083	-7.063739134470746	0.5105224621306822
-2.505859403174076	-6.181477253366916	-0.572083020898955
-2.556485184830854	-6.551242969738567	-0.29638258571721354
-3.3293372319192165	-6.343456726049187	0.2028578166463163
-3.5664550408853435	-5.8471458163311905	0.5584375075827057
-4.030093173240826	-5.44034406644462	-0.3546266313997318
-4.599167275669872	-5.752716955113693	-0.07163135563388157
-3.8497156289301273	-5.19770477074713	0.17473044387821157
-4.329361620404215	-4.485322285123028	0.18458098214610175
-4.618781365958613	-3.5912939915250264	-0.23038275821131798
-4.2098879207358015	-3.6483792829222006	-0.5144085034212271
-4.166076023614575	-2.803940605331514	-0.39404623909608205
-4.410424037889967	-2.414821562464622	-0.1728555852832041
-4.628447083403387	-1.7896112418971386	-1.1553209649629879
-3.8156915917927616	-0.8517267684499622	-0.7282547658875487
-3.7021083223014664	-0.6753171249879627	-1.2397022940813993
-3.2050329201721413	0.11332033674222042	-1.2590000308177043
-3.87578665186482	0.03692342437937793	-1.1587399417342552
-3.2912409834155296	0.6954752735478781	-1.1695711275466865
-2.231684373956805	0.853864673490033	-1.7513635021296818
-3.208610905628637	2.113502565614775	-1.8948821105710554
-2.218140669222824	2.405928209536416	-2.196085245294213
-1.9464677449100949	2.415896216772928	-1.9066379163464828
-1.7050759375031035	2.509315578744252	-1.9219656294271668
-1.6457228811737346	3.242575588024169	-1.5903901952051445
-0.5201739683449342	2.852040230043129	-1.3791270214225457
-0.5770704394502945	3.0987889286772456	-1.0357011005577772
0.427694918033403	4.049464740350909	-1.2445917244353846
0.9756762119798711	3.482770984432749	-0.9012460247819256
0.7389476822637825	3.9341879705530816	0.32919748070528243
1.463932329512951	3.9100424364419974	-0.02446909565999439
1.1319238977593258	4.759300367245099	0.7669556159547444
0.8306109373645145	5.5020261539228095	1.0251006115968644
1.7496666234308271	5.163041173229658	1.7191353859534528
2.051649031475855	5.836895442327743	2.1004745235018927
2.2659489754680617	6.226188752422093	2.1083882684732087
2.5765116611454806	5.986283162403004	2.822820119319655
2.3650643181976845	6.508371722339687	3.1019266425282197
3.3711559193563283	6.523910005571661	2.8530540264872144
3.8753813943386812	7.0322885542921	3.1823729510498593
3.323995945798279	7.272766083918164	3.9400629584377995
3.5564840119139607	7.154147893037081	3.7518243931696325
4.660499776014744	8.503278254599655	2.768406421085942
4.765542427441909	8.664316951051736	3.016641908169902
5.524696317289998	8.521348173890118	2.5444270704597196
5.50725529887122	9.19109506222365	2.5914552369301664
