4.559191807287485	-8.31038457411931	2.742195916444964
5.1406423217995165	-7.788891324781016	2.4294980346875295
3.679307804165148	-8.168514977435828	2.5236713808362485
3.4575151004947067	-7.575176262256702	2.947849751295131
3.320091374048825	-6.848497940236892	3.319585581090735
2.6575032742769147	-6.150808796807964	2.8266155580415093
2.866921719885722	-5.406048819850801	3.2402279612808282
2.6521032015969332	-4.931366640286413	3.1311811651836474
1.5897999391010178	-3.859080986677146	3.00728323173373
1.7574930254484178	-3.4342257598721018	2.511481282516419
1.5786594338244428	-3.057199206996326	2.6263610786381166
1.6766375600429586	-2.382204215800724	3.0829759124345832
2.8583768482813348	-1.322612612056397	1.5028268824676496
1.913390481824085	-1.3795585648898625	1.1506653501986643
2.130419709937887	-0.4225036841229672	1.885673271376336
2.498728005232657	1.1254809537603194	0.42292588871556547
2.722410545771927	1.0158652689219498	0.5079000421748094
3.2383469073830313	1.6449030929500985	-0.1659005084202994
3.276228862262636	1.8755587489557861	0.4084174452424191
3.8053938799934155	2.890169593705248	0.15927652297038852
3.5266223890359774	3.8946936614942667	-0.6524246674943427
3.4814792690664227	4.861102200852377	-0.4467900317764185
3.396975085683369	5.936117039302323	-0.41887531621447993
3.3758990971234613	5.499403085990061	0.3283811317127401
3.4136246621371047	7.489494957370991	-0.6203784486432569
2.933582571489865	7.884305341334278	-0.5910841348470761
3.5147746955272723	8.193649059931175	-0.11969407279749433
2.4277475643819173	8.853037495506374	0.38461267033575475
1.4155221059515264	9.10535090891667	0.6553190220155052
0.43814666421121307	8.268688567646803	1.2610699097048048
-0.9484419204829262	7.41153496145461	1.4095306902248836
-1.0257257388372873	6.992608672770023	2.211091896688546
-1.476092187909351	6.393256689800899	1.6588316153095561
-1.8034351414568628	5.343395736287651	2.5774808116654278
-1.9651745832531655	4.337984797046722	2.330084615381593
-2.250834234838365	3.4883488745549305	1.584923567991516
-1.417436267469339	3.371757164904028	1.4636973250345284
-1.0500864258696019	2.9285520237231912	1.4423365091264988
-1.3044020762428603	3.0415815152415124	0.5989144794425587
-0.32598148976193353	2.2853075295457517	0.6077729968339269
-0.1996231730832872	1.652320223933601	0.5091598127915744
0.18425337634677708	0.6037581617407332	-0.6626965012777941
-0.26748632822937385	-0.4769876210965156	-0.8153528665687326
0.6819315874223719	-0.5201460012888403	-1.1952820392543968
0.34919986034825523	-1.4146957709646286	-1.7447964727055563
1.1713014245201931	-2.211943822740809	-1.3021900562826336
1.0148059422960327	-2.3318771127561146	-0.9199911255979873
1.6550993414182222	-2.267414481608779	-1.3435114278752183
2.196733764662989	-3.2525748031991246	-1.5463292893624354
3.2287025005867065	-3.341073391847506	-0.5424111719042795
4.095103216004989	-2.372424520241837	-0.8492736606620153
5.000492713112574	-3.051537632529324	-0.36943341837115085
4.819447024843802	-3.3071640894844734	0.2630667390463435
5.375674119790485	-2.9065050117396627	1.5599461991584294
5.585973975352782	-3.154392633929081	2.4538004058428617
7.120325547070845	-2.19090842997272	1.7741502421824626
7.932930948145967	-2.30329861770171	1.8745580797455856
7.813243764841323	-0.8141244005065154	1.8168280631310514
8.424880723606586	-1.5021002487953965	1.976401771015981
8.954315269818668	-0.4471529513359104	2.473526911434786
9.065217316174904	-0.33004426441085155	2.255609818648062
9.29846274811311	1.3397666213161143	1.3059234274115976
9.112693217764125	2.3278198243331696	1.1469265999184846
8.937706893135125	2.101426671540429	1.2440142770270162
9.328593680976415	2.8197497674395597	0.8300051670631078
8.03019712684173	3.6085550381672	-0.21889071799290588
7.819128553219313	3.7356223047603385	-0.2561705325024971
7.279092547228654	4.120568806853421	-1.3340280099068254
7.43836972006737	4.554866388397489	-1.213093627930438
6.332067525764863	4.360459350196767	-1.581965716497015
5.863978387218651	5.205359866862044	-2.5581037988992192
5.247395362912705	5.231792344651753	-2.1246949616088213
4.384162905789095	5.468663786472137	-2.170876362040579
4.4019430436493145	5.540717119943659	-2.74178037424131
4.254256380877198	6.208529278980038	-3.5951984896088924
2.99379085152849	6.9078572983185556	-3.0548069279290972
2.557491906614877	7.136884303560328	-3.4164504955507495
2.1155940397694213	7.215751401791468	-2.9688011269535783
1.6012518076201483	6.70806496236919	-2.8476932636422414
1.0563220365358128	7.49122194594028	-3.547185485721493
0.25715104721924453	7.216641139606205	-2.8849593981949724
-0.7889749559783692	7.140286785937392	-2.0756771956284994
-0.8131060384985342	6.643190172625647	-2.330536026822015
-2.267448015312494	7.365267282517689	-1.2883354149183381
-3.4914367194169085	6.74140923877066	-1.6820187879688684
-3.9266473683422105	6.998251143913947	-1.0692987299108234
-4.5586718938115345	7.293968086572128	-0.7583294165597053
-5.029252301540277	6.067946117687576	0.727721338761975
-5.3404993145585555	6.511556862131618	1.3901534013191696
-5.377758236570723	4.464482771990456	2.0938457375375705
-5.497644856463745	3.828165534008265	1.8924744736378831
-5.030658742460266	3.116114820239849	2.252195638503749
-4.792933296974468	2.144322766790102	3.924424560164218
-3.7677307722463573	2.3502356769961734	3.3695216294147037
-3.585156190354306	1.222682357062551	4.461602898958461
-3.406617375030696	0.44653027912061977	4.411945778436903
-2.419250325109301	0.752443797258022	5.037993379636692
-1.8883171843996136	0.33237222251313003	4.4113933050876035
-0.9938090148742886	0.6217513185272157	5.109592304310952
0.9286206133748954	0.18604781212773933	4.051202900692419
1.0114886310435947	0.5212610696581551	3.9291927749328797
2.251166271681954	0.999393794766505	3.7075403920263605
3.5922875444273705	1.0922417858684164	3.503810481069342
4.456516385845266	1.1643223026231646	3.183491215201639
5.084366892817106	1.4050641943926983	2.7415547847832555
4.733402765465852	1.2094200338854688	2.4988985870385365
5.147699102557551	0.548015861664428	2.4578657086747326
6.1074691529848835	0.6426588288252709	1.329372457907657
6.423785793975714	0.2085756926731703	0.8048491862328632
6.65112360009999	-0.03106722273441176	-0.5458114767555116
6.586920280691415	-0.848907006881915	-0.5919564665556787
7.3822637365502	-1.457331463175244	-0.9433082229702412
6.749707415353395	-2.222377032351966	-0.5854930356452148
7.2969204748894505	-2.306537917363393	-1.0891527939190186
7.68818247162411	-3.4523605345930486	-2.1116689902071863
6.9668131620443114	-3.696622519300087	-1.291601424950628
7.14516825623578	-4.488034715253375	-1.4632850907582218
6.3330858526135625	-5.148481708088532	-1.9027546765377665
5.9076151535802595	-5.758525561130137	-2.1407209770624376
4.9006465984019405	-6.199643830760751	-0.8636783993721397
4.2456840274440495	-6.633097878176111	-2.1837137524635755
3.7338663942557453	-6.76383179312767	-1.2937166581026545
3.0973869714766815	-5.935935808389931	-1.8685794705401975
1.951653949065954	-6.709329906843422	-1.4958972813307658
2.0362870803907414	-6.73101390268061	-1.2815889683169521
1.0049841772001202	-6.854261968090826	-1.4434106087254013
0.33125889705305955	-7.437674523186348	-0.3629664514772484
-0.8514476963978544	-7.873711287195523	-0.21122621338317327
-2.117444220950453	-7.248860475454923	-0.5682363383922614
-2.199018961242471	-6.952894591642602	0.12384670211990789
-3.18594541193043	-6.392857621575297	0.2112296829445962
-4.1773086725147826	-5.929543940829703	0.6360742858333497
-4.554381775058434	-4.8870235745801045	-0.27537605896379075
-4.015426268872986	-5.079851658610812	0.1930051164349157
-4.579660357038727	-3.9587865676555536	-0.00754867368495693
-4.882632409462922	-3.5550279931686246	-0.1628588945807664
-5.149797532803866	-2.6064897250574695	-0.5680547426615336
-4.281705775610529	-1.3338730547877806	-1.1900012783768579
-3.4716384895108434	-0.7991471691069372	-1.501912210201353
-2.9973123690989243	0.48577363279370744	-1.776141380858841
-3.18164251907052	0.7598978386127017	-1.5406428823969045
-2.811586442403267	1.1627788713525367	-1.283520806187906
-2.299338783649505	2.425061027812164	-2.3232079833468653
-2.2208439268531617	2.1220691384769825	-1.480122752821802
-1.264202020702887	3.5737426229527296	-1.5516605332325348
-0.9564930780313046	3.0445666213711657	-1.0909967799006846
-0.17502377761646792	4.571855251531794	-1.311520394321417
0.4017095277046965	4.075087588078229	0.3753459057430605
1.040772143181304	4.200965066988459	0.7171708095080862
1.0451814074498127	4.513599979075998	1.3287706374124961
1.3558603476311724	5.459868699729565	1.741471421898848
1.608959188528047	6.161230828088739	2.154837842952205
2.348864880376417	5.763665029636478	3.3826132173858943
3.180756038143338	6.531767157883687	2.699129445021165
3.534699197153679	7.2633976839226495	3.292737937258294
4.010336835293508	7.713372033959723	3.0094561474861283
3.729311608606565	7.692219430459475	3.908994375710516
4.19576239798881	8.261683022762632	3.220205209468393
4.464756375824599	9.754007633347468	2.8005482176868615
