4.610767625814756	-7.994433271932385	2.177041902361195
3.7160218008792976	-7.296880795096679	2.9766481141170162
2.7236263219258006	-6.14499403421226	3.166001211226198
1.8948511621556783	-4.948535193154907	3.18859820034118
1.789350579332237	-3.531769942721459	3.0176277777923155
1.9141180584881718	-1.9868772668865837	1.9820475008704819
1.7375240148115652	-1.5934758438681849	2.6642475136212513
2.382038732559775	-0.5105698872526006	1.2103441615000814
3.5841621091014777	0.7550355548381563	-0.2688612112519639
3.3056347642224084	2.9228794663878013	-0.21704980750178093
3.820426278464206	3.3747023859892282	-0.1136238594635115
4.373104372806088	4.670607573860969	-0.09514121614061566
4.069820917118897	7.230918054509187	-0.7289124689572296
2.630773348447346	9.42870625183562	-0.2614291720345995
1.403071513551248	8.968991329262977	0.13094865603981243
-0.5132013472126504	7.415661801117639	1.1214552366577855
-1.3953074960228715	6.289548909347527	1.905995615526865
-1.7524401793281972	4.253908273390429	2.768759427830031
-2.083001057882545	3.165480947532698	2.12955798278898
-1.0124521013920882	2.6377190432755384	0.872862290880353
-0.46044542643663033	1.150737398804968	0.16374319941302462
0.5867321711178797	-0.10514340097564256	-1.1631285986350006
0.4470507525728208	-1.352125402370936	-1.8766732367710426
1.6582917945409588	-2.205998299148602	-1.0621358748834684
2.834068618028906	-3.1886354950960385	-0.9304727249138782
3.914374633582179	-2.955206915907099	-0.39094298500340574
4.999797470757812	-2.805532366363121	0.7863727381543164
5.570459185155118	-2.3329759705994935	1.7186875419472134
7.184476201358162	-2.0389260797706044	2.1783969078809373
9.013617811599602	-1.43456838476584	1.911426707559826
8.635783365491754	0.9699237212861231	1.8998249595556942
9.06810429985854	1.865246909360383	1.3864260889965765
9.308177906682234	2.1904585892523505	0.8955995191107916
7.914213829353401	3.7719323846347645	-0.12499475046734998
7.614547060664137	4.400214450426613	-1.807569424781348
5.961665285518386	4.89957562380919	-2.678294597161386
4.815324378908602	5.824010789484706	-2.291203723637187
3.3344329817929528	5.602229278382157	-2.8920778594991052
2.941904354918654	6.502664349499934	-3.4277188606827016
1.304241468204507	7.1441067490314065	-2.870037216982828
0.7162031523304341	7.002704833472956	-3.25844409131957
-0.7549001960172026	6.91836551478069	-2.8263540142677486
-3.3872246358012026	7.221775813587041	-1.4117244599155776
-4.3187235884754	6.033095802062993	-0.3575482541054599
-5.415219855347693	5.634715186652807	1.528939395844304
-6.038237633909828	3.6669167248748966	2.7753850354961624
-4.676443272893357	2.7401896217856576	2.6419391455274535
-3.993083604639512	1.9412938709992291	3.5026964783750003
-2.6226187624643806	1.0305415865210423	4.0700406041185575
-0.7773439428137328	1.2013206098158944	4.322553926641067
0.8459521693468968	0.37040716072261803	3.9723541498689885
3.853462831237233	0.6878604205077314	3.3028326462226265
4.598419689692416	1.1699880897579393	3.241395628852173
4.948082067105647	0.42399904307662645	2.692338296686546
5.930680758368325	0.833573905484546	0.21350559593008817
6.5251106850276	-0.5793624525857861	-0.5733490635812929
7.11733610492086	-2.071976036798764	-1.3999095956401564
6.823096130412311	-2.8526623845761394	-1.0554009195222376
6.958078035970165	-4.739807280238925	-1.6754064087363885
5.392878236909765	-6.125177300931049	-0.8210910745286573
4.512330521554378	-6.790893334836352	-1.7467740936312635
3.1642128106356084	-7.146391665634118	-1.223176171363868
2.212240656596954	-6.750804012270776	-1.7147689057831128
-0.13524951141150598	-6.7592117232716245	-1.203081553601513
-1.3333192855147058	-6.883605278701628	-0.7608510406344264
-3.678847685138177	-6.327562653174998	0.23843246131776474
-3.3140456548788104	-5.642891683534999	-0.38831531488990556
-4.810386379528899	-3.6828113997502094	-0.4388793803012873
-4.2716140313322954	-1.8180021679439307	-0.7574857695757266
-3.6410553608871274	-0.9666946187916313	-0.9585671754433215
-3.2346843685343796	0.8079448406788724	-1.6704094828579514
-2.8354332218388256	2.0658310365282118	-1.113389780028721
-1.482155439527704	2.5026025981423357	-1.1492974700545646
-0.08935876710176738	3.4326956735777934	-0.5068466644756158
0.42578753094095034	4.24637458552333	0.10392077518655046
1.4049280428769442	4.534361438984751	1.5672213099669454
2.0706252395040154	5.902576037377857	2.5796397037153813
2.894937343053516	6.463327454369558	3.0913243382503603
4.404097728114215	7.86717114081293	3.793005144029628
5.588996729628168	9.21724096721531	2.9178977292795145
