4.899168771895537	-8.320963754932633	2.987846886225631
4.515871028956228	-7.849966456163627	2.545275290729566
4.151557282319477	-8.047939680047618	3.261018891097753
3.2149017171639813	-7.523348764544476	3.4824939434570483
3.080912415481496	-6.385665387521383	2.5469660520719137
3.2875298799480968	-5.778978090020365	2.7936077709315263
2.3537688945617483	-5.570271514987508	2.849284268792821
1.9091516251910892	-3.962068085380019	2.7137635744765345
2.273718300652149	-4.652830661976643	3.19454611526319
2.5960929093009923	-3.4195106789181633	2.7504759140253543
1.6443413471326314	-2.6935138340854405	3.06048977134932
2.3954306266166503	-1.6046206303527515	1.8126687760067368
2.373190277942751	-1.841500660225159	2.40288138024963
2.0078040152224865	-1.3673501951033615	1.2815052202547437
2.011950928532565	-0.4113569851315314	0.8907454614827353
2.6004597626694177	0.20298804281277003	0.68335357049464
2.540218360894008	0.9965894474129147	0.7706943913969914
2.658995378707736	1.8979109565647962	-0.5247913497449632
3.2152741061736996	2.407795913783202	0.1267198969776222
3.1439551096088865	2.6591888272698223	-0.5557668014259808
3.6428768007992227	3.7132352373318547	-0.10606664490123141
3.370011862186875	3.98432146004038	-0.2883045401966431
3.912509166347535	5.8329377675932434	-0.6003905858416754
3.2813620303499165	6.119388611316955	0.6516241308723504
3.183599756661024	6.8259862636005595	0.42334550821807093
2.3247088135906493	7.119618973358397	-0.2375288260537335
1.90535696690732	7.763165443317411	0.8096021813596266
1.2196810404939904	7.49564553288342	0.6347603247889264
0.9673735289104806	7.975442383049547	0.1524424548062494
-0.19248902228372616	8.255512145041706	1.0076370485025776
-0.430816490594709	8.079304628983335	0.8838968719099711
-0.17623549483207168	7.051614470233916	1.7652600661965958
-1.4485279976777563	7.3365761239689515	1.5875196572082624
-0.9278376371918522	5.679630159308903	2.2139392285215926
-1.8558865268462785	5.364927318779924	2.0333894439700706
-1.8497832008993458	3.9876278305534365	2.2049004292258103
-1.667678596468782	3.0438796674605526	1.3977515358195947
-1.102347665723479	2.717695441916443	1.019491482071485
-0.5439770052576263	2.406333059661688	0.946919745202595
-0.6639526012484563	1.2045840096665494	0.6182090748787592
-0.9134659077827525	1.0902370836941357	0.8646269502738779
-0.7593140158332623	0.6721943454299528	0.28759652516487144
-0.6137866758276624	-0.196507744289799	-0.1617550336782676
0.05988763700005617	-1.132349906633348	-0.46546451346573847
0.3052160902267117	-0.6322875030811173	-1.5393495489185804
0.6603896112355641	-2.1830488566042408	-1.4707939881126952
1.5019339631933701	-2.1584701401896957	-1.1809449462513277
2.3635585461684987	-2.029213861602349	-1.9246400310183718
2.27245926562552	-2.993138871678072	-0.42539288156503496
3.4634340685510905	-3.410745253582718	-1.2559255842732944
3.6319083269325225	-2.907082607352459	0.22781951981096416
4.896529725800885	-2.9963422514792257	0.17249315845907387
5.149034665490619	-3.3536196139474446	0.45862829535332084
5.241944567456333	-2.772997324152631	1.9038132876106477
5.725014702707507	-2.8160076842094206	2.359761541602837
6.828285487952579	-2.983839335920818	1.5896443560578495
7.098438347517039	-2.5199687702544717	1.8875050184721287
7.896930919767756	-2.195663586912914	3.034004371309466
8.308542143417272	-1.3931478350970745	2.15587152806293
8.568669119065543	-0.35589211988896974	2.763621098354605
8.716940289398863	-0.1326829753455569	2.6850095965570815
9.207834264772751	1.0006088332402405	1.6354684529361967
8.693292592277121	2.131892320480492	1.5065362980874686
8.776097896429572	2.258090215095493	1.0900839117913186
8.875136291480752	2.5509589559708346	0.7582837037951882
8.818343920273199	2.93187064905701	0.18549023201034853
8.237168487781622	3.4002230325563128	-0.3219078644913813
7.733174723215375	4.820266460047552	-0.9928676980867746
6.989815405400508	4.000778726118967	-0.850899143019851
6.8166068095091745	5.327637178330132	-2.282381359845799
5.75898304817158	4.782602169705781	-1.9628239144496202
5.214536499381098	4.949186592419014	-2.425293159022612
5.0065688345782355	6.09012761172097	-3.1683534840259147
4.327570964434164	6.062462409938807	-2.94964045606297
3.888952565247566	6.385733479180676	-3.6944788864588967
2.2205538324557064	6.1951433299351	-3.1987986675707276
1.850545806049547	6.077932642829795	-2.9181020711406704
1.4264725459163672	5.774597049397071	-3.5144182775636845
0.23758342087615267	6.626623485879841	-3.01367318916795
-0.47028273253340547	6.331492428915345	-2.164891442293995
-0.7135028837484148	6.777557227965209	-2.773738544359466
-2.4525904399402636	6.706097597826565	-1.8803895478902555
-2.0480205030755667	6.350043219706992	-2.131677551656586
-3.1580374168855023	5.9194527168523186	-1.445758438770186
-4.141724499278297	6.603525691662	-1.1269866342201116
-4.534325490376169	6.017377165903012	-1.0682133237746259
-4.497634401445936	4.553957693032542	-0.41227672544203375
-4.709837134894839	4.64576558114458	0.47778204281669806
-5.468178650131575	3.7588867056857955	1.4348545080346415
-5.214429407377321	3.6992131968495725	1.2107595875951684
-4.629510634547564	2.857010971184732	1.5643217240275573
-4.790872719102227	2.1761170795673146	2.7024718902622844
-3.876934206471171	2.31939988633291	3.483552964494299
-3.674922339650279	1.5225449604918817	2.9856157035907445
-2.0740369548999	1.7553471108844585	3.391031319035578
-1.8355895066465742	1.5828152251195473	3.9082681755427515
-1.1018839022546087	1.1710068408442704	4.397027543808196
-0.24672176815465097	1.336325010284596	4.618459685863379
-0.03138905251234447	1.9049890377294485	3.947732819580952
0.5140312782827662	1.817132370375088	4.6867388878099145
1.2962500244771717	1.7810705007398284	4.6512171378864515
2.411617497436617	1.140038057151387	4.423365997804638
2.812218811463634	1.6520572119963215	3.4066374545584894
3.888671575565092	1.545415306402362	3.312999740048975
5.196879049658847	1.0520949119784537	2.596894769398122
5.490693123823295	0.979695915449688	2.439688559582915
6.199002025267188	0.9305144849743261	1.807668007505182
5.518445326911489	1.5754017039873496	0.5878649746383933
6.2396828879418695	0.8910808120573736	0.1783434395863902
6.782568773680278	-0.12721789669681954	0.1642405440432092
6.876872124862675	-0.48982362358936227	-0.6690948385570622
7.5054602327752065	-1.168824274287994	-0.6816202055062643
7.6596928215600535	-1.9047961345887081	-1.6615081005140018
7.42612689822767	-2.7065214976748657	-1.2098381980940047
7.77679462696772	-3.1533570470045795	-1.420832253742512
6.884208170209075	-3.6208424632038594	-2.0769997078741538
6.728626427641182	-4.381128514897865	-1.9599097852730603
7.041235569996093	-4.792732400987623	-2.300683009084944
5.607256479558293	-5.746542834822711	-2.037753016512106
4.916582157567859	-5.701163691916547	-1.82857874724674
4.183133281720848	-5.9560113535977175	-1.0428693842846481
3.379777711819495	-6.99547581469368	-1.4878174620673987
3.4063471492565114	-6.432806122890797	-1.129214810257315
1.9869357973928414	-7.343250402271565	-1.4289299223519696
2.451443716041873	-7.369089415582881	-1.2560196418590672
0.9929788000236544	-7.236811487271544	-0.3660282174559135
0.025110365639740395	-5.979008117908715	-0.8136886967708792
-0.6111482109687849	-6.664282966311393	-0.09014231426934716
-1.0522527962144976	-6.316645754624874	-0.553985991439278
-1.4622236334628906	-6.511768561523722	0.050667025447237446
-2.0805364381397675	-5.4562829791754	0.15282047977198776
-3.0583571457008647	-5.533130271022098	-0.2992162520846875
-2.789273327542471	-4.944887410111246	-0.08923505847956537
-4.032863511855512	-4.203779600149586	0.5609731538123788
-3.670783682007308	-2.6954887309315243	-0.4328135104886184
-4.165622872268793	-2.5796231888826293	-0.34183543413917783
-4.370864889180186	-1.901936087809736	-0.1965888807035674
-4.081938723177651	-1.3876384956985355	-0.39932460414421866
-3.8693398683847793	-0.6858755762213036	-1.293465214837455
-3.760488888780592	0.6433392805533897	-1.3571890643816624
-2.6796623380469917	0.33879564464006434	-1.3348374927079834
-3.397695672956265	1.7536174246762892	-1.3197006037663908
-2.52471119054362	2.2699405660468064	-1.4503039274535603
-1.3627777425058198	2.6406092350538355	-1.7899231253255379
-0.6124619617266112	3.126799226974197	-2.10773469060892
-0.7671547297096502	3.4189674634095972	-1.3944768196316466
-0.31549638913052985	4.107387652236873	-0.8238776027222146
0.16983149232609052	4.435839120460717	-0.2612457366413976
0.6258016301837326	4.554567884963367	0.25678737631596293
1.1787000574447357	5.080844431136435	1.2738074120833116
1.6958261682735416	4.944335134657032	1.9127875067359328
2.2981240459595766	5.741418858960683	1.9782173788025739
2.7651942207683637	5.983987672013894	2.850892906507735
2.6804348025781355	6.296013383362791	2.7790907604668025
2.9867387169399557	6.4063641334157015	2.687031930087867
3.6152476464210728	7.436588858542788	3.4634220557624324
3.822375482871351	7.625881070513854	3.014446349280039
5.158875340757912	8.019891862299911	3.208399277670279
4.814078843870627	8.872511377048374	2.7469046119866674
