5.289522055772505	-8.36542993454648	2.774786704511788
4.984396751652534	-8.056071743095591	1.9456762614168515
4.331933566214486	-8.346391762152594	3.236629732828825
3.9730808012256587	-7.627303213487016	2.993382356994715
3.4847563053125445	-7.737780421197779	2.5442236170688073
3.5568033645444475	-7.481017536548841	3.3790749801887716
3.4979549910975916	-6.866078097633761	2.6608549504588894
2.823167936253709	-6.599697060995399	2.4739380463111553
3.387548794542059	-6.121122471392739	2.98245825584522
2.3715243664383987	-5.305542406627473	3.2391982597934272
2.8907086723088637	-5.54375580539171	3.0106727108595965
2.239095276075488	-4.891656376573386	2.4163390274473624
2.5803819923369	-4.321826876890293	2.5615355983411385
1.5680596480260924	-3.718952355485439	2.5676192953214487
2.0402184554429494	-3.3140795429541203	2.787060105167181
2.0761402906462285	-2.2610040984612967	2.4887013952524137
1.9890874093518867	-1.832865190525886	1.8797974665137274
1.9292203905568117	-1.8782683199115215	1.8813280220807116
2.2881932352506	-1.6523442184025825	1.8620000898774958
2.080677221031443	-1.2722004819927633	2.017637358195287
2.4759895453932304	-0.27599216702931617	1.0297497865754295
2.973115746484888	-0.8181211645313411	0.5426543621003396
2.488590260240687	0.9536199587502817	0.2267119593325192
2.3828615786880043	0.030798228122229775	1.2736058686939924
2.465422567043701	0.5373423269593127	0.06877939134587197
3.0714752025492955	1.780912149750677	-0.4538597142773808
3.583761697515267	2.2333697006433426	-0.48042852052769397
3.0156483447951383	1.908074328840183	-0.05127196852621296
3.0012872054370012	3.1468248818129343	0.3817603498192993
3.8117825631421414	3.113122491048691	0.08799389680345215
3.351290184998686	4.441118349803208	-0.10999042669816095
3.7165843919344246	4.568034272905401	-0.2752125590265012
4.131139847666937	5.026836255769733	0.07735630717036412
3.7863082165333903	5.784502962667176	-0.5764225675597301
3.4782835096899163	5.517225116794241	-0.39225431089130963
3.33782342531795	6.360049903678039	-0.37746505224356597
2.995449723350348	7.22201390943701	0.09828521595748396
3.5359105774960913	6.699510243448239	-0.02226005754657312
2.569963006548456	8.084456227361205	-0.13326068812778968
2.349319460030226	7.5655583973061535	0.20091944102999398
1.765254413617727	7.679811300150156	0.40207494243295955
1.8669659806353303	7.576003427747318	0.4441040888908724
0.579324802431066	7.964846551333931	0.9285742698406316
0.5760922900709602	7.984208750444763	1.4840753115947312
0.03686332735372494	7.502242487623632	0.8836011999301037
-0.7106745228188195	7.94858249981772	1.3017568588767796
-0.5766458673527215	7.8191791106670046	1.4417429700936664
-0.4264403285368241	6.754377937430258	1.2302072986099817
-0.7359130901905704	6.251918220723299	1.5041745745814985
-1.6969048275273244	6.115179868785655	2.53738348717658
-1.4047607473599075	5.289994654928066	2.0340539092930117
-1.2657275527288432	5.3970469058799475	2.2030577698073897
-1.9750122529495777	5.10741692948249	1.6652894518395596
-1.983684539112764	3.825609252590752	1.3617057626045104
-1.8009957451769705	3.725749778860069	1.4785117304547224
-1.1328047498150577	3.0093003858127307	1.4871583477849564
-1.6019473816080374	2.6361899859489184	1.1946352456019245
-0.9123638608297642	2.2761129773654405	1.528430614400918
-1.1172448119338259	2.1896016139502503	1.2586923249399977
-1.1105235334787351	0.7534708029527558	0.57836934259891
-1.1085106655869474	1.6127203719096315	0.21950583939751442
-0.31519846201720303	0.3677161886801963	0.539163852421936
-0.22963115210173046	-0.13434765496710566	0.23224282045659572
-0.3670731416403341	0.09612059222892955	-0.5394025609998265
-0.4519915562851184	-0.570520238981523	-1.0333596666118616
-0.2981502453463707	-0.6684636805783866	-1.381492317247707
1.1025210835801387	-0.9468954506941398	-1.8158681188217596
0.7957057835933267	-2.0620995629235224	-1.709220131740668
1.1596989067464252	-1.6977150141774016	-1.689132450676206
0.9853164484962738	-1.9780854198171944	-0.9601856427445508
1.9732063336597845	-2.5587625724364638	-1.765495591223639
1.815139336386393	-1.8651765992940397	-1.5816744623069485
2.5375444308082087	-2.9625622284600377	-1.632356903482444
3.446457521296781	-2.4682836451471477	-0.9262929058524827
3.11964393909778	-3.2263422444767835	-0.16330429453674977
4.334227954840253	-2.967432022854211	-0.24249737684133155
4.682691085888859	-3.0658735359740685	-0.07596584741710888
4.61635472624331	-3.207660977406097	0.9043811841453668
4.485115978685135	-2.6509869309674556	0.4372980190569522
4.819964551041365	-3.447714937899823	0.6583751368040147
5.701908268244521	-2.7921557875823613	1.844310223641247
5.904043618231679	-2.389427608471624	2.0156626815514844
6.057348685197398	-2.147550048045689	1.6021606395195933
6.664349536117234	-2.1120109647743295	1.5971387010160158
7.595370154236439	-2.2040568974473644	1.8949806936323423
8.21951156306515	-2.3483335137316086	2.6414843435988873
7.759622510916735	-1.868604483393161	3.205211017307186
8.211483961375928	-1.3474589185687273	2.160526484900652
8.770168277208061	-0.1104409996701119	1.947628554708835
8.748250262037848	-0.5996360314859287	1.7842149795420026
8.578125822878686	0.5931855653235787	1.841337432971035
8.943786352517428	0.7521843320390266	2.035294213616025
8.811722531123626	0.5564347772609499	2.2678225697737577
9.403382082306196	1.0607040944265522	1.2655236944885286
8.931199214526355	2.365561398710269	0.7157186261260784
8.665849185846039	2.613001462885713	1.0814219402458232
8.68606359857548	2.486022881177579	0.2895613103814949
9.194665165480636	2.986469925579028	0.33489883409435695
8.73506985623757	3.4041180557079116	0.05863924046498792
8.106955714472857	3.61321608926329	0.24091546904122463
8.293635567675123	3.630549216726804	-0.6407839880698804
8.40246769622886	4.314703539162256	-1.5373860770003265
8.060528046445343	4.618757172947701	-1.5491085027635574
6.601023204166322	5.203895898902611	-1.7600287498631457
6.577218874847882	4.553484266964891	-1.8127937010972548
6.050665384676402	5.310134737282412	-2.481320541531449
6.25875434817714	5.5206778787556505	-2.6544169585552817
5.132170194093871	5.789279399566699	-3.036839073033707
5.371507066618736	6.00882902475062	-3.3281247505499922
4.806462828025698	5.290389051307562	-2.6212490641049913
4.0312713695717095	6.194457523032653	-3.052706774578858
3.790270082851745	5.415501617165143	-2.823176749841087
2.3821931959079126	6.159136819487854	-3.019868074793532
2.6028869783413184	5.954628611182768	-3.1954306951955527
1.8941575909708308	5.863814742582144	-2.497824749739169
1.773156404298082	6.081054955994882	-2.9056003946857203
1.3077899911983033	6.303945821168042	-3.4879280831553365
0.6630191875564366	6.058379469726941	-2.877616659077109
-0.551291781047715	7.048233683087166	-2.789127197637063
-0.3867981092171686	6.227354446889492	-2.1122206880593013
-0.957928587724612	5.985169264105361	-2.9394877569661926
-2.025230428916583	6.19798390603889	-2.869118418562222
-2.1012562284737255	6.581913294330468	-2.422597828787091
-2.122572274832237	6.498694581728662	-1.8943550022320839
-3.1420866661346056	6.155228536286897	-1.4299965009573523
-3.3882787843163804	6.734682953543334	-1.6114232388801892
-3.8541237901731975	5.683521684531872	-0.4121900008317847
-3.6951760020263906	5.491282734614687	-0.397859985908833
-4.685629903509716	5.34350135775621	0.2689304591518472
-4.267678490852549	4.701050060410401	0.14917322076228057
-5.034142245454711	4.653326241174722	0.20515617017785792
-5.217556342286415	4.842337338992023	0.22437201983420368
-5.460466095371904	3.6856372742446375	1.7847987648961072
-4.387440774795872	3.491822715203543	1.2515857955321081
-4.966880240863009	2.7701522349988554	2.21281161198619
-5.245872268494446	3.170451589601348	1.6351434876452116
-4.04605846540747	2.3680802828342484	2.132856669413816
-4.177884756872821	1.9959759175627836	3.133252613601919
-4.298212275051307	2.199996333200982	3.0160783177772883
-3.3434976097595355	2.508435929475543	2.7705363277548205
-2.9175789572598525	1.1765256317564152	3.0232661784505868
-2.6378832165391013	1.485244671825333	3.2893333843694754
-2.738374313238306	2.335745349646922	3.638164680713918
-1.4349785989078643	0.9485464953761953	3.812695696733709
-1.0936111799473678	1.661679113347013	4.569330088530772
-0.6133565617334357	0.9380951352063293	3.746991566418762
-0.3483175193894658	0.8167474718656585	4.522919614694472
0.9928763719028539	0.9766050095815049	3.8436278685713643
0.5303735381111809	0.9091659101418226	4.497186897596583
1.5279003614217306	1.0413842557842248	4.306056844205418
1.698703994269769	1.0275505697022074	4.233669494431773
2.497458136328407	1.2288177984809456	3.509459148794306
3.0804461854049303	1.732948629318762	3.5735211399278075
3.248754743783013	1.0928653980239433	3.2918477166684665
3.895759917536177	1.0527480189976057	3.0474104811362714
3.9150638912053926	1.1579674753303397	3.4019718505737586
4.97483957547045	1.083830752814058	2.3840586051180193
5.475949941270326	0.8490947743928734	2.0990325612515863
5.090268092682132	0.6556460039837234	1.8846544570741588
5.7500657978939085	1.004192850572916	1.6460338067940758
5.550093568145245	0.6232848417284048	1.4655648382528086
6.668238557039784	0.676306177234762	0.5658135464029118
6.320007252358034	0.5965810228342189	0.8116811327693854
6.1100710313496585	0.7168683226657383	0.2294962610135547
6.894763536036779	-0.6734782911467784	0.30688791597397336
7.134788239846848	-1.0095062808871018	-0.6133871795432998
6.7145460162915	-1.1092812950772037	-0.9370962870449221
7.946065685844654	-1.3275910034805969	-1.497788415847846
6.810959531245033	-2.046458372475664	-0.745147016703885
7.303165820615536	-2.1500581992020322	-1.9697342184120574
6.85431132642806	-2.1084839721553172	-1.3634877858818881
7.5776819183837185	-3.3525811875141596	-1.0929695037263016
7.240366067339815	-4.002615033084844	-2.095079793788421
7.035693268365229	-4.522475745714192	-1.5389774361966062
6.499483266729826	-3.872323747211891	-2.0204569051122747
6.1758520237006325	-4.573524183094469	-2.3073002448299915
5.744545659188629	-5.102141043608534	-1.2485126521360839
5.410957783345618	-5.86653386356107	-1.0683081903824068
5.663769126080876	-5.573977295581489	-2.1484455147719945
5.333613484470036	-5.999405573462328	-1.6427832961048
4.214427545771723	-6.436514620368726	-1.7639918331137348
3.9532281457353955	-6.569609633357805	-1.4781305113311185
3.4782802081323654	-6.846127249731703	-1.1561555719097942
2.962698666173006	-6.366391684244719	-1.9690752065313675
3.2548681724037403	-7.164045683845844	-1.7526356698526728
1.7988218805905323	-6.383403900678696	-1.0724813606625454
1.4950232634895748	-6.667657922209886	-0.9018584326495009
0.7400955458141047	-7.224797796031682	-1.5824051612741639
0.586915100958827	-6.8239519376256155	-0.22090404064316016
-0.17628046172596779	-6.826272129440959	-1.1803266155008227
0.0027298586874908715	-7.057473004498846	-0.5989013867233692
-0.580696833463322	-6.202668837243365	-1.1106300815996892
-0.49413994056738675	-6.047985024459659	-0.5989642431058393
-1.697928280366821	-6.107299802298115	0.23787254383112455
-1.462567893885078	-5.299120316717171	-0.7434488206884495
-2.3137833427076164	-6.0503384373563085	-0.06385075825994646
-2.4338277389328966	-5.533809485256995	-0.7390867780520598
-2.442339834939058	-4.833503529442599	-0.39297297912647
-3.2718742836548707	-3.7294939929370017	-0.7882120201275244
-3.5914201586246364	-3.6277407155156687	-0.7777188685671556
-3.355303743409365	-3.4316007403291877	-0.28490606319774125
-4.245994697270703	-3.4032895466069886	-0.8859258121138925
-3.5652200296703636	-3.2960858621801745	-0.7280122079655791
-3.453730232541824	-2.78406742118516	-0.16506119468243718
-4.361425292829667	-1.3473747979320816	-0.5339097564352648
-3.6001093398160915	-1.3368475030664775	-0.8439493496806763
-3.8592051805315473	-0.6526755180267534	-0.6337684778489157
-3.9417839942435675	-0.6514649461496451	-1.3720210218751991
-3.9791639475488156	-0.0049032397620408785	-1.2696471087407843
-3.915901811196437	0.6505490226570247	-1.8140657113951886
-2.831217925532941	1.1282986621494488	-1.8611034767912304
-3.266012027635493	1.8715164538458073	-2.2567134807097458
-2.9106698480905537	1.1185043566387716	-1.8197875863001645
-2.049725256412619	1.9337770342416605	-1.9640100704975447
-1.3956520059987298	2.285134761522338	-1.5413192007377143
-1.546543390004294	2.1798385956459616	-0.9950975018411428
-1.432238994793158	2.464967316924728	-1.3389712039500163
-1.266496756461351	3.753946260495984	-0.9479342157480062
-0.6169881299728577	3.7918899646771975	-1.5313104687936434
0.10283586083594087	3.638476842791181	-0.33140792102364824
-0.04686661964736316	3.670760501816833	-0.19263031030524813
0.005120181575530271	4.078844544417409	0.231724388374123
0.2533915698078699	4.275149552057892	0.10817128853863384
1.097364288131791	5.179185662607167	0.8338722512304428
0.9515637304005375	4.8197164541179776	1.3514387911984904
1.8124513183478685	4.647529073130636	1.7888624671842348
1.7930282909110713	5.771214096960262	1.9579828412806357
1.61602374875243	5.686388634305906	2.711436948456618
2.5151917241743944	6.113348210335515	2.7101240948000798
2.5003273531923544	5.895999700116592	2.6182303871698642
2.834009900933668	6.641304407511571	3.5247548686749512
3.9569467474090976	6.756079317755351	3.21100208248036
3.3240608680717143	7.954471316926215	2.952400415878544
3.377980970502331	7.367233072869672	2.9433063832347397
4.980704484843713	7.838713436349114	2.913356347229311
4.827059519049717	7.957181877655181	2.8847733029191773
4.2413272652915674	8.359802008180385	3.485244917958964
4.744585067440845	9.426772982679397	2.8806627248167045
