5.225102668056105	-8.822246199852014	2.10034292007287
4.44923735445554	-8.350619249993969	3.0090046062458375
4.667133962590759	-7.325395118753276	2.5497475597283525
3.13592924258549	-7.331579589391938	2.5164911409700697
2.8709719576750206	-6.209469606708898	3.028736583793694
2.443920241556032	-6.2153816158458195	2.541967518026986
2.124906411565724	-5.2029951912000065	3.5069869070618322
2.3233116142730985	-5.295472485037727	2.477567107410808
2.319735201501434	-4.570287934410553	3.159572088146991
1.541017327652437	-3.329182769891702	2.4713777524112555
1.4435967834740941	-2.2662773136492342	2.8038473369457875
1.8116918312799453	-1.6570929648321135	2.085146560167011
1.7610978817668381	-2.0086186013005456	2.4480774352513563
2.529776989022577	-0.2007761885105308	0.9418960368931755
2.5344231519446208	0.4348462790566613	0.5646861737473243
3.233758843587664	-0.008800043684093456	0.5669997845003456
3.5623439858583925	0.5384338125411652	0.04989283982259596
3.143664246292089	1.3471869220471782	0.6370869033815172
3.694349011032409	2.182670804998134	-0.6634575431784424
3.4563369658753045	3.1306778596559743	-0.21602119159569622
3.9757039258642948	4.3472378291823395	-0.4409088150586179
3.699929235971257	4.231455517972101	-0.5431341766378455
3.277939671685024	5.966817710396296	-0.05029068216950494
3.5290786384745663	5.98343624953635	0.2834786238880015
2.8658569961364706	7.028340489591826	0.43692085594129637
3.4733127693384973	6.834487251097845	0.00536109057619627
2.143230200603357	7.7588359067670005	0.37945517345862084
1.5189989903845063	8.518027572361664	0.16431202448199098
0.756013333606815	8.584758059418261	0.20756979659112101
0.8701026379750898	7.553131279733021	0.9114776450138125
-0.2162756861107178	8.139627789355117	1.4694962672138998
-1.3319495826734138	7.567145333050219	1.4715490000315694
-1.0740134702533415	6.356043858312457	2.170784891155432
-1.1698920814242524	6.328127192958831	1.3994530376321157
-1.5431377507063226	4.773497438506947	2.5064106089879017
-1.032788820665072	4.194088886024918	1.674654670142538
-0.7443299066331195	3.3773101670676193	1.6363621012525242
-0.9230634530093045	2.600434043202214	1.875166586019247
-0.3548565268820141	2.0226052727149497	1.1605046565778496
-0.5124033594759758	1.79859341157844	0.5547496079494753
-0.3366549132944401	1.1432891273903873	0.3550170409869806
0.34647814902427176	0.25941437767742576	-0.6582110364992044
0.24858109676825546	-0.02963270010089225	-0.7387410845049548
0.4036547062289205	-0.6330333760126567	-0.5963446338271886
0.7392964335430144	-1.0615933709643492	-1.3903554375446459
0.6697195148091423	-2.2229595836554807	-1.021635807721597
1.5017699364538175	-1.5981569908179014	-1.4256662584972808
1.6252149452797067	-3.000619168494752	-0.9019443729904353
2.2787444143750677	-1.8596156534032953	-1.5114421299513996
3.1763395691970846	-2.798635301177425	-0.774522603198551
4.3581928705712825	-2.704326030126688	-0.5288984822255558
4.578713156003165	-2.9454405355573376	0.7009347885949209
4.9063262717799265	-2.78642182992472	1.1478639664225287
5.460871672421604	-3.086917933369501	1.762827165328662
5.720079431307574	-3.0409847108446253	1.5959734695680092
7.146172363529444	-2.2252966516651194	2.0971107795103503
6.692686538820052	-1.4298362671380633	2.293610414580188
7.989564188736129	-2.0616300577195448	2.0415868777104453
8.39322472309085	-0.6387221859293051	1.866995201507824
8.364475712376898	-0.8696475146420408	3.129140232391644
9.043224330914416	0.15860602113279976	1.6105088369299079
9.089555152882133	1.0623569321556694	2.167064791426386
8.844754295426258	1.5777060880949025	1.742142088708027
9.093916625916714	1.7337429321938505	1.3271912277792106
8.782627370633628	3.3677840664197953	0.5364686836224154
8.209169154275127	3.0754742701169735	-0.0972857238173212
8.332790703339922	3.2812991793888	-0.1760769156640002
7.579099018029128	4.3100509721172235	-1.15463558666409
7.004498030972526	4.324265475427023	-0.504785505836105
6.642315839327892	4.615907923141452	-1.8487913933471316
6.3884261285038555	4.602570117324441	-1.4306062553889192
6.2957010270201845	4.777427238206933	-2.3615743835558405
4.948240136905167	5.043829128862307	-2.691777541391803
3.806726234059447	6.392368916896709	-2.80115095006095
3.7363557928295137	6.290100262664925	-2.970410305186346
2.7457851615093567	6.21657237089809	-3.490445892468237
1.862298043672611	5.716885886324908	-3.3237612533160426
0.5568423411056056	6.060890147892138	-3.653688812283307
0.2687153204566579	6.034891238241075	-2.8121310708238543
-0.5290955567853075	6.7075784647045245	-2.6411873521256144
-0.8952767815129241	6.356005140778814	-2.1313253367062366
-2.1446994909473984	7.072458303931851	-2.184110157396383
-2.3160694786359346	5.798206289526249	-2.3905309629331164
-3.1746134946941726	6.544416359711083	-1.6321058688238357
-3.4770054330184603	5.764346635822524	-1.1481091757708737
-4.427411866560437	5.84525330222023	-0.3647385460229562
-4.131862418175683	4.964801807780142	-0.40465437918585195
-4.189020138382584	4.177035448478412	0.26467455103648335
-4.44884102396659	4.1163292331307915	0.8478904138921206
-5.176205247478996	3.9500631855548853	1.4135021887639594
-4.793411317259549	2.8346980941885205	1.8412137635771633
-3.792702490801824	2.490337279668441	2.159080415714867
-4.005301645523358	2.451185346455026	2.6266555007009185
-3.784675991935413	2.635270984533146	2.938841256150895
-2.853330451418041	1.7484443796439586	4.015302866071636
-2.0299753407128023	1.2148378581978099	3.8689767883217083
-1.3783207224452978	2.128963000340441	3.849316362969866
-0.0058161354395123155	1.7649474970648733	3.7862930807158626
0.583740562923232	1.8206762904058564	3.7478718582383403
1.1326325333994234	0.9472383689824417	4.901622921742741
1.2260741098597423	1.1717821623890003	3.5856980359664807
1.9627220972391821	1.8871716570842976	4.303628393637711
3.6838835190074035	1.5454565433648426	3.416320714759704
3.56468151616551	1.384552171840646	4.186724313510947
4.456380914939144	1.6854716976818587	3.341335342806663
4.734966070139087	0.6581424127725088	2.5865121687708923
5.606359608550209	0.8952419439698627	1.8887034954004056
6.022745625687101	0.8885630535674984	0.6135345880433244
6.274315234204964	0.6109530631772309	0.7109690131432608
7.002323590952155	-0.2142212737740941	-0.5772314232842689
6.30886810776077	-0.34779796039512734	-1.0500133035919008
6.809010988206228	-1.0189023802520372	-0.4788423146022516
6.752432414585506	-0.9296160992408056	-1.3252772964028454
7.69202522262987	-2.8077119969532025	-1.456972024581893
7.687114009615285	-3.1105520761034273	-1.7546305033026117
6.591108306704453	-3.390277202164281	-1.5326383890368214
6.663877367021629	-4.4208829250874135	-2.280888031638724
6.984426244301504	-4.724922865911604	-2.023775844608444
6.135782252737249	-5.212804891027362	-1.8688418426017064
5.3717212252844675	-5.358592890536919	-1.8615177105043021
4.292386161215667	-5.943099335862962	-1.545751819761607
3.520692242480342	-6.429631326452383	-1.7872546649898018
3.3416223410659054	-6.4482771234376415	-1.237430431716389
2.9861601414749908	-7.275508495576974	-1.8455718770765346
1.5400856392311255	-6.789872947947608	-1.129862979151457
1.3916258806949449	-6.827947555359387	-0.91928824035504
-0.1472696738941628	-7.286003194574645	-0.6712261563089349
0.15028550855677425	-7.078889398857005	-0.7259750659880282
-1.0709768168038452	-6.864132331110121	-0.26325215132639124
-1.0995937192384153	-6.44315688057712	-0.2861305320791334
-2.683588763799102	-5.594545007473423	-0.5195271666740693
-3.076392610363056	-5.632820424639969	-0.6730974296107272
-3.0950844545126506	-4.52435365960179	-0.18290159114313853
-3.5826589994373492	-4.321126623753727	-0.6660228754016392
-4.164320005133506	-2.8490167605266183	-0.4939767446696587
-3.5046808848827395	-2.183904834410653	-0.5148476322529152
-4.260375434584899	-2.1683031172528278	-0.4275626090549459
-3.3702804193874396	-1.6206958133092515	-0.9109656182503936
-3.9339970923477203	-0.7140388847485661	-1.5477455779167242
-2.8532887070510644	0.1084649688585062	-1.9895569683550978
-3.3644302787040425	1.1436959433941691	-1.7527639294656856
-2.210559544175379	1.1243934958120434	-1.6274312631037602
-2.753286854654436	1.6383840432514822	-1.852209573839479
-1.4840150088056179	2.1214592147985356	-1.9608473154650636
-1.4311192221919622	3.3387981823490027	-1.8123993948039188
-1.0011870890328443	3.7113703581667705	-1.7592244936235006
-0.34273338429025385	4.320394479994671	-0.6891311827249064
0.3958956527350204	3.934490442624574	0.48899927900572004
0.7780947897772923	5.218667738824998	0.1859793778202578
1.851885091069279	4.211852083472952	1.0989496576881845
1.477396322977341	4.884694131935541	2.035417045974956
1.5934719356706575	5.32191444524489	3.046628596779258
2.570137685389991	6.448625962916556	2.6336861040465087
2.794185440440907	5.884480199306375	3.0538868832395094
3.914284778021272	6.559541252907379	2.982790003553669
3.226508562566151	7.070832367572972	4.079472689780942
4.073423431051203	7.782864000075628	2.7922076353027756
5.059742825393762	8.222383242985563	2.715483658702962
4.47168269511687	8.96412004268572	2.596665339361619
