4.553072835871049	-7.974152631542528	2.0408776626916034
5.008892818288291	-8.395877757921161	2.325643755785775
4.242802714118547	-7.646216972289036	2.980159473709031
4.3638911343890765	-7.574419430271546	2.8283137717504996
3.7208024893352167	-7.5041556021538565	2.429347565909376
3.0272397542512404	-6.737557108337726	3.2501716023781593
3.171536307798882	-6.092747593430495	3.141936857426085
3.7353403342187645	-6.571534010259496	2.709817162911033
3.300252610016254	-5.8871134327760295	3.147458059419756
2.1803159936328127	-4.875501352832103	3.2973840951767754
2.3422693616607186	-5.166741994530606	2.9542458538271656
2.295828592461872	-4.42084803889645	3.0666843803986685
2.157726280360463	-4.190416697063986	2.822150409801413
2.0700395982668622	-2.964606361089495	2.3019898634595446
2.585428826341539	-3.145675343088807	2.2656708463711754
2.124777767429051	-3.035573844401779	2.5983488594081425
1.6866051920848038	-2.0591351474714896	2.4396408772470224
2.9020532286268272	-2.1600211159319116	1.6841511509436542
2.638510725170018	-1.717529302369026	1.6999632219960588
2.969174086387985	-1.294102674473774	1.410976421562464
3.008065776528277	-0.5168235769655476	1.096692813385119
2.448628985310212	0.4294272737291197	0.9305589196785147
2.3164467347897717	0.17910597977746734	0.2734402591627641
2.2788630492517767	0.5598896406870065	0.25535692564152074
2.6472792894905437	1.5783987633365968	-0.105483821155059
2.6532691787401883	1.633059483648669	0.4726695713111437
3.228982474795771	1.6147620073470597	0.500331440473352
2.851121002921028	2.7059839831122097	-0.5079529811073922
3.3146318221732307	2.5412088217198394	-0.43252343386628345
4.544657118776783	2.9199439408445205	-0.546512709185469
4.0611523097824485	4.005796330944527	0.0012384319178005976
3.820385779351305	4.242973921552622	-0.37056437391652164
3.6081677947823714	4.169400463846694	-0.5767107449303935
4.5355711265528	4.788167766259407	-0.5644295510398827
3.6378117261735508	5.233396025193589	0.5680661436505954
4.004408703314096	5.945167969931376	0.15454464574760085
3.4497527508584795	6.241484104410789	0.16007697561709022
3.579990067913431	7.158609686982711	-0.5158974464598165
2.2701329372179453	6.944924692482243	0.5967519574216795
2.2252935073059783	7.744766595783051	0.7029152337653293
1.3684415659807359	8.432557568966452	0.49493367295334373
0.9989751041830545	8.464312312289888	0.3766760344961513
1.3890797098330432	7.584125790832798	1.050129699993657
0.482140333668285	8.61357586209039	0.639809383773404
0.4846095087170086	7.779795120480369	1.0784838195572206
-0.48216374799377615	7.867324559863872	1.606244048041777
-0.5759987729919824	7.713231826860347	1.1539073857765734
-1.3407833086823626	7.291889595486252	1.9213478015883956
-0.8400236634165756	7.085540624007361	1.6118821853232943
-1.7834183975054676	5.702550078257952	2.3596971116554704
-0.7039440099828553	5.632579571540019	1.5020690500462308
-0.7446528425155052	4.8990914710869555	1.727337728871191
-1.666608570736778	5.069078667030464	1.5397704141376292
-1.4828789526689754	4.668579003011795	1.496745238478189
-1.1280030916509927	3.4808890581200536	1.1948826360857108
-0.7198505087834612	2.9042656192372474	1.624562376420132
-0.643925003937333	2.344787235750886	1.561301295664009
-0.3712976919558926	2.0953175736926557	0.8698050108125395
-1.4233938248112257	1.9352983791784386	1.4438196693906102
-0.4213423681121937	0.7407715414078354	0.10395178981509139
-0.36129148496150487	0.923506246382766	0.2923740297430193
-0.2513837471054243	0.7154552542480711	0.3469444702219513
0.06412793686987184	-0.15511941365451037	-0.5360775911976372
-0.7519145138315328	-0.07259038749374791	0.09753559249412147
0.09029241048884817	-0.8581511027386348	-0.428650873651244
-0.29704927492000305	-0.9860517919971619	-1.1728558698375324
0.717044170320142	-0.8424467873593298	-1.8682751856924569
0.4495622930946537	-1.2977429196095938	-1.1342606030589653
1.7262039360270078	-1.6332694835229975	-2.1191924546627003
1.852133168393789	-2.123798559010538	-1.6289576175057128
1.9589148372023197	-2.3462739958738905	-0.9725480422990695
1.908565260897448	-2.259856700234256	-1.8271305680280108
3.4671260157263566	-3.1703033540523218	-1.6257686065423937
2.70063735080999	-2.9166142071951926	-0.7337789821911886
3.3113395030763586	-2.6620697793075925	-0.4687565391223705
3.5583707088686287	-2.8524922727593482	-0.6612999702469919
4.414934013893904	-3.5171116095472947	3.678563936948542e-05
4.1370349178259005	-2.651770622143733	0.8031566015539524
4.549215864936988	-2.530449956689928	1.1513470409216209
5.333310647995566	-2.9561093433645986	0.7409890655185034
5.17679651194336	-3.069830919862868	1.3341446698084445
6.436548179532176	-3.070632487282339	1.3075369163735293
6.649132902173459	-2.697751685946273	1.9923940244621523
7.589280997024156	-2.8755148535306647	1.7767126601162275
7.5947404937339025	-1.566805033577763	1.8879810258724772
7.236903759216661	-2.215890456082821	2.869064396987527
7.4493455706436675	-2.0050462858296703	2.52600041436197
8.667076542262132	-1.4202312214587982	2.8061047342071834
8.38953573142161	-0.0998177214872018	1.9194413299340474
8.529060489006921	-0.578412538898792	2.3953641062504567
9.352502100634796	0.03102996272165931	2.0542769326301373
8.574852934209364	0.8879956611138052	2.5540523445784675
8.929346081097624	0.5926455648270966	2.4391312597466195
9.167788713381427	1.1052711977161946	1.7260440296418493
8.91754015235991	2.4569122978255584	0.8685978507430943
8.724377422868358	2.045085489072619	1.6050149143820402
8.485083526865143	3.0790487160254365	0.6949442346522917
8.715938869298526	3.602000004001236	0.552514621232583
8.18187544357475	3.6078540132715844	0.049498170701533506
8.14475856683347	3.22548789192247	0.05972417762219706
7.92823690548828	3.7493578468450646	-0.5153225033410471
7.797953275580315	3.916628110073769	-0.8863913683220923
7.138668816467469	4.816952082953178	-0.8893508240674284
7.139482682348539	4.921393982010491	-1.6932925542690918
6.712251185032474	4.977102191934465	-1.8339419738110638
5.960886752777867	5.201530419398418	-1.9680996527096648
5.728454031635277	5.012285257202698	-2.6084648951901523
4.838060732226564	5.482397252209162	-2.249724252513442
5.164677706694313	6.055302279996152	-2.7876616220514774
4.78938958938134	5.652560734520128	-3.271458311255537
4.188172605416996	5.988582586428872	-3.4572897244318996
4.313102004817413	5.668780632141799	-3.7230800783820057
2.6135772224685048	6.404442445192262	-2.7270156876002583
1.9956762985845131	5.790511902299574	-2.8775462687132434
2.7368615289056613	5.797701103244226	-3.665994851210505
1.283634834484053	5.864439567561186	-3.5799628212841053
0.9069505774613684	6.642496774075867	-3.355829098282591
0.4316869767090046	6.073518209238704	-2.2616140700742555
0.21791568539002015	5.938973178162591	-3.0004178709421314
-1.042000571474	6.4851303651486765	-2.6871803484126535
-1.251088508042318	5.99292852043889	-3.1027319538497644
-2.012291800289373	7.1635442733787915	-2.341368374110889
-2.0733655403925497	6.857663204680082	-2.4682716451872153
-2.6992684082040905	6.6718555225844565	-1.8459821160767744
-3.5017337013833925	5.892876494233591	-1.3814681645975915
-3.6944524347114887	5.508679591237176	-0.9833694979341732
-3.9373190354056473	5.262215767325118	-0.681551836388097
-4.490576447769558	6.22093069816921	-0.653293337249387
-4.072487248828077	5.397535860821283	-0.15060025694287915
-4.715583110757307	4.781203149961853	-0.01358176651893006
-4.694271686811487	5.005378424084268	-0.09452714780378102
-4.534533784234796	4.252181133299082	0.12195772964430422
-4.067129694556858	3.8441491617837675	0.6818547798543375
-5.2062705392735245	4.284557480180906	1.0110611789157824
-4.956537443174951	3.471300859538612	1.6409357139886
-5.12381861674427	2.70673686469034	2.4450243370315876
-4.564478560021926	2.8415266516156	2.8966574456969747
-4.315838920522858	2.774583846954136	2.3085475539207163
-3.656398454729057	1.8639275274058165	2.557012357348665
-3.568625166680522	1.8476083051627552	3.015916363418761
-3.4082661396683087	2.464936793203151	3.4189828074456647
-2.8228212009416143	1.5543895786197721	3.245011843403767
-2.655642070646912	1.6593046627895878	3.35671917635279
-0.9179806901088894	1.0621146582610337	3.7457541632434643
-0.7694063737769155	1.3649351679627644	3.9466050794135334
-0.8471636367369949	2.0378075110101146	4.03453915435405
0.5895019419988395	0.9908904820435114	3.71998781574618
0.5676343100323493	1.5484509576875434	4.611306282283633
0.5480160353549344	1.8198882942050574	4.433697970104903
0.8963354049119721	1.4004453065558005	4.958319396436028
1.74761633849112	0.9572072123201405	4.3661685090550915
2.6869736325694906	1.7316865419892702	4.160360226309683
2.240554503692099	1.480470935011847	4.422717835971492
3.116984513978582	2.172085793511439	3.7862964915771995
3.5555202189392277	0.9819927851794845	4.186697557298031
3.7966055837766257	0.9418539995671682	3.5848669512251146
4.816270496332356	1.8526043418783984	2.4677932795682533
4.763232067156292	1.569829950468283	2.4349515698792494
6.067844342457349	0.7432512366191327	1.8988039376599093
4.964461365865819	0.9070433188226212	1.295260779702236
5.4395057615689	1.5307352529466307	1.3195176050738993
5.581006928232055	0.18578151112014182	1.7719445620603034
5.903578621510101	0.8488792183627271	0.627111038412784
5.994088058224087	-0.2751374497300074	0.1494292071622444
7.047864975792341	0.27609568085881253	-0.3699230995834608
6.477731658177326	-0.9653830066802958	0.34334483263766
7.1835400903632225	-1.0096771555642443	-0.3337431375718778
7.294580925730096	-1.1283515003411575	-0.7364298780458133
6.7458792288230525	-1.8931647532493687	-1.2848485220472878
6.961401729456897	-1.9840624744457487	-0.9519136711781027
7.148394552114574	-2.0782422536627894	-1.5601936219612462
7.149880671237586	-3.31007914316264	-1.9216440687723175
7.603578242633904	-3.540639042787723	-1.969551748344978
6.60022430851387	-4.369922366115273	-2.185521876372548
6.311409614336621	-5.003248057920469	-1.097595467777396
6.473936620854462	-4.971450339010667	-1.3989131154999233
6.10152381042662	-4.591302872417031	-1.7134702067940968
5.626719859482001	-5.343613560813345	-1.9964985259118078
6.15452669517792	-5.90872607873067	-1.88913766624946
4.745220979305372	-6.350540174596863	-0.9029007288326873
4.448804559997179	-6.418156145213231	-1.0205701107330947
4.431499964093777	-6.289518456813068	-1.2824723983541348
3.7564780877811446	-6.887616465226404	-1.0014154236124069
3.301937016597777	-6.284174463918327	-1.7407324952754895
2.949292191338611	-6.6937361357960095	-0.8602560263978698
2.3128101612026413	-6.866122228546903	-0.7916123395754484
1.5281603474487078	-6.770289033153852	-0.9167858298507716
1.4327103826994194	-6.75852887753911	-0.679590993991754
0.8234357490527404	-6.696261308226516	-1.1470954867372944
1.1394289187874564	-6.859715220485238	-1.3242704430274508
-0.5158808685966416	-7.1066287007062225	-0.38128011990216737
-0.6560236940459969	-6.327413979617272	-0.38212468369322905
-0.9807255163794281	-6.810774877692797	-0.665131156219271
-1.010335837262283	-6.180152336104887	-0.7950262093191172
-2.139259262247491	-5.404949303457233	-0.05521515760819362
-1.717252597848373	-5.5981421769163715	-0.4831310378306325
-2.698420695361499	-4.652538250531552	-0.1479193994987481
-2.8809207908524725	-5.164936674465503	0.27488237165721163
-3.662638439308353	-4.98772170988788	-0.6764407800761347
-3.5155880421886203	-4.415227379418521	0.22884565125454803
-2.969726825178047	-4.108489540653245	-0.28118279600648943
-3.250768559451143	-2.8381521933568434	-0.8285663927367829
-3.584308326072369	-3.2138403829974904	0.04583890847060679
-3.413636992979314	-2.742262858707648	-0.8226225879132063
-4.338968632534628	-1.0819597247365187	-1.1359799929968557
-4.3730841934473235	-1.6202926916430422	-0.033396041622899775
-3.8436555938278927	-0.8703945874703723	-0.594052325451627
-4.287707958550559	-0.011368623279356171	-1.5167471722700476
-3.789646842058812	-0.06739642036327953	-0.6931679239112596
-3.597716987154755	0.31442194467219875	-1.6812526959882979
-3.322323479953968	1.162754284391959	-1.5156390682708487
-3.241076183049538	1.2317017292892225	-1.815571702831408
-2.5176845631097455	1.7485747691467695	-1.8385397073813365
-2.878226907407676	2.0897348160812603	-1.094880000104034
-2.2583884328256967	2.2220891242544494	-1.8147104574587098
-2.173421124126482	3.282811874798846	-1.6042992186967882
-1.333626754813166	2.926360342552597	-1.48605293468808
-0.9509960801449667	3.397916838365563	-1.5997102425559224
-0.21908650736883473	3.647365932099722	-1.5624433563040343
-0.13012145921747154	4.054809787851047	-0.2640259578362407
0.29543263563143113	3.495051772866095	-0.9225339008642078
0.8581320371534735	3.9547721895060564	-0.22418448437428573
0.9781279804325718	4.5708015237024995	0.8531074405902879
1.22267018318719	4.922020889720101	1.1190693707364738
2.0641144615945195	4.742581391893261	0.7240668417844309
1.8277275295439184	5.379262201941555	1.796912619680266
1.4460517522318486	5.169758712759441	1.7196276461830502
2.034073837670289	6.021859511505902	2.026585375925913
1.792833424273411	5.859253721595218	2.3809846814539997
2.516386469677382	6.946939926928385	2.8792363947764423
3.5897802128475718	6.370504235329721	3.0147273961470638
2.8187765850269226	7.1095501534529255	2.846763638783623
3.638530125254627	7.329942041377121	3.3121876768499674
3.48037842615064	7.139850230013897	3.4133079177640493
4.190047224683113	8.164995074158982	2.723590027600189
4.740018740529894	8.256740934154815	2.837774484731061
4.232837768444135	8.316993774593247	3.6320738467000737
4.623185761500176	9.697105403913959	2.787243217782681
