4.6610246168939025	-8.042402189563408	2.5336413391272736
4.441084013411634	-7.270817709571219	2.7472735203156615
2.8656378945508587	-6.984749432425945	2.6798210212672497
2.2346278388996845	-5.400651100915246	2.945974187701307
2.6556630761531936	-4.624856790147561	2.689564522711481
2.0882790377601754	-2.225585971926962	2.5043808223602033
2.7556319831713134	-1.5906295747909658	1.746459895189739
2.1445717333775165	-0.21202268314699502	1.0696204955381714
3.1290126472204642	1.615098051572979	0.023203310157265844
3.2428917975876015	2.5129151665469327	0.4678918832977105
3.3423907485760367	4.173998686832807	-0.5672432111363785
3.891499762066049	4.69357905136404	0.03458696237656467
3.590942467379714	6.807410260225393	-0.5985907423818002
2.718220048062332	8.510032023228947	0.5766272481176632
1.9179939196284876	9.103675835942115	0.3794715386856777
-1.4873088407808994	7.906070442248572	1.121856723699252
-1.5033250590718075	6.948146339475989	1.9448081293905173
-2.036116971401954	4.878362012578593	2.6824558956643862
-1.9695179362158874	3.520635986108384	1.749285401679166
-0.07325024113648926	2.4772051211168433	0.6514431899284434
0.6344500989674309	1.4066004042807694	-0.15889855757062948
-0.0012490983891817464	-0.49889692791601475	-0.5549310987975579
0.10726682465878154	-0.8860152322028572	-1.610744594309797
1.074957195186786	-2.4951237349191113	-1.3091463779692296
2.6315067122436897	-2.0223489651606625	-1.4923099300789289
3.638525181554109	-3.020924710032547	-0.6092996807180048
4.862147021409285	-2.63677791403387	1.145327331928057
6.217233219359658	-2.8926340381232714	2.266230984325908
6.9648618426545	-2.175931548132493	2.776718589603716
7.990721930653815	-1.5189693737786825	3.2086313784762703
8.960046415711343	0.5595782921602886	2.4808119709101772
9.417842609917235	1.0241557431355333	1.7865662634148958
8.873102950060629	2.451386543667979	0.591284976566593
8.126798753338765	3.931384372926246	-0.3888302446230555
7.234751858447433	4.518139686440427	-1.752280553717654
6.475117427844183	4.538187698883777	-1.769433663094683
4.804789569800316	5.3418907034172625	-2.3610890590303226
4.044732875143366	6.54460395993685	-3.1706301967829864
3.7453188532557924	6.157407522139709	-3.9953813119740333
2.0550136856875967	6.721172136754218	-3.560243711949713
-0.2246979548956433	7.464918597093402	-3.2499663958541154
-1.8218230903368737	7.7432723546204345	-2.837743885596483
-3.1714609695173093	6.7068825471682425	-0.46506888218560793
-4.012342469881142	6.102539905681799	-0.6318253842594762
-4.999151692985286	6.39382714867688	0.5636136798465712
-5.713287913594919	3.4059855608603975	1.7867900027978991
-4.73508941069353	2.3270607941608175	3.3687942742686605
-3.624045989803413	1.131463920840299	3.9597397122366598
-2.602180722265619	0.8761232251183075	5.01462694220418
-0.5259924625481229	1.349258999656178	4.033641287550463
0.4704781858741153	0.3196103815976007	4.900129329102734
2.5718122283250047	0.5910536707483084	3.346827344692335
4.687980707795272	1.5334937936936885	2.7505980986610634
5.003548080254852	1.3796329201751139	1.2447073428296647
5.760405722456051	0.09037696986098184	0.1575032743020192
6.78179426228947	-0.05404899334596225	-0.4972998625013245
7.084914281291122	-1.9532980712432884	-1.5183839325796171
7.2510202160565385	-2.4363405140400753	-2.074377802553237
6.965839376177316	-4.837789892161847	-1.5439125317993159
5.685130693803492	-5.709107651253975	-0.9495484917045225
4.778455514537395	-6.116119938621255	-1.6676052336465927
2.970524424797088	-7.10293932137272	-1.3764957172855972
1.682900645021531	-6.91280645984325	-1.1704854950903307
-0.10545629913181076	-7.550993924243249	-1.2039150452680323
-1.953206388004922	-7.132602688420423	0.4493300077543886
-3.078983469213606	-6.713805064491898	-0.02471206621608002
-4.631444396560904	-5.666188834099554	0.7586903287374769
-4.408817851613998	-4.657454332000785	-0.050593466710164736
-4.850925627517688	-1.9363111600151475	-0.17116797886365231
-3.6711606232667404	-0.5226028014225225	-1.0521122518272468
-3.26543388363873	0.41105495243030826	-1.4294873893119404
-1.8219595064289351	2.142721839299726	-2.3429232328452922
-1.2520421022166341	3.485198655312739	-2.097398487992505
0.3139510130939064	3.9437323076544226	-1.2813658303470294
1.0267037741220717	4.929928190304613	0.3308383354301754
1.5580851869753178	4.83146792551578	1.8272536655921126
2.4651750727317827	6.111828786673883	2.6894764251347767
3.2444383195464983	7.326713168303379	3.393130022654561
4.607215454011257	7.831554731385038	2.7835068051394147
4.894036522012207	8.44916332299775	3.4885622619132097
