4.797399391028115	-8.436267673476086	3.006889172245325
4.285062139051948	-8.348203066920192	2.428342127848034
3.971307017153826	-8.228945078084001	2.438014119376615
4.780095259055743	-7.354935798858316	2.188637841122825
4.190301236544958	-7.254248973169947	2.36551165376608
3.9914966722684744	-7.141415748899533	2.8475051312354367
2.7134200517294302	-5.924610689683473	3.069213443746146
3.4486859557338856	-6.148605481190703	3.0605759136252146
2.63409454192244	-5.785403363913266	2.5632863268119515
2.8200395716562117	-5.638970409462653	3.4948409380942658
2.5046480674199953	-4.609402587427491	3.0551976523776005
2.0740083959882583	-4.257294816872885	2.679373142034902
1.508681072383817	-3.2141934266650365	2.678761133817257
1.8083545640611445	-3.083973605616656	2.393574140361292
1.993201336010619	-3.5050277564154557	3.1224011455968297
2.3355592521665653	-2.566036158227636	2.3151967074125492
2.347257562954947	-2.323871528441284	1.9167401565524498
2.49013405579858	-2.0096453405198584	2.0377898544592226
2.702689082515607	-1.5765854708860718	2.0022897716692487
2.7376495872229896	-1.188282497132598	1.6768311944056142
2.9910433782636505	-0.749260317203007	1.549747743121828
2.116838119849706	0.40631761439621916	0.9928759311324975
2.7499238745590286	-0.3172044030272193	0.8525486893756725
2.398863720058427	0.5340813696246044	0.5695584400952147
2.749169440919618	0.842005306834078	0.23031599259765378
3.503559167564836	0.8721427852332321	-0.324568361790256
3.11525863839775	1.9505334451129448	0.22819450299747468
3.546651528568792	2.1899933888392606	-0.5549064850671352
3.388917216501565	3.565195525613092	-0.3297353667034535
4.008593142527014	3.7259830775261342	-0.7001456988521444
3.333409690627071	3.84553694947107	0.2292749378413338
4.19832364303996	4.062230816205558	0.2824819098403162
4.149019946768356	4.230720334533365	-0.4449729258258417
3.5702932329130457	5.881663829282059	0.09229485505270763
3.6259200516850454	5.338184277937076	0.5993424421120328
3.104574603812145	6.550435655539724	-0.25524528331825236
2.8369818521403407	6.396368169830375	0.44364396740347634
2.5254321416396004	7.258509162745295	0.14654049677357117
2.40997866735542	6.939375015381574	0.32727932920506897
1.7636397991183093	7.815581676843921	0.4000591845883686
1.9994033250801253	7.4890339665862	0.9927895813248178
1.388231561829417	8.330308711465007	0.37299072087773805
0.688601585850972	7.507107640440817	0.6413921402997599
-0.03609439224409005	8.56801234981099	0.9801906425815841
-0.24023618636855876	8.278580826777215	0.8944781880954877
-0.5787117760903999	7.314241686739736	0.9889315891929946
-0.3556414388520597	6.930791557232872	2.15708663382833
-1.1671145935614506	6.749030191520304	1.8323108312907075
-0.5844727774765905	6.866292468836301	1.6538280733439856
-1.3406218620536217	5.8597577988368945	2.0358398934570126
-1.538013708876052	5.898516365457827	1.593170971475443
-1.4790859657825577	4.744571400781596	2.383216227975314
-1.7621836660615662	4.032038821634805	1.4082731298904532
-1.6711578625485768	3.9332635626767405	2.3750553434735426
-0.6025234342347356	3.6221133908091243	1.277900785877866
-1.396719486020256	2.7585615823338956	1.1918484795375317
-1.056052171208811	2.275124373251326	1.1839944490733176
-1.0193269073906581	1.738403369141831	1.7814382158156377
-0.9259844428233497	2.0498532893558967	1.0152771045807607
-1.2801015165438363	0.7394790500502426	1.2886117177713112
-1.071977970105642	1.09859644823793	0.32542563616173914
-0.9204370064916616	1.0776803596506555	-0.10267802830325984
0.1117820543802025	0.5368100112516463	-0.7948939238315635
0.15630317771288083	-0.5227932346912014	-0.4591631916266887
-0.3980831695509462	-1.0164462082573005	-0.35695092373357684
0.3075261062052342	-0.2087708061017648	-1.6621321522798997
0.7578642360384256	-1.6473946072303627	-1.9821552318105375
0.539723315899418	-2.017533878802576	-0.9450306536697075
1.4400674948087318	-1.5032835099217938	-1.5605970825111095
1.0813293217727413	-1.8745882963136182	-1.6814813530544443
1.7747782885862504	-2.4216200566486363	-0.9584531726714478
2.548482867798472	-2.647148607729603	-1.9811146426596
2.2507007877002265	-2.847420938184606	-1.8090832965501282
3.5684753974898094	-2.9254156203090966	-0.9029936412333743
3.7649522088595786	-2.958120052934323	-1.1214560530858633
3.7147998600188563	-3.0730957509901216	-0.7659986948719637
4.430654727693877	-3.3680112394250337	0.5267247468765361
4.211464741186088	-2.132592405314294	-0.2194269592084345
5.051111503877184	-3.4144623089220874	1.0351598709970968
5.056120746476941	-2.3387112218307187	1.0736897124213314
6.139134634393843	-3.2381990005153627	0.9920188540035098
6.776178169936474	-3.3266833984032838	1.4694971995501538
6.655618698700794	-2.767836382454538	1.6810690449528454
7.356412828855955	-2.6298422062491174	1.9871675036127932
7.455519640983049	-2.4661962625442087	2.5446377377254503
7.54457300250561	-2.2029302949546103	1.8959840808459845
8.786759065722665	-1.6947375285182966	2.077704389965614
8.735711743694544	-1.607191230366722	2.2002073499992605
8.34800460052288	-0.1563660482914968	2.040364121289949
8.78924541560348	-0.7661918557864862	2.439090818730184
8.515790844637436	1.0172040858860976	1.6731631534216733
8.773389847135132	1.0063822027485794	1.5019882740699384
8.86011878323997	1.4649384027746377	1.536204855263636
8.807597670703137	1.575405879467318	1.6379944643257993
9.209707964839772	1.8673800798364608	0.9821856494711674
8.683376288548088	2.882319345499911	1.097288449143898
8.660497729955479	2.6337746163230884	0.118590786855596
9.220953532118859	3.3156306329911542	0.41336861675663006
8.082201201909408	3.5094505425428877	0.5381972714493979
8.715244689558258	3.6341837924438365	-0.7396733562045736
7.868085389269677	4.132295422459828	-0.754518838779382
8.403657650624787	4.302062019695218	-1.160219360020289
8.14173230484127	4.160738795234666	-1.3239009407994387
6.6290883475399465	4.989910714356546	-1.9681046620816367
6.205282538254733	4.836433666964051	-1.465491086162529
5.925926131139711	5.393847819123119	-2.58151560589336
6.041941556629198	5.3080869434791484	-2.0387758938197407
4.900075190488594	5.7539462380930075	-2.250335197899401
5.117206578660857	5.554732722148966	-2.264456002190275
4.372475762914884	5.65715256721504	-2.3793029759699182
4.50309079972995	5.723142473463521	-3.4435077644014673
2.9542873677545245	5.934383115708529	-2.639157395084382
3.3344161045463068	6.51196744797747	-3.4930750928711265
2.3936938935111955	5.60066978010476	-3.0615114328857658
1.5111442225931715	6.367538262132942	-2.832409323639033
2.050062776043158	6.442589950796663	-3.6749275398790466
0.6191282850247087	6.0447462606436115	-2.5714720858104094
0.04038489927433228	7.304288047973427	-3.5346640344518283
-0.4212683356056496	6.072399779934499	-2.7262276284615536
-0.4637278947065351	6.006932157661744	-2.0488233634891984
-1.1596812596392563	6.846789192419358	-2.7212727805439227
-1.8812362500361264	6.0255016764156295	-2.5727806762074685
-1.6633647050817724	6.705021282084312	-2.441668000459317
-2.388024054308202	6.477225953878445	-2.3515620074947647
-2.788982155617014	5.852718249523988	-1.0662667305058071
-3.6996640972809822	6.3891572739481495	-1.8840455903727478
-2.8510557552344418	5.234868160984203	-1.5605985582781745
-3.2446018448646434	5.01559201100274	-1.0478470121224892
-4.145642196630698	5.5798760253187005	-0.37757339012509605
-4.838602365868553	4.876649265989608	-0.5861897124534221
-5.12140028584274	4.795658171284189	0.9606061611752508
-4.2255664691537955	4.045325233707474	0.7486504120290564
-4.317905711422405	3.5937312201630487	0.5768260854840764
-4.722574853261469	4.3395887367270545	0.829887842562146
-5.360913381589661	3.0707318962953485	2.578456889045344
-4.232302848283821	2.4489652881860224	2.570107277271121
-4.359163605606075	2.3995646688388734	2.3671134716202107
-4.759025976264467	2.162233498876617	2.963109179659627
-3.301828783457596	2.0848344124556997	2.9002539574781463
-3.455765064071344	1.5932909401997717	3.657800647678507
-2.877008069487534	1.739978144825185	3.2714472745204657
-3.098817323702144	1.6256841296194062	4.186552711731228
-1.803080503344238	1.3671538715801654	3.639182351311534
-1.3899442264442117	1.0032929721030477	3.582898672523898
-1.0099204379621753	1.4550650856904488	4.456946881770722
0.05216079934425255	1.2022041387162419	3.778747646099898
0.08199095184317617	1.3501273065757162	4.657159465845016
0.5643194954496005	1.308875725290371	4.134499013971807
0.8043145115984325	1.5137576000407045	3.8889955316399547
0.8050028906431881	1.6953429201115129	4.601890076476115
2.178858226450128	1.7614486863494365	4.170199818688811
2.5185274188950597	1.0504881937636492	3.9364452773937195
3.089933671342715	1.8880691759401267	3.470290535120821
2.9677368392806476	1.9481711052580024	3.4368344829362196
4.12066933469203	1.3172916718075012	3.8687033856728634
4.309574975466219	2.0829109225081135	2.8606992029785836
5.102343154670247	0.9037992116645115	2.6816309245762504
5.03441525215605	1.667576861771488	2.6248916896784706
5.170668791041654	1.1806407357646962	2.5017887211025807
5.215012858544756	0.8585946213968003	1.541690171752899
5.9961303728258715	0.5014588013387584	0.8779192582353565
6.216152688173971	0.2712168404159896	1.318185762208092
6.048625421405145	0.6500129369854852	0.7576418852325261
6.5269610219333964	-0.33646216085251723	0.5176855860821844
6.8654842523655475	0.1472731612265309	-0.6800761880074478
7.5626783795948	-0.9961451350216046	-0.4650419843612523
7.1962513824475565	-1.3221417238466495	-0.2835254388445356
7.741284760377192	-1.179562014236809	-1.0646287917114894
7.534755971587958	-1.2534390095466756	-1.1390791806008105
6.834656689338903	-1.908846827491898	-1.0775342117445956
7.427868050651848	-2.963084392218135	-1.129421727446415
7.014203221349403	-2.4481726057495337	-1.9985433234357777
6.845060360212816	-3.2878843747922577	-1.340437105440525
7.139394765573643	-3.811272593606207	-1.6998299438949611
6.6401974177574346	-4.440988476229396	-2.322306351845936
6.525318200541081	-4.1630890764188	-1.7760007600240075
5.793186417752411	-5.216809125159449	-2.134771390389069
6.192887270315276	-5.324431201035317	-2.2107641298153027
5.218272681231487	-6.0840329764146945	-1.6440004797214325
4.8275948091344425	-6.614060564762596	-1.9562532012107354
4.09699749490759	-6.623485623270156	-1.7370075513104946
4.2225204876757765	-6.267170732892186	-1.7019217093665373
3.7758983427561277	-7.04485393571672	-1.6798456220079507
2.8830495216298573	-6.7202155753480115	-1.3196461791370506
3.4215620372561366	-6.677242330867377	-1.805715156716769
2.57752944730873	-6.527862308326219	-1.2967424659835887
2.279965359309511	-7.418524202959763	-1.657969362811258
1.0246631120321377	-6.068603166303074	-1.229530511868557
0.9694835547806933	-7.125348677415685	-0.8389739866061043
0.6302620503179295	-6.586053122305469	-0.6509754720851652
-0.16664266031154124	-6.935169507952639	-0.056518978428997224
-1.0768609004459773	-6.058780036480115	-0.595103940347473
-0.4755294332025841	-6.821627155023694	-0.3840606112552962
-1.8160412896408806	-6.091254483430959	-0.5437948858916826
-2.2479512057942235	-5.80633498055722	0.33044408888640797
-2.316020300719515	-5.470616624749394	-0.6080010299230372
-3.000201229330731	-5.280498693650212	0.45032806571584694
-2.6727382039427834	-4.513621709476433	-0.6366504948078429
-3.3621013808200386	-4.005404726275632	0.08224482614877404
-3.1186014363973853	-3.654430970208036	-0.43225469808770844
-3.422417228645954	-3.720364445741363	-0.8375744599078097
-3.9236044835684627	-3.6085895993951747	0.2382081948242878
-3.406492848567238	-2.818146459831553	-0.1563713935590172
-3.340622110596032	-2.653011238037321	-0.6814409442507057
-4.327415003181953	-1.9344769182995765	-0.9549217506679586
-4.26105694761344	-0.8321405513815305	-0.8837355702680028
-3.291864108932578	-1.4809697106897877	-0.7659816690707282
-4.117632945780715	-0.4683375546246664	-0.7885596812316658
-2.9533801486407905	-0.047072050963718914	-1.9257468076523387
-2.697611300011693	0.18718511671437793	-1.8888682424688659
-2.7517522304580293	0.520625787341223	-1.9236536029424052
-2.3532169502467966	1.3513143108098997	-2.056729528829812
-2.5845391418972357	1.712587312531151	-1.855138908743219
-2.9085997753171875	2.2173248755089934	-1.9867313368879642
-2.220541799393606	2.5442052368212886	-1.6005640208100282
-1.1035057368655343	2.4088642175142554	-2.038526208394493
-1.453331224073083	2.7913175089051734	-1.8362661228158106
-0.5888616956651899	2.949205902278074	-1.6582213239564234
-0.2568899520036726	3.6530807309080666	-0.6788585712819397
0.5425821439892974	3.2818852649684804	-0.9520526578667463
0.35157077443829515	3.6428909545373025	-0.4979346065952634
0.4966101392223006	4.736860279206818	-0.4848673010636889
0.9031002804705333	4.538043422660409	0.1138864279779932
1.0742615536483708	5.19532861171993	0.9437086246281394
1.275523747436481	4.566227324384625	1.7198734840586734
1.6354328109884313	5.023634944994603	1.7229068072698377
1.8709453315523734	4.981068221899028	2.2581305462297263
2.655244328956224	5.257601789038418	2.1156034579481577
2.6496098262590815	5.8283742813473465	3.162671619020633
2.822554934714076	6.890729588241974	2.8261456140338135
3.33986780706695	6.883821630111765	3.093627987335296
2.8538389035050753	6.8009411643949615	2.9321083381638724
3.2378116722823926	7.232573837001039	4.038282591920997
3.76915636755484	7.3400578833756365	3.9721679987959306
3.7366014068519773	8.242951480893305	2.6901101146236135
4.0619336170756855	7.885169731480359	2.954103256236076
5.3121810785656525	8.27669232431765	2.935099941179782
4.825842702942937	9.417041974560645	3.3204557591913293
