5.000281525471694	-8.969406921706556	2.9930566723337213
5.108888283782648	-8.016722482103761	2.0603932806402483
3.934985603515798	-7.809141984132109	2.5960277253262523
4.347273492765853	-7.345067610818469	2.402316158510456
2.86571638409308	-6.457892797631609	3.3577973300733674
2.8654105718728697	-6.552826752348017	2.7753485621665566
2.4914857758514857	-5.411270298068978	3.238320389134835
2.774103516222738	-4.801120245827908	3.224491973604038
1.4687405596071257	-3.9460872981335045	3.0418747663032084
2.5719162127974435	-3.450770925055667	2.4656623489372387
1.9595033294215485	-2.4403525598731592	2.503449923408028
1.747649345434266	-1.4495037177120582	2.2782819796234577
1.6924692604722043	-0.8971820618935071	1.6870920351971432
2.1770939490483667	-1.12127415279225	1.7097839284985215
2.245686850362156	-0.4109141114362954	1.4648467468347142
2.7594466550688757	-0.058841689890855586	0.2034281243622904
2.5494152467122007	0.8742411981539475	0.2101942504414166
2.618245079013776	1.935389217264257	0.5352470335100041
3.5563574342331545	2.4951911148702552	-0.2904777991150674
3.6525041862951984	2.4533952406590958	-0.060206097813958026
3.227617458556446	4.354198895719842	-0.6155391215096447
3.895129150020642	4.95100015288574	-0.1523785474093542
3.8650621614713474	5.374845903969613	0.34615579869501345
3.256322350059911	6.395167797736432	-0.595383047060202
3.896367195263238	6.875176715196368	0.3024158000288071
3.046806194656902	7.962903018383299	0.5083017813922523
2.3373271555827237	9.104563687154378	0.2662859791994193
2.0745281297182014	8.988096146261388	0.544858360675111
1.710244233875616	8.66140940187932	0.666094366497637
0.29526053488977877	8.183772945104064	1.202343827453852
-0.4495638409688809	7.849127222640704	1.0812799116569045
-1.258211190322409	7.330151196750067	1.7444015095896481
-2.1158550821219726	6.311722357539098	2.3758108311711394
-1.319771864152226	5.34631554990606	2.4196054898909876
-2.106823276260689	4.379970546321142	2.9574542269863215
-2.292805378408317	4.303346054903605	2.424873740134143
-1.5702450925095512	2.7847429458250423	1.719723206130409
-0.5522376137808562	2.5929568554511127	1.2129696397395975
-0.19238110389828567	2.5669880174609583	1.067780129932201
-0.8953090479878456	1.8031882165354243	0.7114221554020655
0.26351651007733135	1.7589695536383712	0.2699660024104167
-0.0029647018895706534	0.48340313002124863	-0.3634746033026495
-0.2366281230819241	-0.1018721221216835	-0.5665411599711794
-0.3123571714637844	-0.27684445657959056	-0.49122449820860514
0.45923028556410816	-0.8636556125352384	-1.4123173340796424
1.0780389389927802	-1.6184476565158665	-2.0920401095086207
1.3411323009336282	-1.7908206011437877	-2.209078629447187
2.628257156877285	-2.918885148280126	-1.3083390087342013
2.6230576964386443	-2.428976304977607	-0.6877571933317406
3.2641567154518265	-2.693930133723174	-0.26890040030286655
3.8463071834035247	-2.789322686602791	0.0988282623440645
4.641838150529146	-3.110990999912411	0.7733232811900601
5.392069251411932	-3.066154455155489	0.6040712595296525
4.933464314951869	-3.0001025221958213	2.0195103510200894
6.5769930812949	-3.256598628528435	1.1718230696580023
6.408314870079151	-2.8304668489472253	1.4650984352141234
7.1612864749252605	-2.520098053908369	3.1003531236479445
7.606062297361909	-2.13980786508524	1.796594390512614
8.32376072111112	-1.294876725306024	2.2384874088483224
8.145079225212134	-0.45946465360729627	2.2671894312377088
8.883983217540957	0.0046441581229133555	1.7902887997658974
8.567333602167501	0.8436421123372424	2.1348066408921658
8.855502498938367	1.4295829493882708	1.8443950643678368
9.852045471410394	1.5670003790893754	0.6453739198356792
8.81619519646249	3.190684767059004	0.6146845192927435
8.408724427788629	2.7164333083391403	-0.15279878884736908
8.813489769192122	3.7397995547515106	-0.38519958916188946
8.456442191649884	3.5659949215693323	-0.5024347713517499
7.7418757455543386	4.511865033661947	-1.0334608634891735
7.085486272692589	4.899145511125116	-2.2731934370574387
6.729559196878546	5.31012188320054	-2.1682075424438922
5.617244630906128	5.515168316507684	-2.328346793378553
5.022161848197274	5.755035143941929	-3.2911286587877453
3.9906698172406045	6.372603169509077	-3.0315596188570937
3.511921192847447	6.87498908970999	-3.345733389695074
3.4510953446864767	7.159840312439471	-3.7684646193850804
2.598782471085869	6.4236769471199775	-3.2415202030752366
2.749426082720347	6.463411762562492	-3.2494777915957442
1.2143875614245578	7.897294815505996	-3.742212682020202
0.7430373612836095	6.572596176286089	-3.0970203704902577
0.6097312155774002	7.759118681655526	-3.277846721260659
-0.893924820434094	6.677285749750823	-3.2292075965017357
-0.8155897508527112	6.907487302339641	-2.4590780866873536
-1.7399897431498625	7.142981782377271	-1.838322218603676
-3.0156923461546463	7.359871405532519	-1.2733492447754897
-3.619428206822945	7.099994128255551	-1.0295626157993996
-3.481773101308798	6.6180757447102305	-0.38487910124707947
-4.703985564873389	6.036700123236305	0.8116998551330463
-5.391805601843185	6.7212897418468724	0.5043913460790879
-5.9849650439703375	4.485389613807945	1.9452757859852405
-6.058501107387848	3.421088820928241	1.8894745180042047
-5.164439533182671	2.5102717220513213	2.7427625418044705
-4.018375876567681	2.0111966120391154	2.649909284559394
-4.434916989762195	2.3566454924501725	3.817797052219604
-3.8096404673759046	1.159344799310743	3.9550732614968687
-2.9004057916534745	0.5193774038657273	3.7795328507432084
-2.550903867929491	0.384756034826051	4.369317261142587
-1.6965683612711213	0.8621717471543575	4.125724337149155
-0.8501938594375626	0.2984448128241735	4.19143529537907
0.23807439963437604	0.1565246855664982	4.144059474647303
1.1018183347153625	0.4415551609831506	3.938348078405224
1.6476684420633263	0.19847300693083236	4.219608315171493
2.784144292642615	0.5608488322617238	3.827509053103213
3.620400789731038	0.9060389993427457	3.1589704335334328
4.803026100594428	1.6278019127941121	2.9147771363503914
4.890621468890306	0.7087008908381319	3.14466195282788
5.316232104144818	1.4548258834512477	2.0826400148072013
5.683713851004922	0.7555974130053708	1.037438208940246
6.588697591750418	0.3285399479373098	0.9849429555962556
6.532144702100772	0.04750767979951109	0.5676208824324849
6.776032488697101	-0.7029989236955548	-0.6799193195164226
7.330080206325281	-0.8431144428125643	-1.301912775834587
6.9300160741393455	-1.91264025025128	-0.5556576776550319
7.792998513339576	-1.9384014115715504	-1.9632511741499075
7.101656266616338	-2.5521408821400624	-1.9179234247320824
7.421652066559027	-3.923901785146222	-2.0140394892999876
7.359116345717199	-4.267119926263248	-1.9034752069934011
6.449769984116829	-5.007405643446406	-1.6568260037647784
6.445469842193778	-5.472816726435761	-1.8738878555137408
5.091498294098854	-5.265994733725639	-1.880649839916218
4.489264920400947	-6.683219232628484	-1.3415742293626562
4.129233370153419	-6.268067461907274	-1.2033412333408937
3.013717562847118	-7.002648829134737	-1.1677516421541823
1.9349332205096395	-6.198114242155807	-1.0527676355410203
2.3209798768343357	-7.131407574962455	-1.3886624391155564
0.4653212990364697	-7.6741429497163	-1.1464774824331314
0.47599162427755737	-7.30078189363348	-0.7791010626209767
-0.14358205783362776	-7.528070876081645	-0.6032172724992968
-2.0557803330033213	-7.356236962502201	-0.3007195062644187
-2.2363031197144774	-7.112148197693096	-0.41444440873766714
-2.9312139890471087	-6.208360808147915	0.0925820359197953
-3.0125938493949946	-6.359461990114188	0.16697376786794277
-3.4728656290577913	-6.009031793330304	0.1628660179618604
-4.8932292963817225	-4.190358533103651	-0.15687407431526268
-4.755533369763183	-3.855705915333764	0.06312438180621405
-4.661099383595937	-2.747356333511492	0.004835200394639139
-5.106203660758837	-1.585603267409186	-0.8975326620644871
-4.418180090902502	-0.593802522441228	-1.4486140911069327
-3.602352967456314	-0.39040136876923703	-1.4000840781658683
-3.7610749582506013	-0.14520462677029056	-1.4213031877013134
-3.1277358605192713	1.1702383298891679	-1.6603473954134313
-3.2230160447379683	1.7361484238596754	-1.4332197293703366
-2.9459771608583876	1.9193827780642545	-1.5283212568738143
-2.108153220130111	3.1400289495536313	-2.0225191944218155
-1.4108158510085616	2.8311232469291965	-1.772053425254183
-0.544610630816776	3.6162660025035427	-0.7606333333842624
0.21216394100322555	3.830982143670093	-0.6447910670857957
0.2897627725873988	4.815448117212462	-0.301284549740031
0.4539704080010113	4.46665107054364	0.45070514999835964
1.7208962327384527	4.785014612080979	0.4987938541731708
1.5122515912198127	4.548012508547899	1.7649396515414681
2.4024856504426095	5.972061458731756	1.8989313298291257
2.0912936024697517	5.902536783562248	3.0303871346141773
3.063491693815407	6.827870417589411	2.700941137686442
3.8572625526046886	6.541382956199437	3.29790932222499
3.3640716302161366	8.356050481230676	3.023574440746692
4.016258453072577	7.802664343157232	2.8244611247787925
4.110867481919443	8.206608645876463	2.737266062608238
5.60461281113065	9.111029263509538	2.4778465721380325
