5.033875044543155	-8.66681892150736	2.4888181392729587
5.247315566370792	-8.370609512616044	2.2808348849895523
4.3304694927471505	-8.086455026236203	2.7537084874284057
3.8909771055539304	-6.917881661133282	2.5518612884534577
4.365682432970163	-7.566737159153437	2.6238121379892974
3.860239855627363	-6.570612186399621	2.8759717251741206
2.8721125447487643	-6.310282702611909	3.226815397088825
3.379046591005114	-6.1773869106426185	2.523651736618802
2.4214241123469056	-5.988039658627223	3.027175586418241
1.9351416279393283	-5.352710143409961	3.751089352917244
1.8090125643646293	-5.168655835744194	3.7896875030500707
2.357716107066505	-4.492333046156763	2.9791919779733695
2.0276796477068055	-3.624210290374106	3.2110398514079543
1.464992803114327	-3.385896647763752	2.315423807759803
2.6172684007715468	-3.4570450460607116	2.1330719807937237
2.3233695818968085	-3.279870952526982	2.0325830510771845
1.3989365664574145	-1.9775711976597912	2.286504204215607
2.5449780253707925	-2.3050287903355775	1.9285510640686394
1.7420983267227312	-1.8550713335022777	2.1345807233764624
2.1052493193906745	-0.8586697306865726	1.2842565768467713
2.0797826049055272	-1.122615835780874	1.1647211349886728
2.3200994657140246	-0.3737790187757269	0.662451472704418
2.8060445968292167	0.2514389421601625	0.9432005007893262
2.7802649670991695	0.08156838892215253	1.2035404781124435
2.4794952054394686	0.7886702664067021	0.8408360274904628
2.6697791465878034	1.291295703689378	-0.23537812797762198
3.542492441573997	2.160081445061128	-0.3224791882678652
3.739541079769081	2.2808538604724515	-0.606416630302836
3.3488076083012945	2.431432915863896	-0.05662114042015076
4.39319277140068	3.187555500541005	-0.5548872545459279
3.9229238652819785	4.156849307825061	-0.24335935433572498
3.9903387800616437	4.826642737634197	-0.5263297842708319
3.3980966386048226	4.958632674161707	0.2982535683013685
3.890087494338882	4.756564314595796	-0.47782018965434786
4.250404524459084	5.889268779039791	-0.4503653690618167
3.3014145900859693	6.432019158541851	-0.5699932784013938
2.7737948334140103	6.535430224692153	0.7803454527485169
2.6998907882276084	6.4820867759060725	0.8394780804638001
2.59601631151999	7.683243377145438	0.39783727492843346
2.8131067633068145	7.455169269964799	-0.20045215641898412
2.2194094463612046	7.80532108536511	0.7577718535459732
1.8358901048863951	7.6121934244186065	0.9338761901864642
0.562689807407766	8.126413711980172	0.6535348206934256
0.4479635098961679	7.482749560884936	0.7299175478468399
0.25024966754681977	7.792704943148209	1.0330096921767162
0.3899262889315155	7.121956498549213	1.4802013110303487
-0.8406078749284842	7.022443957627976	0.9727286357661903
-1.460498571096737	6.415773031419597	2.1162079545108012
-1.222218825231906	6.636788456406764	1.449076650765079
-1.0319950289964885	6.4065632745854	2.089014453003667
-1.5297604415686923	5.952066132848544	2.30295534297899
-1.7694232054871728	5.136888356866198	2.5297432074458475
-1.4458571761789445	4.70856313528505	1.762317831768324
-1.5630880033975885	4.019280868188236	2.142103438519854
-1.7517171929284487	3.435434546040988	1.9977660551972423
-1.0292707753116448	3.2061319327125526	1.6804637820023558
-1.3618955206519958	3.267522400408397	0.9858600504892809
-0.33488012485174057	1.8086432295335095	0.8361599196470496
-0.3922025171808079	1.1999246040790497	0.7961395793895134
-0.1881534064524064	0.7459842710308641	0.4445941302185215
-0.11459604606197615	1.0175126451378396	0.5083467263590882
0.25606347458798173	0.25499368832458286	-0.29810818983898213
-0.705854141311931	-0.2599661960408658	0.34670390559008235
0.5047331867925703	-0.20710856260429567	-0.8488582771328739
-0.1283812510158771	0.24130811303239774	-1.2443152374984214
0.3400695342324093	-1.0862963884167418	-1.2621466026951151
0.540080191192274	-1.4434014085216247	-1.4598034747344095
0.43335532696306367	-1.6546691031989864	-1.785313047189419
1.0673925105848725	-2.1026630436404163	-1.5571510749111446
1.7907037018072482	-1.9334624169522523	-1.4087704008432902
1.7387120360092698	-2.2258444026247424	-1.0340823937872818
1.8737015403774855	-2.9936829806186345	-1.7305220620668107
2.888297502016213	-2.5137554970023706	-1.3866796656503826
2.9113905952278856	-2.8437038754665966	-1.353733072634412
3.13478283230778	-3.503867148663724	-0.04745736889713248
3.5894854226438273	-2.913311017672007	-0.24114180921028983
4.8280087207600975	-3.593623644933046	-0.514832617622015
4.161387172088408	-3.5568758796073103	1.2197807424120644
4.601558756361747	-3.5398647068891704	0.5159058353736731
4.794409136806205	-2.72598658548337	1.0487267165524605
6.117302365537313	-2.5670741000698114	1.1201993856263919
6.77649535803997	-2.6517482128612246	1.2481234177562608
6.713925705512725	-2.8416466348156386	1.8786849160269434
7.132724546539539	-2.692246206379848	2.4166062465630196
6.865161747231579	-1.9205221521224245	2.1082999925995423
7.698644980418521	-2.2860192349081103	2.644190912923195
8.587273684833644	-1.869902843357208	2.675212287985339
8.141182385738807	-1.0584620371775249	2.382976326953276
8.119635035553918	0.19863287308608157	2.1277062875542767
9.430107406743067	-0.7712518729625937	2.3943410326473518
8.507078574327316	-0.055083347832000806	1.6177912806963668
9.396951453744562	0.45235225898337766	2.4828579463380196
9.58037939587151	0.6610507772729317	1.2357434496875612
8.743604250200434	1.0927723042592703	2.310640438268202
9.037140514303339	1.384594363037375	1.9193060538148288
9.441545688064265	2.656727149106959	0.7442686778447183
9.39188267266957	2.230409096391967	1.1107197533093938
8.203212268898731	3.1077870845336846	0.06816739651646736
8.116566385875561	3.061446199089632	-0.3392209252238966
8.416169572374475	3.8716942507749152	-0.33060313773633176
7.807483069937195	4.076947496231879	-0.2815239590857377
7.800797833339133	4.632397217475422	-0.7258741290045024
7.6041802508622425	4.130905034880757	-1.1491691327350064
6.823463072523715	4.7395232304525035	-1.9800595783834138
6.62021406695652	5.380328429566418	-1.5855625648108305
6.859468402296809	4.932845974925393	-2.0182269675477555
5.276721207976929	5.382781879184065	-2.0506427764883135
5.096796732025045	4.9831382920011915	-2.6673632023575538
4.588816279121281	5.691658267470025	-3.250745630182047
4.151989599131661	5.978802042459041	-2.6391360085608233
3.605618474481855	5.59130412997395	-2.2732520913371737
2.953155378095358	6.0902200919284875	-2.8756700065236913
3.0083592757883504	6.089930691405013	-3.3480912472992244
2.5448017145167348	5.876771205145595	-2.7197302763869744
2.3821395161673937	5.860580791052392	-3.2527561111302026
1.2683271693897564	6.244021047138019	-3.6510632802679988
1.0000814882948958	6.847827476130467	-3.4940781613848726
0.5080043767962443	5.912016224545718	-2.9059834321667903
-0.3569583375661953	6.510705246727309	-3.0339502570965795
-0.3143723908221754	6.209054034386468	-2.951691948133128
-1.627957747250957	6.737975976079196	-3.1178312349173156
-1.9197035715195192	6.255185747250698	-2.0652285339632104
-2.4150763071959425	5.876229271295331	-1.9700656808040549
-3.033826031724346	6.031033354554908	-1.9077522310384054
-2.583439417424956	5.73456868531617	-1.292917986447113
-3.6338075164242003	5.434654147774227	-0.6681591489404037
-3.9694157439891167	5.712814434195181	-0.8188452895859198
-4.377522172767467	5.593490165411279	-0.06192791359069738
-4.736533453625936	5.4897151673174545	-0.25221958486740115
-4.226706841763911	5.332875208282197	-0.5613879018938817
-4.634924189471974	4.835385021941975	0.25515437037846445
-4.819643369673598	5.118274149936552	0.3049792275821936
-5.279257208842781	3.867137975168872	1.1598254322434278
-5.140174578076686	3.2813065403420767	1.5122993272921033
-4.058505491201862	2.874711086965832	1.884263544197332
-4.316823323938104	2.874578251975801	1.6840254718821162
-4.264475557100232	2.9132745219972533	2.4387597933789085
-4.613911546548428	2.8846709218218507	2.6064226659242644
-4.153724104615161	1.8661556783225763	2.780160746971107
-4.056750060792695	2.47464252831598	3.161618778152583
-3.3468832638421513	2.387839929097811	3.4459555851394317
-2.2639946808612477	1.212526936264692	4.119639033434667
-2.3132811393935664	1.1998479235733366	3.8275043048022495
-2.2424415881619986	1.2237128620541993	4.510705371186288
-1.3753684784060283	1.700299637658704	4.153798954544998
-0.8346567503496809	1.0083290476351188	4.53200935894431
-0.38324949615745396	1.0115708069518665	4.1599306913227165
0.23434780432782248	1.1181430280335813	5.0218504110554845
0.8061785802589143	1.2423809128285959	4.724681726323557
1.2774501588933864	1.431958171637351	4.742513119469367
1.7917409392098556	1.0129304509509214	4.374922180826023
2.0451182371420393	1.4559376876369308	4.601350871167224
3.619713465239065	0.9676905006511086	3.4448246279160064
3.6445114141572503	1.4967872122876233	3.9470364198780574
3.3272732067703314	1.512781366300018	3.400891243369583
4.589436460462796	0.8912879167380057	2.859337101829068
4.880628198763454	0.8270681201733814	3.2251071945112915
4.691694284045225	1.0444985931176374	1.9983356880981107
5.623605681173336	1.089540801454885	2.556578113634867
5.176431507120725	0.447594051206803	2.452525192346113
5.519210268614164	1.2514029944324288	0.8247896033635966
6.383707346906664	0.42478473503596814	1.0552156111259023
6.433239156900874	-0.13072490697331093	0.5892897554902526
7.060220456417736	-0.0016280924004433706	-0.08992713923704249
6.812683414120809	-0.19191350329719514	-0.6498556138891618
7.009920928706769	-0.32995286155326076	-0.8308894587386864
6.488810440209287	-1.2990329625535537	-0.9483225412582943
7.407007419851775	-1.4047203224586147	-0.9208248072999348
7.901665567902512	-1.9193169944595756	-1.1297817148589238
7.222070616524436	-1.3527394830556756	-1.8372444322794341
6.8020222358673506	-2.872062362525198	-1.9180859811986668
7.164019994052957	-2.887128029909624	-2.120171314183789
6.716844811662257	-2.7358362766554567	-2.1706217650549084
7.2394656357835165	-4.128486545756647	-1.8349673544642675
6.980338557193649	-5.0265384083435025	-1.18417249197076
6.397911007432333	-4.601561319871306	-2.071962914601036
5.9464314473342235	-5.50491274055023	-1.1438933080586327
5.349283924159302	-5.676383805451455	-1.1016555180010439
6.215931722947216	-5.877758887523368	-2.2435367468250105
4.603572489446333	-6.270664955656378	-1.9197239425004318
5.251141777685774	-6.884141089644412	-1.5658284042397514
4.41081999112512	-6.1023441516169115	-1.7249933038618912
3.5005718041147826	-6.125031916702127	-1.2807894412516827
2.9897421613600845	-6.6671974704876975	-0.9177004618860498
3.041065314699147	-6.434782435633352	-1.4844043930504367
1.706819483507279	-6.733868077718432	-1.6087200210916694
2.0079262975706804	-6.527406710916072	-1.173607739330858
1.2687634777182089	-6.400639803888875	-1.6223549843044023
0.37280684883526766	-6.980464414351622	-0.2669287184378024
0.7673822009331328	-6.72367820078081	-0.5989731019302099
0.12173148608520701	-7.159125975609399	-0.6114227540473327
0.11867472450764027	-6.781878045308192	-0.9589697451052044
-0.25887505691678436	-6.534699977374917	-0.930630230456872
-1.4466062191187363	-6.571113351822236	0.2138948824250576
-1.5293120402653737	-5.990048127759072	-0.6531930660177889
-2.6920374403263514	-5.474117391221722	0.031022464794961846
-2.0678757418615907	-5.209656341948404	0.02246740887410159
-2.81020969296061	-4.958543757280081	0.27464505222951396
-3.1021475841712234	-4.642013585479685	-0.13527730674016725
-3.295223499980337	-3.4351598606959453	-0.29092682374690715
-4.001304294108856	-4.216665289083489	-0.7319591384212045
-4.176363931641099	-2.8233914835444627	-0.35718891844489964
-3.9166178923013595	-2.0381006375330104	-0.7686177935142531
-3.6166331394022606	-2.7551363147915477	-0.22408526474924928
-3.793218630846538	-1.4820970669304898	-1.0851641616907832
-3.3123292906732194	-1.6851744828639417	-1.3158446204668737
-3.9191063116630547	-0.154047259667075	-1.5474877658982515
-4.039894017019472	0.24096104948650354	-1.6421613763595828
-3.2662467608513444	-0.1534562857758492	-1.849500632931848
-3.8560192452329916	0.5699674567003861	-2.071356721890052
-3.577908180324866	1.3172248085997307	-2.0034307068500845
-2.6063206676837245	1.2062307057147246	-1.6707939958588647
-2.614163842553114	1.240241398076927	-1.7583910768391329
-1.9237282502564494	1.663013671242931	-2.170159650814235
-2.2420342270783356	2.6953601183731526	-1.4122357009359916
-1.943509360814754	2.7700370393568785	-2.024491362243309
-0.44484731006048794	2.8413945203682527	-1.8380496676561107
-0.887125142298784	4.024999232680385	-1.808450787762931
-0.805682898228071	3.4343117808014014	-1.2916726028765497
-0.15646178928315535	4.326924322896941	-0.5010817135505663
0.6182156384159088	3.590598061560183	-0.8781440808973565
0.35795518373578045	4.347836698349278	0.6864897620889718
0.9557060648400719	4.892549288791612	0.6020937649994218
0.9110000021024877	4.1689036118079486	0.969452264400914
1.2690974620372708	5.317464188648348	1.1790361972669774
1.6830694631209027	5.054070450808156	1.995464162207401
1.4691377167395034	6.138824172153525	1.8337550205091375
2.6495113488529274	5.2205065196860785	2.7095635503365507
2.0342776794145103	6.444162174094961	2.466731369707732
2.114681519354062	5.869013204476792	2.6540693312720034
2.7309227705984696	6.749816925427546	3.219663526719062
3.69710138984459	7.376471567119273	3.0204289231969836
3.000860054213939	6.880200884970405	3.2862582157084086
3.8622890795897296	7.130349697911784	2.753520103905933
4.935094321400307	7.546527343032748	2.9071468368277347
4.524999287430883	7.912411079125705	3.455074617901852
4.548189976215113	9.57343472570097	2.4912001078716393
4.864768653381926	9.32509435848225	2.5160274980233814
