5.057608453243048	-7.590412805839366	-1.075817990084584
4.442022560190684	-7.056505640754444	-0.5285877131273995
3.991943269396392	-6.575198085882797	-1.59333148287708
4.308423420614364	-6.747902101862984	-0.9764950388555076
3.0003979425161815	-5.4375308935560245	-1.3552827737874549
2.5713310406718963	-5.123384905430502	-0.7481503403012573
2.63432505063541	-3.922468258594374	-1.6450790038857035
2.975336690002896	-3.3695565516090564	-1.76564365473879
2.2162766746673723	-2.7225760557325667	-1.6058885983025808
3.4292026924573067	-1.6402729435769021	-1.1607155611507665
2.8385692645616865	-1.3099967239870463	-1.092371031889673
3.0330645863426757	-0.41028438360510655	-0.8517695493442059
4.241729450704789	-0.1711558644870057	-0.4503717671658203
3.8655417388841915	0.6010109243648515	-0.10882265852436329
3.9432423715084246	1.4394039900142412	0.19876042337985322
4.015397172148843	3.1803482374235252	-0.004918822853068022
4.384449551629261	4.211154674741954	-0.18448689325837442
4.604539547874057	4.472872963853719	-0.03508438634126676
4.905617265513058	4.825590247649399	-0.8066366100372571
4.127320892618812	5.282318471881524	-1.0760645609968935
3.8105323160311015	6.3979244065804615	-1.7326154261816542
2.2425321426450506	7.3625127997708235	-1.7942787703231504
1.5710117168565079	7.933575970346885	-1.5489488423236126
0.5974501489208193	7.239841076451361	-1.242789021552491
0.2207765756646765	6.3097628130976675	-0.9607416073674111
-0.44237393137567943	7.109752114222355	-0.8506461497935172
-1.468838882730769	5.785792405636544	0.05653313003707816
-1.1008981761726795	6.761272089078455	0.016934346587532456
-0.9198456515789221	6.208608724277388	0.7110587306007797
-0.5364266948101499	4.530481590944158	0.31624440432734524
0.10955171899090654	4.09364647809392	1.1126061315881817
-1.0947351573163988	3.9472751659608596	1.9683301285590664
-0.9377048958881775	2.623311439896006	1.4108865394239698
-0.671160384676651	1.608366832832279	1.9951430709286702
-0.7163279561022022	1.5135239113327943	2.216893553149318
0.41961929589897173	1.0354502346775107	1.9665597463689508
1.2693671753620608	0.2809940874839094	1.6722657849332574
0.7531872345336679	0.3824742116046534	2.6710165001640243
1.6442986550818484	0.3661354169864782	2.1030303663382206
2.7939962826038736	0.08207789414208577	1.2516012774585252
4.420292377394613	-0.798211759572951	1.6014918304103158
4.453728455684477	-1.7995477259106532	1.0978940289091819
5.6766382051808	-2.4812459868358454	1.0298589311384434
5.093701372056078	-3.0322812287183782	1.2202454419241608
5.341233614071119	-3.6425838534612915	0.4668946384380462
5.580670114666443	-3.083366686087261	-0.43054801120303743
5.74820224736258	-3.0923794461652054	-0.5850304062104167
6.935108511175505	-3.543181607613848	-0.9063813221424177
6.598336546990028	-2.617901815656529	-1.8495516179770886
7.131126990985696	-2.361628071635615	-0.7157992051177426
7.333565501858827	-2.090809944785428	-0.4295863666086859
8.007266132188112	-1.3411246742896037	-1.2537981176061617
7.620916031896528	-0.862459901321222	-0.654519099411706
8.075565426358823	0.1412097375335586	-1.643688276878
7.666121921510958	1.7342258107642032	-1.4714396083367942
7.399906370051401	1.2869850664533196	-1.701954324922397
6.474487987333205	1.782390071191438	-1.7843522209781748
6.388950915486489	2.7214068552563364	-1.9048588361579375
5.835778204280148	2.371070396271243	-2.8483463308189143
5.152265265426212	3.2767566087155764	-2.6339270741683767
3.610269290550057	2.1926665472873976	-2.360248391260664
4.191096789624341	2.4582434126205506	-2.2104759514352157
2.420533999374726	2.604073273678588	-2.161970573561965
1.6662491041923941	2.4214710439344533	-0.9114585322422986
0.9187135665868009	1.457189147758637	0.021623247307239746
0.5255581999422042	1.6230060243250555	-1.1692521991565155
0.06967609120647561	1.8892620893291323	-1.5035118927283406
-0.6735262845428582	0.6258626045110476	-0.9401520007110162
-1.4410524135171023	1.084690201616252	-1.2449032657148744
-2.082600125584851	0.5200545210064655	-2.0347818701073757
-2.312547504144681	-0.04611039183677126	-1.777366808410236
-3.673855534336969	1.1496440732626234	-1.9573854435378182
-4.595421800609503	1.1590249405288273	-2.110868033162727
-5.0120654055891105	0.7386973141220144	-1.3766019556335145
-5.4038387777790735	1.6219862854604787	-1.4658241998866455
-6.855552567261383	1.6698161691030762	-0.4282336914494034
-6.9848004870063285	2.2142937116906225	-0.5897856048556507
-7.218499758729082	3.6403595360273138	0.3937382555325608
-6.457982891687291	3.8497742765246956	0.4736997233871781
-5.94900346548151	4.553335586533822	0.9086698983339848
-6.1325351386439975	4.832195642188293	1.2826425081323465
-4.760758859434943	5.4757601701546355	1.4295196663639
-4.557185367514778	6.632965500969026	1.587634276063596
-4.174960883276613	6.431569363688789	1.9254410236091046
-3.9166725752704377	7.230885237793969	2.0826559658049244
-2.7552659087125226	6.81315966976915	2.8687814191763628
-2.7440017693147185	6.373955151149618	2.3486217861722247
-1.6433397536402357	6.9667822343979635	2.9604212947957755
-1.248792714598995	5.938733602471801	3.209715486580844
-0.7517713070635812	6.217841236851552	3.512998382222132
0.8811835924255242	5.412344406108806	3.6767749308848168
0.7783518858864882	5.3229494199780145	3.913893178531141
1.2458046357006216	5.137907809254255	3.292346791938034
2.47707921594188	5.330296363715442	2.9356071081088997
3.5311139490235304	4.254534346756606	3.2150194580243148
4.86151144352075	4.907679924056574	2.726579529465952
4.758136714743313	4.9082621445634675	3.2609558318522556
5.259750131615295	6.072988111012986	2.510341993435495
5.7830039175661145	6.2020017459287065	2.8247414062069067
6.95718395686535	5.709481382894414	2.0165919003900568
7.562732678149289	6.574756626532963	1.38772200698742
8.16189904000055	5.024283074442031	1.6255999801998509
7.945147473645972	4.953866570312897	0.89336843539387
8.621394462734584	4.288144996594001	1.3805143853912156
8.420545333493779	3.7325102926912144	1.432695965030968
8.855520251629953	3.6266884664877184	1.1862995809100891
9.38504289089328	1.983427254772196	2.383580759666134
9.107368236563616	1.4427850885566182	2.1741438750525877
9.810955836701323	0.8850734154633981	2.2507354015433894
8.68497109356238	0.6655370152195683	2.4605425922911492
8.776849079431885	-0.8438865610746049	2.0003050338740223
8.891659954631397	-1.3586802185945754	1.9594519430612884
8.503428892917618	-1.9070483055053413	2.3182656978189704
8.539375673892037	-2.8319614077632647	2.5892202497701144
7.941516400377538	-3.4231852449901172	2.9799774533199144
7.076567253982735	-3.5874102313680054	2.9768838885889126
6.454684635484992	-4.21029488869417	2.9624909398492756
6.348100583984883	-4.602281741161223	2.2563114379513616
5.6420072008931434	-4.3847727993935415	2.584065479300654
4.348352762869341	-4.216039508461427	2.0965994339912
3.6226759155497925	-4.808844111540647	2.308479394480354
3.2828491771518724	-4.872739653241597	2.3355749742240732
3.037818682086024	-6.179559970393353	2.439082796103527
2.552335366379653	-6.207728333600319	2.2115458213929395
3.0994260825861604	-6.410613493614055	0.7384747029430379
1.355677923416133	-5.787126519401573	0.9863572185028868
1.3454038970594042	-6.576036089261122	0.8376897788639521
0.8258555858302092	-6.210943545295562	0.30003985317325704
-0.30916804605147186	-7.165053915082826	0.6337241863251828
-1.2434124336801948	-6.3736124266615946	0.2609176258532483
-2.5885088636954077	-5.751162283693069	0.4102434701345036
-3.169428778467393	-5.401191021231774	0.5127926581348362
-3.1169192549006866	-5.702100332540995	0.8961419405833165
-2.682850509973782	-5.348713975237858	-0.04386700893986005
-3.7833122486722184	-4.404036922942103	0.5424937213394015
-3.668442895726489	-4.469648823597772	0.7105167148233575
-3.6328891737944673	-3.6629654602885493	0.9582369977163117
-4.707353846342053	-2.923420774651669	1.7988773453870506
-4.829797895978164	-1.4624298560450484	0.7783324477148336
-4.32946077514135	-1.1901783529645242	2.0138035554768505
-4.361232819805462	0.2844759285527275	1.2166952658702617
-3.4896797062744676	0.5649956997079713	1.5241913828518627
-4.7960393876493566	1.7488509559093284	1.2000847380379667
-3.983119069620966	2.285806797567169	1.2504637774176788
-2.989248938030081	2.3977365881434687	-0.3372060283603872
-2.423483023677329	3.1064240071010096	-0.8439957958542142
-1.7694054055529542	3.0235579174236613	-0.9924587058255647
-1.2525361509189072	3.4633507905483834	-1.2362704483013085
-1.0307375744108862	4.398234560841865	-1.3988163686937125
-0.4368797043763696	5.088728128235076	-1.0699772444153597
0.7920312590509139	5.198109304387333	-1.1356295311625626
1.0286427660364708	5.912823687310236	-0.5085149882111135
1.430802481058227	5.803422780672617	0.5592504964716636
2.2437278390264543	6.041980300727126	0.5721485149612873
1.9399100603577641	7.516259257506023	1.5670342914996587
2.946854647430742	8.14636626079638	0.8326062504308762
2.7573679962450206	8.18264257974803	1.4018538022288136
3.3944269264252154	9.452519440849539	1.6468956090735376
3.632256342883875	10.303990461168725	0.9672958029285739
