5.329812603525874	-7.8032853327727665	-0.3984416378460607
4.7196622246679345	-7.449051333465291	-1.2972703839799942
4.756553603444382	-7.496158018795436	-1.0615796979269883
3.8182299344649415	-7.111327719337164	-0.32848333826828124
3.6523607696960445	-6.143461506007659	-1.7013251132706664
3.4668221469383655	-6.150509338089	-1.4470559933104643
2.722413529132235	-5.817880408322973	-1.443580215389766
2.98329073152723	-5.1755965500104	-1.7067824760504062
2.707267683905875	-4.392639383555485	-1.8449159717392123
2.5378005202093616	-3.818834301844597	-1.8420114198282
2.9973518884429797	-3.7336767972564164	-1.896437286075206
2.6394826304252597	-3.4725468934833668	-1.5478311451221707
2.6218767460074206	-2.393012436278432	-1.7510317600819405
2.996445518254788	-1.920663859879779	-1.6317220657361111
2.603866142955635	-1.5364705954043925	-1.0502955475350262
2.8382228956405116	-1.0301602684980236	-0.4811814229096041
3.431871174366355	-0.9267196476201489	-0.7422238877049359
3.1030994874614906	-0.40014218279625396	-0.5805568902336757
3.677087038766407	0.3644125518067515	0.4725579768339594
4.34376857166389	0.6419193840679367	0.04952754999769676
4.2154198420272015	1.235210179278917	1.0358861295693047
4.068625331455786	2.7104442489254383	0.2971994410669115
4.243086706216896	1.9306804356995928	-0.01803584622768223
4.278771199570361	2.6047043973614343	0.7570810713608855
4.099234026211441	3.368173724905245	1.0148020584126785
5.009730250737849	3.7753845928711502	-0.45704348242631443
3.8772181593907584	4.057956410968144	0.22609038600897768
3.9834970167779113	5.152498162555861	-0.24702066735602113
4.475817871024163	5.582444553314844	-1.1487579097460885
3.605612698269717	6.060331049566442	-1.0825824227547505
3.1388589026359437	6.335517378349313	-0.5307683779523558
2.7433563445123346	6.966821374598231	-1.3920148509903933
2.676976446357476	7.257030574463496	-1.3901207607345876
1.639372737093805	7.694707132301652	-1.5041120451128929
1.190231297985573	7.645592294850109	-1.6700025441964959
1.3545454679776618	7.125443800410468	-1.5425079956810415
0.769489980770427	7.6702404561850255	-1.649145606040042
-0.171107444582136	7.409931550730517	-0.9489520543728034
0.13304092834134296	6.609018303285068	-1.2470762198314354
-0.9918272090063338	7.427700905215123	-0.24737228955728374
-0.5612208599312563	6.048665609894372	-0.42193759963806005
-0.6257679496946056	5.793865966656165	-0.1978078045461923
-1.707144606487943	5.812103310851593	0.8129781171361492
-1.1024069211905485	5.443991504916159	0.44619979960876505
-1.3138673383157236	4.626635562660286	1.4234014713805427
-1.6534343978746504	3.872418549779404	1.4809069976143172
-1.472028806407759	3.465635897263739	2.063040128059487
-1.8327608157919089	2.458614185346308	1.8224149936468579
-1.5354504139848586	2.922437121052718	1.5634679756140604
-1.0415937410094334	1.5917186980788869	1.7965594371495788
-0.3321365946199175	0.9083157364827706	1.7792615155956628
-1.2686136174225915	0.31095592781262005	2.7952700350527797
-1.17252440541746	0.5081533712974305	2.1632720077676915
-0.4842263960246017	0.02978970272776127	2.085172490608215
-0.4553199668149056	-0.49389704992904804	2.5440465484635553
0.02340973425744597	-0.8361118566106744	1.7789067375559033
1.0388270026104496	-1.4471451308624383	1.998306130591419
0.5243226392944729	-2.0677722861477843	2.587554064332919
1.0005011638376593	-1.280993327207629	1.9432419423716636
1.4807770064348786	-2.424181085895482	2.8054438131573605
2.218571198496323	-2.0391262664565954	2.5281038146797306
2.68483110981886	-2.009533962442102	2.467598772238994
3.040173951017314	-2.456180006692338	1.4888888766096902
3.392030827942964	-3.213554425353614	2.2922145410926635
4.154159825590738	-2.4948231108047936	1.1934599869281934
4.362763699453419	-3.4630109032876666	1.4293174253763328
4.791623988125618	-3.474038299710282	1.0015612304226111
4.710672545933709	-3.7806448437237683	0.8226609373482342
5.296125320758912	-3.726743232293637	-0.38192360040216733
5.603441887934644	-3.9625951686208283	-0.7514698312410841
6.26762204707998	-3.823081759214254	-0.5794611514106888
6.104158104333959	-3.5432788311113446	-0.7576371598850729
7.281769264135905	-2.907703642808905	-1.563794231865927
7.587213832693801	-2.958771628155238	-1.396543837830846
8.069503388307208	-2.1156807803205098	-1.6699620669892676
7.725061702336691	-1.4022318712018262	-1.5908875161938556
7.324233942809329	-0.9083973377726595	-0.7112230278445135
7.842268271463587	-1.1468308856450768	-0.5301300601369545
7.930937569581661	-0.6661800605134811	-1.0381954817389596
8.24596968152786	0.37240585638507145	-1.3962021907548081
7.423529190940249	0.7138360342390673	-0.5221013779840853
8.406857757577797	0.9037422681341386	-1.6511886315280144
7.123991051760987	1.2008079978302701	-1.4530544188176577
7.16578312736841	1.4154055603022089	-1.7871168497164243
7.229890686111089	2.111545908552154	-2.078488775005293
6.8807938469905245	2.416755809496905	-2.3893495289094555
6.562014217590042	2.682196923222922	-2.473479599896567
5.8632385537788805	2.2275703422337316	-2.631275927049834
5.1912176858753005	2.4701831777631917	-1.7233137206129605
4.6329846757266235	3.0692165470872164	-2.459792854333492
4.853842252465742	2.473409766518909	-2.6449881898764964
3.0892668533869583	2.9584233632354158	-2.333109091771315
2.6571100314234286	2.31485835195362	-1.8725698336362222
2.524600762092114	2.407618537295278	-1.3052108845645323
1.856621279165077	2.2314535169587204	-1.124109827133044
1.9068058754300856	1.9420851140285944	-0.9247293154660299
1.1513693235081015	1.3776230779181378	-0.35429804052246383
1.4659794998639901	1.6418570163522024	-1.2758173699879691
0.8007174657849212	1.1323707920898813	-1.2182625715367983
-0.18037501815634022	1.0905208440177279	-1.0712654030646067
-0.29143229204424337	0.9984137582027448	-1.2428840284861389
-0.34809421318975486	1.0533253920884738	-1.1967684310314475
-1.124112191950681	0.5625858676902884	-0.9057369620618339
-2.3489542569676556	0.6890611700286505	-1.6125817979827153
-1.4830977068411166	0.21262666366458363	-2.1137738293266817
-3.1043675483149413	1.3455636712096501	-1.8046887074373263
-3.3315757990938195	1.078991545652966	-1.8141372411043688
-3.5732958267721946	0.907462668611145	-1.4121609526010093
-5.023922964282697	0.785607018477194	-1.2154760872366477
-4.961855527955951	1.8033213539415003	-1.8864080809007615
-5.501581349857897	1.1121670892718487	-1.5752425658025366
-5.9361542251441755	1.737605019998089	-1.5912321717489513
-6.29203304960004	2.528298069144191	-1.2003527032680092
-6.22197262297573	2.098599640796899	-0.20504390245004434
-6.5507240433261025	3.0404728728299037	-0.6625617117325016
-6.318030810102536	3.2864710386393012	0.11271071732975402
-6.46127996008224	3.64597839845647	0.09505512120580129
-6.77816540045946	4.196166726714822	0.4714787809924143
-6.580297287029039	4.117324511910844	1.1244768470318847
-6.4714343975294115	4.708504109952477	1.53221481046516
-6.167720498902708	5.857706941508322	0.6140048036590181
-6.470067357577588	5.311437260007666	1.9134396047925448
-5.27867003196791	5.670496116173248	0.9839613127592206
-4.655809004109024	6.683651940037226	1.3557464455440487
-4.889855734002516	7.039517374263649	1.300847953178593
-4.340178057428388	6.515888269548913	1.6976166157697175
-3.6239736828419664	7.54871538157879	1.894787743354534
-3.6135318539207546	7.530446521954522	1.944931601201798
-2.9464753803090726	7.217467056211077	2.254095620668809
-2.4436292493545455	7.386296096437563	3.2810345440600215
-1.8761501976324757	7.011724907666089	3.184857576599661
-1.6826269404810636	6.678216182733331	3.2337881760822844
-1.3481705504187178	6.431125077739946	3.7649201687165386
-0.9871662350543529	6.877703582761086	3.532729530760525
-0.5845366090322106	6.505673041809924	3.198481643761152
0.4846285171618777	6.392228099872655	3.0566308064851206
0.416935568962763	5.7810782111226535	3.3782899937128636
0.7895534147486636	4.918578613496152	3.2871482162041126
1.2447881794907403	4.764546862285574	4.201780113994149
1.7788612078631802	4.9293915013470055	3.1116070831002216
3.432228330824705	4.843632199455825	3.3624250626824175
3.3209115695707485	5.694962116028647	3.0017080675454486
3.7273823795464542	5.876145661806559	2.682384250155659
4.1822404304636756	5.403168407710356	2.7028977146899495
4.762936667613637	6.081832334777943	3.1764708729585798
5.400293925527874	6.221980760567378	2.320555208417547
5.492744579523688	5.741154076350305	3.160896149481088
5.983667534871326	7.075739778659457	1.9552026639075772
6.014758860542566	6.691300106634089	2.0939371724718123
7.628153620732139	6.580091744639243	1.5073582166126192
7.738963193391768	5.789914982422688	1.5684827144428442
7.792766234960892	5.455563213409592	1.8394555268185244
7.9384523427511064	5.476966096901999	1.5200434894241721
8.91227097807703	5.043528710076711	1.175418890358361
8.163587138266683	4.360380969063503	1.427221010404865
8.815217223960058	4.597364659837823	1.0115967644410675
8.943485041819445	3.405550742427241	2.225794317114657
9.224155338964922	3.2189391398567992	2.1367930852778945
8.998583527955802	3.08780198160104	2.1622323382524926
8.88208557573666	2.288270979950692	2.537994381121716
9.687832283631806	1.653294987367729	1.794062080803355
9.098166143026916	1.7448617960139214	1.5315745420351432
9.071324040805594	1.798176097689283	1.5470742979366778
9.47917786516713	0.8725366503805494	1.717970616772666
9.471363170976796	0.36579441685561354	1.6751968594183984
8.871576568298265	-1.174888725368422	3.046809356712851
9.068919891043384	-1.605468743935451	2.075462047071582
9.53563473359726	-1.1611305490589534	1.6696169291814726
9.004690307576265	-2.7774460250618764	2.0218816132769186
8.66851188435597	-2.720164474816729	1.8581106539403027
8.818665251776789	-3.615552605018738	2.3927459725511353
7.8065169153003575	-2.968938899644842	1.8146164479535887
8.178405847187838	-4.558364071289862	2.836061635836131
7.357543938303534	-4.588712253179066	1.9059532269698052
6.771162994138898	-5.141923606770732	3.0677323532703
6.114738663505511	-4.286791085180528	2.0967104965238814
6.01678653917156	-4.751750527835207	2.3222426717566558
5.163279584291277	-5.09221880088752	2.2026461620858906
5.231145558793342	-6.315684874862525	2.4128235603105748
4.380365012468365	-5.395700141838601	2.225241833843782
4.287773562962221	-6.419061243735092	2.8872099691010673
3.185528511715728	-6.329118953806122	2.757734696169295
3.5034001567287065	-6.785025869717696	1.9897449384957502
1.967348623653274	-6.157969138099236	2.3923608617311447
2.5029415255649554	-6.490326547508104	2.115726886380469
1.765486718270501	-6.207417806588622	1.9419264387582034
1.5587057897318708	-6.971657466988528	1.6890166711976984
0.8270181974729287	-6.75597561008419	1.8947354779651882
-0.5435250861563494	-7.003540043653986	2.2564123713379134
-0.07737057788377388	-7.281721845512433	0.9795171189863665
-1.607680463036183	-6.3851173056378325	0.7840592535378796
-1.6276706887073709	-6.741299096591672	0.8066823936620167
-2.5792693490762217	-6.089181747172394	1.183380727012582
-2.7369212612036873	-6.9403384323208686	0.4915526030223706
-3.3436772810202164	-5.638625397205328	0.7594030307023909
-4.059607776024923	-6.32085911314368	1.6139004801384123
-3.7382359320127128	-6.0570091425090595	1.4497278677065488
-3.6620842141444463	-5.813934346993404	0.8359959915709727
-4.124173512296318	-5.143328325859718	0.47984025508812467
-5.491349825600368	-4.912766398871524	0.5275645252100771
-5.597701791229601	-3.805577628372829	1.2172136976317192
-5.226163251814946	-3.3664051213523654	1.0421510906352673
-4.827105020008451	-3.2906864180309436	0.6090551001213973
-6.0647664459021975	-2.9298265676387065	1.0153964887597176
-6.10191160626366	-2.700413745972226	0.8782351966176246
-6.241273077108514	-1.6574219548383864	1.1994391515198166
-6.165977971760578	-1.881635116080867	2.2459007337856036
-5.349676504954325	-1.4632244363483253	1.3329932359681864
-5.542912991170151	0.05343326764530665	1.6119514949979923
-5.683385140704924	0.4448253299458339	1.7610383312592521
-5.347770706351041	0.014066629087450835	1.41592309115162
-4.517712739875042	0.49901915176036454	1.8542749065057722
-4.147284362552526	0.965016437219228	1.5981617939272554
-3.9863320695594084	1.3757668685347715	1.0919976827361417
-4.507936004643727	2.4210368445757124	0.9199988417953328
-3.9432621261343215	2.656234928317859	0.9101943463444957
-3.555356261573455	2.4615419201926234	0.28036052489640295
-2.8149584682615343	2.614962234718884	0.33601660793183263
-3.260802657229669	3.8903173074626984	-0.8932678019633761
-2.2522997413992876	3.5864172521429363	-1.0286835869287616
-2.380386740924929	3.8230649211536525	-0.5347706395863829
-1.8180359715441825	4.037980108288255	-1.5837537741882572
-1.4216009685808413	3.8139825641838163	-0.627087168689636
-0.6245291212984247	4.394724300836339	-1.5910375774706962
-0.44936187051185794	5.163815104662223	-0.8775368659059608
0.5345925589214106	4.247238564498868	-0.8401258759021654
1.09462504483079	4.805911695637925	-0.3920613836068978
0.7565970540379789	5.341576567190698	0.050463590693371474
0.9070351514848969	6.590800810056071	0.29951085271500616
1.7560148226973067	6.7793292673871015	0.47387101307249796
1.3652595713609441	7.049139228775975	0.2879862225911257
2.2163830427991615	7.204422531403858	1.1332746528994475
3.113376894273771	7.3454624023171124	0.6448188981464091
3.1404875714929457	8.278601360486904	0.8968440446417624
3.5295341989160858	8.775222983670155	1.2939501046358342
3.9802006844027904	9.011703863377381	1.2107433263524328
3.1172225103322986	8.847472368592625	1.2960727629652073
3.6593871233530977	9.54188732781622	1.2793859304512725
