4.728488789165108	-7.958008415418329	-0.6007747636160213
4.867390753616136	-7.810104148890228	-0.8791969066851202
4.137075961833082	-7.031111711134669	-1.358316755496364
3.8545497879867843	-6.330226075426057	-0.7380850960558634
3.4402364471533184	-5.824453422567992	-1.6270705246415413
2.7781840445285684	-5.414466716829182	-1.9565044056549565
2.193560697910431	-4.75951969716379	-1.0367319589149662
2.067495980082128	-3.0444366965280216	-1.4447552713127016
2.0621557386769145	-3.0439427563352717	-0.6142816396163715
2.3374045767417457	-1.655420788898046	-1.407395348772197
3.0779852054568164	-1.6242128402553795	-0.6843889878568381
3.781061182979238	-0.5247519040341744	0.03835029320182892
3.5046265213419563	0.31923140701479213	-0.10173118426442196
4.038240487023333	1.701915814952521	0.07455464385600052
4.291248859191321	2.1977162230935274	0.3441734403905272
5.252879396965606	2.2068524452439697	0.48718677161212776
4.208699498562201	4.248893100501077	0.1402759105892471
4.72651680660848	4.215142818427966	-0.6527179854607088
4.159540815595101	5.616716498287172	-0.4661369333992851
4.024034650757715	5.894400008530722	-1.2749333209300213
3.1228483977845185	5.996326500674649	-0.7288615426276948
2.375269246229288	7.27347053040956	-1.6230724173472506
1.7622941417406128	7.7400374660922155	-1.363037022084832
1.9852682968244784	6.937243193626787	-1.6624763714699329
0.11843236243006766	8.096843217595769	-1.5633833383363482
-0.4077463009629547	7.060461363924109	-0.9774288982932307
-1.1595260775050562	6.531205876729867	0.46057812550913646
-0.9871226865342471	5.674832527486355	0.7039796415697569
-0.6401870227278579	5.097927823747898	0.5743618515840528
-1.7890995305616115	4.847831926058876	0.7324508755962054
-1.0717528488897317	4.154959443331283	1.5599607185636848
-1.697507788762726	2.7244722185245873	2.586574435914047
-1.0163213788411225	2.384451410346711	2.2103743071831814
-1.258545769112648	1.6562703571883781	1.9057467455195973
-1.385021993974372	0.7363102284863835	1.84019796683079
-1.0102023687517172	0.8021600109802796	2.166417682536549
-0.7203415282322326	-0.5093554743140816	2.6863345239637626
0.9452377077716649	-1.5400372141539709	2.7675656610729855
1.4384998050400097	-2.2302666656359227	2.0408775930155083
1.5063402498722038	-2.4412766788120503	2.9127144523238417
2.576962180806166	-1.624069944208067	1.7624646903030459
2.9121933994893023	-2.3899892530944573	1.5869455564543582
4.189893828695373	-2.4533101515109013	1.4279246474661806
4.045498954010013	-2.840900386773676	1.3932792449728932
4.607885335039415	-3.661268921292117	0.14379349629076815
5.079964540053767	-3.470215527364088	0.5687231445659401
5.554215323169492	-3.745877699253059	-1.112538850074367
6.42832382731908	-3.830837915113994	-1.415952973654425
7.52689460422535	-3.2803150947593553	-1.6354193642440857
7.182333977311547	-2.77883560675231	-0.6133857859374283
7.715033467255879	-1.297884045602468	-1.3720165579606136
7.000189891889067	-1.030049156884312	-0.8866661509338776
7.85592668691662	-0.639949126621822	-1.4172697463037225
7.752651516581193	0.8178139710174148	-0.8849552522844731
7.114970427084875	1.1064821377160212	-0.8067613331026848
6.919505552253767	1.8296211524448016	-1.4369631383211854
7.413694916283072	2.3213187944708187	-2.3707138417308915
6.4510677411720305	2.400890018868444	-2.026916466039058
5.542609743522325	2.7917503704539945	-2.7777137865230284
5.280552760823056	2.380077469008683	-2.170353217160821
3.647985246194573	3.201162023016094	-1.967973669509271
3.0590935247786004	2.624855102019442	-1.4512051985483951
2.300392364557835	2.033686309353453	-1.28029921422619
2.1847734155034413	2.5211854687816047	-1.6389241092054714
1.0949665451297959	1.6721225526203525	-1.271679886602253
0.6330106551051623	1.3623269943965663	-1.1863273393287297
-0.3984577920899234	1.6924849170051544	-0.4994240039951545
-0.9158227632908158	0.9391529391022175	-1.5530012493749554
-0.8372598293661226	0.22275768662912723	-1.278727947723173
-1.6373655014292947	0.5432624687769712	-1.6242559585147656
-2.8249252338286004	0.19069740919413478	-2.1988630860647227
-2.8982507280230925	0.24731201144946338	-1.6600128129183587
-4.968519232544278	0.9003107636053985	-2.0688048958603096
-5.199091239629106	1.1614392548514896	-0.6835558915492446
-5.852229214018242	2.0250774870890087	-1.0032101680883987
-6.729480705083526	1.81959117602973	-0.7645212604728743
-6.790561697199617	3.3029302090777533	-0.37095613526830445
-7.299257497878719	3.459487545635845	-0.1795797096879802
-7.228346428895911	3.9946682063798464	0.0032752876265806467
-6.876611717991016	4.3184074509760535	0.7756092107475188
-6.236687116132008	5.511681569560676	1.4868914817514292
-6.14314016904044	5.556879263562262	1.2674330832938088
-5.5473169325968446	6.894642665128502	1.2630150207146646
-4.889865302343164	6.2714124893907215	1.7228615515881192
-3.8168213451408346	7.127725581531906	2.0089809356966914
-3.452337030668491	7.293029579152062	2.3234716811133627
-2.5085637033755237	7.699149287600247	2.799335755376835
-2.3409948742000193	7.134032304807461	3.3123182714756227
-1.0898789946648175	6.7477087208172755	3.2890781259804696
-0.7798394495118667	6.537583365226265	3.0444431869235196
0.05540718838612449	5.698869853172428	4.224250800129539
0.6892769679226409	5.834371499426612	3.6286940031953105
2.379725848887644	5.0161246838288145	3.169664688656359
2.859466596896577	5.225325077755176	3.1548159231006516
3.728443931459432	4.779428519105846	3.064960838466725
4.185374880267336	5.349780950536311	2.9682710396338567
4.811440258673612	5.7949546667659	3.0141489759131015
5.531422333170832	6.8048402972455815	2.3427224713363297
5.574210125772753	6.4757574942118445	2.6595707720867363
6.258700441632869	6.650402081800645	1.62772811838913
6.926498494990578	6.312692192449702	2.128767021308736
8.401941655089166	5.98331128932596	1.3598421140404593
8.106475173752125	5.216455137424606	1.2813186929266713
8.877217666930918	4.560528538958784	0.9622654809704007
9.300220017964604	4.277487458870119	1.0205767911947963
9.52115466412803	3.4909405740332025	1.5782026646141754
8.802520496397127	1.9373898585921605	2.640394103782832
8.990984297178304	1.4901082474653347	1.8386876098234046
10.189015126418603	0.5864603513988609	2.063146023305606
9.978319569157692	0.1465939207477872	2.233863075692924
9.0836525348428	-0.16597434959932555	2.050787342459949
8.733365073232612	-1.4785949367724596	2.130696728999066
9.002707949880897	-1.8854474157169743	1.789413982665871
8.611018439807385	-2.2165433462695856	1.870308299499929
8.120437349400097	-2.885986459579818	1.8295099465632296
7.51938066851011	-4.081008306291716	2.161304624413472
6.6124801172012555	-4.314233015167777	1.934066216328928
6.174905577834131	-5.061072595413212	3.07528510879916
5.040266087386277	-5.503165829028488	3.2512541982147396
4.524231575058463	-5.602806696218364	2.545666690587262
3.570149199867119	-6.166482999323398	2.518799888615613
3.0629373993241007	-6.74017655300792	3.197579309559453
2.472584309877642	-6.780150489799404	1.9586899971074563
1.1330221865059102	-6.682939256777271	1.9803968973459731
0.37261306450785486	-6.920827294792948	1.2744331339432071
0.21960219766039268	-7.089566839795816	1.916574209172572
-0.9541407445472886	-6.979457254694991	1.6896134306056436
-1.674957454261534	-6.424234692652107	1.1151202346880653
-2.5997987245311487	-7.3385557746133365	0.5209014646538874
-2.9387982418540695	-6.029266781047434	1.1581603056631444
-4.137410719057379	-5.549774303577464	1.1050637565441628
-3.919025815520278	-6.024984858354789	0.5290401256360826
-4.885003702550918	-5.43041607097909	0.3666861068925681
-5.315097263899482	-4.532015045158818	0.9110498749000209
-5.525021190387235	-3.0896436791215214	0.5211322144304358
-6.097920164127505	-3.2442646429285724	1.9118806570572828
-5.139338759462932	-2.867824951714983	1.1742531273271888
-5.862083234646181	-1.2582107222191876	1.2332445932089422
-5.94077209658356	-0.7962579382641439	1.8438813557116336
-4.920858194428472	-0.015072352644491915	1.4691600981278001
-5.005672801502721	-0.10485544604186574	2.2116293948243033
-4.157097074547	0.9253308185859865	1.7575529985142078
-4.667444700608527	1.774342605379653	1.1201663181887946
-3.8546505614704945	1.7851817649512016	0.4460001857053847
-3.3974543792042295	2.5203963998136385	0.3281054967817273
-2.7341735895802497	3.2940700054848353	-0.7767137632847443
-2.4382297094291236	3.70455185988704	-0.4810893361255495
-1.45325134229571	3.678826399861581	-1.6605788066535887
-1.6119289864309563	3.6222692500055254	-1.3602779756091357
-0.6852886870320294	4.230278895215028	-0.822640067294184
0.619082540533113	5.4706886557046825	-1.1462319309832851
0.9856127761318664	5.6770842165040785	-0.2931436519266335
1.782234391981123	5.269847325898049	0.1389038426787555
1.1905642004584238	6.409548893419032	0.5297673146047897
2.069885825450373	7.3666155032625795	0.6834520248348217
2.2324683407167827	7.301290267776741	1.6832774400658308
2.4695619617737954	8.083056053290333	2.135091286791865
2.9460962724018716	9.198409980457068	1.8879046069666547
3.48371133247082	9.092149568367626	1.1179465733060416
