4.753971350938638	-8.099357395031486	-1.2218831387584221
4.682931030733295	-7.195124387725777	-1.2121843376899835
3.008764147106767	-6.234367997362695	-1.542848616214391
2.37864273052808	-4.198875444548264	-2.0251678886953246
2.1257348709356676	-2.5758089635530523	-1.082067313805499
2.5589514402275673	-0.6698130849262269	-1.2455710401167317
3.955256885519007	-0.17966455567056344	-0.4254323006148139
4.678225221142383	1.362312579750038	0.6826333722414893
5.4457755107849986	3.2965067333428193	-0.027410126114435884
4.074907099164292	4.828073270138232	-0.688752395783212
2.938396941676675	5.982381104148649	-1.5305523958142069
1.8498475286232834	7.2722355533116625	-1.377520625134223
0.7914997781261636	6.134977745341486	-1.374127451799806
-0.8819260047794	5.75564931217273	-0.29677791649480023
-0.5376664010771239	5.146033594848906	-0.03644322542977049
-0.8692027245110068	3.6932378966661545	1.3551495362890675
-0.9656008020054003	2.257584644714346	1.3681853438452387
-0.4418720919089013	1.3492700205783659	2.7550003683598625
0.10304572065987269	1.2162051587459193	1.7782287798196623
2.2428372907876373	-0.24682420592179943	1.537799879893892
3.6806652506542137	-0.6649233942761823	2.145224225949375
5.258907352110596	-2.41445075787789	1.5160825168046066
5.354710511618405	-3.473525736550643	0.6880818395645001
5.901990900494526	-3.794274201301877	-0.38817860027371887
7.409760413605984	-3.168445673507887	-1.8623477123631846
7.0962666475453915	-1.4503954256191087	-0.5421876377522858
7.569089006272943	-0.12204416946791685	-1.2699346857424834
8.244134058638194	1.192206745824636	-1.6921610758969665
7.472089293215181	2.063471892880865	-2.4867781974054295
5.420710094935675	2.623379165414315	-1.7895367650197085
4.188956665395025	2.8686391212026674	-2.6395998142047326
2.7301527890105968	2.703021075792179	-2.042232274692115
0.9395209037279696	1.9938257324749236	-0.1147135027789179
0.6824373457163817	0.6421460167824045	-1.0671482757772754
-1.288293618295154	0.535539967531792	-1.2786614049344307
-2.3391661986118004	0.21527809171256365	-1.6368438800264786
-4.852700876451383	1.5895831886473961	-1.9299100154018003
-6.350587267670494	1.317636143990694	-1.6059186607086153
-7.103715089888511	2.6716164853859805	0.15175399389095845
-6.400544347499893	3.5667741044142653	0.2199307884110009
-5.251087851695161	4.5554306244459015	0.5943699015578884
-4.340638810513865	6.678467452917303	1.0832856808361988
-3.3476307320635303	6.293680106342209	1.409154571593644
-2.5918962300791084	6.796657793703927	3.0027945948894703
-1.087095103967158	5.787395105048391	2.859821468599511
0.8859858262626954	5.86779890045519	3.323867529202637
2.0514231252588826	4.808889213591377	3.601392150341045
3.536071865809207	4.8677259042767105	2.92549386850402
4.947430657235157	4.683689739334157	2.4759301457857976
5.455148491355682	6.105080303994679	2.890078390077803
6.817770977489463	6.586727078026414	1.9346514105073616
8.322666472551958	5.365365736600166	1.3200618469373984
8.288390836728906	4.178704004369791	1.2597489843333631
8.707923771777047	2.9929606524312975	1.964035141778783
8.946261957535825	1.8189284583252203	1.6988060678905432
8.879612060809565	-0.8974344282284455	2.835720776991259
8.206938757694148	-1.2883954820590788	2.631536376203947
8.361274964038387	-2.998229316269381	2.1481201556403327
6.384793019304272	-3.3222672571115544	2.925128231227295
5.183290078203112	-5.009675280816741	3.1178329760653183
3.9425042114938535	-4.932592026727701	1.9176952906229392
3.1416645304889226	-6.067310344051201	1.9817837926243087
1.8717815290562383	-5.983811764637115	1.6678893329527575
0.7771431632644241	-6.62868834777876	1.2209432317811293
-0.7279843357510087	-6.6356023854508	0.7397330078547921
-1.8144293252052006	-5.9690829971812445	0.6478027179126463
-2.9726385978840852	-6.464061389408981	0.6203835693903041
-4.128526557515102	-4.849813877744446	0.5866946528288912
-4.598710188497476	-3.5062915126008587	0.2214352166196475
-4.273992007810005	-1.5178444933455257	1.5635519508251683
-4.157832839228265	-0.38894116472738643	1.3832313091185455
-3.507162074227768	1.5056430246638404	0.7906616183174613
-3.7391547322282244	3.1455182994864184	-0.08374888785457935
-1.984129358349119	3.7773504404503306	-1.464889884914508
-0.6658611726318687	4.452495837568063	-1.9034535109188706
-0.019927346078981445	4.60709256145218	-0.34650789759187783
1.4825394246910122	5.797641311024868	0.2513917705112673
1.8923783015467226	6.858947863845981	1.4727520075652518
3.099529749490342	8.529563917984364	0.9641093334814252
4.172440073431167	9.494515244333932	1.7844982182555071
