4.824306907574561	-8.179004927550718	-0.28323090171109655
4.925789734584013	-6.985736590304404	-0.7432597390392119
4.123129983182132	-7.5942871251899495	-0.3215079381785759
4.0558654642810215	-6.942931249383675	-1.171989829625488
4.507734754755203	-6.669281514120531	-1.1836424882984662
2.9919136375173205	-6.691095598797053	-1.1253521712176964
2.6419330272864765	-6.068949871930153	-1.7010551240133633
2.711242189339795	-5.781707198108558	-0.7009844453306147
3.2200870613724373	-4.802684693596248	-1.1213716711620103
3.2784465420372486	-4.496356256879397	-1.8510617303470338
2.994325291535052	-4.035259024147039	-1.662712056643901
2.8544709532494803	-3.2331373329168946	-1.5219480158627636
2.412485260805697	-2.462856325187767	-1.8489531546570166
2.5038693009155746	-2.0678688969900456	-0.8365261815387377
3.0068457222644165	-2.0631350745622465	-0.6317258334073639
3.8813911865345654	-1.4243255373186914	-0.7502477109750203
2.8435777533493423	-0.9409686067975802	-0.8213184374008435
3.4633841089425634	0.44076366014317825	-0.1429202491374435
3.4270786369288095	-0.2584992568535435	-0.1463898442135212
3.5673357746351884	1.2102737658887264	0.2444547408752939
4.346029143821497	1.4620779765957086	0.1879901410046762
4.347389784506785	1.5211634505356892	0.9352950309434225
4.285666035383716	3.0746175383740106	0.028820148142386592
3.984444071751235	3.1421943225498556	1.106327464495814
4.1313017386981645	3.6388373536750716	0.19218357351700271
4.066418297066685	3.70230111449	-0.055142293725390035
4.406071878339108	4.407770512851243	-0.3724325571565349
4.057281768703916	5.064213346699797	-0.5411271962851321
3.68919944497095	5.473447935002357	-0.8502123520379071
3.329893671817918	6.260450710839625	-1.3137439221530534
3.815182865390611	5.901975469660051	-1.4877645963730968
2.5532166144367685	6.14779940065015	-1.2650861774452578
2.471044802709349	7.002473682985564	-1.3716173257119755
1.310499184248397	6.779786816705448	-1.53178504873119
1.172890303862417	7.186853034053929	-1.3484728672842001
0.9524807092605969	6.51587073139939	-1.2842066760266015
0.4149455814484443	6.240423505987098	-1.6155896859661716
-0.6169976350327185	6.164956113322055	-0.9789311726265288
-0.16904136467474007	6.228745608180713	-0.1453354848046351
-0.3893345289422294	6.080645112132485	-0.45562333630597573
-0.5708872187248819	5.894077980650901	-0.1001988686164389
-0.8321211580445225	5.300322975632757	-0.028973121949697367
-0.6056877357945087	5.295774664461818	1.1991821902660447
-0.666363044527575	4.985420513832875	0.9979322549715954
-1.2051845381320636	4.324595475565393	1.6561881125257065
-1.0783076971914023	3.8590298797028977	1.7841680349161402
-0.24806794199067395	3.9376890020062687	1.2113885359305845
-1.073607872929277	3.575164740975997	1.5677741495724387
-0.5725946514130009	2.2053519322442883	1.5994952283637907
-1.1405360093203234	2.709789964353404	1.5916578195326778
-0.8822365433843732	2.4552575260849547	1.6598626064513125
-0.3995738291741604	1.2957819264348045	1.7851458740139792
0.4446439648502536	1.308173805358166	1.6387194152965119
0.7347263237498246	1.424177249330014	1.5572313404001172
0.20970191945748215	0.15368132482614733	2.6134767639983005
1.1629579018480098	0.619187434403372	2.0173682438978493
1.673274494595502	0.023215657110460947	1.6364438379376058
1.391935729899382	-0.18350628089492727	2.019110801337706
2.4974402330954444	-0.06359943261756196	2.1277099970621176
2.675126672245267	-0.7463454691421444	2.259252194531089
4.199552994618962	-0.9992537192439488	1.6932666109909644
3.883435246242151	-1.3176330407514354	0.9455602337832637
4.642152833698797	-1.8500965652955301	0.9015143132013131
4.65753015419212	-1.8500940461971642	0.7003857725440928
5.450730260354214	-2.543703140679179	0.817731684697296
5.546543972658474	-2.912126852209641	0.5486353392493313
5.703139594772192	-3.520316205538244	0.12077666436366064
5.400423474982819	-3.8757183882332296	0.4226851245515937
5.501655926807067	-2.977944500087256	-0.5279968561810829
5.894243151374733	-3.225666871546488	-1.1977508218870265
6.847025415678273	-3.4159254817217484	-1.180698551138256
6.861438276997707	-3.493503284348991	-0.9645718493979847
6.73818621009398	-3.5984330098719397	-0.6066280331302003
6.635946098041908	-2.166892752942225	-1.4754800812721593
7.889500356026928	-2.022464006162794	-1.703569137250714
7.165154106139796	-1.973376365137496	-1.104517684561611
7.293234721911614	-1.7747302494636104	-1.3456711490735385
7.791410772168792	-1.121985359383296	-0.3655720689396378
8.001398869098908	0.0051234171012729535	-1.3024922313764589
8.107822526633212	-0.06307657932619992	-0.7615162783690846
7.044595691004134	0.3047507384385059	-1.7212091707232298
7.738134080198952	0.6954055538353525	-0.8133305731378102
7.803909994793811	1.1817424435764348	-2.014884131639767
7.872077152687742	1.7445098744609187	-2.2344676822495564
6.726037869268344	2.1663324589171595	-1.8866477448568855
6.272795322818609	2.0402178730755276	-2.075767902879579
6.745474714241283	2.2194231919039096	-2.724647019924931
5.394416602947298	2.417883484805674	-2.734345869263479
4.84350024550535	2.282730606872145	-1.9047349535065852
4.365428609120498	2.392247811066441	-2.440952910421215
3.896958159537301	2.496171153037939	-2.221597197205712
3.878878818153569	2.603876472655578	-2.473799422914485
2.9170133116312678	3.405403340584767	-2.3911812194903557
3.4182454828122175	2.045077482818104	-1.5960797988441746
1.7698120632769845	2.1821526976516408	-1.1759574963485433
1.5841739808656132	1.938908639369701	-1.1473186293624074
2.327334857023657	1.5472886218331436	-1.29763244479882
1.0089619064585762	2.0668551598840113	-0.6675378883165819
0.35294367197652443	1.2974827719539648	-0.14975506424431395
0.4280767296169113	1.0598615574788297	-0.4551394989288531
0.035754299156961156	1.205611849165717	-1.21604792642768
-1.3867647032664703	1.1173077503909206	-1.3319107541427808
-0.8761269919687502	0.9209855298105061	-1.694169135149127
-1.7410950708351147	0.40492645398664584	-1.199978299921987
-2.573910716204631	0.44521594988432617	-1.8642834259200791
-2.459536385089323	1.052736546870105	-1.9585704073848635
-3.89154064173281	0.40861418744272177	-2.123522411960539
-3.5216999774605	1.1549664756835434	-2.0901324359055526
-4.377666101647747	0.9320028896885265	-1.4451670831792132
-5.438707704375994	1.635139637015294	-1.1707006423269837
-5.933209176007889	0.9795338396623073	-1.0272198253665623
-5.439654645300641	1.2777376761513155	-1.2969180507702027
-6.492631834372953	1.6612147472924934	-0.4106873560116975
-6.27403012076593	2.160022552856215	-0.4663206272749826
-7.252867476002806	2.624726795551643	-0.036914470240928754
-6.677099064890916	3.1498719161526294	-0.0631654581329788
-7.1046006045519166	3.028019591346675	0.20895600437006262
-6.5945042220693875	3.618001305171517	0.6800615684115725
-6.503674473132534	4.184094916778642	0.6158921339327528
-6.143453558405266	4.97313125589655	0.6199927975021631
-6.243087585866878	5.70795342753044	0.8464027804397284
-5.891878747941736	5.607105794451509	0.6656338963765405
-4.633925546483466	6.255522980552381	0.9429902531134905
-4.632181822095222	6.4166159596884444	1.8178837532688887
-4.668740216864357	6.266803217847657	1.8357867945667596
-4.248826044415711	6.253806005767195	2.319678292672779
-3.6789466274784726	6.796155655864967	1.5326563120577794
-3.7451840023755225	6.38687447734362	1.8359273492214498
-2.888335944905181	7.434682778521334	2.0579706186614803
-2.098455439372644	6.411193294359833	2.5050453195047737
-1.5235927872082207	7.190719896978585	2.5575757329976216
-1.186837848490292	6.290003704387517	2.9700215240270493
-0.801181894095576	5.974423067002666	2.8476565671862666
-0.7048358976333597	6.71277226198431	3.4241085896160985
-0.08096162136433105	5.86349641525388	3.406009280303006
0.5316902068402651	6.0954181096100575	3.334525232449968
1.5256741057786853	5.396417114259481	3.2933730133374577
1.560590185365037	5.7147392026999615	3.5366381152468116
1.6334733647902158	4.712462212321349	3.478735365084332
3.170246364182702	4.474677925982848	3.2467106558742334
2.509967278366488	4.392068096299315	3.271675184321259
3.0006132967733907	4.45855551462197	2.9717052486755517
4.6038049664080285	4.904154609781697	2.6749313599933857
4.2034183613997165	5.13712805208148	2.7463891608002524
5.388403139666907	5.3322164793966245	2.6398874436813182
5.934037242614919	4.85439705753605	3.1519181014677393
5.813226949584603	6.152963854262372	2.49013660346696
6.0169222105154985	6.105791749250821	2.782664064871421
6.400030440262204	6.017591505138238	2.2222004476723827
7.059787762942113	5.504733981516487	2.064084927072783
7.221962626254923	5.869463066772528	1.8625587431370532
7.570900024355421	5.364796051163547	1.5902461199793159
7.841490132203925	5.822013315321036	1.2997793139939016
7.758041934021637	5.18592703830037	1.4311493568549638
7.7348483977977045	4.662739466451248	1.38291317421562
8.592895402632765	4.157380178974777	0.982983516789971
8.284636545953148	4.376391332402677	1.9504246096865234
9.137833907172226	3.634622581790648	1.1569149506457408
9.387236644279412	2.769524434928096	1.8215838764480914
9.020433000279796	2.058595171856174	2.3925595816669993
9.614235600904115	2.315865827608218	1.8404652421428116
9.477572758144326	1.9299158736018796	1.9064551432958523
8.862086726731137	1.810125994455264	1.7843445113460137
9.1358308983084	0.15551925648338805	2.014672180409902
9.116272852607079	-0.5035202580516149	1.7781780802165055
8.802512398018576	-1.1346029899472372	2.643087514468568
9.010469216634512	-1.5982058114744637	1.8143832740660917
8.527151282286345	-0.9240002702917911	1.7722542448713958
8.963967794556421	-1.8022328241280798	2.736675362303435
8.748752588401011	-2.1819475366114602	2.338936029371867
7.473403231641379	-2.738317225268637	2.5975578280641773
8.446294691361064	-3.4601998178102282	2.4261611200727433
6.981154344183184	-3.706934673450885	3.1439972536330973
6.63558363713209	-3.812728555880579	2.281705332482897
6.357964235261506	-3.6515027059263767	2.2264216667284384
6.076198357206977	-3.4418316720198994	2.349332729756319
6.1622390240341005	-4.4688470909288895	2.5214402419325443
5.82492004092234	-5.164703577766411	2.2173474489328044
4.74176995025529	-5.314964480135191	3.1701520641460372
4.750462581455699	-5.212652799737003	2.7950054703159832
4.790229754011124	-5.384148015387953	1.867418684940913
3.871797399139974	-5.502301864614574	2.3628531031262336
3.5007674205189803	-6.121182004955356	1.7015543250860157
3.3190113691779484	-5.678535936507958	1.3291946173989566
2.954372097262101	-5.535044322383346	1.4775331375731147
2.4864541484004747	-5.562322857541156	0.8336925100121588
1.8426930126398378	-5.457722109280502	1.1782385371969428
1.7462593733122278	-5.891601569466345	0.7816050729429622
1.1029840258929673	-6.259622620870542	0.7384732341796734
0.707167876747709	-5.692246220198005	0.755248448062555
0.6035237199848629	-6.435393240575603	0.5832942782298834
0.27029657487079195	-6.020919669649939	-0.035481119644652136
-0.17327408939612787	-6.2618720015719544	0.40613726015630325
-0.27758341234657014	-6.913836242528548	-0.08444792946301156
-0.8288198035118555	-6.918358578843575	0.07539491850585561
-1.5707498003268685	-6.540964641073169	0.7767173793010959
-2.8872911775928074	-6.113852274890383	1.1720434212259938
-3.0349848043218026	-6.309325553055642	0.751774378666322
-3.6641971776707583	-6.232029295437911	1.0022576091803668
-3.5269142415495023	-4.903145402356953	-0.027676458851676092
-3.495778267953353	-5.413184967071307	0.23552416116822628
-3.7855487756231545	-4.496113699834995	0.7189365958069334
-4.2589916646426085	-3.952549410690414	0.7237908000335003
-4.552107592359887	-4.162547515466519	0.6299372632646055
-4.591575422894684	-2.632955910591508	0.9551295019100323
-4.369650412479991	-2.861523435191671	0.6770331108486483
-3.831516932078071	-2.4556591442759528	0.7070632166340587
-3.70463083868386	-1.8447269837517604	1.2474034043597106
-4.637242001176794	-0.6321182759007815	1.2167086806914336
-3.860898734483227	-0.24789118289126955	1.0891570433848718
-4.14744295070851	-0.023340598701130255	1.1850910307617954
-4.421243024183036	0.8393538676662216	1.9834617833199477
-4.0455869028667735	1.2976737853629496	1.4655080071438704
-3.769651053424647	1.5237259775833267	0.747919517850385
-4.14816554994129	2.3695407733367606	1.1692417721764743
-4.080337865520874	2.1529564550216	0.490757319294039
-3.8405228290219124	3.530461041722737	-0.2012544291439839
-3.0060589598454888	3.186046110387992	-0.1569632311810799
-3.34834421303907	4.11559771388105	-1.1070733250166906
-2.314935869628412	3.342017081157289	-0.8320783891649173
-1.9641650084655522	3.425155129490551	-0.46770404115927655
-1.7820581106250755	3.8871364481490076	-1.393397365664144
-1.5712304201583094	4.76410401667283	-1.184220621160645
-1.127740476336217	4.612167060978968	-1.5644483073918305
0.23264188169996514	4.705213487713041	-0.9860537897989615
-0.011364648657956278	4.614693230335231	-0.1162164952965219
1.460612113546027	4.916828900699841	-0.8601343113929879
0.7359569462463342	5.366425948258686	0.6127881204994183
1.224829873782238	5.535107352279638	0.23959800417146832
1.2618264165024489	7.087334324035055	0.28876066209061935
1.7994331319912578	6.952692269846496	0.8028398404762359
2.247252287467144	7.164501600324411	0.9567189361237853
2.1849984090033776	7.6091277178406065	1.577535221870276
2.943396261981184	8.71711399480727	0.8917249943886599
3.367902313051691	8.042233214360989	1.7061328857319502
3.6856535260993564	8.34521669275369	1.867015382946445
3.348231980542916	9.182095697976179	1.2205201695964094
3.6184395461116505	9.980271272494308	0.9384106298997272
