4.757763166311033	-7.679238418857903	-0.032373469207967354
4.986127565998974	-7.320092662947821	-0.9416461754655152
4.344917410266367	-6.665633295178182	-1.003280357213306
3.1392805127402643	-5.930142653679921	-1.728909058648437
3.314130037445082	-5.460516171304226	-1.5247710452279162
2.8157751166475182	-4.894184545174758	-1.9898720586595045
2.384921285468884	-3.5595185804790854	-1.6300516893387402
2.8523198593014327	-3.1366162002010562	-1.4443923603906568
2.584777669751352	-2.129255987235739	-1.5029275538280145
2.9100351908495847	-1.1434047223187245	-1.2170885702448417
3.265767467601413	-1.1129942923640819	-0.2727985733094489
4.115102808140685	-0.7143509530538601	-0.4715435410465769
4.521531408556737	0.13064592853918855	-0.41981279452376513
4.115076071921066	0.5747127371475463	0.04785292285645143
4.352624929009895	1.8083579568932215	0.4707220390568248
4.554503287138777	2.5976150726631553	0.8919058889365087
4.449858577140046	4.259319894882093	0.08740180628638305
4.691063807214349	5.0147729292855985	-0.6048038402417961
3.8059505494034207	5.895546386724082	-0.5091262405634924
3.7298093655793876	5.901247113065543	-1.3371376538826611
3.1192343956047894	6.2602238207686645	-1.69760831740596
2.842546284339994	6.768749755508027	-1.3501223349672467
2.0567235926683995	7.38560045635917	-2.2015405518219286
1.1208838602233406	8.118534040692662	-1.9052281191979834
-0.11364731024352581	7.212219357305379	-1.4207926795822812
-0.5173044343503614	7.656690903961614	-1.0975648016405595
-1.1551288629585181	6.944733189003658	0.36329412078195344
-0.9785253554067656	6.334211415475416	0.445510959194097
-1.767611010779785	5.428477595390874	0.5263988122788705
-0.6991566343567039	4.346856131290868	0.8719889193255546
-1.858680531680179	3.364706949883161	1.7997864330828084
-1.7431879006710438	2.518286204060005	1.650086927772129
-1.8414341038155455	3.124443681251776	1.7607794354203683
-1.157289779279543	1.5296543712898671	2.3251238811712227
-1.1799705492929529	0.31701955190780573	2.942051203499437
-0.7922360337461192	0.21060763554035078	2.608279221412431
-0.6628012333633114	-1.0073147131985545	2.069186511686717
0.7059441268409814	-0.8702486114735627	2.4751093919353435
1.0020337203995395	-1.9652568322160395	2.9357202872235186
1.49911925747258	-1.5205367932720715	2.729710298036961
3.2063389675338967	-2.604070662452874	2.3825218050674564
2.919141176187722	-2.4596432217699546	2.3426888870016973
3.4131347876149674	-2.4881258913385222	1.8651621694603953
4.673711035010131	-3.537214994757118	1.3650298754946966
4.402866598294337	-2.6569415831061716	0.10599548605719163
5.260621129571323	-3.537394675739227	0.5486355754809239
5.437099730393964	-3.375179354961647	-0.8199950816891872
6.7358379943991915	-3.7033284710137258	-0.7570291429526033
6.6970544130751914	-3.0579892894415996	-1.8392526643573408
6.71432383263875	-2.367961055565651	-1.3050730338468475
7.297985974916659	-1.378654954009475	-1.4053359072865277
7.193789988490656	-0.8670116501646287	-0.7948776691306916
7.2297251591011396	-0.3271054799448535	-0.38712882722528486
8.356321443895187	0.37784256826509216	-1.2743976579589322
7.16905009006995	1.4246513886247683	-1.2717880063201483
7.6655912871052	1.4587796099539956	-2.1831719767015785
7.056658191530646	2.071131849822005	-1.9530770462661393
6.804740322395551	2.0961739989533212	-2.4785576502557385
6.511010477687146	2.282240235345425	-2.7339465050195204
5.064618986796338	3.006353588076075	-2.6757894096201786
3.834014879249806	2.2567197433527166	-2.754435247602495
3.0851448605865923	2.4595435167291915	-2.1937849491880326
2.426309914203542	2.9634891155537537	-1.3513803843261198
1.9344019479462946	2.133896541395063	-1.2335316954281519
1.7169350235914496	1.877948596705595	-1.2159264369633642
0.7984564913746606	1.1110377578540676	-1.3596881677973893
-0.0013420823166019336	0.6990314517599996	-0.5681788814080873
0.028858204526436948	1.0147490967447002	-1.5633744395808897
-1.3901743091678413	0.4236067268198467	-1.1857883044605597
-2.5152792304876703	0.8798686504600558	-0.9691888673172817
-2.7602043447953033	0.5621407189931771	-1.8054412530183317
-3.249256354113781	0.17631299442654327	-1.9865654017136631
-5.02563063107172	1.5320467309996517	-1.9365570632830633
-5.359745112132858	1.0222282779920924	-0.8681469765974015
-5.671168839734121	2.1489304613426308	-1.6907827156596258
-6.196371679213759	1.6269627623203724	-1.1296436965850267
-7.18673149206354	2.628581178047861	0.21694199669348735
-6.443818624920577	3.134250944478907	-0.2819126342748017
-7.180362974056497	4.584365555386421	0.8694494556599426
-6.929166489864945	4.159395877465998	0.6426549140535334
-6.144696200041738	5.20734760405502	0.9333669168748073
-5.644599893586476	6.489305201316176	1.1246569055070748
-4.727763539312608	6.051970357885125	1.2989075302840638
-4.677491226763629	7.022980546477928	2.2776389655546696
-3.5743852429372462	6.8878684913869686	2.447421079963666
-2.6659630543223813	7.460268169710552	1.9967145587252542
-1.8250462809055084	6.817058114737003	2.32447315884042
-1.9269729543388259	6.903119083681971	3.7301556612454467
-1.0992997118746592	6.8092218024537665	3.2687280725185635
0.15252789563497027	5.702530657561815	3.1683766990084012
0.15732091338772217	5.343046237928933	2.942772937927002
1.1310795582063524	5.312411769194694	3.5340047220562716
1.239829758381933	6.008854506203432	3.2704357585506596
3.1845596924122175	5.055142349425946	3.0232204001297918
2.817516604309216	5.813128664922136	3.1094624364879
3.8356597573738354	5.178755761204926	3.6965358732598808
5.112155057318966	5.716455267742411	2.479797956370737
5.1458313583961806	6.6703120717522975	2.327547216062394
5.626291631087342	6.781688789794979	2.3095596170046293
7.2033644787647155	6.472946973946488	1.9422386552541933
7.034817693566164	6.536030284832569	1.797188665783882
8.187579191563529	6.329192285330365	0.966145913002495
8.655754979056804	5.109509470381379	0.8092633440315026
8.207885396722704	4.3087193684677	1.1763958765311302
8.868027500513584	3.6591108423384013	1.4996008531906857
9.81611015719794	3.1839654705052545	1.0791822948448853
9.104633873871872	2.916548876167039	1.4175340960598075
8.89345450112124	1.4754772735140382	1.5519352873024552
9.117598186909586	0.45498225551794563	1.8243045575520893
10.126684788172396	-0.3392001968627485	2.036987119576317
10.024630186480444	-0.9088471982525741	2.190071260452755
9.724528561372585	-1.678709855766225	2.0973380273487523
8.86749057887223	-1.5241741163563163	2.0167731290834325
8.76629318438646	-2.7038349433757087	2.0643486867747667
8.339609553367707	-3.3216087072893794	2.465249733965063
7.527290621077957	-4.452794063499775	3.014546918736082
6.869285079430296	-5.101998823705878	2.4938553825385283
6.5629957620249755	-5.498254429346444	2.383594969673116
5.794754134404841	-5.480284733858099	2.1716882003323468
4.4018462670718295	-6.322827712533167	2.0083412050575125
3.6927192008681557	-5.385148515082177	2.498435941820256
3.051364718888879	-6.117931340617366	2.2596974511132997
2.0435302175883954	-5.885569448511956	2.351458421956867
1.5062337153191665	-6.062056248790618	1.6893882480627045
0.6521095251157256	-6.257299759088547	1.9152914745490377
-0.08860546791775914	-6.995062615568827	1.1875199155776248
-1.0271192559187772	-6.133870847170726	1.2617821060635266
-0.7579198571980725	-7.057144267063568	1.0114412353629347
-1.668470015940533	-6.630954665851959	0.9556161491419609
-3.203083211121327	-7.085787256435493	0.872269913389063
-3.020483797481598	-6.557099420319882	0.7644914029351914
-4.500775089407367	-6.175507711834214	0.6948495189181588
-5.065238230810485	-5.109513211888987	0.6584865296710172
-5.326998496503666	-5.0283692907408275	1.6771592068257228
-5.018750478414272	-3.465991875536282	0.7696551502140906
-5.618882434919685	-2.5819344254081944	1.0385374430041956
-5.913670753960153	-2.012834323244003	1.5568393607779338
-5.916810527798682	-2.0845284429929847	1.4663403367209649
-5.592252460099558	-0.8765265675366899	1.145284140344516
-5.807815383205105	-0.49123000003900286	2.417695742312297
-5.15801175889102	0.45946968965206764	2.1767430851306333
-4.865598672716502	0.9310582242199728	1.1972642050739837
-4.254184400012807	1.8806280596665257	1.6814196957166225
-3.5202592662006853	2.412289724529662	0.30488157394314397
-3.8275764727989303	2.998310207970662	0.7756549020101569
-2.834918902568009	3.1927266775762293	-0.631782351330685
-2.991674716574135	3.960514036579762	-1.3830205210027517
-1.6038867304860849	3.5937150237722983	-1.6422756742558575
-1.54166400714615	3.845703780345299	-1.9690154700801197
-0.3953482776812449	4.626787719998014	-1.6655475795378574
0.3140695185787954	5.085028684498755	-0.7126690572309334
0.5737619038874571	4.767192079696797	-0.6976439121467477
1.2797651236828085	6.593697122741675	0.10516928559802002
1.397286207471365	6.750681099439937	1.2641441818513242
1.8924915115767817	7.630371826403804	0.634375858252604
3.071896419454803	7.9688215821453605	1.25252829434671
2.409659399173	8.650210358037885	1.5215372097388231
3.6643542859339653	8.78441379248837	1.1068853654598378
3.8841526772090087	9.42867626729081	1.260580809851723
