5.232234057416971	-7.740524519499326	-0.399240433394523
3.8778820900298463	-6.55410765826543	-0.5708633679605264
3.430565541351051	-5.991258020192683	-1.086628703599667
2.2740862782380735	-4.037160025310765	-1.8029386715485265
2.7388455034276866	-2.9756948200864364	-0.8439790981915447
2.6989944119775453	-1.4193137185174425	-1.316828362733851
4.5819697255613026	0.18645055351202527	-0.4744436804176066
4.289204927383165	2.5894412145654244	0.06331645781247874
4.152936817480623	3.6462843241860474	0.5392501874364719
4.090611256710903	5.615588691825599	-0.19025609555203649
3.6442901026000856	6.167720259841658	-1.1808875924221374
1.5145625785910921	7.150040948324272	-1.1921479619827071
0.6844793296640924	7.226852960353559	-1.015833972673943
-1.2111028182654093	6.790280836864437	0.0034168669919073524
-0.924385219033812	5.242418337542655	0.6742095019321579
-1.3913709713340412	3.761443923357175	1.9028298239952877
-0.4579055775270311	1.7273754643552708	1.9797265571259821
-1.5206497869914153	1.2514785060515239	2.139309839117058
0.021258329243564855	-0.8622882583617544	2.2422845495296526
0.5640939774173761	-1.9419393379836534	2.486622287651551
2.174821043054851	-2.665781219385485	2.962764158741442
4.509844120878218	-3.2991581944364037	1.348797654657185
4.931920848266868	-3.483889033971705	0.3461300338600791
6.458320324549777	-4.250994959206948	-0.7263797127188538
6.808666156538404	-2.9417040629353277	-1.764485239926603
7.144472150276362	-1.6435560409293164	-1.3388817483600715
7.332190068806851	0.1384290660855515	-1.0985059764752887
7.563167616159891	1.7972760075087728	-1.3375759650318613
7.197336279116236	2.2744344418679896	-2.2744535401341075
6.124030520067147	2.8809120503626624	-2.7272494909432634
3.9529569955159376	3.249673299616961	-2.2411069746619545
3.382284627653826	2.0681191408956954	-1.577422069230644
1.2995678265970718	1.745829067512628	-1.0052588869874084
-0.43724072981584167	1.4538629844261242	-1.2291489730445817
-1.7311144610068099	0.7464514020605381	-1.627077201303653
-3.021164909364927	0.2146929818057344	-1.843288323614598
-4.361916025408164	0.7680320693355591	-1.6915006995321455
-5.547233253058366	1.5213768683870474	-1.222394922811831
-6.0007351967877325	2.6194626804891827	-0.5764064059881457
-7.476383252196081	4.500985109307383	0.8848820856334277
-5.9418813794091365	5.784118435176666	0.983230441199342
-5.046299264353739	6.092523106652731	1.5022127327108665
-3.689303383947433	6.588749519120065	2.312197546581489
-2.747310202219028	7.9300927345687455	2.776891155382869
-1.3650755491077495	6.491246132007521	3.3791867922620304
0.13646632912039622	5.3178481596007305	3.6267741943443017
1.3559806811297201	5.611562810005273	3.229518781276206
2.834163534706158	4.925389732941897	2.929846050635659
4.359510178201234	5.902971963427709	3.0700599092321976
6.060157316719137	5.916306845355689	2.2802817895186176
7.593870536422124	5.844534089371739	1.8817317949110253
8.105329730731125	5.869313781789599	0.9124812876144169
8.662289288900006	4.115316056541691	1.9805288469174975
9.324384147008123	2.6625149008354896	1.243025666493952
9.913416893524504	0.4842635534641583	1.5413358758070765
8.99252449595859	0.16594057733433876	1.8234587223673369
8.606162249291163	-2.0585256158540415	2.3643907225581913
7.719997906039759	-2.9091164177599897	1.9329698113282345
6.459622437231482	-4.329310194676851	2.6047215935289545
5.174537152622868	-5.591070332186149	2.548424303864037
4.211722909907402	-6.242956027787946	3.1383779561441005
2.3754001978631343	-6.832385052675774	2.5230566628886093
0.4952528205222016	-7.2337622666729775	1.4065350554594793
-1.0551962026879302	-7.354162913050491	1.9015223768563925
-2.1683227139534145	-7.317899157725816	1.2986001625461618
-2.7883287201694125	-6.469938954835062	0.6592123253151034
-5.032913018304654	-4.713824477987848	0.6250440696373707
-5.136099834405327	-3.9422512448072453	0.9970252375478015
-5.570650233009588	-2.6342829477154797	1.3068184291086302
-6.14668196057564	-0.49380994372789777	1.5059468293011298
-5.460172499960254	0.0897158016490885	2.611822359770747
-3.899266896323668	2.3319708440446307	0.7359776907871133
-3.0762275846198466	3.0519318794341292	0.18873513855718294
-2.984377226507124	3.1628465869762277	-0.3630878589535702
-0.7012821255670969	4.31008678353315	-1.8552657652911506
0.5416116585963132	5.194869726014909	-1.3919806333384743
1.676385530495625	5.628187505595846	-0.3548167160926469
1.5529544046787174	7.015902948145451	1.5827862778567678
3.0644282425913216	9.081095751708814	0.8133253568330843
3.7173208726692377	9.861479922628838	2.0520714249076177
