4.831659846157008	-7.056507877708828	-1.1779237073390898
4.4175963810764936	-7.527888269278984	-0.8380012243708689
4.206513966720769	-7.453437178372932	-0.9441663584442089
3.577661139538395	-6.764614813386428	-1.369717455353857
3.361145185022291	-5.19359282230155	-1.4618962626947214
2.3116025490911567	-5.278881353745363	-1.9631852176158806
2.656106799965884	-3.6163115292593875	-1.7040668449483416
2.5225124326661965	-3.5764938010057796	-1.9445185395774618
3.0033117774862053	-2.8348573412887794	-0.849251403103725
2.4764941705083734	-2.3627201779764384	-1.4559135679245574
2.6415085987653124	-0.4101961121649589	-1.1412430915135054
3.228343235037897	0.026417739373133853	-0.026617569377078154
3.8007519360010686	0.2892360524497941	0.6742968427201741
4.93635772336656	1.0901740718307447	-0.15489374800356454
3.8862258358485393	1.4136528099040833	0.5637497251851915
4.064353691931365	2.9601198071551664	-0.052484202290252885
4.0812055076217	3.69264623933173	0.362544099094789
4.0071732959431765	4.412932945707564	0.23741375465130787
4.643032161910272	5.676095829926654	-0.5852942157081094
3.672216733641228	5.187767261654892	-0.3539128818358199
2.82751227977858	6.442336634974808	-0.8992592449456444
3.023049600166512	6.706835272359979	-1.6730055362965897
1.3800100217859184	6.771171270731898	-1.2126283655239234
1.386057551179542	6.914633437189419	-1.135838352673783
0.07025962913080225	6.485630235442663	-0.667625959166309
-0.8448602976391479	6.69370218472595	-0.18428053803788846
-0.8777871164267406	5.97852900575338	-0.08656741021665726
-0.284338943480378	5.605535049074071	0.029592120867787175
-0.8361666972818936	5.099993113139993	0.29196968363803355
-0.6664277844485802	4.501794365108939	0.7521810456228628
-0.6594247785795675	4.403949093185464	1.4625002855688516
-0.5844015986275807	2.9266489191607636	1.6484115280007519
-0.8830081973015232	2.535321951406376	1.4156925325990153
-1.1179294038511929	1.9310500724163946	2.7086742458585658
-0.21630193228771244	1.3005949973293334	2.2723499926318955
0.3964627854825684	1.7240837295463922	1.4759279707485664
1.433536767350886	0.08641351366728177	1.6269375874473464
0.9382971873126889	0.600893645017033	1.8966467377607747
1.6010142698923013	0.8056812601882605	2.1077722151763707
2.248156277393887	-0.22053059686143273	1.8102682619617294
4.283394008424493	-0.6509164516980035	1.1750887904985552
3.9379921198809407	-1.6866202917120177	0.8706347136864299
5.53745199586532	-2.512452166920347	0.625822041087023
4.770487014799121	-2.3825467668667724	0.7761800702405287
5.462653232848381	-3.5203841927101527	-0.1869514990358498
5.4146987508566795	-2.8963652477086574	-0.15011205442994058
6.0854736431879175	-3.563878939245247	-0.3529254200102455
6.069708243310793	-3.53200165230915	-0.5039287577936
7.245998752206663	-3.4927890004558666	-1.4863330295374009
6.877111600557422	-2.5206263246856704	-0.5055772762554187
7.805956606607878	-2.2062442500303123	-0.8708133559079205
7.465158366696125	-0.3101192830285098	-1.182991389422292
7.076511295741506	-0.0791129103640219	-1.3417673988370038
7.603766242744928	0.24622152383420398	-1.5474025192035668
7.1979003338871514	1.2900787933708062	-1.716877725701975
6.929201823687017	2.2857293776517795	-1.6551240343479026
7.52174930312961	1.9569863030945773	-2.2849757757885536
6.378537551429503	2.9047826902697187	-2.4591972564713203
5.085497255739849	2.139398510179679	-2.345773661516572
4.512995328216255	2.566084662307865	-1.7653482319289762
4.160376826457653	2.2702554756568065	-1.777586531303898
3.6081333865934964	2.198225442900913	-2.527552935342452
2.8556775696364105	2.1444225010600197	-1.9013643493259529
1.566675156892769	1.6822840988686265	-1.0012936342351735
1.1093652224559267	2.019837550464058	-0.9903529763248541
0.6759686294350581	1.7226540081767219	-0.6062344464748384
-0.0019917356350768745	0.6796512796730452	-1.1074136007236752
-1.1513692572180014	1.5854192641973326	-0.9910501547307069
-1.3612673784251133	0.3117266513406153	-1.3987281141598393
-2.5183287867726323	0.27548771615804246	-0.6865644855412638
-2.2365964098700077	0.15843016851139366	-1.9833069065274864
-3.9787636899674794	0.9270940695050061	-1.6326205763136517
-4.5138651106376795	0.4331477127016684	-1.6779426760037965
-4.6628054682136515	0.9352991307068734	-1.6484465105198207
-6.222660217079248	1.9192546776362804	-0.9570169280204438
-6.478344458764442	2.882217897639208	-1.0193898474491858
-6.739525371456935	2.7421737145895855	-0.11009242213808523
-6.503967337591317	3.907027663640904	-0.3156982997068217
-6.999644310360559	4.205835259999891	0.5977583361591341
-5.769788894226148	4.1244962614147616	0.8362231534653738
-6.238592603348097	4.946981111734349	0.655587922124621
-4.553639446201584	5.301773440293982	0.8987669509567707
-5.162321755893405	7.1172454593635806	0.8765674935469283
-4.27077372533061	6.176617567262942	1.846654309361781
-3.1998196455443977	6.381520043567233	2.1248507906084106
-3.37705874570353	7.5354671394845125	2.5161896083107544
-2.001267884675134	6.940702906817666	2.4579210529391844
-1.6144137716781493	6.59284447137635	2.760739736884727
-1.2242614296741432	5.95867403388009	3.8541868307453595
-0.3677566058759837	6.37044126277082	3.7525570936123978
-0.07142417988925723	6.079897188567324	3.8175937742806294
0.48494529208468984	5.984110694859838	3.8245963925742417
2.4679997687794173	4.669606465114537	3.6044125339746245
2.849902155214995	4.36677708238087	2.8190524595889026
3.3598071104026994	4.526226136678175	2.8960580861698126
4.672268626851475	4.440748419860624	2.6332690383973114
5.230094919469553	5.267738711735994	2.2958817156707974
6.229691891006133	5.794858748411452	2.3022581606413484
5.59131282487208	6.314105995566903	2.864128433286469
7.331119403407375	5.600092070809855	2.2707225884319566
8.043985264943592	5.622102333074074	1.6172875823267265
7.395560810648018	5.132974340474129	2.3230198951857437
7.785267542358101	4.856357687955994	1.5480648479475954
7.910786244050702	4.871344552234007	0.9643888454653455
8.276985482805012	4.642215543969385	1.0684499654787007
9.04710307028456	2.680880785624888	2.3562419051148025
9.237020149498171	2.256737322867123	1.4179500535608105
9.09183882890066	1.1581313986353903	2.0356173592822566
9.587867299911016	0.8267149310815577	1.9985703685658383
9.302746734286714	0.4972382367976168	1.7122122171060594
8.63941738429905	-1.1263139309090033	3.013743547166019
8.431349909762465	-1.3391777876726954	2.6046618913040414
8.359565691064144	-2.2966547821864385	2.7258545886136676
7.9919352239205805	-2.2044823510759137	2.4559267940406917
7.632428170597643	-2.7397974162915095	2.344938234847396
6.904846336899925	-3.667177570242696	2.226455721825023
7.19110046647967	-4.070316215631324	2.4270723141436545
5.694195237866456	-4.238219927881008	2.473870642042296
6.1704136135861365	-4.859371166642385	2.0054017744700547
4.825985881718495	-5.084050871420471	3.106480491858937
4.316347089557974	-5.531999116604003	2.9581333122141213
3.1614956297938797	-5.576057826490638	2.048217245327285
3.4926194902221726	-5.67016809783987	1.5671863594630957
2.5719339825153424	-6.410618721080031	1.2225368053930041
1.7602850030803008	-5.256512124144566	0.7828619774888073
2.349197024697169	-6.508910786201922	0.44997781614709637
0.8977026197361759	-6.0752959425290385	1.245468530157275
0.35858537506313065	-6.653755445228384	0.5137052865365708
-1.0561404223547712	-6.493626426650368	1.0723783980527617
-1.7828412268673095	-6.107314015988242	-0.0017368173626190198
-2.074839259429613	-6.242866297660231	0.47631752856967624
-3.0331595027533864	-5.8950251516249335	0.3390668981441663
-3.3824600034084398	-5.6099307416049555	0.22779811287162094
-3.4888434548146967	-5.420204693416038	0.8853834833381141
-4.032661450240162	-4.312074228793071	-0.03697622898639434
-3.3693794092202882	-4.11803477822487	0.4870708891367785
-4.2359629725835815	-2.579278201434374	0.8832893804250885
-4.676159973110822	-2.7151715141957524	0.9407787505978036
-4.36320557806283	-1.1010316791872428	0.868286028708367
-3.731950414489466	-0.771487726713364	1.5917230315507362
-4.353106270855031	0.34090355197563194	1.4907475863663233
-4.457937251896683	1.0784622792180456	1.9099761109395177
-4.81632599098654	1.554182124241703	0.837365549653381
-3.6002297805615715	2.6981598999906438	0.861780933381996
-3.262587394475612	3.3825824540137157	0.026459116807763472
-3.5386096420158535	3.9773418051937135	-0.5386895671067227
-2.9211436766823304	3.842491954314811	-0.8289647703718213
-1.3723279781305107	3.6590252352923716	-1.503355640195046
-1.0067136764307105	4.791141879547762	-1.733656378511679
-0.5016729361705956	4.467582800995614	-1.2858132413115424
0.13275675786201963	4.350510250112239	-0.24816493812895168
0.5427861830168421	5.210363010497321	0.19477479220023952
1.5294963678593922	5.28986717981683	0.8731981511679574
1.5891557562435803	6.1660297038021605	1.1195186371826624
2.5551878735182774	6.673780562685561	1.2519949063514362
3.0814134194997056	7.409006621385537	1.4532703627721069
2.755375715338713	8.058836233527272	1.7949852960779615
3.1490224396258153	9.741813360574897	1.3277452510957897
4.695087601724985	9.467507864734307	1.0409402065519606
