5.3923500998319485	-7.78209671158082	-0.7070129704585635
4.376915749607288	-7.41042738505635	-0.8525294844542433
3.8538120915740843	-6.485419403859106	-1.4870041061583303
4.1838559327047165	-6.126664618877722	-1.60541294973028
2.8678494380709223	-5.215506222687224	-1.1656665622384685
2.507766427544147	-4.42750991842985	-1.3486172442480946
3.024470207319224	-4.279160442887711	-1.7311514606455196
3.2738439770525902	-3.4389577577970476	-1.6472928320538673
2.8089760611909957	-2.5571714394400664	-1.1143310479907407
3.0327446121462964	-1.5737365433967767	-1.0267106228703873
3.45841949173796	-1.2833049526847273	-0.5975437104320367
3.1610947004323764	-0.8921079992090588	-0.605376559255669
3.854944464081343	0.8442230196630977	-0.39433436870854144
4.383145948659671	0.9925794403182782	-0.12487521360902104
4.440621874376613	1.4074293064448757	0.5794480288751969
4.114779810469703	2.8740649079251535	0.6108821702080308
4.422293795252607	3.04577767018024	0.9425999265499991
4.785074990310835	4.801669081258792	-0.08968048525014982
4.726454161485028	4.893085741487866	-0.030511574458780055
3.924531588795996	5.324840932329409	-0.8804737112985953
3.8586780754887515	6.81962005244459	-1.6732896902281222
2.9180141170109923	7.130594331029183	-1.7692744935720346
2.1851440008288927	7.467335298505498	-1.1957095102228266
1.6319891633949415	6.906098728277416	-1.9669905123223377
0.5549215785451542	7.963126766317672	-1.3466043640033667
-0.7798829370282375	8.003777716997453	-1.0940605290955308
-0.6426241693584878	6.32458843063067	-0.6570592131684967
-1.06436072986139	6.296450339629264	0.5667132989443181
-1.7890906073446882	5.7292132678142655	0.624951356085401
-1.2402981039406356	4.258877511407906	1.8339783798050986
-1.0977377871501353	3.9971887209400263	1.3659991072518372
-1.1732362982779483	2.617304080532765	2.4676280859412336
-1.5208824869391826	1.9601290487680887	1.9641732801772078
-1.2644256487364256	1.6728838008364142	1.6508546146419478
-1.3925406073107258	0.4638650565029938	2.8258705152095707
-1.093559414897747	0.6268332451962655	2.2803469975373907
0.2396499505209957	-1.099839107389641	2.2011052790643255
0.8555480346965688	-0.9147487673173287	2.2506899820468274
1.3953344367814682	-2.0325097900238913	2.90042594299166
1.4091610694662535	-2.3493625894584365	3.165003889759003
2.2794377377400816	-2.0655759810754644	1.9382690861435978
2.855956541323391	-2.2233737297085456	2.099983985191738
4.277558031403095	-2.8655330063194846	1.7706141836939462
3.87865929390403	-3.5472136403035264	0.5497860111447885
5.152888066558585	-3.682093540442283	0.6133861922010324
5.2297605393089714	-3.1245636742409584	-0.6329278653190116
5.42741440403034	-3.9793033288307456	-0.9135211203957418
6.7227964914621285	-3.442494647338293	-1.0378953438123846
7.05060571938857	-3.569677702165341	-1.3527584352886328
7.966853808837931	-2.5960241675740665	-1.7637307908070177
6.957839687642155	-0.9070227891050957	-1.65401325669042
7.14288629655342	-0.45998332028610656	-0.732536061997715
8.305313600370653	-0.7504986478932152	-0.738296260762572
7.783924490229951	0.0003849056053922273	-0.47490648904130106
7.2192661157382485	1.2955438803596895	-1.0240036133646102
7.832531522133149	1.714826675776126	-1.8649625137515666
6.8196513527552245	2.913011920114438	-2.5546642982148424
5.949122461447313	2.5647798408218723	-1.7434751870732776
5.277980566378685	2.118908194702879	-2.82378815554327
5.091075558119317	2.5256137298770787	-2.248528618441723
3.724081931545931	2.3550165497405335	-1.8246785254693438
3.589433703137696	2.730341038784232	-2.172005477417248
2.34093322948633	3.189529281104998	-1.8751694973660613
1.9313700032495404	2.8814992628039384	-1.6659979869431036
1.9287683886664873	1.337572040769506	-0.7997425783741379
0.46652551593233016	2.158838904326078	-1.0756682989172317
-0.11310431440578167	0.5995501737343113	-0.8157398813422174
-0.37328859158975103	0.9207792451143644	-1.583544622636777
-0.910716607440719	0.5551117710017107	-1.1506303115915615
-2.5798870899714137	1.1023510548720439	-2.0864211263188177
-2.942435597206667	0.13254454097701004	-1.3815329158873084
-3.7237770203395657	0.6344953137841297	-2.135647461890979
-4.510063706732485	0.8382716056382377	-1.0713974252231457
-4.9847428280692405	0.6670462113643815	-0.753476329604583
-6.02747033252925	1.2591645694155036	-0.378988582051361
-6.252470611690439	2.302209638548016	-0.8121332050779906
-6.203999889221184	2.2693224749969017	-0.5329859697367948
-7.285515359559663	2.9802695168899658	0.7840625993492918
-6.60178524584893	3.9989682695090725	0.5836672866458129
-6.327390826748632	4.30337314554036	0.6424673842803681
-6.633170464985363	6.056078242320103	0.7143326206863366
-6.163500583149634	6.456692265905055	0.726991375199141
-4.965743482976598	6.621998913544017	1.5033569512361837
-4.6411956418770375	6.549583566178547	1.357302776239267
-3.995120204562436	6.879924927577144	1.7470636277129183
-2.7687380906717243	7.479039561430408	2.1550213318426215
-2.4708106721599727	6.942942441175422	2.998846652412312
-1.2071489481921984	6.885526189854009	3.2645089042464406
-0.5762405540413902	6.88928233475989	3.2660041372023487
-0.8015365734439528	6.376593132132655	3.7961757277093575
0.7581130627700167	6.0183127038505795	3.2612867384028474
0.8466945450286238	5.286513954509021	3.6119758085070286
1.5377628684781404	5.26602606506122	3.415992564292335
2.7011717987120876	5.445185394994939	3.06528290270414
2.9297209850008206	5.530760206140885	3.91532342130933
4.049972802239215	5.042454955896467	3.9137089995991303
4.390626099828117	6.066220172025252	3.6580496992988456
5.384770610577995	6.4584824820351425	2.9554683708476484
6.510248971152159	5.831419215174877	1.9069200587581965
7.335130342396229	6.673081801526547	1.7354273019702593
6.889898650801733	5.806876512595325	2.555267339351843
8.4925494436856	5.918339279097735	1.6423544305662192
8.141802500875832	5.454689308622848	1.4221704098666854
8.712992604997556	4.151032935962748	1.0523969285158472
8.930756349859328	4.688654674107978	1.207614772800087
9.074235610212227	3.113456100083526	1.720578087091925
8.987839954215316	1.9050307220619145	1.6119758977150067
10.254000501937389	1.198716413528893	1.5527093375316006
9.50677106443045	0.35011548360976424	2.0528386024599143
9.753176963007869	0.24410347555915812	2.0896206454171513
8.933655450761334	-0.7058340324433943	2.3490516854092425
9.324033057347735	-1.4605416915367158	2.297333094518089
9.069452594157111	-1.675146702731574	2.1462932848151937
8.234494736394243	-2.9513240739032915	2.9141161830524105
7.915379830254531	-4.171470740864006	2.831863864420738
7.545112585833715	-3.4827006341144515	2.196952688990083
7.235070600696394	-4.997843609860471	2.284451325139602
6.610931607285905	-5.10331069489138	1.9322019174605272
5.966318726370812	-6.03794183903114	2.8819521701432724
5.347965739518601	-5.889521958255936	1.9708953042462536
3.794341095212406	-6.283590983890412	3.0018078803407215
3.1107698349712116	-6.267147753412666	2.2587646336795095
3.184789576830203	-6.454857780390627	1.815359051715581
1.1015716922425283	-6.484055915368016	1.7449845170031155
0.31743453802827093	-6.294420435583007	1.4771861404617337
0.7635737702679494	-7.288304419311075	1.0475480469734446
-0.44147797824457113	-6.555189550696981	1.614454781640303
-1.6511945595363815	-7.195033357960277	1.5612075468006918
-1.4792006148054189	-6.9877273718710855	0.8692903783260558
-3.264823481659067	-6.811639200505103	0.9007350011106101
-3.6339910175694707	-5.611516772043284	1.01336301083428
-4.569330102677458	-5.27979682551998	0.6039376534243126
-5.239935400181451	-4.994784904770166	0.5754804883409708
-4.888291911418288	-4.163995434176906	0.45401809129221293
-4.99088162024267	-3.9891444263359017	0.6905949625265966
-5.153988876934123	-3.438941395602898	0.5139219184535226
-5.362374035313448	-2.193762681354002	0.808295256046224
-5.591756349510444	-1.1754933922524486	1.2889410639247216
-4.76737512111826	-1.44801219995647	1.3273819624111058
-4.948503681485339	-0.524779776820194	1.3707748374183133
-5.483315188404542	0.11839097184035392	2.4903865284756597
-5.175170203386707	0.7506235956214137	2.2207626569858405
-3.8866805728280562	2.1397632179467854	1.3648757263760287
-3.47271678499819	1.9852471643436955	0.8708954674483795
-3.5889399127446406	2.6853871041848807	-0.03400967000843291
-3.434118391775658	3.5943467943029157	-0.20156465306948934
-2.064613903302878	3.1347927188680305	-1.3389860373203994
-1.4957979462683682	3.856864990286841	-1.528038401281254
-1.065615883447088	3.967492059468974	-0.7380121061615217
-0.6402173498588621	4.835060231867458	-1.0537264691043537
0.14173510459662292	4.4776763437077935	-0.5551288561076342
0.6126844396061062	5.4333651503321745	-0.10704719999318657
0.9657473544242468	5.6072136226731555	0.923089410778263
1.3005625990469027	5.967817867035225	0.3911246494127394
1.5470577014954374	7.6892775268186915	0.9939682627244887
3.083004286167169	7.799745654825155	0.7004389428212419
3.198996095826013	8.268448650821536	1.8372354577564334
3.2784190828715762	9.489071317732085	1.8425997738299615
3.9345295076769875	9.04185701537477	1.2031672201870685
