5.3484149731454345	-7.948631056747386	-0.41982679188534355
4.351401549615911	-7.601696322891073	-1.176734367159986
4.281772961324977	-6.93811251368447	-0.7227804191429137
4.1660226548852926	-6.605141750229981	-0.9634103226089019
4.226696573002361	-6.427511616144042	-1.070621865851983
3.8055485779526066	-6.503658948733143	-1.4325863035498179
3.4027880543047964	-6.224166938382416	-1.601958440847426
3.2595493319458804	-5.547344578798473	-1.259611561050821
3.1835494467433163	-4.628192928483668	-1.677856739253282
2.1886475639212697	-4.2191505020105255	-1.730302939386399
2.975856439311451	-3.59792598307503	-1.261625587383554
2.115313508061139	-2.468194747299302	-1.7740048024571633
3.094821659556918	-2.187432194630767	-1.8673867887397255
3.0753754232299464	-2.6224394403925517	-0.9582117130141465
2.4909989756286692	-1.7330445822059284	-1.011353876817961
3.15489136376027	-1.0925905738639903	-1.1902569549375417
3.140156607351151	-0.47715211729817364	-0.48264151891485196
4.2303829939573365	-0.17983578314628945	-0.07469504452940057
3.5552586519995377	0.9509546591685635	-0.1061034149080271
4.759829647981972	0.9317826662104587	-0.1305754594032345
4.142120517433722	1.481555632425735	0.3608524997081207
3.96906426122383	1.9392862236685087	1.2611270489780428
4.535234341588147	2.433188871118985	0.5937781805166414
4.32802910269204	3.5698024022562405	0.47658499559317485
4.462299157539546	3.1806117582239706	1.143375589636975
5.034554966112559	4.225190273347172	-0.2265513320839772
4.0259852962430465	4.484953601072554	0.4288213746156916
4.270128991173666	5.524014115179118	-0.9179849756136457
3.43610734144737	5.096234942249718	-1.1276787421360088
3.5279364580019417	5.429866011515248	-0.2975947823861014
2.877800689329873	6.845656503363129	-0.9673176800674849
2.347715606659712	7.063263932483041	-0.9528607375066857
3.0167998417937087	6.671924958982027	-1.8363980830184041
2.1506986826024033	6.7641621364472675	-1.954841213700413
0.7761534117267219	6.8432050006235725	-2.019505917951155
0.9628414623687246	7.249883170035751	-1.7477862788683352
0.7355984937424739	5.981949880062619	-1.3286652203508948
-0.36884414293420054	6.361264646093214	-0.9591916552631556
-0.9808480471937884	6.775581124767687	-0.26704043241853603
-0.9106128053619198	6.65125632965558	-0.22756363549452174
-1.1704062296793711	6.723206745228449	-0.41524503678424146
-1.0913060892051867	6.294956274292451	-0.16702838270377884
-1.1005405160990658	5.383497701324338	0.9644613869262256
-0.6766844233333503	4.830815231533839	1.3802703992508398
-0.1475003043903711	4.15000774413388	1.2133601393681255
-0.7765056048131566	3.865186934332526	1.1049927854375396
-0.13125389695146494	3.153633734213052	1.059950622246318
-1.1556344852967073	3.659274969968201	1.7033164709247894
-1.2652029338894248	2.635840265627041	2.5297006815406595
-1.0715305820493293	2.7856551069558315	1.8328379507515278
-0.4323282166797442	1.5689419040289088	2.699494677186258
-0.4881383927139389	1.6401924162202843	1.83418353547295
-0.38059606436540955	1.3694779321728028	2.4069825118721884
-0.02776034180968623	0.5276306435369811	1.4064569500886015
0.407155701059459	0.14646374083404323	2.6255130269671696
0.7331493087960146	0.6254158881908481	1.518117077081938
1.7083327236109258	0.4005035334875372	1.4881230866514392
1.877778231729538	0.7823250771262159	1.6991082404851185
2.6255517732611926	0.20867618553923406	1.8207730986299915
2.7731424854680053	-0.253252830103865	1.7870840445941534
3.422888981265437	-1.3035086031428043	1.4604576267932048
3.8716596680494293	-0.885575225699125	0.9229570217524161
4.206296381975974	-1.1656692273561686	0.7356843060202634
4.721524002855932	-1.4589986069515146	0.7040348686447412
4.7364154475466975	-2.786646093696455	1.0606560921108101
4.555690713913191	-2.5465604077157757	0.5551267881860042
4.6841862446859865	-2.485064797598217	0.15314958884651642
4.826746027099232	-3.2428412291239272	-0.20392376606851687
6.009582879819368	-3.503272368214669	-0.0019930208988948594
6.115689763856647	-3.9028475980187602	-1.18665148300064
6.752616430284087	-3.2567893807102477	-1.0116354259784044
6.069831320319414	-2.965343639834841	-0.7035517776170751
6.619790634671441	-2.8039681409297987	-1.330134957383224
7.72120855713078	-2.6016340607203645	-1.516260791116233
6.789260565390056	-2.1919241594409717	-0.5932776334410823
7.6245336826562795	-1.9473697576581104	-0.39711813668126883
7.665842134448935	-1.760539569947852	-0.2870682253508041
7.489367901548168	-0.5454848786160391	-1.3889365412763137
7.798372249762409	-0.6209650804855007	-0.6104500172970397
7.4887175824017005	-0.11270558564598171	-1.4680242832188286
7.5261761591898	0.7202875419130284	-1.3184442562673977
7.285853543364571	1.549964267936141	-1.5175778586846695
7.570429931404855	1.7405529633863712	-1.2093386187823607
7.321015015538043	1.6196440326075126	-1.8345084848073503
7.45991869797183	2.473915516835444	-2.047721046946884
6.153217284006548	2.564453704882713	-1.4617739501343023
5.794187719753417	2.3278617682106937	-1.8967223730559197
5.290175201440335	2.653301252978868	-2.1346603618637485
4.969811808275555	2.354363524500194	-1.8588353084128102
4.214496661606905	2.292508952219152	-1.6822733830517957
3.666827471941097	3.314473620608443	-2.7829236332717877
3.7025351737365706	2.0703647904007996	-2.6173370168959993
2.785766139358162	3.264999784446818	-1.7293572714806433
3.472955566528745	1.9907332494310142	-1.7418087992889355
2.174431685430312	1.8487610339332856	-1.9330945332330591
1.8803093766315757	1.9929386318777438	-0.9188606922858734
2.2082821360746516	1.7001986260558184	-1.0565987275236186
0.7286026714760911	2.4973447200681793	-1.3575771497991709
0.07599920717401232	1.6469480976991249	-0.37685636956173085
0.12096174623633543	1.0103286153492606	-0.5302382277855893
-0.6915935640672876	1.4960459604539416	-1.3443282427103929
-0.5195132511049226	0.7704205459663929	-1.5643413031159024
-1.2207587808022367	0.8195644880859213	-1.1923661664644687
-1.6013099764124732	0.3533977490509346	-1.4433276057645301
-2.828137438780715	0.9924731097901855	-2.01149515363026
-2.7539519327375324	0.7618419345504355	-1.920755571972837
-2.81377839064387	0.5655973090159553	-2.067025226317204
-3.7217690209561987	0.20346727526995637	-1.8793214673513694
-3.827917304818955	1.0104101444911695	-1.8041881496374763
-4.885897074428929	0.9406630155114355	-0.7747231519673115
-5.606720291408999	0.9777586534196292	-1.4499868620918197
-5.515840301444479	1.5962212274986314	-1.5121596838125975
-5.574606215052432	2.0074586022788674	-1.2452326039674786
-6.824555351039276	2.6333789085597608	-0.3315137324183506
-7.333775550765632	2.70506568614484	0.176638936513829
-7.2620659200318824	2.8088460722806716	0.2918598911821457
-7.162531724401032	3.0583416799063468	-0.08136725769611053
-7.280154753390687	3.981546275458907	0.9966654228073863
-6.208133561206736	4.445713532902742	1.1112082022365697
-6.278287357770028	5.356020109269576	0.5313242233451876
-5.820967381838705	5.0511481242943574	0.422999157898969
-4.646211606563505	5.280850005603228	1.017353883142587
-4.522499038665907	5.35699331272841	0.9033927748841991
-4.483377305895514	5.84781528492845	1.3826499007159199
-4.667702923724029	6.835929177797238	1.2099470706949276
-4.199604724660576	6.7553376862872625	1.4103055072898103
-3.346280966371281	6.718345382789551	2.353017593534678
-3.4308217039882116	7.551458761525745	1.7002165069161101
-2.9682146866102177	6.62737538660591	1.9721218498073034
-2.645573168612166	7.454312658929043	2.8231363890278915
-1.2936955526092644	6.738911324548898	2.6461755522005226
-1.016445698524541	6.736863777823938	3.1827281897673148
-0.47379489742578285	5.763403377872019	3.3368923092303038
0.20012862719144087	6.0237690157242305	3.170512381489624
0.6402666196121041	5.641679219156301	3.5368213959993455
0.3296621211990758	6.364552288485586	3.4523954608221694
0.4042434223182624	5.288510575502131	3.9138813516805664
2.104271675556713	5.210881354906606	3.094505118032323
1.4424127795311237	5.81625240388675	2.897942427225408
3.103287698355489	4.573378297256469	3.4340795877237453
3.3782491379578485	4.85275391055903	2.8497205070794855
3.17026448294559	4.931009585259954	3.8249789897678648
3.5589790781494477	5.10507279748457	2.764163444351853
5.258004552094995	4.395104748781061	2.487132276629585
5.5816799950119345	4.625336600328405	2.354473360473377
5.562483515996734	5.607960566092323	2.3334779482748953
6.329722417368682	5.501466476606759	2.0390626616961387
5.4518483081108	5.386917322846383	2.4341101249241612
6.7946424031351516	6.24537270085103	2.36275628470038
7.257238315204496	5.865684881689489	1.937107088315525
6.888091532646003	5.680704070288081	1.8042361345359987
7.1773547021767605	5.423293028691406	1.9338980492246387
7.563072142171443	5.272082995581341	1.441303762531946
8.068215668130952	5.7804979580646965	1.55338263532937
8.274976707314625	4.352513054258246	1.4118028084388703
8.952044305858735	4.705269679337807	1.146989699983969
8.696902751456868	4.107091475733993	1.0523498656424435
8.877950315809677	4.219094709669443	1.1889252363781269
9.448933148343588	3.0680596945756426	1.7792152239221621
9.480761930353658	1.9771606564943105	1.944886549260487
9.191607436303673	1.8872321211370324	2.122420056736285
8.690407552050761	2.046448439550276	1.7029601382536792
9.230383667591322	0.5542773579025346	2.561233564798787
8.645481265476292	-0.058580170696237055	2.1418557955587634
9.661902806892249	0.11131754644195635	1.7195210883716907
8.89771448456055	-0.7910748733310029	2.052575224648565
9.524417374985234	-0.9787681877248654	2.031505784722532
8.798997825286648	-1.2829486008472586	1.9391304702284744
8.154799789481322	-1.3983627122003515	2.1546440001259834
7.9070334768306765	-2.256910623841442	3.0342390912498876
7.58773428543069	-3.0531633946210626	1.9466179016367975
8.337497603171423	-3.236914249504241	2.0611334043265845
7.8559191294285045	-3.305951740724036	2.4368885695238864
6.540672098402927	-3.4277998645721377	2.462957018578703
5.967902905490307	-3.5283526534311305	2.9640608529318273
5.6587470641425135	-3.2934583897198615	2.2763199071731255
6.27823571271559	-4.2825879389574775	2.0052953376217406
5.691319841659294	-4.777710442469622	2.9438358383445675
4.549219660508302	-5.376939600560693	2.2657655909806667
4.428699466692894	-4.511820465871228	2.6824809216338594
4.721665264936277	-5.307083690564116	2.1835667911776033
3.559965772703279	-5.007906519110723	1.89383975393133
3.1979507462793237	-5.4098911280372075	1.8457514680850922
2.80315819185282	-5.890682933195354	2.4429874611277977
2.8726914761512163	-5.953138393547287	1.2981614588452723
3.031943277144138	-6.392054282913209	1.149923369134377
2.13129322088063	-5.206931827743512	1.1194713516993917
1.9470691409836807	-5.9541111296908165	0.8547182440312637
1.2898462972072477	-5.721094423621701	0.785081615228072
1.3150933454285032	-6.418776652692973	1.2562638241293664
0.47234063477205107	-6.242462013832853	0.1448954881968589
-0.3706406262769891	-5.834748723353826	0.04326365275598646
-0.8831555242615279	-6.235476557896057	0.09239457403772913
-0.5768438630780537	-6.9029617898691775	0.7298381520059073
-1.3153700259665064	-6.178619751005335	0.7715277184551823
-2.334055560321442	-6.741443949109074	1.1782970194175735
-2.9217031913801668	-5.987504368317154	0.29870729111998406
-3.3344019839783368	-5.245117389513657	0.151274258347653
-3.561861913844154	-5.634235613219635	0.7217776808042571
-3.4751485387160947	-5.600081904581527	0.07941607539683009
-3.809719114975286	-4.373170567594775	0.09782813759234092
-4.1405653419717705	-4.546469524587935	0.6967540887979016
-3.275623245625545	-4.561529980624756	0.37097466000224055
-3.7361207081669203	-3.718332595036945	0.858335961325814
-4.1948798895236905	-2.908918135871878	0.43183769872472794
-4.251032161962514	-1.92654185437091	0.652862289988716
-4.7173476611409475	-1.860160788337574	1.6744419183522852
-4.5617711841926765	-2.02145869885375	1.8827259842956752
-4.255366578352089	-1.4933661715257474	2.1571241918453374
-4.325777616706328	-0.7094608838982219	1.2937422036082418
-4.278927399677005	-0.6512526019728624	2.3194603631536586
-4.576004861513503	0.9700932530631545	1.6300652763988297
-3.6453978958951234	1.0575017741155515	0.9014535827418648
-4.482818180922557	1.8650996338863135	1.9142883502262267
-4.470355753471795	2.3009875773424944	1.1404822203982157
-4.133089762795895	3.1281120014293418	0.13708172683044664
-3.259567220998125	2.9718024002469337	-0.20827528442290644
-3.6725878129934717	3.564009529306773	0.13591068221657532
-2.1934154158121886	3.0335927784135595	-1.037317606171287
-2.127049525132735	3.8769078830396824	-1.196192689790395
-2.1942063210410505	4.553230762490856	-1.5084283774146057
-1.4696844055406901	4.480455930292618	-1.6233412914961742
-1.4150307477835642	4.8646689417666735	-1.95766231668444
-0.9386658138665047	4.838286894826461	-1.1449923746765363
-0.3668171114262337	4.121791719721299	-1.3824353032945504
1.0804580612530859	4.708362900096163	-1.256801684568213
1.370306426137518	4.658339920262316	-0.4560189772537294
1.7721788395000535	5.105671353903608	-0.3790171635544056
0.8864263250734206	5.7664518220880945	-0.20989576455532005
1.8143628969240437	5.792947880735468	0.1942728815068478
1.77720534127111	7.1202792931951295	0.5954822693000681
2.47444480760499	6.9937389875522635	1.273834907837984
2.255178596803652	7.844595331511966	1.3821410586610985
2.387438641758816	7.544848757625606	2.039325682657119
2.9590707608864495	9.14275193536116	1.232838521801229
3.6844342959832836	8.349544886193755	1.3447534847604676
3.245324703552216	8.983711685148235	1.9738990379868315
4.169392453728215	9.912127030183811	1.1394735804895648
