4.796492710634093	-8.393285830386679	-0.4505476637781458
4.7598434765737805	-7.012605421505862	-0.9657515859163422
2.7034816009890497	-5.772497992624018	-1.8119487795470939
2.108859827502686	-4.228680036468374	-1.8350889740556338
2.894074873103104	-2.9453997217368277	-1.5060193622898668
3.178412620387867	-1.3451489954086315	-1.3019977937268845
3.6515150371513383	-0.21903125245322808	0.12055910909471412
4.366703501662023	1.4823830871567154	1.156503240531112
5.278241619232078	3.311004764548843	0.3281047737297176
3.971527430887937	4.888962254327825	-0.32928444277385494
3.8363051744856325	6.319646945909762	-1.1348822894115855
2.4892462131257327	7.0369076079780095	-1.8164485718176886
-0.05893930035446615	7.336292544233578	-1.00740985832013
-0.9894575983009658	6.265045126687784	-0.6985438114028155
-1.8282137821909163	5.646882554838532	1.0785119548598694
-1.8203581510863267	3.771793871408081	1.4961640599869555
-1.8190991404929187	2.7562983158869163	1.5708152247847356
-1.4732657513316438	1.1322141392169334	2.573929988283256
0.44843996321455626	-0.9287605283014899	2.3566782885799684
1.1377834533730207	-1.5349682486468799	2.3706080826463087
2.9835216808037317	-2.8704508470461576	1.7214287462286384
3.303228375339988	-2.8072184779516682	2.329901436914554
4.376251828984178	-3.264101409030664	0.6235528967322486
5.940694737390564	-4.1659806663255265	-1.1158322501017839
7.69107110923877	-3.538610913000946	-1.2465024416907822
6.984219260757713	-1.777885920112198	-1.495142653427899
7.927076707804104	-0.11992939614492071	-0.751637510482518
7.132912349223072	0.6660852974123959	-0.9454302719376482
6.68081880704827	2.327351178530061	-2.217124268790246
5.368867053808077	3.187442003545212	-2.8508960642673307
3.658496121495561	2.8552869494167843	-1.9072268746862928
3.1841098652661386	2.743288149691473	-2.0419653846122205
1.6167387872895378	1.9417186526489394	-0.8555431571285383
0.3118799888920392	0.7734048183535018	-1.2287688999178312
-1.7550501456654042	1.071883689040761	-1.037870519139041
-2.4791506632052664	0.262337280037412	-1.8260049850766145
-4.690261634672632	0.7082020712657001	-0.9759086672519866
-6.32462334791173	1.415430717325577	-0.8738350863073003
-6.6118052222982975	3.2430493382044765	-0.40980600131901734
-7.287469062002299	3.4717154162239625	0.3913252352462473
-6.06273042382108	5.428253405215723	1.2108711042257876
-5.238656021534966	6.872844366837375	1.3122549199945654
-4.057219139114732	7.574571104720196	1.5044508313958427
-2.5995310399352203	7.757725517132954	2.6945808904199344
-0.5734776118982523	6.569284806768901	2.7620932538880774
-0.08973619445249567	5.86060277284598	3.434890563142542
1.7107452396297211	5.655540367234137	3.0560656686729866
3.1899064975355285	5.660665141757361	3.5139969146940757
5.345866709327822	5.7374123530572225	3.120580868672378
6.368990744109077	6.697467900378287	2.0635546182240354
8.048656487178002	6.07514983352223	1.4996491645747307
8.594338494873952	6.084292205932182	0.7689112265362748
8.850295432347261	3.4121569047658102	1.3151784242329132
9.33143740316593	2.143187526101936	1.8968951455674312
9.894766639940386	0.9287403791370479	1.4805664717390854
9.689082683023232	-0.14114538402142585	1.9959700140358607
8.747365831679208	-2.4053736342826424	2.431630858468767
7.87034761587592	-3.7537957192785396	1.712461703242239
7.309319651794804	-5.305033602188299	2.8325721895480527
5.88539201338126	-5.673272641254371	2.954466194440693
3.548767400048037	-6.105502565642954	2.705253112819217
2.158994826080079	-6.662617421717447	2.8361804341252688
0.6956375207801481	-6.523072050818122	1.3407852899501957
-0.3230457920564911	-6.9796885183249495	1.0123107991412288
-1.7557167972192596	-7.033738779218204	0.5752701099071178
-3.516855585852898	-6.037569400414726	1.2254430823250018
-4.603531595412389	-4.5756996962155245	0.7071743535472534
-5.250306093767368	-4.327591447356746	1.3506458028192332
-5.28338982756652	-2.4728367695723388	1.1185535150235035
-5.731521363190609	-0.6941100157547856	1.2122770926001423
-5.400963022093904	0.672550898993667	1.2481011512382474
-4.702940388614224	1.263933113575468	0.995056095346473
-3.7276774098693255	2.813358677241696	0.33927534525435266
-2.592990188293083	4.10680366982852	-1.4147316642825478
-0.956189382619896	4.631960958020419	-1.524362777670251
0.01918981126929603	4.6426994108078965	-1.0137601241702523
2.1385334372419886	5.455398362203002	-0.028331437936136017
2.5579613356892565	7.366889405166826	0.8474875432009676
3.122348106871053	8.649959398997044	0.8898235013185385
4.3113580887248055	9.310291798968937	1.4844138857427136
