5.022586809578195	-7.249756140927382	-1.1621119751186673
5.061397927076402	-7.647710466027173	-0.44999801944861184
4.694576578354063	-7.164364111158086	-1.3116184710529204
4.866051527409048	-7.5417706509450815	-1.115546315835173
3.4255878104457986	-6.120272743001536	-1.5075745555698554
3.2012725170792593	-6.614300093855329	-1.2210844565956815
3.3713555152949715	-5.663363307736768	-1.0824117232552388
2.845886750671754	-5.193076878068734	-1.528800156028345
3.032451995703287	-4.796691261892967	-1.4997577161024245
2.977870245144252	-4.8001005736410365	-1.9301924916272313
2.0928996421831054	-4.132779394869915	-0.6500029571437784
2.5657697427431887	-3.5317982062079842	-1.7748649475968334
2.0351326810740065	-3.05409259845918	-0.9446895737627166
2.3407302837736137	-1.782762279778082	-1.486228166308066
2.778244080702069	-1.3678588993108738	-0.33866052456010043
3.045272680952165	-1.2074439685165164	-0.737756630353226
3.2801159032450253	-0.2559932420390072	-0.5235873330209406
3.840283832912343	0.25530892897896107	-0.14906944283174528
3.4229048523057175	0.3127861736372606	-0.47992815210869794
3.9518266538837796	0.9719108843744084	0.17569398107936013
4.602892133851563	1.6113048710555935	0.2478898631226812
4.291467579860199	1.297641819853901	1.0117970805508218
4.6042715256744815	2.097611038277574	0.2642219205179921
4.532290334311749	3.072542701906406	0.6921594555484911
4.14735902168177	3.1625734990430043	-0.16855021520656327
4.67916069267024	4.161387089713065	0.573040481522848
4.049386557563917	4.2630721232082776	0.052902663905443514
4.299642953950837	5.338454165462334	-0.6431332883316807
4.545837066438038	5.35257472775194	-0.40906459247425475
3.273429609293156	5.506221479274183	-0.529965647557533
3.510314819871967	5.902951029428643	-1.7652638001606182
2.4877053204999964	7.147705794299357	-1.9480656709006485
2.6026411496880666	6.969303965411727	-2.060731273837562
1.6589921025975767	8.1847546824972	-1.9085225400993715
1.3264350052196197	7.594750909427931	-1.091390623943096
0.9965290112947698	8.254430979970541	-1.7952122739571788
0.4714410157925951	7.389247827441022	-0.8258349271734113
-0.20870944532544805	7.810616448292943	-1.4390263533806957
0.04770604092631636	6.816073643585067	-0.5635481759319944
-0.9833189794581502	6.606879705904401	-0.14896879095885895
-1.4219149663306903	6.282259887967161	-0.18580813734927892
-1.5312490137467254	6.030000546400538	0.5107263966077169
-0.9829121679604049	5.309745980776785	0.22035200628676743
-1.9153064074863266	5.034287976528375	1.1438549893973218
-1.5644327147568724	4.13723304921537	1.233445816632347
-0.8795266694027304	3.496316294951088	1.0548335639475115
-0.9549652952324275	2.897772663010697	1.6443998790439236
-1.6571163088222112	3.3971189499739953	1.4032839668942296
-1.108529720502048	2.438093607301487	2.1106995315600727
-1.309461387380816	2.4809537929724863	1.6211829860434745
-0.9658925729381972	0.6826018942207664	1.9976022472060158
-0.6873384721512268	0.28248673858346934	2.341320734642932
-0.6364777445564087	0.415261126272653	2.5069291183052362
-0.4622996825283151	-0.3162180656890219	2.923096645876926
-0.26379237797966104	-0.3397730988564355	2.169519405005125
0.05097064492854636	-1.392772901200495	2.149481587807113
0.22791383526182862	-1.0370666813008722	1.767891192101812
0.8328904614686136	-1.9041435173892698	2.9286377410346107
2.040313472009621	-1.6892280793625736	2.027246230987017
1.9706076834739938	-2.0701358401734344	2.7915730580279368
2.8783409601516254	-2.3018289500996763	1.7279739632793611
3.8078784092212796	-2.903530102368613	1.5339995237026662
3.8911338530776103	-2.6952191120086866	1.252592696628746
4.358547333377836	-2.9170122451183125	1.0373462663064335
4.218411694196683	-2.7461287180941922	0.7384401648225392
4.364537645299536	-3.2222447114800534	1.5779326828274074
4.790301603112787	-3.9418615627962152	1.1366546252144492
4.79260155581077	-3.097749870688531	0.2808192861433231
5.035126600729105	-3.4123848374985775	-0.7066117127839524
6.031667441463137	-3.749733665549728	-0.6294195011167371
5.898895736367066	-2.6202178433045042	-1.4526833302374986
6.364672643314342	-3.4441448724509502	-0.7620772169165877
6.92017127769002	-3.286660060475419	-1.0944360163357718
6.977607521478483	-2.7826234036724244	-0.8688799449590889
7.430029609383023	-2.0464656448658025	-0.7801853339285801
7.120026471779674	-1.2948933167470598	-0.7455281399038987
7.261091769174945	-1.5548604511831297	-0.3545182453072422
7.926531924286163	-0.9864761705679681	-1.2072715380964678
7.626344737239609	0.20745373678716728	-1.1048467992981332
7.590370340754065	0.2500241381813226	-0.9925227804086283
7.396667172318572	1.2192288410067436	-0.9030952860182314
7.911520857226071	0.5725443481133894	-1.7901384562860998
7.098508748276824	1.9274619093854797	-1.2350102562716245
6.750759230011955	1.7030130899177707	-1.94593736077147
6.887568019942281	2.2830901171929696	-2.5725020217286816
6.215667951637846	2.446806269441011	-1.617099251221846
6.17913027251592	2.057773813686823	-2.231143964734202
6.0232781416372365	2.1856537997943235	-2.953105367708052
5.04558446829927	2.2944495346181593	-2.2957547434044008
4.274353406157315	3.2488402324805885	-2.315425697082441
4.196112146946192	2.80832324932799	-2.4375757267123186
3.2891633902186515	2.825761192087908	-1.6223400151589042
3.412813730203793	2.415045115471395	-2.198423888204273
2.656320095077428	2.862921687716772	-1.3968656259844723
1.9335222571878121	2.5297380466485455	-1.1549374838210764
2.350208404333129	2.2784902790358887	-1.665307827890964
1.9141381790532215	1.379022498716823	-1.3192201268845656
1.254295887528896	2.135517004141803	-1.2437228998166052
0.7872305831875162	1.1642324036130494	-0.28493736777194134
-0.30386951679276375	1.654658000192643	-0.7660617721647696
-0.7978327183592067	1.4946078561765126	-1.1744745600081303
-1.319884967899383	0.4077657149520971	-1.5669877287551834
-0.7898424454377684	0.5136558532541545	-1.0892952681059642
-2.248669228911955	0.5088047034592501	-1.6285829913870422
-2.4315434170361336	0.679765233280058	-2.04870806003749
-2.872073953634881	1.0346193007017073	-1.6291496173544846
-3.20839755379336	0.4471754472007711	-1.3309908173337046
-4.472472170315972	0.8769168197811174	-1.0828629869177837
-4.658824961730652	0.44495954394251164	-1.8617664978328545
-5.400631167973332	1.1955916427811941	-1.4584632956028836
-5.098187845234565	1.364711651704723	-1.2608699006480795
-5.797346796971214	1.6346988368424131	-1.405285739342154
-6.733178526549256	2.379226503460001	-0.8929191370572133
-6.275573705674539	1.9509812733695235	-0.3331578255058216
-7.25077819198423	3.2371054542860973	-0.7140555293098738
-6.966240294444572	2.9199966220147684	0.08165917113267951
-6.621952488716311	3.579909181972563	0.2553734069095035
-7.31697129197673	4.1957197931646375	0.7133090335188941
-6.359461963759355	3.9104638262468194	0.8632773376077861
-5.857860086706767	4.576734868647778	0.9101101327038057
-5.998623464378165	5.665588627788168	0.5821646630396154
-5.271657056649671	5.376373393319587	1.1010467146844065
-5.056826966550046	5.657592501388855	1.2281090894527518
-4.555216773966187	6.559738619620985	1.284212201589387
-4.428100389448054	6.587031249721681	1.7377418041760686
-4.379439063050263	6.362703485214121	2.2064248258668515
-3.8099808879853896	7.4242465703955505	2.0958946080709415
-3.9210808734185854	7.958455406322288	2.298515718880638
-2.2816668600584187	7.024902661169941	2.299141207640663
-2.4994448216415197	7.27308948462597	2.4152556486446684
-2.4090825541450767	6.908306991738121	2.3905986794093055
-0.9899151797339645	7.157155256763639	2.7348942217184833
-1.595590692229156	6.96935977900146	2.9507998040169894
-0.9012171075078119	6.99709074611633	3.3370907677175268
-0.45834008327291575	5.73938977444363	3.5920406433101264
0.01660665590653268	6.368509611625284	3.4101044308390196
1.2733945831479576	5.095511309135835	3.9280065839214346
2.051115193126744	4.901793453515957	2.900516353432432
2.0183557344446434	4.947993644249303	2.970689735790159
1.8359744733750518	4.654373534713879	3.7676024770267436
2.798218475287043	4.968711365792232	3.6592023374679195
4.0092211689150865	5.401226746338584	2.8575283919541077
4.319912482133871	5.765276084611486	3.0959160927760205
4.340142619131351	5.604764314074316	3.335187947774781
4.259252290916776	5.7195289681935275	2.8566352585741335
4.888053850793606	6.811511046098728	2.3170396594405926
5.961413259005513	6.550092207672007	2.8106737205647425
5.695175577723438	7.054895524483069	2.2796854915281353
6.933561389068367	6.491722924320024	2.023456122065392
6.797936247007573	6.9240435556354	1.6495163632435226
7.554262292345517	5.892460878522078	1.465190273355213
7.331816736226311	6.842941599146316	1.144530902278341
7.873490369766406	5.50871376194216	1.0613722418231004
8.162952588729313	5.344052301904847	1.032286492794102
8.173508325062382	4.82219131209768	2.0033334860754763
8.988692292255157	4.784882478873552	1.0840502980111055
9.583062906943047	3.9614664622801183	1.2341625370714129
8.984948730996653	3.6215908637777483	2.090930191328235
8.874809423118013	3.743126988440513	1.6803251458072643
8.777109999558006	2.0084890957814787	1.592869719209201
10.014822449221922	1.9781384997429046	1.5143400690635562
9.478764625568049	1.2052601096557594	1.7921360048878534
9.301575323313665	0.6963432017194714	2.203057772191677
9.625423102287535	0.16909431370656874	1.5537024886420736
9.091163445505254	-0.4899143548543306	2.0015130221905157
9.778105338544654	-0.3689578527732875	2.0597756499534285
9.232437253461285	-1.627553421354706	2.3714131171542627
8.959505027385887	-1.9505520844669673	2.9571622928192562
8.579041312001142	-1.5956456808077508	2.13598048647995
8.89244573276013	-2.475254063183655	2.5980637047056394
8.4678990895826	-2.7506359215468814	2.0059048030363558
7.760719514424642	-3.483384122198241	2.545120454407777
7.40401220770758	-4.359728672582046	1.8591065668519748
7.327061928359506	-4.923174979778873	1.9338887704834289
7.169794283824466	-5.312402534773687	2.78585009691344
6.7285133032521784	-4.957189403897217	2.084302342232736
5.914982875871694	-5.79452574433956	3.384927803088994
5.213638998190331	-5.751854563607392	2.1853304637210393
4.8935174993577615	-5.310326242277695	2.2588626129362073
4.298411127972036	-6.059354683751097	2.350159114451266
4.297759185250872	-6.239798996248041	2.4687575711063214
3.6970852216250454	-6.417462935986729	2.9752367304665626
2.532592935873101	-6.74979066896637	2.7536899990307013
2.576804351596805	-6.087264952665935	1.645653645338624
1.3789078089873967	-6.3332279707676875	1.9068532730665622
1.754409509491915	-6.0305460403720375	1.323723995908337
0.3772658081907955	-7.215933466619101	1.3680646120015727
0.5459436714270194	-6.188025549676422	1.1339136065615734
-0.23652051529591078	-6.085374299650697	1.2685426958391863
-0.5676497172190937	-6.978164749372866	0.7161335339815527
-1.3579045774850624	-7.06603538395469	1.6303247830798253
-1.7664431745793625	-7.35734158380178	1.0759678491032445
-2.7267587494672423	-6.832608739400505	1.1994717795118484
-2.8608072212893534	-6.761017959478256	1.1389282037356436
-2.7188118834308943	-6.104392281898608	0.9841261995288121
-3.569247233455425	-6.39196828086855	1.261585374542523
-3.9220401718569273	-5.87072819014398	1.1833338487067884
-3.5871162328506205	-5.851636525799693	0.7157198873023969
-4.795360988001576	-5.539768878909036	1.495393390281747
-4.619541466979352	-4.925294432694633	0.43182032938405407
-5.398525207226086	-4.40767324601189	1.2134910448159344
-4.817387571828105	-4.104582389910036	1.1581459715320825
-5.257700951743782	-3.108753406711454	1.2197030282831052
-5.639556301860261	-2.2842743848612006	0.6500913347168953
-5.767738206879669	-1.7394953003404838	1.0763600965521138
-5.978043152557686	-1.9500740937013008	0.9048812720179449
-5.134714810977796	-1.7865515818586375	1.8579867513476795
-5.444379166260699	-1.1974007124735975	1.2519545049813132
-5.349993201821267	-0.7309020925080594	1.6923588068628348
-4.584180189020168	-0.14507419063148624	1.3375456106633832
-4.474016806481573	0.4429883126396869	1.611187807871442
-4.164138182869753	0.936934315822006	1.7478703045220085
-5.06516395673666	2.1641912146312157	1.1474733699763342
-4.592459860512546	2.4123367217619327	1.1020321104356414
-4.470574320016537	2.952607504331019	0.728413705063233
-3.8903823950868945	2.3329841471938533	0.4794494594198766
-3.8680168837994287	3.3307682085195855	0.4289571711643717
-2.927231202607733	3.4100725937275795	-0.15633961272553043
-3.44830522057818	3.144103989300627	-0.2945439788375873
-2.7872282078173742	3.4932485236499122	-1.0360092630720223
-2.0390564538209546	4.467376161213819	-1.5773791714667682
-1.0143311832041357	3.823346425267389	-1.5612586967338042
-1.596472293339563	3.585779703813257	-1.601623950952705
-0.3856160455379176	4.398852600388069	-0.818022165246603
0.11861293207568058	4.224187470585944	-1.263827634882955
-0.014549800401582158	5.323653100032065	-1.312003696460071
0.7681683959819767	5.565108887422523	-0.4816632468687039
1.2937316470008913	5.20372525933561	0.45699644491777025
1.2564386866163002	6.5973107989624165	-0.23171883090729622
2.326732119654936	6.032835518672086	0.2609776904095901
2.152209974641285	6.446063836584467	0.8895726916488259
1.5732685600538425	7.970267462151756	1.1199863342017167
2.5306265496005618	7.884873873612926	1.2658438503843674
2.506878149216317	8.531717109603758	1.265844952338965
3.449701781580118	8.10065322026973	1.21970134576882
3.440435390079095	8.981619239897128	1.6134878584505676
3.0910299834480712	9.827923565802836	1.6743942851487286
3.7324788927774324	9.195725829933577	2.3244975239007135
