4.794447413678487	-7.518722907201823	-0.5212496964370129
4.2639710119077225	-6.81668447299594	-0.5330210614157764
3.0191563985121603	-5.132346636593647	-1.5295213273986883
2.7695088208524807	-3.6265905045647973	-1.904303360448746
2.5704392923271286	-2.9678104739733016	-0.8979063476327683
3.4762122513204288	-1.4810396090284503	-0.9154878259973325
3.4808065477159817	1.0053858154783746	-0.20600132403154664
4.9652067698592095	1.3767378724693309	0.5115890700984801
4.795503894596336	3.3093042941533843	0.4850692570083226
4.279686400061497	4.9383601173458125	-0.3357987704176213
3.2307402012589135	6.028850624311354	-1.682568469434864
1.5634016256407879	7.216555660347317	-1.5727873657711349
0.6920294567551493	6.9870442567963735	-1.6074376018190384
-1.3711852630437922	6.700086998865292	-0.42455553524961986
-1.0667020425862652	5.535737185919182	0.14105495238877855
0.00949291970842081	4.109233624613164	1.1934448915334277
-0.9765118546712872	3.0095450219684903	2.1041691723107134
-0.6925760135989111	2.07995653326467	2.0533720841935126
0.44322684356295206	1.3233664373173621	1.4238253190780692
2.3916653857573644	0.42942223731544626	1.598719579711473
3.5041045429809468	-0.33953901811709275	2.1699436678427872
5.576228870454192	-2.308605157918815	1.1552634577818233
5.023322601580869	-3.2462802857234445	0.20999512449297297
5.7430732352132505	-3.384922931975591	-0.9688311929009727
6.967028725905318	-2.8962760753790606	-1.6749336785827247
7.114266194367259	-1.2629828457929666	-0.9648373169740359
8.199298935254898	-0.6961302333829975	-1.0022026735847902
8.351227642573551	0.5717102642019288	-1.7735620213243801
7.366609744445957	1.950101351342324	-1.9462767680142499
5.706913635100221	3.336324147519883	-2.7071575826023104
3.775752395756043	2.4290051885399713	-1.875205677618273
2.8836009195174173	2.363570303337527	-1.8802702623839083
1.7674242764756898	2.2053231561976765	-0.637654777273811
-0.1704087851692223	0.9843833091586279	-1.0267741276460316
-0.9069269357052492	0.23960052635079995	-1.7270146687795078
-2.7297274574087353	0.638666309664063	-1.4257223399040486
-4.0999823790021255	0.40211051805047465	-1.9862187204757586
-6.451493644464127	1.0457244533744343	-1.5399050714481104
-6.349233649274117	2.5272549332921836	0.09443057241228359
-7.095548201048088	4.5296005168230735	0.733135051504344
-4.897982635756087	4.855720941547377	0.3454794794530991
-5.0969205319364965	5.750804688963402	1.062862522661404
-3.2363006688825173	6.560726531429999	1.6637278249919119
-2.0513158839374475	7.2439132281412215	2.41573690042762
-1.238723024030587	6.755597392312332	2.9977081116855486
0.7700972577437424	6.206302131944887	3.357161194087179
1.3280492721292858	5.231461314550765	3.153177489173814
3.7902692847450563	5.004952803170899	2.7890051670844014
4.6864073396414225	4.684017706542829	2.688034339884662
5.759492505486586	5.365932076305884	2.2077474943714748
6.916850033441829	5.780263173679773	1.8443432701923652
7.994527058706244	5.828971411914235	1.238579427746258
9.170165479543465	3.499633196094977	1.4601585969369513
8.922213571975451	3.107562018489858	1.3830617403346108
10.0327542758602	0.8774251993783067	1.9598596618037907
8.551534846405463	-0.3406403269096636	2.3791138009641877
8.993186002720549	-1.9947747838250995	2.232143575643726
8.231581403023362	-2.715635731403272	2.3985933889919178
6.796569207105328	-3.516698247340759	2.432370630306958
5.175013432805806	-4.195935054131023	2.136982225166417
3.674118591948281	-4.630840757556265	2.613259988729427
3.058786919874791	-5.339189537693029	1.9928563338126302
2.753592209820336	-5.998807976304306	0.9095822351601329
1.4251289776307372	-5.800667998980983	0.04485499181323305
-1.1199526314345836	-6.58909219223195	0.0730937844816564
-2.3000229898297895	-5.572583193462648	0.4816948894190006
-2.483748701650282	-6.3993487561271225	0.36197875875436797
-3.6666398045600124	-4.697079739378274	0.889374785652259
-4.498945970659592	-2.633047266082788	0.5322443715145662
-4.085116979627697	-1.66033772220625	1.634339166360176
-4.159267226158469	0.528105597462886	1.517087970709551
-4.128303850508098	1.732755912497176	1.7810187724359272
-2.91174952268455	2.3848700951289907	0.016206820091599683
-3.03844408218836	3.282317013413644	-0.7803849021408569
-0.3818698223407695	3.58902793770416	-1.620024768482172
-0.1340220802303957	5.389068076133058	-1.0707617016701296
1.2165104727469167	5.815301449446904	0.6971419748967072
1.693579124632643	6.7502412865662205	1.8946107527740659
3.5430260831272666	8.107666986050328	1.6266575276657589
3.7678374980602194	9.399647710655232	2.20370467806815
