5.540535813861158	-8.19895107778961	-0.5258759508609356
4.966774486289806	-7.178662837296822	-1.346716130977161
3.4337962215338367	-6.0536371577204	-1.2264346898698972
3.1500603606959032	-4.476264697752515	-1.359216343686359
2.994439372652953	-3.076023256096765	-1.7431363236414859
3.250376679008207	-0.5640903979103469	-0.8784341575090833
3.978445905083601	-0.11053435242712778	0.5829001381206029
4.379555033250865	1.4377044743528777	1.110594675671847
4.506052342422748	3.633412544314516	0.7798963329329294
4.641679634153846	5.2808719173691285	-0.828279276360257
3.7757248057448436	6.886963137302542	-1.2175931873860901
2.3263211860720046	6.983735851179516	-1.5056696515594874
0.9638994218213777	7.081138758753319	-1.145696644296125
-0.5674599116858519	6.811042156088997	-0.07962208936369408
-1.760413379827841	5.570135548992637	1.274789043371293
-1.38511300019717	4.213252671159443	1.0840479485182168
-0.8746396938912793	2.26859378154475	2.0206752722158647
-0.7817830255651556	0.6427100852947557	1.7218488896274036
0.6424720744013878	-1.1836060942181432	2.1256738699327817
0.8872671166559283	-1.529405542812498	2.716101871634268
1.939913251733074	-1.4733461094903206	2.0050912964902188
4.258472307347517	-3.1053622690209712	1.8872684365583345
4.2484644598970025	-3.4349175073916265	0.009257681646336183
5.24266155255257	-4.215543890480753	-0.7821897741625846
7.329488490379778	-3.045250306692887	-1.568444317115691
7.842191613456136	-1.5500888333527956	-1.0861076780537813
7.5147524443788765	-0.771734380313571	-0.0686854001316406
7.499384048391577	0.604302904777656	-1.3857349004320048
6.505382949505544	1.6521072832415113	-2.5405092237668807
5.894059118499496	2.35884028242229	-1.9840767941580786
4.398544992356009	3.044722493437115	-2.845593511102221
2.8616141706876017	2.3686286059273782	-1.651932713346043
1.4383035779944962	2.492437841727171	-0.7187177387559549
-0.15178286788387835	1.0216447726062299	-0.7785713987284804
-1.472274224041994	0.27036924946409746	-1.9605202651474976
-3.108618193351711	0.1943732769041752	-1.9862108534185932
-3.82647854944749	0.8670892655225976	-2.1903010875291073
-6.093696904833243	1.1688632867604378	-0.5491718623822368
-7.334525840545506	2.700978345843332	-0.7051365216180029
-6.411752244552236	4.095331755455063	0.45458298285702725
-6.7685568609677285	4.844391310196981	1.8902606641205442
-5.333219718967913	6.343308500510504	1.2545867918613687
-3.455703700580849	6.678594119986354	2.4230165890694852
-2.5406448788511242	7.42479446990259	3.3336848980269367
-1.2607089125798865	6.212288484708516	3.640412499508768
0.03851151818730095	5.5921517706991555	3.6632532063482315
1.402539380171312	5.172647902882932	3.4027595634316263
3.2278228573698993	5.115045903319139	3.5268770264379325
5.240586259227976	5.4314349489515825	3.1883953809696326
6.623080006724443	6.085133045097173	2.349093134318963
7.057704981330136	6.192884691646995	1.4463302678825927
8.635407222397449	5.761983753232334	1.1427911010134175
9.593140429698932	3.898203368052652	1.5294910780496846
9.145931136168779	2.5669972711181233	1.4223208788394976
9.673544670096078	1.2181249671261076	2.1213384207325925
8.962583121104908	-0.14031336671089134	1.8408831532635386
9.511129827085052	-1.9532236111134882	2.140656593431843
8.048483759425585	-3.2798791186813925	2.3119559168283614
6.584424657511094	-5.196667808020036	2.31932968957034
6.15533301131076	-5.713197849717663	2.7937488260088523
3.7433118577446853	-5.848788757299335	2.688548449837075
2.0141947665650854	-5.9631040286980665	2.5045429246254685
1.202284014377576	-6.587414434880397	2.006623644517907
-0.6872250052584394	-6.945714539637537	1.3282087199085821
-1.826752889800411	-6.917859737952056	0.924598842377214
-3.283498927333534	-6.557048931678129	1.515598291359789
-4.716361448099661	-5.3412131667615945	1.4944183065568961
-4.83589231450032	-4.377972201615766	0.7596355400955501
-6.290101567193076	-2.907020227939146	0.9293073460163032
-5.631636656676366	-0.5866163021328208	1.6312201732082803
-4.859748580810557	0.7368256011477924	1.3048099692341972
-4.655185794612868	1.7122858366378018	1.90777743923132
-3.5311806850537746	2.736112386683286	-0.3883012161053298
-2.6754233579996307	3.5301203811864945	-1.0479403015598774
-1.5756221168152624	3.809022743930491	-1.9198912796859582
-0.14670993712777136	5.284524300769283	-1.3800417989257452
1.2478711220789713	6.167249037346629	-0.06817797312302487
2.3393651733447633	6.803489228741847	0.9472189928987252
3.203433173252433	8.599098420439555	1.652083389354377
4.153692017130722	9.522231599536502	1.791991413961993
