4.942123119901706	-7.217322827061466	-0.5249218682054928
3.902077333650353	-6.17119220034297	-1.353844031202824
2.7230782127017252	-5.668121307222527	-1.7842844473205655
2.125209449770319	-4.771642431409816	-0.9861591619002921
2.3649549430592245	-2.974926022431818	-1.3951992111954263
2.5645008996640146	-0.9246329214391834	-0.24508074840969818
4.309951193980217	0.615453354960014	-0.09583394770812281
4.297435534939497	1.3695744665424927	0.34778588676000655
4.069877322712577	4.430923478494989	-0.25646463679635145
3.8095990317644466	5.992342830878046	-0.6356438205431361
3.3118133075318896	5.738594046093529	-0.8957442577777139
1.406216162742143	7.739442567552415	-1.209239644534061
0.7340021244251095	6.183579240780491	-1.4753639936406775
-1.418034509619181	6.843040123935321	-0.8504992321182784
-0.9374550547092673	5.959986359537797	0.8457968755830111
-1.2029549841497806	4.884685690959767	1.3116767653093633
-1.166816953000025	2.8011596407084416	1.938647822518086
-0.9905401734332335	1.5945718873939119	1.6400681386630684
0.3285469032757429	0.9879890071649291	2.0099674914601926
1.9351418188148177	-0.2108680439764724	1.4336764659186263
3.238782254257948	-0.9675900301930451	2.4197468601478627
4.947857085747438	-2.2778973904342594	0.691121950365298
5.35557269192023	-2.7978918157933244	0.47646203036808826
5.239573510079298	-3.9698703573430545	-0.22155218664320997
7.154432967578309	-2.6967210551269076	-1.3257993195725182
7.294349046978484	-1.0761929341834722	-1.5915780914119921
7.510193084431005	-0.5762675700765096	-0.10262350118403973
7.693576588477032	1.5046207519954473	-1.6900158017858622
6.91294209970224	2.4263503535350166	-2.1090767154115326
6.1941430406753675	2.173167614274541	-2.50373108400062
4.164051598677481	2.8735335978822727	-1.809388634379671
2.832010319309795	2.3478764142587614	-1.6280049404828827
1.0733193179655085	2.421476551302774	-0.633482327389375
-0.1105279548149875	1.4575113486189684	-0.9542772390500387
-0.4253393562228083	0.3273580367124609	-1.705363295001463
-3.079081085261158	0.9053070831656836	-1.1933818161810754
-4.341401606121332	0.864996537417413	-2.0722528587785605
-5.772542781460749	1.5209181968679821	-1.1530254565815141
-6.28246356407548	2.658710318037873	-0.08552394279410325
-6.137412983514584	4.076376939894261	0.13734714873043236
-5.854885224906789	4.765430854476158	1.1837556469664905
-5.142961740440107	5.795792244740187	1.1979350425857747
-4.029074108587335	6.3998685403972715	1.624444816583294
-2.357093441706619	6.839283152127898	3.257083601648966
-1.3471645475892364	7.14024771385318	3.1392725783952
-0.05128783812176177	5.506677801933217	4.1019294429370685
1.7188581213817218	5.325380571823419	3.6661716044015327
3.0912997331192216	4.97464725783783	3.2023443047184905
5.822477635593049	4.78463545327717	2.4362247082321504
5.726683772728501	6.424043078012416	2.64940574504794
7.3420454460866855	5.996248640925251	1.9568625842634764
8.446787756771203	5.573286824388487	1.4228551725958765
8.943549455725215	3.4095839830205903	1.659983079404272
8.717420338445047	2.5678746297928434	1.879060712308711
8.887995640251098	1.3393560208530437	2.4875118480600378
9.05611194362311	-0.46499410874836733	1.716449996549843
8.432130381505969	-2.281271784235645	2.3739577638251754
8.367960894257894	-3.0032061467512308	2.343887049148883
6.924803129562462	-3.8500014105936256	2.5476000233077642
4.979317448442615	-4.814581953922369	3.3230852606334618
3.9700548635992203	-4.960045717709408	2.1798641441609337
3.3650121092716625	-5.583762544687577	1.5335888619096478
1.7806342058499602	-6.291357712334342	0.7632717494719976
0.7487267340477274	-6.607935095425336	0.9189181707289644
-0.4502611549339066	-6.601486091557155	0.9147980432448695
-2.3791040891797266	-5.717309418829052	0.4467706192899493
-2.845173224919354	-5.8539435936289514	0.05915623411257477
-3.5769574814376197	-5.1478688214184665	0.6687215805628115
-4.403754930366321	-3.501548119944903	0.9098043252487287
-4.9032174820665	-1.3552984497081813	1.8424121176700838
-4.308141587246215	0.26777530945577277	1.3781675487337819
-3.6938637497345934	1.7464752913519597	0.8306495358954684
-3.101882697320553	2.376712280082021	-0.2741442314799147
-2.2481107810358205	4.036391614015439	-1.0374410280383968
-1.2796684266296787	3.718924116658844	-1.7505166281536884
0.9811734281054311	4.329810313466996	-1.104231898445896
1.1463531514537324	6.2670323410485524	0.1351279816519243
2.1410559233404585	6.899651601727171	0.5099256767495675
3.6051422333746923	8.103815851243516	0.911384235224282
3.935458527737057	9.623248282495046	1.7477004655726613
