5.693257576672567	-8.252016245914001	-0.7966850391667304
5.376288506293428	-7.904180755323873	-0.6109124880231762
4.319951414070202	-7.168518255635386	-0.21543287517527654
4.246920765789832	-6.611986596038703	-0.6978330284410779
3.6014696423625527	-5.955418113155906	-1.534575978624183
3.241187182607201	-5.5714096214902575	-1.5130374894912801
2.6771681614669047	-5.826219726105741	-1.0147289031843498
2.4526575511753466	-4.7688600877447405	-1.022932211926432
2.4359144296429527	-4.866191777624409	-0.8754599993957604
3.378064656896089	-4.613697024406295	-1.6637427183765994
2.2513686746292216	-3.980828176145546	-0.882786566475593
1.9987675650019863	-3.546456117301333	-1.6028552880875693
2.7546104191926735	-2.3799555358297138	-1.5223924219238936
2.408013695286437	-2.4418340229943087	-0.982052037358381
2.519226353977428	-1.6276328333996726	-0.8233474002401604
2.931929177407654	-1.3303983226134823	-0.7088962952359732
3.7440499190458203	-0.8797424297380386	-0.526431948848457
3.802582030750461	-0.44333104407416035	-0.07695990443715961
3.9278192998144252	0.35561909291215044	0.07326476086866018
4.022909014558759	1.155223607852174	0.25125706092032457
3.7065888750739786	1.7544646014663314	0.5549586122044187
4.652037701602981	1.839605034325679	0.5065688199086184
5.159178596006626	2.3603825725829553	-0.12471205594065793
4.620107797899975	2.814687990866201	-0.05241200675813762
4.372345985104644	3.890219624167064	0.6880614509835404
4.563694801310876	3.791887781937665	0.7719940676453254
3.9805212826000758	5.262916620117611	-0.5918140016399961
4.26559991907946	5.341515620915753	-0.9079454403940157
3.503982665656582	5.851236107671058	-0.46633516041658585
3.3901171743496907	5.366317698602496	-0.9356278981329066
3.8907484821918876	5.781087784823878	-1.7747245291556064
3.070475624941681	6.9253666076825535	-1.5844387328411231
2.457033007455767	6.551702049706599	-1.513912976327611
2.4353114148049846	6.9921709677747685	-1.7394601154586964
1.089193203025853	7.22349253922483	-1.2876506816221862
0.5165118071838837	6.373909676228751	-1.7062587301907999
0.5654714874390244	6.322946323594853	-0.6625662886007053
0.4726130900645106	6.761038336482251	-1.2191161276644837
-0.755717127324382	7.177901177786879	-1.034465216342445
-0.7985828136444371	6.940697151282655	-0.38423200561595383
-1.3936591384337778	5.512347857549456	-0.4427512320732449
-0.6412274458791296	5.395586323140814	0.4905469912867718
-0.8882128635727575	6.327302720625071	0.462712540699023
-0.8241283788919823	5.152228640240756	0.8615636115228952
0.012947895315528424	4.4018812600517725	0.48611601696802986
-1.1470528344064825	3.808387548515859	0.8272584508544315
-0.6863262422365279	3.384558455695487	1.400825831615039
-0.012768630371275957	2.8809579419667175	1.2535962608308506
-1.2437574047076478	2.8341805908823314	2.237104569919235
-0.30480064198470647	2.0040490355529963	2.4078694997542414
-0.5219998265615864	1.7065042079124557	2.1474606596604535
-0.6164251856449745	1.4832247784821888	1.72225094565305
-0.4860533322901758	0.9925251424766554	2.0684371450581174
1.0136902372570393	0.64843748501174	1.644019162994035
0.9913344285954413	0.7786944453050467	1.5833954677963384
0.8352471787944586	0.46604151988461956	1.984556449490087
1.0072493785073786	0.727475461108226	1.298704467234368
2.272764829987076	0.009096239562173536	2.0149193793811015
2.1556296859803576	-0.655393098466945	1.889991700684531
3.1158440744587685	-0.5576099029160755	1.663972514053583
4.137364980278886	-0.4889961822105955	1.4462780515724416
3.9599863453437627	-1.0645279272032127	1.473451605798053
4.12478224692594	-1.4137774639067848	1.850145968252799
4.351086816234792	-1.6347024588765113	0.8419569911753676
4.749049399685445	-2.2036688514278326	1.2344208625169701
5.38098057680129	-2.3608559147286208	0.5281767713069165
5.799040022104409	-3.586250005407561	0.37752019707652956
5.850378346101024	-2.9840575290816993	-0.19268346744818954
6.321557529550856	-3.787654936513934	-0.47434666860954205
5.893574129833005	-4.109742224349094	-1.1578282670386937
5.848729977589117	-3.286322886397037	-1.3356441088075668
6.801262337215522	-2.8090849472782464	-1.0226245568614416
6.737321878506969	-2.2377396727854157	-1.7388399449721377
7.158149768947782	-2.996305465008501	-1.7598689282588744
7.76288678775442	-2.432882031794393	-0.9008638422834696
7.738191708960752	-1.5075093297271782	-0.8315301066702672
7.407445658099465	-1.798215387526957	-0.4777054755242929
8.356999675997319	-0.8896367466268685	-1.446161195544338
7.564699146454273	-0.5514515544681073	-0.9967418761565207
7.800216577548239	0.16911388270336863	-1.134932701143624
7.7964352008393885	0.44668911478448214	-0.862643570176681
7.1704156896372595	0.6522768018712932	-0.7249449487588322
7.3732078525986875	2.234601887940968	-2.034035782887649
7.904575398612813	1.5127514957816002	-1.8222067966211097
7.598465529011323	2.24643230571551	-2.4687641720890627
6.109390325663726	2.5546946686017478	-1.9529083109050003
6.586481556418903	2.357783481880383	-2.239978140185574
5.893278985225964	3.004068626821981	-2.2228845904119554
5.25963561579789	2.125310837889276	-2.820667057738249
4.394879682375976	2.7423676007192075	-2.088710944830408
3.955922692332884	3.0834984949446147	-2.2996891124410634
3.932341599403636	3.081747880814916	-2.4044168199370315
2.8480716221656346	3.20003403916915	-2.331950651559153
3.2061794432718767	2.703089741731881	-2.1391631458027778
2.743194152689789	2.0944028033562905	-0.9808360704635344
2.2161881306919526	1.5494137824530436	-1.075722936038954
1.226481228745138	2.0754272907733995	-0.49868904607541265
0.9184927631407601	1.9960742404157492	-0.8157995580833617
0.5377422742876268	1.382619582080232	-0.30005251137788824
-0.3457083332475647	0.6033521746202652	-0.7964836026460231
0.35992657065206346	0.471107437885057	-1.5467785426991878
-0.9148346525266673	0.7170672347134144	-0.7584988556477554
-1.7497055820384504	0.1566998276317886	-0.8801137732020201
-1.9470657881368993	0.5480563212456759	-1.4831712348088342
-2.7987009104674003	0.8060132066382566	-1.6423341369368751
-2.9772280848442545	0.7931847645588392	-1.358178422742243
-3.576099948087464	1.0633615131745244	-1.4321018416951337
-4.455915099090236	0.9317647331519622	-1.600737857757941
-4.79635386757917	1.2241939314314898	-1.2294509154128366
-4.7832495875608245	1.3959512054882803	-1.4446654398430279
-5.113615616433249	1.7199266546514633	-1.298427886273487
-6.30261445000266	1.375944089292104	-1.39700712348368
-5.71944286453087	1.7396386353530975	-1.3621171676435893
-7.027774864118042	2.310100730852689	0.06711547105373206
-6.746192402823195	2.8875170159116728	-0.49680830196331266
-6.1672660584190515	2.9912368799449167	-0.5303839289752399
-6.590373672907878	3.704098997755848	0.2541923681197329
-7.073746682436252	3.870769832071155	0.5526665867361031
-7.040205333250995	4.435866581315969	1.2734310561631204
-5.547339565610807	5.102946162603272	0.5250939693978158
-5.809480867114795	4.741318411969413	1.0020451246202287
-5.247483087852588	5.819189453658096	1.273433917886464
-5.311707709217593	5.321578206975326	0.9119401447169758
-5.084497753266701	6.422628563498141	1.0515503358868417
-4.150696080203718	7.049763670177819	0.940732943459867
-3.358068997989934	6.323780202356443	1.576829411107136
-3.551354526983493	7.365827949115793	1.69734520151599
-3.0355697263241885	7.307014708625033	1.7200451648199644
-2.297250264389646	6.677294193629627	2.1919487777886704
-2.471801121461662	6.50811654864279	2.358862131479099
-2.2778041859220584	7.001602623897947	2.9637561817975917
-0.9205189588896774	6.966028337257125	2.9555078648291917
-1.3451583705054315	6.182105825586883	2.6456443693051623
-0.25721257613820014	5.654251251894054	4.004980438490259
-0.5011788349718456	6.321090703659125	3.320071278631405
0.6505669741651183	6.113481082342824	2.9821303669047325
0.9917212083407676	6.107398747523755	3.452737744158181
1.0641470349341189	5.53146504783522	3.2946524830677815
1.681534910826333	4.6451478854857235	3.3647103088261603
2.050440599254853	5.193567091436744	3.732782761021228
3.0546390558028347	4.217230756881301	3.05555387010383
3.88807686552535	4.894308047159873	2.7794133679067743
3.613294773603595	4.239340439990839	3.9395039012392914
4.4082701629816174	5.335085255171707	2.637501301951758
5.25062675270005	5.0086874339427165	2.7101135229943147
6.172924679689421	4.915723425261841	2.7839083188030234
5.306189131623275	5.726656584521038	2.6491898000321763
5.466149564749312	5.307407346741195	3.15683608463761
7.018318796493961	5.910713808239937	2.3566437072670468
6.894151402616842	6.376976271644936	2.278203079482062
7.27030834261183	6.0263915250815785	1.3930335831693197
6.993748781905907	5.606909317207304	1.8159665441982589
8.006658264028655	5.470779399430697	1.409864495550505
8.19312350219505	4.873746494649974	1.061374611490905
9.066064349700598	4.274878775208308	1.282609511656527
8.417779637101766	4.3517235448367915	1.297661949903631
9.230411896050065	3.7872936799880907	1.738310698685908
9.178189264729685	3.5516090050383617	1.4178117476763676
8.922839373279249	2.7560609568298626	1.3743561395012678
9.13002670926488	2.71628970020806	1.5650106406495556
9.658393043141427	2.16345950993228	1.6430843677915472
9.195057878501432	1.9452038795078674	2.3267271749705043
9.873192160256504	0.6420204798267797	1.6348370355949764
9.081485717913306	0.456539808535501	2.201060064631013
9.195737510734926	-0.5448140320341623	1.8309128890422421
8.535544041956904	0.2158352511850179	1.7095986786144353
8.678749008438896	-1.3674466402972916	1.7242945878529214
8.45874505600303	-1.938306903236506	3.176972866252826
8.871091431427809	-1.473759517719477	1.9152524311661923
8.001806878479556	-2.7347933015229207	2.7827250339770773
8.579525217105983	-2.331951733700385	1.857211820524493
7.322492311747252	-2.6394743094568396	2.7417471320657327
7.231996725001466	-2.9971386006296497	1.9160109739661642
7.192200191077385	-3.7678635602965036	2.0020645858701114
6.976574149554342	-4.2617383627572645	2.941503617377008
5.758175268245129	-3.4832964775162605	2.7372207363637786
5.385924414734907	-3.896683879018129	2.7055565660715915
6.119113808640102	-4.712047825999304	2.3998354149925785
5.201484990512495	-4.461200318353667	2.448245736116254
4.255451840270564	-4.426656761625812	2.404828261040213
3.819888258970455	-5.1449916403414155	2.568292459802137
4.037629211835745	-5.696441897159806	2.438074349056007
3.021483487672465	-5.6043616440650394	1.4349253883223196
3.2956467474442377	-5.543318934887325	1.7127829865254354
2.8884584820486237	-6.109223523204141	1.7458449439579125
3.2524805328338164	-5.848077952176712	1.3218787841747002
2.687668592088089	-5.878076987157689	0.7945813716203547
2.1577103634842443	-6.361438045651146	1.3625764871467934
1.6429270298526277	-5.899389489140443	0.42424467907845287
1.0164247259030244	-5.403040165460662	0.061183704975397324
0.27091750991980484	-6.770225296822887	1.1527338824639495
0.17233828119771077	-6.589128323250876	0.6921561666692088
-0.3537555281066995	-6.3838660715399165	0.624879083878504
-1.1576644386045127	-6.281238335620597	0.03700329473362844
-0.8115802700043535	-6.948475127390385	0.38787015727508733
-2.5833584666756724	-6.414046223467029	0.3367616870058423
-2.302750676128424	-6.223652503797171	-0.06037033787756038
-2.586625121303176	-6.61148827831547	-0.03067706395857829
-3.647676084184388	-5.841560383607455	0.10868843138576374
-3.078438227691482	-6.000644180400185	0.45059915721235483
-3.3695675882520106	-4.9486861652825285	0.2439513265533126
-3.998444978089743	-4.880358514597498	0.18844659908084532
-3.7670468894785527	-4.563134922910357	0.19414933749466937
-4.436327974299417	-3.35432848226129	0.4683153233381368
-4.003022876827332	-3.694572637282914	1.0488268577570745
-3.741806339561218	-2.7968471207059493	0.6330959056093175
-4.648067372159698	-1.6451250024442285	0.7771170451491851
-4.700258582190809	-1.3398944768693934	1.5810118714974717
-3.9237917490281875	-1.6564080466122078	1.7723647618212661
-4.605641072638905	-0.07702576038912912	1.8023375808560893
-3.8871946676923845	-0.5755568420506512	1.5481045534534439
-4.617980980763175	0.6764386855104259	0.914901110506695
-4.434315761252408	0.6435173516911886	1.9926532728666104
-4.649514756295084	1.3341354319716845	1.0289385430644504
-4.408205144623505	2.1573237948055017	0.6399454917074687
-3.372075262285972	2.4449852975933615	0.27542242402270073
-3.6912567709996056	3.026182017615441	-0.009631542960815087
-2.935104460966629	2.6703347378789024	0.3775715701909025
-3.345838138382098	3.950257418992779	-0.25475578747166894
-2.5998579436105054	3.4169000302346255	-0.82432770591542
-2.254613069442134	3.5910825054714137	-0.7535394755671734
-1.7316374592771546	3.4911210207319283	-0.9084973209243655
-0.5868868509681524	4.504554695340875	-1.5397457247414386
-0.9268836254543923	4.5797647916565385	-0.869354315954936
-0.5633847175179303	4.510963973078093	-1.2800493639238821
1.1174961837618236	4.297919799971896	-0.9524016873758046
0.42953806469784983	5.435194775444915	-0.04550395705171151
1.1308247520446237	5.420787075965446	-0.6528538208177889
1.4283402954119064	5.6566330661394355	0.7528202342351411
2.080540295845921	6.71967749236641	0.22641854862326016
1.5818566968949836	7.422088246666613	0.45207505972267054
1.611976524100292	7.086722770362182	0.9117470429987313
2.270819391414941	7.585790574322349	0.7227596641646117
3.3583115441258267	7.857218335248031	1.2868072164803932
2.8231003688837193	9.069166758081225	1.4310847643308997
3.4261616657428537	9.205653315230867	0.9659462972102109
3.221637208325075	8.829409892058672	1.7744446825650977
4.248568458859927	9.151907383516464	1.014996914720738
