5.060104133017951	-7.385046133690971	-0.5045988449315071
5.171628920393518	-7.767796666480952	-0.21035473974885344
4.353509819317026	-7.280420425763118	-1.0194312604562072
3.733304211830944	-6.94516026615949	-1.194994522638749
3.995262145184174	-6.493702450822061	-0.728823221143386
3.7721244946564347	-6.5965900958153805	-0.830533042213393
3.633450351931108	-5.344955631272707	-1.9343211122001454
2.804236591549837	-5.069025228650449	-1.7536076966432634
2.5439237701619284	-4.975600211109995	-0.7031620487568861
2.420586123824126	-4.1815202053575025	-1.9211232839866343
2.3904832669270837	-3.027990585794691	-1.50030183753807
2.1587845686119076	-2.5709690197985275	-1.349310476861484
3.0095102889737735	-2.685348007031678	-1.746007091342987
2.402241291144641	-2.492620033450646	-0.3190935865216593
3.0773592682898387	-1.6924819451622277	-1.1203357914287115
3.461142238995862	-1.0289573509718475	-0.5230847365055011
3.897569205308967	-0.9985616440072786	-0.24640937700128118
3.207472032811017	-0.15758494094681308	0.27148622519746124
4.365063863059886	0.0907522188347244	-0.23670691067812494
4.25774104941115	0.8706944752058254	0.5046428758740311
3.8714299998110944	0.9853388502291966	-0.0702364536071391
4.5415225087831015	1.8195478920069719	0.34800087315143236
4.729862741242267	2.5289121174274136	0.0691439331883511
4.73219422993838	3.1903078636258195	0.6857628739009836
4.853743075520826	3.243017015856043	0.8760769972826494
4.084620929077276	3.7491736099375492	-0.4273165034625745
4.371465861579621	4.320046276349875	-0.496861694922582
4.920185591479788	5.294370724737344	-0.5666099099831521
3.549986109510944	6.227182892027801	-1.0972912894680495
3.4564916780030073	6.109434529997152	-0.626170798955425
3.059490966649128	6.544343424027881	-0.9355556901516641
3.4912826174134075	6.5046898465711465	-1.7942106705239784
1.9606974440883156	6.725777479122636	-0.8095606946718346
2.546166848778601	6.972856472576309	-1.230994093586214
1.3327136836915072	6.948890466298789	-1.829346105492913
0.41127034853249195	7.106426892115539	-1.6231934668667296
0.47564078057682047	7.563965594308512	-1.2778061211441545
-0.447324465537803	6.791591573693935	-0.6740614891211894
-0.5233651884782344	6.508960422982	-0.39037417351691495
-0.5533250244835379	6.333296801957423	0.19235276495830644
-1.3449152398966577	6.754251289825247	0.3140236951659936
-1.1528717820571626	6.369330082582673	0.5092096683087514
-1.4942444717196892	4.967005785636388	0.5533214143967311
-1.5906088137358858	5.176548118248053	0.9765139857319145
-0.9571331606664943	4.575681973992905	1.308824614314569
-1.911550436077721	4.241143108542953	2.1347201285311552
-1.7965978915485585	4.126530654722828	1.4435219889250794
-0.8865491347023926	2.843059122141134	2.0894721299341867
-1.2595836014282138	1.845640353654273	1.6635338877807673
-0.9941746046562653	1.4745486156136225	2.1747769739737213
-1.417624927343958	1.2744689886118676	2.222065260779419
-1.2749974540991151	1.0580475290034543	1.8179762557292534
-1.0937795034184568	0.8277569128245202	2.258725220076417
-0.1188061075428154	-0.2100682508160332	1.7647103537198265
0.055060853838427515	-1.1634545011095976	2.194463796674493
-0.25468376072153487	-0.8640266841900727	2.2756258860673255
0.6720493816546499	-1.3678277294283503	2.685436098511448
1.1583529554117975	-1.1596434891463128	2.5512049805754016
1.8801451570004883	-2.080848922521766	2.2819583310604656
1.878907987008016	-1.992252609381919	2.3731284489668525
3.2297740270143507	-2.728941559396629	2.0774240251993694
3.6957103095731547	-2.9116712318337443	1.962949048453928
3.496182179600245	-2.4901109868346567	1.8986531300470524
3.7251307095725075	-2.960102491198559	1.393787265544535
4.653968975993189	-3.250428819409049	1.2424575727861713
4.3635405819274755	-3.3214404781379594	1.250992196082174
5.353775819877174	-3.746367705857305	0.8622692488267374
4.986653021979646	-3.8537989855286194	0.8840337877198222
5.741178979059153	-4.086512997243276	-0.1342544742604178
5.873975211981962	-3.4889816773821973	-0.2883622754004642
6.496682968027935	-3.87076452560705	-1.0994555825721033
6.796878212790667	-3.854977323718252	-1.2771242612468614
7.724136659065005	-3.370125358800964	-1.5860667486792126
7.247514945575117	-2.54837625051289	-1.6892273285327968
7.3681679631464965	-1.6519401181442888	-1.4445300583196057
7.581141021414297	-1.0240732106915136	-1.5359254312462565
7.779431007279416	-1.4166653470378312	-1.213272609585142
7.88866711218178	-0.8089176753053591	-0.6049817007722085
7.439620136346176	-0.6834966835749354	-1.349386886425278
7.308454307718596	0.05991125648536599	-1.533487563344428
7.660659783668753	0.1172217257651483	-0.8693612174407148
8.02335574513426	1.5264900651606172	-1.4386818405849866
7.443679295979005	1.3789007386730527	-1.5007060325164385
7.11172023627097	2.495240985740163	-2.284873133814535
7.160332533261362	2.6197717054974015	-2.4118154359028487
6.98170352318696	1.8132132349596026	-2.2880465768884206
6.203853388913384	2.4718555159558324	-2.554777212871153
5.074525685474144	2.75610647320412	-2.5878901920269963
5.429835449449346	2.944234495612006	-2.1431479222459036
4.152811473421985	3.2966032581320284	-2.756997643164449
3.817811387464203	2.9479192411168924	-2.285101208353412
4.293559231266697	2.1137488575423253	-2.0311433458017114
3.7107177867825087	2.0506899196058312	-1.7266408924265533
2.1595940203040955	2.5359426015882955	-2.1541508354048644
2.610036508804001	1.7453214747209085	-1.1480489032883963
1.708368998840836	1.7336950322097755	-0.30091802208395424
2.2369741318800296	1.3408837703585677	-1.2974360920223325
0.8040007838360943	1.2037263201651356	-1.4289269198691814
0.5673499097230458	1.1442162078548326	-1.477771957412772
-0.16170395576740648	1.879452671380586	-1.364609841774738
-0.0323424071328392	0.9116654489595344	-1.0808275944146213
-0.9772148717995743	0.5063614053085383	-0.7807517402011885
-0.7392296047867348	0.6324309421571993	-1.452952929297619
-1.9559299545907716	0.3425873341629864	-1.5266524222312734
-2.5120032943714463	1.2303733707012665	-1.4603594723082103
-3.3981884783635423	0.13686664636798992	-1.0365474883738526
-3.0769458629778343	0.251917511711879	-1.2915293189301982
-4.205278336198566	1.3142485364233254	-1.8593505527547185
-4.488852168259401	1.0319133763979242	-1.1535306549666058
-4.857803157099992	0.7377631409234846	-2.009641976569787
-5.376044903324134	1.344663406227324	-1.4064254494897068
-6.124178416638024	1.4855533838146693	-1.2369227302364247
-6.470583149383595	1.8376838820431782	-0.7932162555775613
-6.750296111736294	1.7700825110879794	-1.081871930552715
-6.657426022654775	3.0290625491281498	-0.35980648273184845
-6.350583070848712	2.8121090463134286	0.30465620362975054
-6.750958856874979	3.5940842431241666	0.48485861942487174
-7.474127437384041	3.8588048023227897	0.20938576962960964
-6.2187170624724715	4.058500662964415	1.0598010069415582
-6.116164293669879	5.022640404902756	0.8019183539616327
-5.755092296614643	5.053380015467715	1.2053777631590883
-6.4677925867835935	5.95159934299775	1.8970113786671787
-5.660774659348464	5.9863060060493805	1.3847564531437975
-5.5595559023122805	6.099711086144379	2.101731967280479
-4.363660016429524	6.657738307039906	1.6235055601148454
-4.387680287750222	6.96480314186776	1.5029924301731992
-4.414589584182567	7.950192485290252	1.7082888417581574
-3.845878176169369	6.698335371908683	2.9706847381074697
-2.9637287517518285	7.204401689056226	3.0552720567330076
-2.97607880132246	6.954860944872551	2.2642483910702005
-1.8565432746551234	7.009888129082236	2.903645688961241
-1.7834674438428966	6.6651109055481	2.7824752975483467
-0.8869784228026414	6.304912306841112	3.802806943700832
-1.0446959316719455	5.845867914659295	4.102520989624603
-0.25644601482038354	6.809282936434014	3.1247681953511033
0.20439802140284394	6.547760064625679	3.3824605983797587
1.037241674114006	5.510091441607603	3.5128486863006687
1.6697717930344758	5.302228142390039	3.6814022976339738
1.5606557516283366	5.565072887085844	3.5040639440012127
2.6832091431987304	5.327093350839414	3.148343492365062
2.738550082465592	5.692115119510189	3.5957676173311146
3.2622228849428723	5.334939337978561	3.2380079844086014
4.672378109079583	5.072784501660427	2.6779837675378424
4.2182884449997164	6.138577714589383	3.3786790352205527
5.142434491680286	5.985780061242614	3.1207558633352077
6.013614695780934	5.933742015971759	2.3825034951204644
5.617669468209792	6.786242805515235	2.2913383381285657
5.8420846150340635	6.058253183903217	2.8723785576901704
6.8055403940382515	6.12621480185035	1.939664420319658
7.209474590296672	6.8269507804832585	1.6313196654938367
7.1839361150087875	6.808314451159626	1.9929519552071633
7.634518494837474	5.461844844604284	2.1159902934710813
7.641952005897914	5.496536843173424	1.775464632822465
8.271677736011522	5.126445583163603	2.0615339700705664
8.758311578349398	4.565218676281287	1.8646900767366783
8.736354671670053	4.982164429091343	0.9556578034703319
9.110539463947143	4.154594672263756	1.3062299489939346
9.141957872915805	3.900325742861756	1.1880370692324027
8.708629490778122	3.3864687957404334	2.0727108075476917
9.056732969662141	2.251114018699471	2.6090341067647485
9.500217313892486	1.9102966197746953	2.2836372589678335
9.687690169616513	1.131828622631965	2.0433008255339082
9.077465691186962	0.5914049293204608	2.7595393974887474
9.027603300674476	0.739963920667358	2.4925791895863294
9.67513817967598	-0.3607436382149114	1.7004329429633533
9.205088681287052	-0.834435777244913	2.6205323622396985
9.673243334970708	-1.3821369720482612	2.13062949489337
9.1244158795156	-1.2458993597499561	2.0248662176267898
8.571687990884177	-2.751321095869207	1.7904918770859317
9.367907713026192	-3.1901488931970263	1.9671746651632915
8.27605084682593	-3.5803050497099824	1.823027671499427
8.224428604260233	-4.170876554566984	2.619286380881805
7.5378605181819935	-3.9752213944197736	2.044689091574319
7.849092993634978	-4.6460358433811715	2.389177680764132
6.510236052810514	-4.227051185603941	2.0620494503465787
7.291568675492357	-5.197084763744586	1.9471182597285892
6.7729656303758645	-5.687833998060934	2.5844602703426096
6.192560008872212	-5.5960146048598745	2.1254301835785507
5.717881049593717	-6.017201283705927	2.2148753694629946
4.782853388469544	-6.229789028136242	2.4633737954495603
4.592717802916159	-6.340158644444168	2.751036393372562
3.968310367930263	-6.294402709672715	1.8980435824328616
2.5589065872819394	-6.4158061286803285	2.2618065451568605
2.002720581809086	-6.551997280169086	1.8764840458124248
1.6440811745830812	-6.920150818540303	1.477740938639574
1.1861703917629194	-6.963608101052493	2.3200923707914125
0.8551879763798698	-6.972677419826593	2.2390886263521477
0.23749616751526698	-7.1527208725572935	1.119908386694103
-0.0959034699312179	-6.272165679516391	1.130705774377969
-0.8653662002427526	-7.3247459153481564	1.4698299927260885
-1.05546951281424	-7.332296189999268	0.9373677837759162
-2.156769407685182	-7.123180055732219	1.7612457098173602
-2.286961662283759	-6.900360949523586	1.5935993917572082
-3.006025794176238	-6.340585175848728	0.5336281294106886
-3.2421738817642627	-7.010076947920911	0.6598644751753407
-3.9016318622375237	-6.060970757562276	0.6891752225360055
-4.454488152070187	-6.427743139651614	0.5158135369798227
-4.530302626872229	-5.2464831615036545	0.36844050771668907
-4.725968581963593	-5.19047871114921	0.9061812158124543
-5.113453824707146	-4.503793469280569	1.1351154008419075
-5.3475003895773305	-4.229227434180754	0.5087912032726423
-5.375598200823528	-4.3851614495253965	0.4532551598688135
-5.511329346758154	-3.9169945946634765	0.8670526426030865
-6.182966147093083	-3.0212492118343173	0.6007155720469817
-6.1512595787038435	-2.515837624736138	1.9653132775670206
-5.223141675162854	-2.350582675326282	1.5979559800389382
-5.751758757283828	-1.5603749207141755	0.9511601353947421
-5.764200282612626	-0.8413918312695565	1.534657158188161
-5.450253724775169	0.09024948622207885	1.6182952363522727
-5.390412314741509	0.41075332949465226	1.5613527600408483
-5.0815139475644315	0.8710774095992719	1.2413943821345284
-5.01719188749261	0.36822781864761867	2.312395887163923
-5.036257898378788	0.8148955143265679	1.852095258136881
-4.4944948418764685	1.4876412546728013	0.8471332676446162
-3.706883198349724	1.6291274077528075	0.8169703916523035
-3.935894051852161	2.4470566591741374	0.4826017737646435
-3.2608756351941226	3.3473345622772235	0.07885463876975313
-2.9188967948932554	2.7291060035921917	0.35824280590092805
-3.1973246555077424	3.346172330862581	-0.3278866690410307
-2.940916993917731	3.2400971161848937	-0.6074304090059126
-2.080539531036659	3.781092199822575	-0.556348448674914
-1.1047397941057295	3.8444863499817052	-1.8415562713373044
-1.040946378092761	4.118944328727756	-0.76006125917587
-0.6213042919774323	4.2282325919996495	-1.0993719060358764
-0.3076030484641101	4.459812546111807	-0.31967342472856797
0.4148248514449603	4.827610845023583	-0.7419942951473868
0.4395389630646243	5.104921803391918	0.018267545026773968
1.315289604046042	5.422949113611412	-0.41810992839878935
1.5121525675919005	5.572762968076244	0.21838306294555082
2.2526995420283797	5.878417373550133	0.537507566410905
1.4709722367113618	6.239803714715706	0.5571971119686697
1.6670717469431529	7.369432240135672	0.9648134960366334
2.4548901506326577	8.204922475760187	0.8103996849892229
3.383350913324876	8.241368572181665	0.9423256923811163
3.6036879458691584	8.45740016838409	0.8907823416271476
3.0077050561809697	8.848506315437543	1.2075856904350464
3.299267690857567	9.12993038566743	1.4031559069153765
4.76202359301765	9.307406499502356	1.227523588212805
