4.7836724430907065	-8.317502220215305	0.19787187643949777
4.425933879857034	-7.451483715348457	-0.8782027046530612
4.821049868433242	-7.540075951504395	-1.3521729975279044
4.0486108643945915	-5.939964189182064	-1.6244273689329796
2.6413059314767393	-5.766287003149356	-1.5946361998972507
2.892124526545079	-5.553042240234314	-1.8389633955757014
2.0074336437918743	-3.685460924614016	-1.5716623957712805
2.1285070395594947	-3.53468517474286	-1.2706149552914303
3.0230661259390965	-2.176664480563291	-1.6513749709967074
2.716366118244141	-1.984192486340793	-0.4809797540889318
2.9730586426844257	-1.5707538029886696	-1.064310632764073
3.390731288198791	-0.9362109337123319	-0.0024423079370732292
4.501489191467336	-0.22895906231677216	-0.22727066451085487
3.988318700042095	0.8861172970513602	1.065361816257469
4.37709083026601	1.530923142886682	1.238507245483042
4.423475176405699	2.2151542487673623	0.7172294076918371
4.301975543149678	3.5667229139854344	0.3348699996805664
4.562855569749331	4.2671167554702425	0.34070622052985455
4.301186713367381	5.315058355083122	-0.7592359399702344
3.8708533352947834	5.441706422735162	-1.027114925032759
3.3091453577459387	7.001968995341611	-1.0685581878674075
2.416460677354379	6.72347205160564	-1.2543743701788073
2.005922284597684	7.730928593518139	-1.3819336148407493
0.793599508907088	7.20326156758316	-1.4041623790260171
0.04430103708034416	8.191247257365315	-1.3546271216161943
0.23387979517304924	7.061033320183445	-0.9041694250859762
-1.039477787284677	6.6901324284709505	-0.9275072909346421
-1.1042668046068704	6.176400448456965	-0.22757499397459946
-1.3702306580510561	5.248909948663966	0.5000841324116614
-1.707159955927636	4.334435415647557	1.3339305391578131
-1.75488557478068	3.5070178498501536	1.9260453117880678
-1.5722783575023647	3.5843494828020583	2.0043439973564308
-1.773694575807614	1.7013651087009405	2.9348980999388647
-0.6723120107494911	0.9287315289150513	2.234280227981874
-1.2756198846218771	0.8714993373890793	1.8361359709099563
-0.9219986260914501	-0.418804739675632	2.2640937146661795
0.19208247410782264	-0.12598319164595728	1.7126779488565962
0.003595093509002348	-0.4829549144640788	1.807779087398516
0.8231530980073716	-1.8604505767460533	2.3874061356531073
2.3290933964001694	-2.0637220633523596	2.024012759466728
2.30943704588464	-2.3805800196217604	2.389256990398322
3.630959413885878	-2.5286755882945817	2.0584305643298193
3.609500907036172	-2.7291928255114652	2.235569374930443
4.281898657010245	-3.1253068993178363	0.8611681877810544
5.392160200298166	-3.1409365577547588	0.2915033940260787
4.905736220090461	-3.7570098731644137	0.5360719973015095
5.591399218760349	-3.9906016176362606	-0.5030832238551276
6.105477987699992	-2.797501289596218	-1.0807287423643182
6.470874651189147	-2.671739671299155	-1.5484406021567587
6.932777243608745	-1.9388771235455926	-1.2782897053919515
8.116801365198656	-2.069701523703622	-0.8734378135746363
7.242544264712154	-1.274161970952425	-1.123603688486579
7.726415379607145	-0.6456258808191611	-0.41569873650003775
8.11565190970284	0.3104175273956135	-1.3649014813465468
7.290932563336748	1.4710690295484472	-0.8538703216332455
6.9552741426457825	2.2559583694555396	-1.4630900530246622
6.518601949324522	1.9070048967111752	-2.4694229411432316
6.686075743683496	2.143924764543608	-2.007352775205031
5.237549918047979	3.583195835015064	-2.945438292915023
4.382064759304944	3.453997588878811	-2.5658003240970118
3.846865311105115	2.273168217221265	-2.206096294284107
2.827699918869175	2.125982778555393	-1.5531603767381301
2.9473954170972254	2.8142380034815435	-1.655594638983662
2.602061503275494	1.9241511487161334	-1.8156331246403425
1.3217607418381216	1.3431012216036595	-0.4086746447606102
0.9089178566728038	1.111551943392158	-0.569610982689406
0.19422368116656447	0.647481935265581	-0.26851209876407967
-0.1806363194652666	1.182150123071938	-1.5378558578909953
-0.42636814720030314	0.16232825901201395	-1.873888915346165
-2.3282063162312747	0.28287785121189046	-1.6350012958013025
-3.4319777101214943	0.023867411492251665	-0.8036274393029172
-3.7913834958309574	1.326346759744649	-1.6910175873858186
-4.281199416229467	1.4441995453464695	-1.7971305146003411
-5.00579552700211	0.8248743563699232	-1.9070738083750594
-5.4191458272770205	1.3333533758177334	-0.9803873829356985
-6.368620533227707	2.415044805018238	-0.2805062887232963
-6.351567744410362	2.389576126364291	-0.4297579050475478
-7.305634900149037	3.88559900592821	0.37856206236277146
-6.091235366858129	3.907393640139234	0.3321187731906234
-6.488291975575433	4.726875427424797	0.3048561201997221
-6.332175848460531	5.121265392592676	1.5879280818056416
-6.349148624172873	6.482930953871181	1.2236701333976745
-5.6320777895663365	6.186434432322372	1.8001489210346309
-4.675401410430341	6.459399412835576	2.2860020195362596
-3.377355911484467	7.100816883720412	2.1251569930967404
-3.054615326213538	7.462678709137071	2.4858422555418898
-2.8011063759868353	7.18822122394241	3.181936404051787
-2.271782296282519	7.5309786712730205	3.2385662296226574
-1.4532152013286868	6.925885538825101	3.8137146673128113
0.508461872992436	5.85892876556546	3.066042895842335
0.16003015552404795	5.712845707221955	4.113979653311308
1.3182536097578552	5.644506872557063	3.141395557842823
1.402626872527006	5.049092936173032	2.9148636909615395
2.8778890446618886	5.507907239047774	3.4664341304171664
3.5670355102683797	5.549113629202753	2.8117043410094196
4.425665026203767	4.968065996843426	3.6801514951676926
4.9804026382211894	5.892477401026463	2.906885800225636
5.288366932127221	6.184838784478533	3.364942186677973
5.788864219519691	7.142594896579677	2.112464009191139
6.534584771657117	6.602868483706507	1.6141384435669293
7.55720390259926	6.397715234736146	1.936962205344304
7.586197067297144	5.654366645535615	2.3157932490693005
8.759122259003892	5.565282546287519	1.2110812930380086
9.16771884909851	5.123551310118794	1.0000536034752945
8.598249803406373	4.335622361805582	1.2457449585622453
9.134688589644492	2.7455994169798537	1.7435987066995493
9.699050482959528	2.0240637137038484	2.0969066006393575
9.236969034238872	1.9969673767659575	2.290042848572306
10.182691293906473	0.6048745648152158	1.7275963341778653
9.456514300070477	0.13538394113245877	2.0031270959436034
9.265579530931852	-0.1534882223343259	1.795231752901295
8.744540029279467	-1.892646212250937	2.8560723990256776
9.398158672489073	-2.1077435707291983	1.8952359033540893
9.021986331224813	-3.2504665037399207	2.0058019849575066
7.926034518178534	-4.083952469826336	1.8283463030829428
7.406579505190615	-4.388188403967221	3.056908697976956
6.946539717242104	-5.149045408410143	3.076909188480888
6.936894725635156	-5.380927033635311	2.351539897438657
5.920826667674756	-6.065960845746832	2.5658258694288154
4.63617933370249	-5.892728447962983	2.7510313813540948
3.8533119494260157	-5.894114848585916	2.5627710720379926
3.6884506135148047	-6.569293190122043	2.2248239464130024
3.153109430623076	-6.854479286812457	2.1260463125824987
1.157580316276537	-6.939197612223274	2.0702974823679856
0.7603938077312675	-6.690885083565488	1.9190706975722802
0.23386453734667267	-6.31323996308944	1.1000375079370592
-1.1454028448922968	-7.1185936253758575	2.1266635462745107
-1.125237812570787	-6.939084836727505	1.1489550770970376
-2.023289148894461	-6.688610572036845	1.5406431666475333
-2.7896907090883225	-6.862751382987917	1.2439483354914933
-4.072308174640892	-6.235875175039755	0.7798965720650703
-4.062811476892644	-5.4029589040404655	0.921268989178669
-5.1349770573111515	-4.967296378227335	0.7229463839833037
-5.105142882364297	-4.226762649935919	0.3905030022862912
-5.8545269229871355	-3.7343941371583664	1.303461770557668
-5.987572457313428	-2.9081200191624497	1.392293177336982
-5.6602537568232325	-2.737516506598314	0.7607356059388768
-6.04481858889151	-1.5334774743044854	0.9231853711354947
-5.726185085618528	-1.4501170350220052	1.788654189402254
-5.480585181038274	-0.721036822809513	2.133322442505176
-4.735406944003805	0.9908579140319393	1.399980677992585
-4.277976475048202	0.92799562982528	1.6171901417205035
-3.8526825272974405	1.6882114221771283	0.7822961573693177
-4.0452523246514644	2.3989733211551143	0.2238868098183265
-4.108835500201318	2.9309519811735667	-0.2765881803053728
-3.3989655304326374	3.2548464378899653	-0.5995050512901616
-3.00796235325768	3.295256942694444	-1.2820679066115894
-2.0265383068043823	4.2747269152598415	-1.740584789194701
-1.0162251571524714	4.167613698308773	-1.6437460083631625
-0.49975549200055436	4.492911464586745	-0.5237809458308513
-0.03555020866656716	4.339136900787953	-1.2781192631146552
1.0121302479355085	5.319576433352231	-0.15042156677612806
1.04184895379243	5.478205301153883	0.13523338445038496
2.143719356306771	6.034748783389105	0.8517037969902875
2.3118424964596898	7.847068399512353	0.8257519978084646
1.980283485074004	8.134841692808388	1.0612724095271218
3.6812133377570637	8.682996593258439	1.0649461564402032
3.206092073707043	9.051990193170553	1.5982525997581807
4.10080231992834	10.180702338866856	0.9522773318509319
