5.0097855246848715	-8.062082901382125	-0.7074459696550414
4.2121945452613065	-6.753588851415678	-1.045357016589481
2.948522554118493	-6.113987623137198	-1.2102745455783899
3.1078673020811527	-4.659801827498588	-1.568401732180671
2.6451253536173702	-2.0471504973641546	-1.195710800634163
2.9762470676371917	-1.3379017839171696	-0.10909851648707014
3.8294543306370628	0.20866054466292894	0.2667434938679437
4.0446063979207185	1.2982730735282657	0.9501601379613076
4.541580167524182	3.1748965130124907	0.7999657825026718
3.7676097755045292	5.90628446784744	-0.47569335964688086
2.8731475672188	6.980901227555659	-1.8017645356252947
2.6606042959518037	7.0356417023201745	-2.1534054579094875
0.6186064834530008	5.970157770483114	-0.7949142609026082
-1.459680009612768	6.115223970832011	-0.4597717105194752
-0.26544991986690025	5.285222861448043	0.7434554042033669
-0.5464766490769752	3.7915989708507385	1.8109546403417065
-0.77732100904918	3.257239014620807	2.014217393376691
-0.9862626644018013	1.9720258388174723	2.007113050481496
0.42903199210536824	0.2741780153441288	2.2389735381950953
1.9953652887377595	-0.0804994937221688	1.959808252290485
3.893428573902445	-1.0468073800897066	1.3568318753335769
4.349492844978174	-2.109818624249869	0.6441785249401211
5.519994560027733	-3.6105943901872735	0.5927151852802279
5.611667490386105	-3.656551478751264	-1.2046000396322027
6.434096828421574	-2.64887007386999	-1.3437407998792954
7.302917744805252	-1.9423007703301687	-1.3326809804563369
8.064389319324349	-0.8922346241872405	-1.0271337830805471
7.756363648394179	0.5384775377132774	-0.6344821752784346
6.498341862127136	2.8549036253495883	-2.3409290910320064
6.122044203955884	2.160887059888183	-2.1886952362973404
4.59773016327131	2.8148039027095466	-2.8943583826431856
3.2627476358115644	2.128366215314029	-1.239200555685977
1.5301866025909905	1.7422017245384926	-0.6691977378188734
-0.3935301671584211	1.8256022052182346	-1.230913348866903
-0.6729192256901619	0.12041678926831559	-1.903061459203496
-3.325017157243211	1.0331682200042887	-2.143847307617722
-5.024176666965083	0.5254746055183714	-1.5304098198415788
-6.400424852662829	1.102963121396313	-0.9529205066254287
-6.63155507413789	2.975400686698044	-0.654234783449071
-6.72736202011944	3.8184880830769865	0.18157336773556748
-5.761436513740534	5.619104320182479	0.4409218777091046
-4.304914288370409	5.7543062079778124	1.8549755260773941
-4.067792795620452	7.549327550138412	1.7059514533902607
-2.286225380444309	6.742822861063241	2.6038743307261365
-0.7973350549212659	5.759709622644929	3.385930524542138
0.13935443596766842	5.357621173869601	3.4003390467023653
2.5061881240206136	4.675764938801814	2.907093436385769
2.9909009836497744	4.170962617580681	4.034397877105129
5.296476474874963	4.83972774698089	2.8591139633848655
6.18561874333822	6.07335534169853	2.599126251575535
7.388537603069545	6.245805657216518	1.4077419980331423
8.006247685235078	5.14540239781835	1.164020423799269
8.472551320250227	4.095137730140638	1.0569892861653236
8.511202647087034	2.2392134070764365	1.358235785780043
9.103289780231032	1.3195283143188932	1.8394231358925706
9.61094811674205	-0.6863509633598344	2.044418334076852
8.441070564495336	-1.9758317223884891	3.019628376597992
7.5435072035293755	-2.2814884750279916	2.2752618921192047
6.016910490174705	-3.56687929800774	2.9556224566306692
5.3921813209119795	-4.841738843749734	2.8915977060048332
4.239483650931996	-5.625309073784777	3.0154159460080265
3.1789232291897855	-5.073445087051069	1.6482340746071706
2.020082043474115	-5.776532643966936	0.7012053343345678
0.7564963928448571	-6.065242118104093	0.7974637572731416
-1.1349668128714192	-6.767104666937555	1.0439822946120394
-2.082441176538197	-6.244795251433563	0.2234459636145272
-3.592655353910626	-6.334978363389524	1.0865609240444325
-3.676756913524848	-5.086390499445689	-0.06599055307580491
-4.633599229165383	-2.3654970383578258	0.2806166123886875
-4.326996728386009	-2.2611715916401853	1.3049160252805727
-3.5181568737383087	0.028725885554149566	1.4921219086187665
-4.7613542876586195	1.3063373432989012	2.0901483278556117
-3.293177569045635	2.5819547486168797	0.08419169968216467
-2.578229129730186	3.5575634654408734	-1.518745657665705
-0.896666108222206	4.09153585499466	-1.7131188427215223
-0.09014445109344654	5.2336061271901695	-1.1744291612605642
1.6852939986684299	5.5774069530595805	0.6712309642241256
1.8185240881019915	7.569518490869854	1.5180894448561129
2.5458903001116022	8.269478923407519	2.2605938802778276
3.686283715554569	10.089986168140003	1.913796683376521
