4.830286121657148	-8.031263910065384	-0.03142655091499402
4.487928751657168	-8.025682940442191	-0.5776576431366578
4.88692800585989	-7.650171020755148	-0.9398401781747057
3.6271380433977467	-6.834755289387425	-1.3095534166259801
3.7890721219126604	-5.8970414558293935	-1.70434781146088
4.066517025340931	-5.918483148717835	-1.6248095780106397
4.029675635528187	-6.3160091760861885	-1.6742497198825126
3.618958921639857	-5.771380321981918	-1.797594462562846
2.2340452511996713	-4.191982379033625	-1.9373889602241574
2.1302838868108087	-3.8097532267258485	-1.417610877374483
2.165058983135406	-3.5143842277994395	-1.566587430447614
3.0212451124312176	-3.744980703436857	-1.754366067840503
2.1890919870311842	-2.1336724140519148	-1.2367995296690053
2.412583601375541	-2.542737805704692	-0.7039640414591462
3.155772167065887	-1.3997561545751827	-1.0683856886965701
3.2135186752483125	-0.8332789541085628	-0.8832642493895313
3.247052929337381	-0.9490484453310539	-0.6104479263801195
3.5023675006128716	-0.4132152354634788	-0.7777237327729709
4.652884563171965	-0.16090970233792923	-0.24814729079953596
4.639422631605033	0.7512776218697261	0.0829558938083268
4.075204412965249	0.9182330974420125	1.2093331078138267
4.321609496299561	1.7016619469266099	1.2173155814621628
4.555924702053455	2.1345205407747647	-0.07581801879046574
4.311689400687166	3.7747758911017097	0.33649029229032185
4.880260434720927	3.3335843320978444	0.9070895132458201
4.81684829333577	4.470024844398249	-0.10533858793413547
3.885917762078685	4.554827823962266	-0.60344635264503
4.74051618281133	4.794101811588443	-0.9621390786170481
4.30287493742529	5.890336444635263	-1.2704652989326763
4.057845626199994	5.897635779952323	-1.3371522264520208
2.9530341329991323	6.541844336961543	-1.616653553766668
3.8747502506233173	6.5677578433937995	-1.941349082901761
2.058528560193266	6.571799822707244	-1.9541654210465143
2.33367265258456	6.8887118301602515	-1.3455027875366652
1.8418543175315034	6.915938553084949	-1.232040007370571
0.7602941275902877	8.070307507089536	-1.5965768367398643
0.37240310619652894	7.455404367626176	-1.3613409749895489
-0.144938621466972	7.588104087199808	-0.9430936359733784
-1.016676208584915	6.520770201867312	-0.92837339714182
-0.9053919654877209	7.370536232058942	-0.7590865495575995
-1.269579110771831	6.878559733789192	0.40941302236338784
-1.5318004459488792	6.586206488251757	0.1331294870313129
-1.5651747111661236	5.07816602770082	1.303485610860089
-1.0372116730464327	4.692892484098127	0.8625734587916869
-1.0101520484242528	4.171039168621744	0.8817272658429947
-1.6862647429414108	3.5564484532163787	1.6586754036175253
-1.324447347896727	3.3086535883207358	1.5123085120235211
-1.4405175168318678	3.246345365727171	1.5413703205437375
-1.5824237087378843	2.010231993405516	1.598877381447487
-0.3734323922925442	1.1584287301954141	2.0695128934394
-1.2657557090348188	1.7221946338765863	2.0505855551927086
-0.13797175080891821	0.10795801311683491	2.157728556476848
-0.5982667209292751	-0.018569884102159373	2.5645636782044274
-0.7211866738600234	-0.23256483468140932	2.0520893857781353
-0.5754124850034947	-1.099542865759705	3.017837582953938
-0.2715220192199117	-0.7185394014647566	1.8380375961541249
0.8751963947537981	-1.547335934019175	2.5566812291999885
1.276381033500897	-1.7004630441815123	2.1775055421349894
1.0353557628890337	-1.4710875878245022	2.8607669275333008
2.698119948277392	-1.9505271180433108	1.8795560801847093
2.142309800513205	-2.278011365575576	2.824364565150981
2.4733715178064997	-2.6761017658824455	2.0482400916782364
3.2668241426489866	-3.150259276024918	2.4472469365563914
3.857071589771858	-2.48350850847721	1.4549568497834462
3.9353406146712935	-3.3607021940572035	1.0351302956520132
4.09823027826696	-3.6251498389824643	0.5721630278225651
4.748247797086131	-3.5998489522155586	1.1514720317799358
5.577736863660119	-3.6469690910897303	-0.36186859051247006
5.024597202353828	-3.8312239913536708	-0.21180146558382396
5.385479063499124	-3.5138859856548144	-0.7605004819093881
6.486453363380431	-3.2188670054018953	-1.4474168527777687
7.086941364522041	-3.5921109396827418	-1.2546396407498825
6.392354062265829	-2.998630689797214	-1.8124180640628078
6.731499994875406	-2.8631070628423747	-1.67498957352442
7.812441709152271	-2.178167873992095	-1.3062143905147496
7.078888615738735	-1.8409804805459276	-0.5904163173963808
7.12261480432289	-0.5102844981566392	-1.00808435474648
7.236902184862855	-0.5770262698591524	-1.0591081326421126
7.423845317347178	-0.12327993711011864	-1.071939383001647
7.992215788971197	-0.39113774177061156	-1.4160156316038368
7.405158234078561	0.97638363143673	-1.5429721445049398
7.9201660272578405	1.1587162047126678	-1.073441425093861
6.922735350389056	1.7215495592846302	-0.9403156052900843
6.693971820359106	1.4403246727683323	-1.6475783338952525
7.23310402130017	1.7734625192603288	-1.7787148298898796
5.971588474476012	3.0884487205799704	-2.0052755065693653
6.36429154498394	2.0017617598929927	-1.6830766087569717
5.457797834737261	2.871037354205173	-2.6768049739296726
4.618697015820395	2.397768611783669	-2.6485454088863496
5.2272595300899605	2.526045264602194	-2.4134652912393757
4.232327984166408	2.3834107235148236	-1.63511929198002
3.9244347125760832	2.7563964086501054	-2.027953374002533
2.637706802276423	2.6834585278387206	-1.9427683865316046
2.664743946441945	2.2920875752875105	-2.098318138346409
2.3994062385105996	2.1321525981617895	-1.2685273670144128
1.9014064079416966	1.997342505349377	-1.1476099299586033
1.030602001307718	2.2715496000045614	-0.9470251518627598
1.0513202532321588	1.1933589802828617	-1.381781317684058
0.6221443679430609	1.724498907411392	-1.0047410428056014
-0.3747790064713617	0.9382169652529324	-1.0257508589178814
-0.3789683796216181	0.5901873772015318	-1.3742629947538432
-0.7929836888394166	0.5975132565488666	-1.0508538423858074
-0.8660172601397891	0.5361095952533319	-1.6966107037598182
-2.2970209528192824	0.6429083002923549	-1.8617152101511774
-1.7617380343010627	0.24410381321393718	-1.2944378394251435
-2.860202442404877	0.006356499208099473	-1.4195881504080141
-3.0090680149359037	0.16181419187296697	-2.159396346658039
-3.6102438331585494	0.6563423798834525	-1.6730588653607077
-4.0455461578166165	0.7690083475060022	-1.8177985445082292
-5.056437754349697	1.6631064217919707	-1.7835805174517882
-5.778678198939056	1.8198298696669017	-1.2445482560217256
-5.980958964421283	1.5940308938307122	-0.6386631553970619
-6.286154457893868	1.7065065681865705	-1.3838022906568168
-6.398879945037511	2.434024003870416	-0.5709355043915572
-6.568569320583647	2.696999388747079	-0.2127102092360451
-6.985127018445093	3.6867891521080725	-0.3185259599902543
-6.300300312958444	3.476969117775682	0.12972214240074498
-6.645130671579762	4.144928395481975	0.5527066553796752
-6.548167289142437	4.615755098761013	0.2533583849575103
-6.42929471499699	4.449995282918035	0.7604831732324501
-5.8935078870154225	4.97297567276948	0.5705275218282866
-5.311928264473963	5.212185809315767	1.3999622159709704
-5.6940016062423995	5.859643886030647	1.4637193957810057
-5.181763456918117	6.018930120459466	1.2571095891158959
-4.321127274098113	6.66160367936938	1.1158457448749224
-4.773364983115646	6.725997934363651	1.6004357460057173
-3.199647879034243	6.678493249695699	1.5574809537240784
-3.7280828320251933	6.9693719543733375	2.068499447640341
-3.018923721184568	7.5824821141005625	2.3156718102249103
-2.9810790504036015	6.779521875126812	2.545419140312763
-2.1286667096290453	7.326449051323616	2.8345942092033423
-1.0047397785785668	6.429007250852071	2.905109761566769
-1.3118657163340357	6.899115840457296	3.6761593222862823
-0.3015383821417541	6.483282546107574	2.887993299474019
-0.08903816866605263	6.294249030657108	3.3474882437917772
-0.05236282023334757	5.63176595008236	4.314420109903114
0.9349765698866506	6.019971090757882	3.2456490774337743
1.8062355390045566	5.070084826254658	2.9783292501958307
2.121991775403564	5.7306247265815	3.017201663667776
2.3836067839238524	5.5983162063898195	3.3933527396066694
3.460585333785499	4.907913157756909	2.843386557727148
3.8191154212952227	5.341300285761371	3.27108866067246
3.3904261317200657	5.203531520518494	3.9659163414063827
4.986101053049695	5.261895311237383	3.106837638632553
5.2640087531517405	5.536330863502251	3.2003252142479934
5.3192250450862355	6.185623734794707	2.933813685512618
5.50796833583484	5.927810543065609	3.419331556297748
5.845125821729997	6.889817856155511	2.6117462498705764
6.028605492210033	7.227526804539952	1.7792889492286033
7.050750330045167	6.519090359500381	1.6377099725642708
7.788817835752407	6.5874520525327425	1.6787859779368686
7.599540471176204	6.319185306782002	1.0896913446973215
8.05834405787864	5.886539544550342	1.9837909421738273
7.947552818873343	5.559869834022498	0.8782577843228081
8.640704515075681	5.3237833955176646	1.7128546246360405
9.26385445319182	4.075101246746252	1.6761638509423504
8.831080643013458	3.6791299063645693	1.6920151414370785
8.909902487823526	3.363984830915245	1.1656413955025697
9.72750984610675	2.860121936287422	1.5881664543122211
9.02041133830897	2.5984883238252574	2.5058166529243406
9.356083209250974	2.096028119791729	2.4040745438009257
8.99306298386103	2.0641426685093243	1.7905668256828497
9.365292634489343	1.5912724194803445	1.7445864373936044
9.1455380188345	0.28158518556690654	1.8089193990121073
9.670295108474717	-0.2339876644039453	2.3623118028013312
8.83925884426905	-1.0040787527929502	2.3277077914760085
8.896812211108093	-1.2405529369686343	1.781625097198152
8.974615307549136	-0.8638162844279664	1.8193991274220147
8.786527455067718	-2.6665148129075598	2.490953658803496
8.914790633633595	-2.6276483381270035	2.5222393269677434
9.036047012224367	-2.8076326931836686	1.9146991878710333
8.717951370684938	-3.8214701715833805	2.32145128733428
7.467396688800399	-4.229735870033225	2.175995440549195
7.074824469641256	-3.5803734054053127	2.2996374506756885
6.652158604545494	-4.3358620839058375	2.4035017382156667
6.035733274505174	-5.319333363221404	2.036270670735185
6.0073478052210865	-5.06458114864582	3.0096814164350656
6.108038047531922	-5.281925398434002	2.1073880404509784
4.837525919012839	-6.021455862145735	2.1580354710479677
4.166043626747087	-6.004641885655884	2.051726325084302
3.9356741113388396	-5.957979786526944	2.6470700456587193
3.2427091411803035	-6.200042329550688	1.9030222586526409
2.5605679039504117	-6.647249799978275	2.8951207631024074
2.010572789794667	-5.693863859536247	1.9116408283265478
2.4123218764522365	-6.444044838854595	2.0117542404258946
1.432068852076364	-6.593396875408519	1.6230810796686725
1.034180460447347	-7.119200946156056	1.5643184446716538
0.09394882582291464	-6.4170971047123855	1.8387512716093268
-0.23083382338198538	-6.82874592557284	1.4703173528237579
-0.8570802966731246	-7.127336316401582	1.8893393964499294
-1.714818607505916	-6.918684899912636	1.6799538147169544
-2.119637146004341	-7.326400690166115	1.9714335259069193
-2.3240825161288474	-6.065260897718423	0.7812416151445288
-2.8173777482900495	-6.049794931145942	0.4548185263503793
-3.233341564045154	-6.556550497711713	1.6157194234321761
-3.149160546789126	-6.4347517458170165	1.3925583490982651
-3.6667283718736754	-5.842867357585211	0.9203856200548695
-4.676730418663067	-5.634972412814642	1.519520101506835
-4.447994496112537	-5.760185642906514	0.8413426323585258
-4.430465660147791	-5.146026485989205	0.570726363901984
-5.490046001080828	-4.182270341727165	0.697699975906958
-5.3630530823683795	-4.46015482507197	0.9065195643604342
-5.32540086813066	-3.39477550074942	0.6906401585020749
-6.083940866771885	-3.1182729759146097	1.840581902932678
-5.622245713381651	-2.863064287516379	0.6708789265157757
-5.5184645768119465	-2.284633799347518	1.4275990790783282
-5.573261437645551	-1.9689762371746269	1.2242790000690738
-6.08099813988984	-1.0240705503021	1.1297494516248872
-5.051795875916552	-0.519492655194538	1.46660804743433
-5.037224382403855	-0.31353530050900696	2.3982603176139534
-5.3863547655482416	0.8848568223114411	1.9726579758023721
-5.083912058502001	1.1701758258785206	2.1425197813781747
-4.5027035122919825	1.1482126389247114	1.1941401358410153
-4.158334807653224	2.1497195356509247	0.8023588311023727
-3.720562345881392	2.290918122240723	0.9514180520760324
-3.723095471375589	2.8028283008194186	0.6013889973860909
-3.7159954339567296	2.8034081458562516	0.048188641420573664
-3.6670492802352266	3.659156839560789	-0.5937223477759688
-2.846735021950966	3.4140537083888103	-1.0319586656988657
-2.067849335387378	3.258105200074982	-1.0784560500695946
-1.9599963194730559	3.582355060138572	-0.8592869161786039
-1.782543025845889	4.402882420443264	-1.013379684003518
-0.715548028200595	4.615823113168638	-1.8667346326862344
-0.7683661120547565	4.942048383365247	-0.9170178518016177
-0.4021841086756416	4.109194341956844	-1.0094212674627792
0.6982433083809213	5.22066462136213	-1.3336642588768064
0.8520208721936195	5.082296209193823	0.0601467275865033
0.598051969818158	5.108284391980461	0.2705301862333791
2.1118292330559565	5.450404430741801	0.050621307847860286
2.336643515833594	5.765862964930079	0.48752400408827795
1.7858399272632475	6.506427995915787	0.9115370235063153
1.8217717509225693	6.940407924238801	1.8723460284345879
2.269271033956664	7.2944495430409795	1.3395789739378143
3.012301247439458	8.318935889976485	1.422801420704284
3.7223742201393764	8.217842966917905	1.4028615471921162
3.3750911835110626	9.640577838859613	0.9401952538796875
3.4115408827357787	8.979996751824972	2.218735877396319
4.749029732192735	9.028030596101011	1.225461225562504
