5.69640484148037	-7.92561531306788	-1.0867283763545617
5.050156103950857	-7.975547496104685	-0.7963642451719224
3.7518332823312126	-6.575097500288226	-0.6284922209379893
3.3259544738589266	-5.959467451255576	-1.3633614407451526
2.7931814743499905	-5.815021646669886	-1.3880583442512133
2.8176724117894683	-5.5832965305528015	-1.2412335293881223
2.3547537083469456	-4.349767190643874	-1.3439290717263097
2.3995647796317185	-3.171955790556372	-1.3344690687942706
2.873292035740893	-2.7188455970556245	-1.2775526535853068
2.302803939966344	-1.4911197348761915	-0.6219043020708735
3.8541747255152607	-1.3698554751056995	-0.7705652807213281
3.398612825339372	-0.02763867466421166	-0.28756907881332483
3.817915780191897	1.0320958938527616	-0.19352094035363004
4.688468541408306	1.4404533977921536	0.044089547457228484
4.091833827945208	1.6270124583042547	1.0553751222011531
4.942889385729242	2.678655600456089	0.603955575737498
4.896220963569321	3.413071553858021	0.5771842422753779
4.356603360357474	3.973262444862131	-0.1379229545789642
3.810126154309236	5.2545179408228515	-0.03439719094173954
4.013155607098231	5.940565885721865	-0.7010388868931713
2.8484080533774803	6.13597348462883	-1.5114997847311922
2.063693307707553	6.851587760902759	-1.350535167986784
1.959940737957734	6.7372094243370535	-1.2848212660978426
0.5067815290013062	6.558112587367248	-1.3852908385832747
0.5009405821630478	6.279280058205159	-1.3552473384543524
-0.6385906992770211	6.321444816838094	-0.5026249272948746
-1.1560927147466578	6.061714782211819	-0.4204287902201369
-0.29259160478796753	6.248942790040786	-0.10841429010909054
-0.5504269619699214	5.459547928845367	0.02777515085239038
-1.1500956604119228	5.6124123518916536	0.559872478029305
-1.0510726531602428	4.1860644434736525	1.0052121699998744
-0.18802052127786362	3.1766921960970578	1.5139299406975597
-1.0237484151776979	2.640602140135396	1.6973525517613457
-0.6037879013365426	2.280109414681084	1.7016719514307992
-0.4454603672861356	2.155896021653504	1.54339543721646
-0.481809283473218	1.1363210105037886	1.4372353086317857
0.3207403746062536	0.41411879877774893	2.612442214191607
1.5159505284055477	-0.1084635184198432	1.3321400076747372
2.1267628573827517	0.44117223261822014	2.073929629479105
2.616333352599308	0.06966934596369934	2.3123200112880973
3.45506820036677	-1.1380899437077603	1.510296016752802
4.450925304722335	-1.0457431083330815	1.5954042626190441
5.022139967169205	-1.6878525813013887	0.9841359295395651
5.476064766542553	-2.8621184152872328	1.1316040853312028
4.944939261199678	-3.370317228429947	1.1271808168684714
6.074384766614623	-3.816566690721163	-0.6609266472822302
5.7002679140174015	-3.1144106574768498	-1.0014938826981037
6.318363642720599	-2.753558641886342	-1.0504683786691944
7.514108519789718	-2.859923199132501	-1.3882988402021685
7.235347467537199	-2.149391166258649	-1.308733214018709
7.374879140440246	-1.8697369290978179	-1.5934937081077374
7.942509257889577	-1.2387364529218732	-1.5006585698368247
7.535706273402932	-0.2298887793579002	-1.3087247867343912
7.333507470086539	0.15565978551420195	-1.6444536174020428
7.19655742976981	0.847511711872929	-1.4298783898201974
7.204122695157011	2.271808291076455	-1.5073240179526866
7.024147570420176	2.616272518127489	-2.2095086582190344
5.9246176926704335	2.644802632799534	-2.5186846308243425
5.306098122076821	3.02740627247912	-1.931021235882233
5.223762952027269	2.942874984180077	-2.4226512033018244
4.713191427884754	2.153701143167282	-2.6488347321084094
3.1516137024025443	2.3488156361049124	-1.9560905267978999
2.4144638804707674	2.7789568811422845	-1.0325263468375832
1.8923853204854586	2.1853909644142435	-0.7643486679287828
1.3013805582457618	1.8039289397472782	-1.4083431099375134
1.5880124085941056	1.0341348424855459	-0.9055610187326706
0.46476844707267856	1.1683844970637844	-0.9613470801916773
-0.8628146150107137	1.4365776538704547	-1.4424548670116897
-1.5864548135906245	0.5979018424062739	-0.8572081991723401
-2.435795893434532	0.3708403758512728	-2.0994817918293993
-2.731368793651211	0.6743836684629205	-1.4097048225389452
-3.740530326209375	0.9263908420334739	-1.2388298703531129
-4.69321499880547	1.2378259367269377	-2.0918085225645946
-4.78317691647346	0.7732282947381233	-1.0594085463090643
-5.623688301634781	1.9751535098296324	-1.695015216433826
-6.343093384408189	2.5108593789963614	-0.2994097606373236
-6.305401268760503	2.7720207949247557	-0.30344945224703723
-6.722287552882458	3.9900721351518267	-0.41668114532796563
-7.469443039887857	3.579297323202287	0.4722722524826201
-5.98698507488964	4.736768114292542	0.6698642185908398
-5.913676755186992	5.722438118482716	1.001166427374118
-4.821253828352861	5.41777555208539	0.9210265477614376
-4.655208836892962	6.379703439198968	1.4654566337623922
-4.325168617921879	6.556303902615617	1.508114034670991
-3.742285295663642	6.994998390552361	2.492917221386528
-2.941030048183773	6.833527360275347	2.5526687929654317
-1.9005499936910573	6.695460384841631	2.9389312772283063
-1.7009952922607567	6.615708959680859	2.573964323694491
-0.7398625787830873	6.070018221910108	3.7864702587961876
-0.0719536179217296	5.660660608325196	2.9023303396868894
-0.07715549631666288	5.70250438271351	4.164480036238032
1.1449392983923725	5.374848250880387	2.978429080072362
2.1074418749263044	4.798562235577614	2.985419991620686
2.3623409320311453	4.765317478558535	3.202864990459748
3.011492686221743	4.219969200524987	3.093432875210464
4.202370325186946	4.912070213080586	3.6112059055176893
5.116744410094535	5.110094338944021	3.046069280185384
5.607440198724002	5.196121542098858	2.6457626623053314
5.507096589287325	6.308911590366337	2.7561940633846507
7.176495499391509	5.87975894328919	2.1397064980451197
7.6207324529203655	6.418496183206822	1.5499607656736056
7.756492345235414	5.895478645058596	1.1686320320694967
7.85236098013607	5.627408710270718	1.7739161283723108
8.847617100650806	4.3353197202443505	1.323434865949218
8.298114482335448	3.7185791383528146	2.1800222138314718
8.54679636864842	3.0807172419526543	2.078823987167416
8.8278247897662	2.1255391101169723	2.038071202840327
9.904106295769443	1.7804841241071971	1.4935309150800973
9.523596585417348	0.9430971732875524	1.729298741528594
8.729007122755204	0.2845023024261426	2.4223631415829274
8.957571244197847	-1.1591143379155948	2.934855289192103
8.714339054486867	-0.987628453121776	2.3884837331783
8.556646302820914	-2.3548752600557403	1.8694070990212115
7.767353562711795	-2.925218649247868	2.555530153227462
7.401628795976767	-2.602236270889762	2.062319231879506
6.751346066185487	-3.056624584914885	1.98799296249758
6.218306547030074	-3.225640142725477	1.9641248169712446
5.440015865699617	-3.666690416233248	2.3822812842658627
5.428614783339361	-4.445492495599993	2.5188172122740595
4.3888661824946515	-4.830107654850059	2.6675983891195836
4.015446176671049	-4.912142327814792	2.595571223078182
3.529896124957266	-5.740109263915818	2.386359843829545
3.858420239518383	-5.4752441649647325	1.4095048026209032
3.1665949250423586	-5.790297609760863	1.4220287964431937
1.9966514402164806	-6.28721350684325	0.9853424438648819
1.9128693600224778	-6.55485422696189	0.9524689701163228
0.7878214169666397	-6.060187988121479	0.32280448170811626
0.5544485486556741	-6.346488392403502	0.98971750004972
-0.0016029062041695852	-6.477174973105508	0.18742114445396355
-0.8920288949081165	-6.305853367373846	0.3920118949828477
-2.3292151577979334	-6.301706632486828	0.12868405536814384
-3.135700754365905	-6.414370770416814	0.6100364864888604
-3.146576329628649	-5.58326490909662	0.5683337339106159
-3.6356837952477252	-5.629058590510896	0.677712440672179
-3.9392084255643587	-4.578570621821112	0.48930305371137744
-3.631453001472854	-3.6177719133231694	0.802732001085884
-4.3675653614209535	-3.1969926556264783	1.4238006466341913
-4.53964495367903	-2.5897582414833096	1.2740994654843252
-4.831738663250062	-1.8343208098315467	1.9616951780233796
-4.512553507976222	-1.3911393016352624	1.4175763297952466
-4.355863760819128	0.27251064211137666	1.381895566119836
-3.8534587439562573	0.32859203064592557	1.6995308005465355
-3.569257888079987	1.2474108245398496	1.3563038598389916
-4.512242979109113	1.8313329524126865	0.5127725195026503
-3.390955875286935	2.7660861258573783	-0.3021051074886802
-3.3056706216342353	3.0315864122108076	0.28684342380973227
-2.828519129669374	3.6520458926594133	-0.4004278146987923
-1.7582062958119684	3.6959343641611215	-1.6228232561240372
-1.2535507702101882	4.1263849943727315	-1.519158088570746
-0.8390588213696619	4.365012070974215	-1.0548568956078284
0.3897723298374466	4.4980922922478275	-0.6845186042115268
0.8758043464817443	4.931710021237897	0.44378445902663544
0.817376673027016	5.685036501234662	-0.22999824826980791
1.2920819500948462	6.69679806176717	0.5995843362126861
2.2389980238681817	7.028421142244092	0.6330272095617446
2.593074189311575	7.69701037114282	0.8443442374011065
2.4027233526322824	8.061997653937603	1.7999133619704057
3.254025751697331	8.541999121811356	1.6193081553790714
4.066345174226828	9.516484671320512	1.7189337456351268
