5.780146637928944	-7.922841445910759	-0.45125940174462054
5.18066948694279	-7.320122734617628	-0.6177576274381039
3.6968916524920936	-7.264910995522995	-1.3756362818407388
4.126362306635805	-6.233222790726622	-1.7800054105952912
3.417029332144834	-5.265005764435612	-1.5860933925344352
2.8121922700983317	-5.417515332598465	-1.6102826567707114
3.2361649224415974	-4.813385886305973	-1.8367622371957137
3.071306728184821	-3.607344377107581	-1.5976606762071017
2.05744529864346	-2.810335464616898	-0.9323417578782438
3.1426089736503693	-2.417291129864772	-0.6387050880826194
3.2634333896794967	-0.5027272662037483	-1.1772946941217712
3.2265280539400667	-0.7676354399651631	-0.8840899955758091
3.7148088255910303	-0.11252229551124054	0.46741970928360155
4.835511209358569	0.75099736141233	-0.085559008618181
4.49495421767979	2.268528393705803	0.03269233457868958
4.365291998020621	2.327244763908674	1.1583384210543168
5.13165014513923	3.3966047551539056	0.3482184109270856
4.235340007158249	4.413346530767976	-0.25215726424834994
4.82540839825241	4.753031584910109	-0.8384389463334977
4.050194301236134	5.800663201940714	-0.5743427465784603
2.8992809238863577	6.974916265171419	-1.4256194262202273
2.9771088071645364	6.71336174721541	-1.9285388233226348
1.8451263733448457	7.320060097973555	-1.9767049058390584
0.6618145435408933	6.627812062302326	-1.03656965608472
-0.2381659541624313	6.210859443684462	-1.7304596810557338
-0.609077282808991	6.582775748788814	-0.7313028280988593
-0.5419304432403917	6.396225362414002	-0.5972043908279618
-0.6778109617208705	6.060013496572281	0.4369043201109972
-1.0191704250084919	5.083819054234536	0.9169680392818133
-1.0355706859888825	5.578505214014865	0.7504968956980334
-0.4438635652482963	3.8595750098450177	1.6135482598544235
-1.1794742184652323	3.982892589906563	1.1463822083217279
-0.6666064160854768	3.160789245385917	1.6558370642366755
-0.7718604648103325	1.6808947152695592	2.0692632129537167
-1.0103067768090217	1.7600616035554988	1.471799730466174
0.34604106362452614	1.720620399707067	1.4776717877171133
0.9122112448043952	0.362615300199101	1.7965419107498903
1.4651049536719163	0.5451908412588713	1.7338427828258862
1.345316186487868	0.6859967978973301	1.3311436100291227
3.1328741780923473	-0.799590329487292	1.7492063556062343
4.0987528660262225	-0.9199135400789953	1.339892011567414
4.204788685234092	-1.4322155392662963	1.6782414739097788
4.484392758769519	-2.253542150892867	0.5917255024958896
4.982690128260939	-2.3303164790278084	0.7615138709152873
5.1617683256678415	-3.610579983684729	0.4770506873704337
5.068314973598985	-3.9892377766324882	0.4124937064612295
5.667446306312562	-3.0703458887938924	-1.0783816268884154
6.747292581825623	-3.8112642397432133	-0.8549603456121184
6.95369802206518	-3.10064487175205	-0.6692307538006632
6.801238210433694	-2.219863777209948	-1.380085560100716
7.776266695948646	-2.3143654673464362	-1.6557824604778555
7.243182045206523	-1.3907633241698298	-1.3378071509966636
7.1688311694062845	-0.4918549530936526	-0.6290070021724965
7.356639177985485	0.45520836109672796	-0.989844598379462
7.362487018254074	1.21341669234481	-1.2945679836945896
7.2902752307719885	1.5410086309666517	-1.2521475867776166
7.060245065220272	2.4769714697179577	-2.5425826865329753
6.087817101021944	3.2085187236629524	-2.8129949862012613
5.383403861247357	3.2848373323919784	-2.979074564728619
4.743434608199817	2.74833830022119	-2.2969136289395182
4.1365935346440255	2.2544094796083183	-1.6165040380530562
2.9535793860241966	2.4946127363456103	-2.5266858842619033
2.3047629094129256	1.9556933490370008	-1.7673003522308197
2.0106609006740546	2.7737327733779766	-1.7707609836454374
0.9764518087065863	1.7639809723181377	-0.8990255971123065
0.24970757596975204	1.719333651974115	-0.7731799846333005
0.2962212751846807	0.6642389799892248	-1.457295397830749
-0.6362008953095346	0.9563034582006487	-0.589630795905417
-1.7323766594047512	0.36739965814590025	-1.8638927163650791
-2.1862929203126615	0.07229280085033424	-1.0497273047672997
-2.8607248600339203	0.03163733287590779	-1.3418701268336508
-4.047748079740614	1.4142213466368003	-1.9596267400443825
-4.8777428473303	1.0734007262009944	-1.6473070190404198
-5.477053773518771	0.7514048999431736	-0.6182342618366643
-5.973845766101835	2.3674151571987214	-1.6027014190816382
-6.745946985752463	2.8096296159750804	-0.8517297526474543
-7.224528049378904	2.6614747689716998	-0.3824263535176511
-6.922217458297758	2.856236720590209	0.5658618153985799
-7.272238233425762	4.195077519709739	0.3643930821530575
-5.5184437084551705	4.272255903567296	0.5590618416897353
-5.593740003957393	4.926331330717834	1.5288798708188602
-4.894924988808432	5.760879453523468	1.1809331374613596
-4.656060097181483	6.051762864921892	0.8200686406888649
-3.490078360786441	6.020222142978106	1.477918897391035
-4.075842567397463	6.595676822260488	2.3282256934865777
-3.099349682194061	6.290598155204794	1.9875374154086372
-2.827324350983871	7.266729642444265	2.3032352432337486
-1.968168621996585	6.478021453200611	2.8827133344076032
-0.6810614006365676	5.851331442153648	2.777400294339466
-0.10896820623835435	6.280415758790616	3.2311656894056706
-0.012725465277753839	6.1204834600371045	3.3364364291289283
0.7011569177628012	5.545468108831628	4.08393338065884
1.3258423801852584	5.98378518696266	3.2500214581505857
2.9632210517569284	4.574951355852705	3.83009687106831
2.9008182126346296	4.261181763113964	3.7947409236842855
4.905989537041272	4.421478693873669	2.7063436477326897
4.728734889471669	5.4040619999579205	3.4853136882634224
5.150837939926404	4.968727141596556	3.5115052736103323
5.996928439992544	6.620513250804141	2.3044002455400814
6.244419416900643	5.505110385488985	2.305147828934115
8.114903461122449	5.682727437843475	1.4359176611598072
7.410840063285442	5.604445164879365	1.7969721394598852
7.951829035489444	5.7462177855318375	1.4777676478321364
9.02294545100434	4.5712953559546206	1.1474567925060426
8.291462442297224	3.375868595720217	2.386148837169442
9.25224811679817	3.0756230451216933	1.2657424385770868
8.569453599590997	2.578146069551095	1.5013937513497995
9.626538668289225	2.055270006806328	1.5376277031535899
8.721205227800848	0.907786316763733	2.666469388643446
9.6536544751066	0.3950763859667984	1.8622942451173077
8.7236316196876	-0.5833966955985006	2.58753991930267
8.353395274124646	-1.7487569159643965	2.1057737635086866
8.037486555675475	-2.2149567674565853	3.141450194748037
7.901553432965493	-1.7345840786746909	2.371816447324898
7.8488989333025305	-2.3787105291337354	1.981721167719757
7.230271016136493	-3.7095319298070093	2.4399086472060545
6.094794552649766	-3.4236594928411463	2.0142002049048577
5.471414823410763	-3.447521099131914	2.471030289080821
4.957293480773108	-4.945211252051324	2.278505197105416
4.239209914359256	-4.7880798929339194	2.829623426586803
3.6584461742170937	-5.469922999943295	3.0074701020860513
3.474886720346348	-5.846809888097597	2.4425048277048806
3.1721197985713143	-5.962795028604775	2.046966021582999
3.378392200465689	-5.6940001752618565	1.0993016269083793
2.927855104778015	-6.320008558884652	1.0628790724847579
1.4412145237939882	-6.1858969151784855	1.31106424259956
1.185017798980366	-5.784585754033641	0.5432186305538211
0.3755409508592658	-6.244468683792055	0.5189499395344983
0.018967440759207532	-6.966387023606172	0.16871804392204107
-1.3944875367455174	-6.400276179680812	0.12008657327419334
-1.5533043360767218	-6.664634655285397	0.007190040317542473
-2.687449451638365	-5.9394957315344	0.507183005905285
-3.4935720961312122	-5.379847476171599	0.6415511720892463
-2.827827933488285	-5.53037027879362	0.12153853485763245
-4.0048018620474295	-4.986217387184466	1.1015239861299535
-3.2762682341977554	-3.7597672763576035	0.1115251219148839
-4.285024208403553	-3.3486867040921933	1.1786697930468093
-3.471517324389728	-2.495750730388343	0.6286958761230206
-4.168551011364106	-2.1091841498244275	0.9818576539211163
-4.578271321467247	-0.29912256396685666	1.4744897039429472
-3.887237640343193	-0.6681065988912223	1.2448630734763682
-3.4708626325295517	0.5142423253923617	0.8821398320211785
-4.804056857975984	1.5734256605834167	1.9920481784674138
-3.5825370423444247	2.480530382843597	0.28661859680351176
-3.426545528182082	2.36539038172557	-0.11778982575253616
-2.930974120843058	3.4555432731715388	-0.8488446697362251
-2.3037648134096456	3.6017399315343006	-0.5904761457500363
-1.7346282741413679	3.952999856984149	-1.7145037165906392
-1.0562335413260135	4.01066126824741	-1.7196959387708373
-0.30857618825969246	4.0877768236495085	-1.2921832051308662
0.21428368081246968	5.544402953073723	-0.9099848610472592
0.7387141825861053	4.979908074931404	0.28188037138979827
0.8278972495255201	5.455373216993377	0.8672290814281689
1.8374315359370383	6.2638206177282285	0.5661389151533208
2.655800413270864	7.075231267157163	1.1154194416223815
2.835926438689697	7.629525263753487	0.9065934722576112
2.949206753119462	8.568723931493835	1.7628163770354472
3.3013158832304534	8.756788197317091	1.4585018516382626
4.162583798697299	10.293152324669604	1.0630656556948135
