4.936698568823729	-7.402530355911475	-0.3037538837043048
4.853297365035881	-7.695999046821953	-0.4006205795078044
3.9612478058161535	-6.301441298330283	-1.508093307465085
4.145107962674326	-6.246496943072225	-1.1884379645587582
2.9357508872866083	-6.199120442541688	-0.5028676358877848
3.517853235105828	-5.317335887311568	-1.5219843424642854
2.133413460157925	-3.7712099573508966	-1.4260389239444797
2.4980442164496877	-3.7570356299270404	-0.7161886744848756
2.305600695767813	-2.283942412289722	-1.5968839844468423
3.3776215510598515	-1.45991469546058	-1.4018262148126355
3.5517286529026224	-0.8360574191306333	-0.743853952757267
3.8393239369008976	0.08556264683749648	-0.8536850757521127
3.413204367502964	0.03263266657464914	-0.29845250582317334
3.721103989588522	1.1704953962758622	0.8745343576221274
4.412038298190941	1.4764916232479695	-0.008061756126304671
4.156202867294965	3.390862308270557	0.4560927779103032
4.195435941518729	3.3771730000362163	1.0775970859225872
4.904826366628736	3.9121316460954443	-0.4741177954903876
4.778139250572707	5.416795191225505	-0.7587137093384608
3.2457826588742207	6.073896487007481	-1.408212033796959
3.045851564999684	6.362889670093711	-1.7968047198125154
2.2726709814711876	6.714612789605619	-1.3902828718239586
1.6079002146923758	6.682889633109008	-1.9856628483381684
1.2774716593249729	7.1675900416734475	-1.0239197464268925
0.731461451460013	6.631806565883893	-0.8984380929062807
-0.30734247644118073	6.0674151541884855	-0.2652662524611227
-1.4454918596902817	6.590984665564615	-0.5124647422559208
-1.0351573090646982	5.40733951902981	0.9218079268524433
0.11402882348345744	5.19876809035352	-0.02396429259422747
-0.48921541014696857	4.509827440993062	1.1040141789772568
-0.18871909428877354	3.962237765030121	1.2525360078005865
-0.8596060407809512	3.297974745901089	1.2897491863532833
-0.5029439800009738	2.78854985815565	1.483476935033401
-1.1847768872356357	2.3693194528821904	1.5195381422740732
-0.9030738707675695	1.8106044043027483	2.0256877324150753
-0.48466005709251647	1.4539185812420918	1.7465962153098846
1.1820368661856149	0.784974555159823	1.3843561215475655
0.992861071877037	0.133506811601936	2.2415923323590947
2.1798212972154776	0.7686986802917127	1.4248964424480708
2.3992184445332736	-0.4228264231969305	2.1746666345864396
3.9887086592264573	-0.29145300761476967	1.2437881664824424
3.876003443190215	-1.8281957135550693	1.5806995720562242
4.5616624935510925	-1.2095024239612742	0.9157248727272906
4.801002396504155	-2.8963466793993273	0.7787628666035834
5.9446726888533385	-3.6589607817916163	-0.1914179644312366
5.894100152001576	-3.865606853140627	0.3428812480003518
5.451421009809044	-3.2850441124404943	-0.23408551791782561
6.5481577146498005	-3.8067923231775325	-0.9989628161777169
6.683972289077777	-3.537180728358159	-1.454914663989072
7.374903119525373	-2.527129863074371	-0.8569423632650058
7.703041844013865	-1.7987741358936575	-1.0396370766836998
7.269690227790663	-0.39907885646400176	-1.1636590865043772
7.3022340473682155	-0.8055195691500594	-1.2459065467035815
7.392551615348873	-0.06785851260405484	-1.1636717688251697
8.089908763506038	1.0283239211050041	-1.5790947140720573
7.343685239877648	1.2198464296254024	-1.9214666565616152
7.123037657825293	2.3085665914387676	-1.9262418456038235
6.242337140840825	2.754931914054346	-1.7869909045628
5.864700415179968	2.308148282279074	-1.8211988867592968
4.605697910917321	2.7780205201204358	-2.766656746202808
3.6470231838896927	3.0044834871966737	-1.9327110658414832
3.4156826183861972	2.4115161414880233	-1.3428968963885115
2.198457074477796	2.4051882779614777	-1.8103383834353495
1.870740138309937	2.313141955280019	-1.0057269931415633
1.5885105949923486	1.8913149759896926	-0.9966683500793082
0.6111257890691167	1.552539475323599	-0.23994534279554913
0.2128361373721674	1.2796102902125552	-0.7840021212970123
-0.5777622277579126	1.1491339251549963	-0.9134468443477922
-1.2538234623637394	1.0606344545326944	-1.614418856154848
-1.8517321394799988	0.49418592227417524	-1.9514292149568306
-2.699449311392648	0.8825554743703236	-1.9847150402813505
-4.162215010230272	0.4842789238543144	-1.5127359546577483
-5.0725762216015315	1.0566769672689063	-1.3607938366242684
-5.35099669181241	1.222403807759644	-1.0195048931369504
-6.102104042652259	1.7956757346661947	-1.1953163508497626
-6.534727114130994	2.1126126872850284	-0.32939737111437095
-6.533221622036698	2.61977862890837	-0.16165599885873572
-6.862350144423221	3.815218621183573	0.07466755451533391
-7.132388088694525	4.408328353602931	0.007237426152954762
-6.349689296944819	4.074729120889513	0.8789722615701089
-5.83506452919594	4.69512688820375	0.5497169647592006
-4.458955282460785	5.6583576884181435	0.8166645009108616
-5.022862020031727	7.065496612473551	0.7345303578964367
-4.166957108982421	5.975927048298657	1.1163237722194745
-3.203156043728137	6.370346895612855	1.4667780030880158
-2.9116412398857068	6.830069699812337	2.5169891397000015
-2.357303375497029	6.772594449843666	2.815757135255443
-1.881062580262247	6.578795034137169	3.002675642480367
-0.7520635870805052	6.259176442447126	2.8346301738291064
-0.1533113579628853	5.770281862107978	3.117436247535313
0.42062670708483174	5.883299494216131	3.6144003833132983
0.5629065871963346	5.395132063361224	3.581556745024269
1.3234123171039678	5.456725066527739	3.3544258150928488
2.5074059535583526	5.185123196267249	3.2486349801784815
3.2142870896575606	5.359183888265905	3.2049176523036653
4.690039207004272	4.743335749665695	3.097938387636664
4.936484083209073	4.830867986454826	3.350232876573874
6.061879043798225	5.794848260970304	2.5008803189097653
6.124657922265512	5.408901886761386	2.4285814924227473
6.602883404913936	5.939663727150345	2.606512180473781
7.245940212721822	6.037146475074499	1.3400312599354152
7.4171853842560305	5.860347553913418	1.0305529601497272
8.596174138425027	5.528016092379307	0.9176837793867472
8.39060536303625	4.735826260351631	1.9244983055680938
9.475797393952268	3.503017445166746	1.7181215965622922
8.85085743408487	2.9533000729152845	1.7961830822571878
8.95448132929207	2.0002076505293793	1.4011499369621159
9.35976767577105	1.7650979090902865	2.0971768230373575
9.55164811437675	0.7590502851555492	2.4076987600711406
9.151655006686045	0.5490653627471067	2.2646649122638904
9.656497973278535	-0.4794061471566968	2.2238882088715215
8.436341969458848	-1.5913872379123812	2.876120407928446
8.738334523315281	-1.7646528541873336	2.4919979941356636
7.718592198135879	-2.8714157765968316	2.169244378443703
7.151631338866424	-2.6751897878012434	3.1233298898455164
7.508787218605161	-3.0871188463969337	2.6484137341783107
7.356801584383499	-4.2181476360199746	2.3769055748049115
6.138049429565665	-4.201165832320436	2.157510083864069
5.370453253915116	-5.160570345057388	2.360817767783389
5.035298234425364	-5.4005987172729055	1.8778203188542655
3.98887286131147	-5.278576529185987	3.0857587200904026
3.924758450757432	-4.88718880196428	1.9648855381849333
3.418130533978494	-6.17273125735545	2.5466211007060773
2.3616493517635613	-5.799279551785123	1.321475619367424
2.2820813058740725	-6.168058377641957	1.6053907744422238
1.344575136743489	-5.769432531936599	0.895497151502386
0.9496163073856172	-6.125307294649497	0.14865448912753987
0.7690134317559452	-6.284243644716949	0.4009898904271852
-0.3812985546077652	-5.935716373940243	-0.027412201591810598
-1.684186674760108	-6.865562211017196	0.4159230337097716
-1.31851524489233	-6.383573408512987	-0.09246326678259362
-2.422080906025212	-6.67916530255295	0.8620559426061081
-3.3368907095415494	-6.212250597393272	1.0067660703999006
-3.749718569346464	-5.505159679564566	0.6562644317136702
-3.5009341616394423	-4.763247182584578	0.25950533613366605
-4.235636117509476	-4.138267661861088	0.6549764434813525
-4.135069968547354	-3.446220561321201	1.20636429461226
-4.7313843897328685	-2.294511917105715	1.171336721201314
-3.770971270845604	-1.8308258017072725	0.9739952496115167
-4.712186932745527	-1.5029593778805603	1.138027317578647
-4.413862292930319	-0.529287353640034	2.3519629106076803
-4.565883186041042	1.5879770004372058	1.406646041669611
-3.740754144583695	1.4608874274692276	1.174952340601805
-4.049067001380731	2.8001639103110785	0.8111175826845411
-3.884868457787067	2.398181785396052	-0.379688985724708
-2.4374285038723142	2.853481095380252	-0.5086954423588468
-1.8750362687415345	3.0295125364311146	-0.7758682729526555
-1.9644152868414453	4.320353845181876	-1.7249949078404958
-1.124286994981435	3.8230641679188335	-0.6421345221909249
-0.62019431836926	5.0094504958717865	-1.086857883958404
0.37011778046107047	4.831659962142494	-0.8264753927834775
0.4709309722759646	5.0953012435886285	-0.02867678162634746
1.117639628401482	5.458161334575057	0.7120054378559448
2.1271563375596845	6.597403672234692	0.19844535406537867
1.5281083330823735	7.377850795623496	0.767045787951909
1.986644042403814	8.14418141078392	1.5525741215679085
2.795390146337386	9.174988516720395	0.8153083595042467
3.602288194402397	8.578260115263175	1.4635956133857018
3.4407882545317503	9.551688016978922	2.26402956602731
