0.9548696755394874	-6.619256273763921	2.814985975849012
0.12419968426381389	-6.725448604643617	3.1367786881432527
0.09736804693023438	-6.049423649066841	3.615912245763207
-0.3477077323091449	-5.3493740078612735	3.3378152741467533
-0.004501456826538575	-5.362777373610832	2.5856392133153956
0.4572578632115174	-4.806963537385446	2.7747959651257363
-0.2676538550754184	-4.5319907027985735	3.2163569700591768
0.2803199248163746	-4.112849561051865	2.9837962023103533
0.0062214291262723265	-3.6712295972687277	2.580466583376698
-0.21556693810645655	-2.47708007602635	2.5499786498903125
-0.06890860271989796	-2.84283895779073	2.71227012135425
-0.821331164841504	-2.095854796113558	3.522096455053268
-1.3224121339340078	-1.3607097671414599	3.2909956089374814
-1.429402811367077	-1.5396143802360118	3.5012545837442968
-0.5791876182194651	-0.19490237300253277	2.8489053609776813
-1.1145810597205477	-0.4779819497874178	3.4416979550400555
-1.2690402270018248	0.6119899703985632	3.496146888887465
-1.4629186580748392	0.9289741942598879	3.574319467318758
-1.3877557371155662	1.3548104830127348	3.079789973270208
-1.615643692561017	2.45330398267795	2.610374755441707
-0.9976552325169233	2.176406614408987	2.2294043858882904
-1.6250985210590616	3.207112898153812	2.2975172718180743
-1.1460564993777584	3.8031198124223584	2.3459203291448283
-1.6942362583361898	3.4634277322546234	1.7825409701381003
-1.1000982378603592	4.85356771919858	1.4590174531829696
-1.6342123676895328	4.707621371919901	1.4570919862068494
-1.1996482613132895	5.330455886971994	1.6673808523951479
-1.2443231850908065	5.55677161221083	1.3531432545261783
-1.4937857649439379	6.512911889829596	1.2203264805094287
-1.9119542248133028	6.9058645777374315	0.5362450259281256
-1.227237372440677	7.232396344297319	0.34492329052551474
-1.0637765835908584	7.8271471172795675	0.04885311830297362
-1.4947246994498153	8.187747383348288	-0.6317142649379929
-0.8327775464854785	7.941626866951022	-0.7358026419899234
-0.3123672108487501	7.832514979070211	-0.6375175307948768
-0.39797328696532075	7.652125254694633	-0.6854826204154799
0.27572862027083145	7.800381580937326	-1.617189784012776
0.25643661513147653	8.384650383819745	-0.8314050606926975
1.4402839010175614	8.242227026248596	-1.4914876887774313
1.6245686539384592	8.341704132678759	-2.324172769801157
2.382891738307649	8.180913905824521	-1.828976948386597
2.068514658028715	7.709942230755696	-1.9019056697078545
2.4962084355874756	7.8437467219413985	-1.9518571813886008
2.937937867624936	7.958433463424376	-2.4692906573128477
3.157625511758464	6.408475059944545	-2.2661901289629407
3.148716315057987	6.725064051600163	-1.3393024986121387
3.5649478746173373	5.834967615021281	-1.3954693491265298
3.4360104376095566	5.1020764871645525	-1.2389319723750083
4.427835695884964	5.462958108173399	-1.4120262867135285
4.009297602945606	4.748445028467012	-1.2323582858936244
3.283233988249021	4.742341904043805	-0.24606786621870835
3.4423806626874454	4.041926638215738	-0.01597601473895205
3.0181989010712633	3.905748877772292	0.8040834005759229
3.3700687436117835	3.1963764638297185	0.1878697272837592
3.1384342208467073	2.92975366410787	0.5808035758199543
2.4095177308219102	2.9629125649227617	0.7765018456832793
1.3269185138071002	2.6843216640943517	1.4947069132651367
1.0542003555216155	2.6222528363904827	2.038624865243494
-0.16398143993116573	2.32840770404668	1.9383615071876226
-0.36885992115254973	1.7701555231051485	2.048598248804558
0.27636712695019827	0.9408370071056893	2.3556012858066384
0.5396223117270453	-0.24079307471793165	1.6286220342695112
0.35683258936498496	-0.2676878046119704	1.9697774742958276
0.7710073399224069	-1.5013196420835708	1.0748070741106825
0.8964117385184953	-1.0624568953481415	1.0836137824106251
0.6313343146915642	-2.3885069922605675	1.2344835112679633
1.1966459765596884	-2.5931198322615683	0.6589485096886831
1.6004857312769887	-2.685024489689727	0.2589667585559058
2.2815244983518195	-1.891694430049068	-0.8263690097769478
2.312011663710195	-2.7224478892474746	-0.5079425354420082
2.8303770905562695	-2.884206710216798	-1.864459959918415
3.7757417091069514	-3.3368285633102337	-1.28623349316428
3.704668076017155	-2.6621368785297648	-2.3130910234756015
3.892759209585075	-3.340877252981625	-1.2866757656799495
4.691925383676504	-3.472461430718467	-2.1678229900814903
5.039791343806397	-3.6046528526568125	-1.5885942679445728
5.861851340557939	-3.8337265813928356	-2.5072132117100563
6.451223055642014	-3.499551293100765	-1.8390946074044439
6.612806528028237	-3.765036386712122	-1.9163133718907976
6.446065456689641	-3.4177531462534314	-1.459432300892307
6.7752008422755745	-3.519070189705513	-0.9797463788335895
7.17420971992181	-2.7353454140731666	-0.2614000866866564
7.45292092588093	-1.764180077666588	-0.7245729094216231
7.650330660081132	-2.182033364478632	0.5363247689466905
8.043366066075857	-2.3981023723684984	0.6189168662165303
8.091316058212477	-1.0933707882025652	0.3377267988248222
7.911105034513341	-1.449973976763086	0.46157671427618324
7.337989874320259	-1.3068065997542093	0.6074117996851147
6.8269955811313485	-1.0884615099882786	1.3226817076258284
6.717410038885504	-0.9276726909589195	1.2315187102320229
6.365795776445781	-0.42215800853997726	0.8773679719029992
6.166471693696096	0.09606295464716619	0.5653491864701186
5.553075363518785	-0.45209172885883203	1.1398530327749623
5.334796640813999	-0.3435364964554861	0.8126802191649274
5.252094991577995	-0.33469627520341017	0.5622088146313413
4.746320223974237	0.18969414881774804	-0.15861914773174046
4.430722113118047	-0.21857594523127843	-0.560131366579193
4.308451344569475	-0.13104849179574907	-0.8668367744691503
3.2370193618129415	0.38103910921285816	-1.8588030645366929
3.2935420745455257	0.8373680797307594	-2.197499042620172
2.8504981178912914	0.10868552991334701	-1.9275042787555812
1.849001611331754	0.4786063161964447	-2.5393000452596706
1.7056404292038838	0.9732843993738224	-2.7839038839070698
1.6762777269880555	0.04951306867471089	-2.2052664101067467
-0.11306335323485309	0.3743123427196414	-3.0160799884073013
-0.5460253076541275	0.7750547073361705	-2.9303806027786194
-0.9847427041102974	0.7810238857901158	-2.9954204293560487
-0.30179655902144664	0.5192218828163401	-3.356168353171621
-1.0829240608438209	0.6329834289858778	-3.3275005645345055
-2.170695938379085	1.4541238934793692	-3.3250744238790957
-2.7941376614411606	1.6683752476188456	-3.2185627574070805
-3.7062229419067116	1.0624381518459662	-3.236397898686969
-3.535010638932742	1.2761515820881915	-2.382487379477131
-3.8972731535661627	0.9531601881185048	-2.9142046736657274
-4.673519325246351	1.9477842520692052	-2.723225765686601
-5.036573842835888	1.8728461817297761	-2.360147303285125
-5.750149839517226	1.6997917135658587	-2.257294200714191
-5.166893915758421	2.0118969365065436	-1.7175621042870357
-5.634699034949831	1.739991663468252	-1.2697308737333872
-6.898797967800334	2.980806289868686	-0.5899203922998708
-7.120872106081504	2.7742456415552477	0.34110585590695996
-7.594962780979177	2.907453028745881	-0.15423193595136087
-6.803347410716613	3.0413261939969067	0.8815548930756502
-7.2160135971237604	4.114765112064719	0.7245026048131701
-6.742493334972288	4.596923919821139	0.41508465190348737
-6.446476328405431	4.664746262742043	1.7984853421705855
-6.604729070996141	4.876737525800362	2.1037681337215135
-4.959401116401681	5.103324342698727	1.3566304560229703
-5.808514743006695	6.023765245978598	1.7792296407540096
-5.1005341837519005	6.143947062146165	2.0710735409233596
-4.534000327315911	5.397394264336865	3.050610335154089
-4.986023668228248	6.294256278232691	3.271925021805187
-4.436244475642097	6.52119981344477	2.9453164741160465
-4.061447752929795	6.6793060008144245	3.8768975957079914
-3.9465702744435056	6.167565149909685	4.416658709986521
-2.403724765377624	6.0066862579534765	4.339959424605144
-2.857497947662135	6.443475870015764	4.5681655827884855
-2.7355541746487284	6.024637908019278	5.115924098008496
-2.6913941812810265	5.4524066772817985	5.380328162243599
-1.3270643299285358	5.554457145815882	4.6393074805985055
-1.765581044185764	5.308952489561722	5.0291174412329225
-0.3519595223316627	5.035919798740098	5.013194518443991
-0.01697571203171988	4.905255367639881	5.069322865087759
0.27548602021166624	4.450314915869329	5.159193979757831
0.8300387258258228	4.729562471394076	5.7796095950145085
1.1015191368292037	4.08589044847099	5.474444048067361
2.1481846519440406	4.4401142363305315	4.300682515657145
2.5017815618445933	5.301236457230732	4.4843656449817635
2.634704996870027	4.482238176729019	4.372394927064442
3.250533715169509	5.315399057295456	4.396409029573377
4.1593272670861765	5.227238145462822	3.7263615853937693
4.892572780527415	4.157901141833943	3.8907866913298843
5.0356012303516	4.406101841324011	3.9846624269382462
4.680396021132689	4.774222215700938	4.191703667069204
5.6624876432235185	4.088360807459808	2.8972582817275727
5.396589196064739	3.848207480881515	3.0114829206251
5.922282465053791	4.083218153305198	2.5768990994241805
6.165829800802313	4.570819491087983	1.9339599121922395
7.002999690101737	4.258560862300241	2.213504636252586
6.808283066420761	4.158211655322118	1.970154544285987
7.180847981448608	3.109457071260532	1.7652310996498302
7.395281151013541	3.4127445097704165	0.6801626073204339
8.19881781494059	2.7954990184586737	0.20706729623193598
7.727449035654681	3.5153150498951984	-0.2989790192523926
7.115695504574122	2.865537561944847	-0.5823830178670671
7.303267037317547	1.7632354068469884	-0.6343634901699878
8.098067427780236	1.784304247759688	-0.7768668881380859
7.687401630718588	1.0522314340700905	-0.6749661645633905
7.07878047893295	1.6783881478745606	-1.813416110786274
7.22981328327973	0.1722581961460974	-1.4146327264090561
6.551088410234005	-0.146521176213678	-1.8102999647123326
5.904498688264953	0.42630454325111633	-1.707995950832263
6.012185485778177	-0.18918641732014208	-0.6939116833476715
6.288484541496188	-1.466848476521354	-0.8723169226930352
5.153718212463158	-1.6269554386527978	-1.0970338631773904
5.708724064274959	-1.7912135332549382	-0.6448319298599411
5.279303680092682	-2.316590290715567	0.7042718539410873
4.816838149090105	-3.0603535441226555	0.8828020645397833
5.305207303893563	-3.510111541049736	0.7122883866275718
5.307119973052142	-3.6302767097587356	0.5257590863977555
4.5401873058480335	-3.6273325946528914	0.6883097234714621
5.001344431931558	-3.9597093639861027	0.6571950706286662
4.060584399572572	-4.651314088287388	1.1736652949053772
4.003060700602836	-4.935911348263718	0.9175929344868479
4.578666881495147	-5.697755037898854	0.5783241447109018
3.2554106470299047	-4.699818360549186	0.17883541181999782
3.1978464467198875	-6.4110154831906225	0.37081997111487974
3.222330971948595	-6.144392684331154	-0.0227265816593486
2.4183057919173825	-6.633438164707506	-0.11412486338376437
2.103996966749794	-6.479401923157309	0.16797506630622383
2.0590658469948657	-5.561609002578149	-0.8321695692254741
1.0500659965775796	-6.112608986643766	-0.21422995963458957
0.7939019047469542	-5.952377521615034	-0.5338461740312873
-0.11305783819623058	-6.0957188539469636	-0.2967587129208731
0.2875934007770311	-5.602148320225478	-0.7053717850366794
-0.9312232708899701	-5.8388571620798935	-0.6513529000572813
-0.6817090733347906	-5.4690578797566065	-0.7741045303357574
-0.6379883497215189	-5.544151715120245	-0.5675495152611307
-1.5668991392858136	-5.172926084926582	-0.4296904854211807
-1.616851651110383	-4.396945033456535	-0.9010556730611525
-2.156170525003252	-3.698066569346084	-1.22086966730476
-1.9835783981599395	-4.5327838975862615	-0.6590210929097503
-2.2494518123026332	-4.185072517444877	-0.38307540535723694
-3.302786008978131	-3.155389539437926	-0.11311348646663733
-3.1383234897115146	-3.144119504234953	0.18568213555717294
-3.7691510127622356	-2.8808458024399903	0.6584614526113235
-3.3586509285591157	-2.332560833124957	-0.4019588051283921
-3.3525098424932813	-1.965616221477063	-0.3573615482452723
-4.401041907893139	-0.9474218660213679	0.752467608973336
-4.418320562551688	-0.5163586883511286	0.2943335863209241
-4.30853031640136	-0.3050654854447623	0.8620648766247234
-3.7125819961546656	-0.1441881278314383	0.42714793031611475
-3.43884087248458	0.7654371670074587	0.4731443962626279
-3.4663572317540625	0.36404108246079026	0.840111712451024
-3.06483663551633	1.7400122254359784	-0.26429060877625316
-2.9154607537207964	1.9217542861671506	-0.38249313114474537
-2.4654649259031194	2.674143335592575	-0.5270127561564988
-2.0343758030092265	2.813071378525404	-0.8204124422798311
-2.622839486707564	2.7827256048699915	-0.20445269854898518
-2.3350523719778504	3.978825442729062	-1.005127499371411
-1.6493450696923522	4.182662314821682	-1.3610276262595735
-1.73424071565988	4.273371081200097	-0.537921693413592
-0.9960879450163163	4.127852127987646	-0.8724513158493339
-1.176435463086181	4.8576776144917035	-1.3868498854316789
0.09388465097507703	4.425670033609261	-0.7953104958331214
-0.37324251249198914	6.027788361600039	-1.137580702760806
0.44542131478499297	5.013490383154128	-0.672150268500337
0.5231704165391092	5.195421291576346	0.41580913197306624
0.9498111042623384	6.061071654763471	-0.243498154701837
1.418453401743614	5.9355205844242525	-0.20708716702103303
1.4724058070412074	6.507276716755759	0.018413979959876557
0.9706191931658366	6.412129616898052	1.1400820909796354
2.2934850350700424	6.740806718095424	1.262722424100554
2.5342509431801634	7.408155708044561	0.9587798300022505
2.5628367774442053	7.668248909478473	1.4247627134198895
3.020224445364335	7.362888996463072	1.4268496562563557
2.654902288506205	7.790913096995802	2.0226788300364342
3.0742799433084462	7.983602571583521	2.58775402186868
