3.6213545379996717	-9.194411211895153	1.1032631507868584
2.99428702184539	-8.728184790638215	1.0986319581218402
1.1926339273572197	-7.788697267412529	2.4614340084076978
1.297094221236751	-6.802634467843994	2.3122345426071775
-0.029346794234568874	-5.089038251397982	2.452068663298003
-0.22585657398910014	-4.129314223695506	3.551994729370797
0.1992538018886566	-2.6529032795859173	3.3896410815161824
1.210193171365341	-0.7290530927681416	2.5711090597036526
2.2020470417490348	-0.3854940296761041	2.2505121287309633
2.4749689479860773	1.037066591191874	1.6912291712034448
2.562862478798527	2.5775384088604856	0.41376365227162537
2.3563658291020553	3.2681405302128566	0.7524002366128386
3.269155232856949	5.163062615541172	-0.7817008116655971
1.8085712699363545	6.259727231326149	-1.2551601622279387
0.3713547345178535	6.470435368178755	-1.24143162046675
-0.09027960052234862	6.3801442052892074	-1.4416481088588395
-0.6916867477169317	6.435167113406703	-1.6915802529063184
-1.7518118531565008	6.570524942182171	-0.5243929098198079
-2.7745680428159165	5.436334495249171	0.3875549616165371
-2.7309310753389733	4.885136022109823	1.4906269919932011
-1.6209463101150452	3.311151032375065	2.238471772685461
0.1988975350683866	1.2275864443164348	1.4963580265881842
-0.09129805590971962	0.632080673670681	0.19686090416484092
-0.09689289794607847	-0.3336042140054127	-0.6079090927862957
-0.09437894837362859	-1.7936306549114795	-0.2922276075396357
0.9425096725939123	-2.753367088307979	-1.469868648992949
1.792669973399192	-3.2393175176918345	-0.16303327223419717
3.013970361305468	-3.8739468911449473	0.900634372281325
4.4587559451512035	-3.679482711517587	0.9469794799454472
5.6271901542697265	-3.6245657365070834	1.4799500201579388
6.814969899215433	-2.898730767326025	1.053381329458161
7.839905428410686	-2.547265432315684	0.8835381637891389
7.375257862315026	-1.3436125768531408	-0.7337003926959227
6.204319218240759	-0.3913822423611168	-1.1355571427301288
5.085691177789381	0.7742480791833674	-1.9576604778266982
3.466584949406347	1.463337350089709	-2.312803139153725
1.6160957904966122	3.218687750694353	-3.271385837590146
0.09676891706408797	2.4104754466109433	-3.179910094406711
-1.5677583185256203	2.3091629699164886	-2.9616883805422742
-2.8864412148622587	1.5948918256184115	-2.4352199881947936
-4.625440962935296	2.029900614265265	-2.661891377354916
-5.181759234692504	3.090424729958519	-1.9157912903780585
-6.0559645275258145	4.148106672609284	-0.9000823822613324
-6.377858189915766	4.6763984389916375	-0.009103141254828584
-5.925155166711433	4.747337201027734	1.744472237676236
-4.9603016767887445	6.201972457658323	2.47852882495076
-2.7872272949512413	5.285696743855621	3.0715166839713035
-2.56528697977803	6.086109542717361	3.5582433832874805
-1.1276462547430217	5.601969280408367	3.9227044220124325
0.47673869060471197	5.72323620878983	3.316352526303495
2.4807428829842544	5.436975426740737	3.6057006829480023
3.5054270203386872	5.482488773503849	3.043228902652286
5.7386288800174645	4.8514471135639505	2.389015542106422
5.94092810633696	4.472908925898589	1.9438797658769085
6.420686063061605	3.5057893961262527	1.9240035829805655
5.392353158991046	2.0799028316939756	1.7051107695530416
5.608819211325383	0.5314685573721029	1.4298303617696906
4.597860524153514	-0.20189270292874	2.010620565931432
3.7320928767942663	-0.9365048057029717	-0.05405294539842814
4.334487207540854	-2.889691938637208	-0.8395315072940164
3.9108453135172874	-3.3465812292427763	-1.676858161095307
3.550293172023422	-4.887812009111592	-1.149580721373995
2.777475376718095	-6.147531366231457	-1.233686664911778
1.3890044930986998	-6.288515785751882	-1.1844991931485136
-0.006527772334996351	-6.5234933978082	-1.7230281125998035
-1.8115461949583385	-6.4629478275833	-1.0688411041613595
-2.47718128492448	-6.058930295295988	-0.9609228369562393
-3.3155593444794706	-5.132718449801035	0.08695289086842739
-3.4145363384711236	-4.1111087772507116	0.2568251502106556
-4.687021518058498	-2.0413834620172864	0.14763332748696717
-4.0205795501583905	-1.4627258329561599	0.769309265252701
-4.220037946587036	-0.08121190441860138	0.9135605284888129
-3.405879143542597	1.6486648262642394	-0.1989115751467202
-2.9221712625169576	2.5896255029986217	-0.753823415721512
-1.780367371214069	3.1301727052008195	-0.840518512235027
-0.9817708801747367	4.006257614672151	-0.5902189233539026
0.09101364425677672	6.361635798456204	-0.19174920473348273
1.0727039854675584	6.81194970539704	1.2240701158105505
1.509165507838694	8.062530410298688	1.930531409027108
2.5508727159285627	9.262308902461992	1.3240189774623026
