0.36300199266335464	-6.573226709382705	2.686598574303992
-0.08946713201416084	-6.654067285877539	3.392424938721675
0.9841296126689276	-6.362271504947055	2.927166424219799
-0.15083404798838201	-5.545931342110367	3.086016309175963
-0.4107704054889856	-5.395412537078626	3.457918704190245
0.047939925438122644	-4.18265037684344	2.832973586739313
-0.4687896893029345	-4.468893255321688	2.9930276908782387
-0.643985132296151	-3.7411084064488525	3.251553775067144
-0.9706898869178493	-3.754976608214933	3.6951863464675174
-0.6698387213370387	-3.350083202664825	2.633710292204835
-1.1894278580363231	-1.76069500563641	3.2837274893440727
-0.6911702231998674	-2.187498557193378	3.378845418541977
-0.5590892290869947	-1.8490056806896127	2.6334348456052226
-1.0363128408235056	-1.142333075622851	2.971421967361032
-0.5955444631614615	-0.47568849696829574	3.0144942028896016
-1.5262871828978621	0.32945216108753117	2.4902772475359267
-1.1933618640500594	0.2979792238399447	2.693070397070598
-1.2001629979046982	0.9818002682459465	3.1521851982322513
-1.316275798922625	1.7543566892837417	2.5537906365802736
-1.136022787013419	2.3319401589937296	2.516890624916899
-1.018262378342883	1.8407320446126543	2.2020242024311654
-0.8571979866037087	3.1658428631102815	2.233795453893103
-1.421553043145556	3.099853385767321	2.362282505233475
-1.7659071592469133	3.6637928830433615	1.9420573048966134
-1.0818181012668409	4.062199989158475	1.6218008049851367
-1.9971094305784043	4.777333025426918	1.2744678635287634
-1.6758045031744873	5.077600495323866	2.2858289686396587
-1.612393286316844	5.698213347110764	2.045172124478578
-0.9224581332380379	5.523070909366251	1.367685449389493
-1.3081314934756585	6.47144412804359	0.7853087739940185
-1.734587432752685	7.432213156847411	0.5846889602306805
-1.6129470714211038	7.989611908428537	-0.16124455137762145
-1.401321307146744	7.554530369995463	0.050339407618057885
-0.3305101705807353	8.300212329270643	-0.7297630682208597
-0.802750349304901	8.527274236025626	-0.5084352620766752
-0.5127197280212912	8.43048059430609	-0.6149915869434246
0.70264158281025	8.114069080898057	-1.678793934443385
0.4674310858579086	8.921578824254516	-2.003882135801496
1.1595565575535853	8.190766452741862	-2.042403851190508
1.1802067552659996	7.695462921769851	-1.7256600457588902
1.9656337465851854	8.115446081237483	-2.2752288180860716
1.9886651373454234	7.462153241477219	-1.4354231364130574
2.5211491215334627	7.669357464988348	-2.1069065092592796
3.0417855586741775	7.144678214522148	-2.059339473725176
3.753528603327082	6.334061171506796	-2.473853606882023
3.1767147058243865	6.201653351265376	-1.1797982924363408
3.2123796636526794	5.76534440368098	-0.9647719513975599
3.889050141950926	5.528755121569295	-1.809512704037632
3.647795974822404	4.986837734763785	-1.1027042168676562
4.5936768199802795	4.854262967876653	-1.1528906746885967
4.067576347205225	5.034504714112062	-0.7759337293969213
3.6468994539313164	4.5968862739107825	-0.03903404031426583
3.2760491863866714	4.2921073177894025	-0.4618942348500943
3.561920782901214	3.9112147964324464	0.15531637289909989
3.520878214661251	2.8450544197379264	0.3290731369038479
2.4600987323391705	3.2729814890930076	0.9584189442334333
2.1657749438802902	2.8318433549866784	0.9219657361155018
2.4944318876666074	2.060550907240324	0.7982705106007012
2.9232908226870573	1.7542127261499763	0.700071268030795
2.1210054560553093	0.8150293397077609	1.6699164397259265
1.5099778857088673	0.8415188056435832	1.702616593661244
1.6398262008409403	0.17564050998325942	1.2335042895968764
2.054358869418685	-0.04348360493385328	0.35102996259734504
2.4939340895752036	-0.5170050427829074	0.28220286160201674
1.728405571681734	-1.2870376674986261	0.33966129126964173
2.6820316757729956	-1.7315187012100752	0.04851625427938083
1.7360264550734823	-1.5421686545956435	0.12030070036215357
2.4455038930667814	-2.079178595017446	-0.20578046614838397
2.292182998652949	-2.031670815846531	-1.4231362657181088
2.824402607598384	-1.726035973362956	-1.7201378398306035
2.9248515790091263	-3.0331144735283084	-1.8097279608995518
3.1970122126706193	-3.036352633449121	-0.9646905224810591
3.470909402959803	-3.4357555185719955	-1.2762418197541847
4.655212119926388	-3.599067864688732	-2.215683048741811
4.755787814894267	-3.1177266444974685	-2.333777998288121
5.098617291703596	-3.1904320124244343	-1.7645472179924926
6.006447993618144	-3.517481210388047	-2.3409815318143044
5.929253126637914	-2.6708241791093865	-2.200139174366156
6.408640958463866	-3.287868732275817	-1.3592137234159383
6.651496851136433	-2.8169222537116445	-1.0441760339176427
7.482001099643552	-2.6187786108092124	-1.696816558692344
7.989646574359604	-2.981377159859944	-0.7497108664883122
7.229809344841418	-2.9060141432066837	0.30193655439207134
7.413749523212997	-2.7386141898561185	-0.30115471463950827
7.570601826488845	-1.3725769334254951	0.3054613397516868
7.792607168085991	-1.019594117094465	0.5484415074728032
8.010346220590138	-1.3404352392552616	0.9339405671950908
7.292961743247291	-0.7146752965259855	1.4214390367048735
6.9676214818761135	-0.6339885587143621	1.2651330532828187
6.945590152363442	-0.6825047213682038	0.8519798059060688
6.148554220861062	0.5096899369724189	1.1914863881114224
5.527945344656421	0.9145661104599138	1.0280271056533468
4.9388758035249	0.4553941940493419	1.270901995986512
5.484063541892436	0.21959601671722911	0.6060338427649947
4.886619772908479	1.0921169979594623	-0.24420578734536913
4.707133537299612	0.8686529088329729	-0.6005059597103637
4.237840821032932	0.9210568757343702	-0.6370411124691502
3.8934378893611417	1.1954373373852252	-0.8722629676095554
3.0746250245193547	1.0853544310077086	-1.7136619619856357
3.0636996745439693	0.6617881272313868	-1.7757968015331689
2.465019335324712	1.0418050993756829	-2.0169295663814344
1.5586150934295153	1.1400124296839151	-1.8229852837451537
1.0597950903174325	1.1636513535624626	-2.332516811251197
0.5636316032136497	0.6547748786850888	-2.5837809725733623
-0.02019571940634346	0.5384052607342091	-2.37735605385278
-0.3639904467019317	0.8856838352214464	-2.0449414639661097
-0.7205939795560453	0.7083214643138327	-3.433885844065203
-1.5620556341496903	2.0619345392237287	-3.3508316027422578
-1.1503190309243196	1.3143596334592313	-2.9268851928674606
-2.1749212302275485	1.8534148522385976	-3.275932900041557
-2.8673680558823396	1.1376713806138052	-3.403654301084572
-2.7867157466384236	1.1454533890556748	-3.521601028620608
-3.4427022796722504	2.2749221590865654	-2.7732148331427267
-4.127949573214745	2.3569412746417364	-3.304824378486145
-3.9032505397391253	1.7351004555851164	-2.8485277317494853
-4.3548815321969245	1.9406623620774208	-1.8771381005137604
-5.4835723696661365	2.582589460978875	-2.7694351534401584
-4.8090411404163245	2.8284540664431805	-2.274430290511616
-5.435773698553023	3.030775798889617	-1.4469903817798295
-4.961929367523107	2.9498277079734034	-1.6972857437271847
-5.820257650310787	3.404667992388887	-1.3864754809380628
-6.417205459918602	4.358024353069947	-0.5559117290287922
-6.17943418656166	3.8854964733692996	-0.2882162403753432
-5.8576518378433295	4.4929520201430755	0.16974576995891172
-5.715407579395609	4.632507853936954	0.5544613144187769
-6.227496636840547	5.495073111095399	0.7964228842222212
-6.074333214363742	5.424167132453031	1.648422014212941
-5.798346332677974	5.050614553514691	1.6846397022005226
-5.932050376148226	5.519900424645643	2.6152378460986867
-4.889747658350531	6.122949730297501	2.600826764674684
-4.690800048653513	6.019960301100106	2.662224146060415
-4.6899835110758366	6.406666973885988	2.7645072276487506
-3.7604883728652454	5.686092473147769	3.0497805235143565
-3.634190162951721	6.6198675021529825	3.907018297816259
-3.831110148986153	6.884593340918812	3.3331828200611406
-3.075860643348854	6.520754742632163	3.7449322043931614
-2.902920977872977	6.179185624019558	4.624036977290046
-2.089966382681272	6.7288573275935	4.579862454439082
-2.129811405122647	6.410196065149658	4.216415431001307
-0.5974324181187465	6.257182086147214	4.533961764957142
-0.4228534992157793	6.168440620096815	4.747806794235018
0.3103686325833692	6.115174105125044	4.489616639912013
0.7793663760138099	5.1951064449876485	4.3382293312352695
1.2178615676706772	5.377411220336166	4.375521253329627
1.2889911588995577	5.634486697621828	4.486870056960748
1.9747645826090796	5.625530916713843	4.596933067005357
2.3611949157766103	5.647605441913456	4.187469702524248
2.9854908164207394	4.709412095260561	4.167508266690792
2.763473618418763	4.95395511453293	4.765431680220963
3.9732544672941303	5.336170938195165	3.784991267253692
4.252647926270745	4.6449674102766005	4.660523158661352
3.93831809069093	5.277817111335929	3.6636124918338497
4.391607549413825	4.496902938202156	4.141631394170645
4.813030281803848	4.437778740435595	4.260849364252938
5.700750041334382	3.9466855355750226	2.904235844270512
5.469559040215668	5.009904480207258	2.4858460628865346
6.504552788303346	3.9093755802038745	3.021719200516001
6.246416816003321	4.446708941633156	2.230374098094829
7.127128287315829	4.159901566015824	1.6416626853338943
7.802570868469585	3.6840582409884166	1.208842646205726
7.544645850629166	3.326838578556729	1.3904567991283945
7.573951459708379	2.8653361044704	1.5244626399403136
7.126358885468665	2.6489299685128618	0.9984278931761383
7.763990776724884	2.7190896867127163	0.24410133565662617
7.911959504637973	2.3630347488464185	-0.1051410159585282
7.507432479756857	1.9351352349156878	-0.1779270936580345
7.0724650621984715	1.9071440769712584	-1.2338186331148406
7.570151515692034	0.9573949714889161	-0.8606711822931532
6.619377818277637	1.7103368782330581	-1.567183285984354
7.6549112594600555	0.13562277725812855	-1.2224384051246786
7.388138796889994	-0.12502823444465438	-1.7787343186685587
6.6685942506348805	0.3747777061077646	-1.7934330338873472
5.987344156476061	-0.6467357407699298	-0.6369251448930582
6.050529012876703	-1.126331181198351	-0.4404914996728828
5.541414621360205	-1.166141297707071	-0.1519500069837707
5.180473910623761	-1.2495453053164822	-0.10830540201543948
5.82453848610662	-2.2977906489764903	-0.23551861417886832
5.213634701568255	-2.0929033277134073	0.4711900680340394
4.765275824191431	-3.1706777561607535	0.11186553499229016
5.432253965817674	-3.695883902998219	1.1069563394770785
5.221583321345243	-4.146677819456403	1.214778136811203
4.895059981510722	-4.277446238990644	1.116841213735098
4.107637891048601	-5.063772370054535	0.8588386594572156
4.0848779744361154	-4.8700233719288875	0.969894699443457
3.4683520220927315	-4.956489400955031	0.6700314653201439
3.498945533927599	-5.366347686936525	0.6759566878488988
2.847704961150153	-5.698404351145291	0.6396926969475296
3.00572080205367	-5.86509175294927	0.1153909655230258
2.0950609155206044	-6.55332730757484	0.4643367130579845
2.5892057178641243	-6.22063959037152	-0.7856067644344065
1.7508934339983084	-5.7126159601470015	-0.9137975751915237
0.7628714766829647	-5.294732456700072	-1.2039821303930107
0.8887199546172905	-6.0910698330689	-0.5851722297822725
0.07445019028854558	-5.486221293990531	-1.3874365246851517
-0.2903323176310087	-5.8254046476698615	-1.2727663973781937
-0.4414898019962471	-5.0584576966502155	-0.717923688812107
-0.1246715725311014	-5.439041452143321	-1.5025900212483612
-1.182660497521398	-5.382015859469303	-0.6825320496981528
-1.9864459390816023	-5.193551590058183	-1.239381640269901
-2.085122722759186	-4.258220685500886	-0.5958264270367732
-2.6485285856111913	-4.406141321946432	-0.3806963996958743
-2.519381334377286	-3.702906174304438	-0.3727289715132631
-2.9304112370512367	-3.641414824684338	-1.0323019151095056
-2.9284994573287886	-3.117045878419556	-0.6589525308169362
-3.9791160681881537	-2.279891918862093	-0.7157869131760016
-4.091108488094806	-2.6173048277868176	-0.08166670672191212
-3.440860909225057	-2.629563742521017	-0.43293997637631054
-3.76761703563807	-1.6644184518835816	0.10699028221842577
-3.5481414376417826	-1.7213210440782116	-0.34220352832545503
-4.338792074706973	-0.31787712005442814	0.1746453883747388
-4.334078755903407	-0.328225187802074	0.14437218133706642
-3.6450615208928534	-0.0761460100194371	-0.12528628196162467
-3.485248251787586	0.5091946099850677	0.6597049543836411
-3.0857740027931784	1.2413478831436267	-0.10253803350982588
-3.314384378342547	0.7695544172868589	0.4432967347194812
-2.823020918243031	1.5163469950512707	-0.5198113194253616
-2.161158649059786	1.5176862636684896	-0.605812773289076
-2.9277705068009774	2.9762033772402035	-0.0732091789427819
-2.1177471846386555	2.7712487240715538	-0.4242653186004921
-2.4522163793529366	3.622416874608139	-1.221350976924893
-1.6068336321542127	2.896760639898245	-1.0465632038147976
-1.8042239517958663	4.124517361370216	-0.4119019299426101
-1.1973467542035443	4.163801252959462	-0.8390414588558597
-0.9478033595768685	3.64692112114529	-1.2871351791936452
-0.14798177112942723	4.90698695930868	-0.7491242821801896
-0.2641477120123496	4.7188654655867985	-1.1290293279872474
0.8403161700191498	5.004584270730144	-0.49900656004303934
0.2035626391628846	6.012821112705959	-0.30579524243180756
0.763223133271484	5.155722224254745	-0.5999192659756503
1.909102016935905	5.346236669345409	-0.015220618020708676
0.9917554266691597	5.628064809448785	1.3671521840279095
1.6259935034107942	7.040371195814393	0.903425150206177
1.4793252770355025	6.8573150488397365	1.6384965235875288
1.708725486180344	7.371819013203419	1.3299939966652348
2.3365865159259043	6.905978967473014	1.8246642123795247
2.3869769734839483	7.986119107950201	1.5675333373960512
3.3095287037437107	7.803463498919207	1.8396572764299632
2.525323701562293	8.774380172849394	1.580417357926097
