3.111888371892322	-9.35077012686094	0.7782613436352634
2.8314299178796576	-8.854888934521261	2.0337596989238116
2.564796721069584	-8.71819550119354	1.5380437649176129
2.4608900611427016	-8.685807092189766	2.1228712462476533
1.6740772481237522	-7.971029263162347	1.964537916793237
0.9009763962473232	-7.314337108412492	1.8121292455255678
0.3832371697197365	-6.864294498786136	3.1050991202155345
0.2922800145569653	-5.862875296975734	2.7722191268107146
0.2195370797182163	-4.425904651475492	2.9930050908788597
0.5748517601109433	-4.77428373366353	2.273314820979292
0.05374343825194222	-3.318184271645607	2.4051209738823514
0.8015226026825084	-3.7137191687315947	3.0340069767881186
0.8040209837650002	-2.3960678492493876	2.5296177305702834
1.063460962289253	-1.5538934189559077	2.523089673913677
1.8688117377783975	-1.6791915068018908	2.541898370458225
2.1823464807747257	-0.9342206016488599	2.0179880566763675
1.5681232308109203	0.24321141226452692	1.7651509709448552
2.1570794847192807	0.8544024404558398	1.7315363649180122
2.361727822719657	1.8902514748436374	1.5865822882449199
2.815202434466257	1.6650574979608095	1.7322676701847977
2.8081017533123287	2.6696718219695046	1.2246264082649234
3.5197582035682067	3.076966493221695	0.09548542524462063
2.6369607817253913	3.7150033791608292	0.3916646776018449
3.1780974935520394	4.546494607694336	-0.6278753444202918
2.7452725654315104	4.974818267626885	-0.3232001071847952
2.378460370980619	5.9111631421790864	-1.219712879505153
2.5568994734363235	5.3509227981711955	-1.588450761388024
1.7057133993160187	6.5914118836247635	-1.7299911546233233
1.364885187303913	5.763157128862202	-1.8189475381898168
0.0013474305013217724	7.110082990491663	-2.0220423998534844
0.03821515232887862	6.155126373399918	-2.0452008754788067
-1.0480481748820654	6.38379411670162	-1.8411985982551307
-0.6157327728572747	6.310796526632591	-0.8881657380985344
-1.1100533956429084	7.036771437270361	-1.406902889712152
-1.2818176377761434	6.195452487044556	0.031436880104716014
-2.282911237636499	6.763574745015054	0.16629678038094042
-2.548475614741748	6.097218556989423	0.7578330962723328
-2.9549722056105017	4.85279064915428	1.2117386299793729
-2.3847753892951453	4.293045249055632	2.104351925471275
-1.4032563663340523	3.448421073888713	1.6521044510536236
-2.1418446054936124	3.3425236698075267	2.004498318047217
-0.9366428244650417	2.365801150117907	1.0582032191628248
-0.6303749212634654	1.2464313871188593	1.087676543744931
-0.37764639987414517	1.0951106578606056	0.8953815184464712
-0.3162881522447859	0.33725110723919993	0.5246870493299867
-0.22436132467437264	0.4602390758139793	-0.41042681580764273
0.4125685243303501	0.4182668268003775	-0.7313992823985587
-0.03345438641969961	-1.1440396971581595	-0.9729605368760231
-0.02707683376677439	-1.4717203385628976	-1.3987399268016716
0.08028867055866684	-1.7697325351283788	-1.6258498987929944
0.7676529799129969	-2.432591876920715	-0.8321499441468998
1.4935943104811154	-3.0607018744256447	-0.26590550924707057
1.915289909546546	-2.6901903358910175	-0.7063004879332888
2.1198916780957076	-3.483286873801969	-0.11201403366258955
3.0308488319083264	-3.9991044801479516	0.602356642006995
3.2983469622377384	-3.3089339876823436	1.0556616159638765
4.0695562434306805	-3.9378798836745794	1.6119660816570782
4.493948330362166	-3.7262064570338342	0.9797881940224012
5.02116613399943	-3.822671536374736	1.6045922049447485
6.946487701793559	-3.5391494973063478	0.9445383429288412
6.663297848492023	-2.3163578872285426	1.3405805910562218
7.267988297906677	-2.769681291404817	0.9974076030214734
7.151592585176794	-1.7430801641954656	0.48871363962186803
7.18474317158418	-1.5320235866262564	-0.8039722239513492
6.887914439840842	-1.1903151340235567	-1.2348297843770575
6.319280275209928	-0.8663222109011481	-1.2024604946722477
6.939620340669286	0.15661116285432886	-1.5831549912487837
5.819972971307507	0.691413143766175	-2.186804492809965
4.868016538809267	1.1901898620030387	-1.5530851492529432
4.327354922923016	1.1557621025731828	-2.113866665871502
3.5594326377575936	2.4583530784916974	-3.092997440971524
2.987685588528716	2.3545020682915543	-2.5688357478698034
2.5225227363791696	1.9878781085623602	-2.749432505923288
1.0476434015045428	2.242055019757891	-2.595627847709264
0.6485223697279177	1.9188040378347173	-2.9742893560052783
-0.25315029114673093	1.299313137471071	-3.4097739421477855
-1.77537443450227	1.5426939233618584	-3.2283796599563157
-2.4773277350150202	1.1783529334247473	-3.0576587042009464
-2.747790339075931	1.3984119955966108	-3.104492040080753
-3.5714593397189365	2.219028943327032	-2.6582854799771027
-4.103258909176606	2.1770796300316198	-2.966954668089549
-5.5605353687258825	2.1759654006915135	-1.5931517312704657
-4.881042528141386	2.6424118919308475	-1.6192265244495267
-5.845227363121669	2.763180573201682	-1.844844053276511
-5.7336554161511035	3.139720775712947	-1.428501745544939
-6.472417547115032	4.304998456635842	-0.36861175863363727
-5.370579177841305	3.9611855310236708	-0.3484265505531941
-6.361098158287019	5.597336231987088	0.2789200715292909
-5.84964144152124	5.760784907409388	1.4503404765628378
-5.540280448743447	4.982773940928022	1.827919749198768
-5.061634048989731	5.40085446203823	2.8659279495623746
-4.205767075321373	5.286907095871985	2.9200826363378285
-3.745859544334434	5.266664734437646	3.817579457244799
-2.6465533032325332	5.346549312349349	3.0009694667101825
-1.9798547211324322	5.991333598031495	3.9032125353004608
-2.130833485192759	5.778025912767783	3.278116324920555
-1.2573692044556988	6.589469835249492	3.772664421400398
-0.3565967097158451	5.0897385315578685	4.303734701515265
0.04720185977377642	5.609629142497706	4.146813644586018
1.5658394936654334	5.550865214507023	4.04560852496757
2.2043847229989013	4.838278523598972	3.975621371401278
2.4576138917887427	5.202884533843464	3.3133444022497196
3.1965429210273473	4.7946583563914	3.1955114127116993
4.101037758719278	5.670054233110993	3.058147072383778
4.801813756644345	5.117994248065582	2.6180749369830867
5.35566279441283	4.345189914288213	2.6822566981816944
5.457787380748117	4.156694388735315	2.9166851686269557
6.206386326435872	4.359597221835945	2.247934356176045
6.303190625319467	3.2733767009892216	2.3956411807396836
5.42719867916478	3.230749945538849	2.3847429232874346
6.1098561520838945	2.5381525228146	1.6670471361449966
5.453014783684297	1.9576628162178382	2.4125179246922883
6.241670289041878	0.9030958304261454	2.0173165824582138
5.405422620328917	0.7638447420517217	1.269323790728704
4.600207966882428	-0.3190223716561351	2.039344745643644
4.3041233119325835	-0.696429324578258	0.9310606112472127
3.771391379479365	-2.0169667575695818	0.21957899627625777
3.9887330497696376	-2.7238012938553675	-0.5206700656366977
4.584828129034711	-2.871793024216518	-0.25220717524530945
4.006487039309084	-3.3338370105060418	-1.1184598060875688
3.495723878876167	-4.270116106269351	-1.7715815073995131
3.3429756696949946	-3.900286009615994	-1.659217189491104
3.272683432318562	-5.364247708838253	-2.0209587289348856
3.3864049129099207	-5.571793610624405	-1.336969596647092
2.192991767370571	-6.146546374812275	-1.466752061167382
1.2142190772047743	-6.344381356470383	-1.878529321022529
0.6037454837868235	-6.314333009297165	-0.769615054155619
0.16965030908905715	-5.738908925152238	-1.3011062486164302
-0.40117478524920946	-7.213493042465092	-0.39706088395253514
-0.9093033199441591	-6.81148123187472	-1.0891445025746822
-1.5971833990079807	-6.385967873386138	-0.7140096311406232
-1.6236025170906447	-6.009313011238955	-0.6122320052863321
-3.1082946205630066	-5.023980385051197	-0.36007207442557077
-2.8733070760397297	-5.617581075882074	0.0651766665491228
-3.4702404166314067	-4.894567742185226	-0.5091404368317233
-2.912674978250978	-4.051766142995599	-0.40463512073652735
-4.136020154938176	-3.8079097464647176	0.6938076479992512
-4.6467240066584505	-3.5306656991743033	1.1892790502503616
-4.14057309357006	-2.2047129403654737	0.5121527982670744
-3.980220759604041	-1.4833809555320108	0.18776604013463696
-4.1769682588432	-1.3855656051975207	0.41624878597511716
-5.0227109149365265	-0.9533202672003711	1.3875507787639672
-4.121119302255873	-0.15758331355851268	0.493373040392712
-4.161321338460574	0.36785855258916733	1.0809890573695569
-4.001955164232305	2.1546765665852434	0.11878322336654712
-3.297107685354665	2.439154669615996	-0.5184279784273902
-3.062738257855124	2.5021924667876485	-0.3224105274361325
-2.8631882804750393	2.713589948947566	-0.538807758176074
-2.2901132888798177	3.464723037254104	-0.9283524331843549
-1.7751963990642823	4.006006479949571	-0.7163703195897577
-0.5535356678906818	4.018663145604472	-0.26219812175416535
-0.7431122695124763	5.715901408491012	-0.08884385836435948
0.2099625778304342	6.157595554523568	-0.18798308124990654
0.8818718660089729	5.864380719155041	1.12106256312475
0.7032545514465112	7.018771509378007	1.105784682617716
1.2368118063211397	6.9059412516625365	1.8016029397915951
1.0230766151260866	8.590076427872557	1.48951277752619
2.3827834806782358	8.480144474829423	1.8465927941785407
1.8356729073073546	8.617178676556712	1.2036670456452372
