0.028101130539493244	-6.410698703203402	2.9367546954671853
0.14220485209432593	-5.9309367941829905	3.8411322493412015
-0.47006825693851095	-5.941217907183018	3.3550379535374075
0.08450119447644511	-4.821108809363907	3.457176535129827
0.34462013420532367	-4.598074662789366	3.2594084664762653
-0.8205950493392729	-3.4644140153053637	3.702329066428475
-0.6073171205037071	-3.0643617325611947	3.037286162727071
-0.9181574492056145	-1.5088139451089324	2.961347085659008
-0.9258879714270647	-0.8477085686811903	3.074006808632526
-1.0620603870033682	-0.1352838371000431	2.6646906781582507
-1.4507483173913387	0.22846409440872728	3.382367224364185
-1.258071061486943	0.8563317361634832	3.199204427604877
-1.0342067737363263	1.2424351979302481	3.4498322916733475
-1.2693500172207917	2.1993662359448285	2.453624341341361
-1.4095577792284208	2.8075328600071554	2.1487721221359983
-1.0526010373845172	3.7050330490923344	2.6248231691049217
-1.0470969878262748	3.761938125401582	1.5521240574593982
-0.898526651170803	4.639777717571794	1.4865487464641682
-1.7133256146795777	5.267656347925441	1.267941795238317
-1.266746580950319	6.417836042539561	0.34848605056668863
-1.347050994248415	7.038032433939093	0.9120562686752937
-0.9427364870299131	7.91913533010725	-0.10995338967878188
-0.3240917262628593	8.228201204426712	-0.9544174496595197
-0.08752409216899892	7.623546956129081	-0.8647071321964243
0.01615869859697347	8.405397028096955	-0.9133325396734298
0.873958474413087	8.031710502528716	-1.2865463665176033
2.028214939846098	8.25396226038464	-2.3741720052223845
2.1202727317596284	8.234838097870696	-1.6778965672848463
3.2245618311873185	7.117671201222133	-2.4166507049765302
3.208785756354833	6.736402354581892	-1.5676298340952726
3.7045769535012143	6.676746436068795	-2.039014403220238
4.102521650802434	5.4288832695805915	-1.2151039147821203
3.4367377435355864	5.273738348103724	-1.0809759284257285
3.660068239637489	5.228008748920487	-0.375627336867393
3.475001924742914	3.6798364390449647	0.36298614376083316
3.7673283658066854	3.7243406590015313	0.49531967140855265
2.8076055177008534	3.1712773296292704	0.8737011108182513
1.6108002627383384	3.647012977726254	0.889338344944286
1.154241732643043	2.7608323928613627	1.4342604392075522
1.1044053179749351	1.2712622270907061	1.513316437199487
0.5448524414004742	0.1657224964322484	2.531389531003308
0.4287880168917356	-0.1495179217964948	1.3184905789288552
0.22877686658841118	-1.8961832519765995	1.084957588695959
0.575943492805331	-1.8533995823897744	1.2869231743729967
1.5164056777545079	-2.1492723320884544	0.19327337010475013
1.490133385538919	-2.5953639600803085	-0.7801190123325319
2.699147016396935	-1.904763827517932	-1.5378843819964816
3.278501831525185	-2.781454949605095	-1.7400416424550391
3.5334076896705735	-3.2815377183190324	-2.149239382731995
4.4375789727140145	-3.5408347302045735	-1.4355721233660272
5.086702083919007	-2.7076650635251407	-2.468753825654929
6.055587079492062	-3.3487118339378767	-2.5494466674715124
6.147552236083657	-3.8091840064401357	-2.2285206397709914
6.880778146807433	-2.8924218977000544	-1.220406511696302
7.449217531814745	-3.284661430188715	-1.2131447042629895
7.781387412032949	-2.7994540474156167	-0.2675411845558039
8.43645067648213	-2.477921329361875	-0.2596445502438765
7.459952955925127	-0.6669994963904855	0.10994842545834455
7.3151757909439725	-0.33391021938328747	1.1438794456417927
6.38730438651376	0.04025909463851485	1.569021930067343
5.70164427888676	-0.288737706897518	0.8565475000609495
5.593264550231804	-0.36447940429842857	1.024154674989333
5.543259893436199	0.16644592219063103	0.6134108195950965
4.233570329980316	-0.05297170586584765	0.07382629356971471
4.366228802486308	0.23065498756581648	-0.8312999531079356
4.035926112887026	0.13833995959776735	-1.206629689884464
2.6883606798940485	0.28752078658757735	-0.9834449710688289
2.130210561355691	0.8867088394566072	-2.080958605683059
1.8387055193341975	-0.05758178823417892	-2.7118346353724845
0.27954489221018863	0.9137786596096374	-2.2079810269582953
0.11841651076975845	-0.011349011619983557	-2.0327915118945485
-0.16014727086215474	0.19385655238348443	-3.0167543917717357
-1.9549846710432528	0.653463898572265	-2.2091980170806473
-2.7535098447051842	1.8774068922749791	-3.205724201190581
-2.633779368968113	1.1698509895701363	-3.0974014049617606
-3.680608979595586	1.6854462716818284	-2.5693038165208892
-4.720680143183116	2.096334382511887	-2.7543685926217596
-5.6687040356489415	1.6599562452310486	-1.3363580522792677
-5.627309826692292	2.4202512844972386	-1.948575230266798
-6.227750600633107	2.2571578552810982	-0.3637619822896554
-7.481569961404046	2.800956053238469	-0.14653019898037434
-6.980991095789543	3.0711485385277237	0.12243258851132316
-6.501318414811079	3.6461038409738418	0.7544842332677595
-6.535501158971051	4.618559319965343	1.1557854555554519
-6.189838134789827	5.599273268641003	0.9278850640996338
-5.380997660842068	5.079847526238839	2.0128668141105277
-5.516652773436495	5.728084831111729	2.7480604797649977
-4.089884049424052	5.5357696008669866	2.7780909364866644
-4.634544451075627	6.131775474109019	4.015998962745616
-3.8763931261908042	6.288714156831084	4.143281088228465
-2.945455640137752	6.388595964589528	3.956309751281209
-2.349897395238158	6.310553866883509	4.525236378111058
-2.922704939112114	5.4172423924720015	5.5266959562453986
-1.7782700667345863	6.087764052228073	5.286824583891841
-0.9454366113477314	4.645151129963869	5.357867765723251
0.3976032167966049	4.429752086865747	4.92675928386915
0.6227503923659329	4.803178473950474	5.506474226382937
1.6933576113901736	4.39567850504193	4.577207898642594
3.3467020537635364	4.174036612220868	4.4628273145221415
2.727203982626409	4.983129001395548	4.634048681523158
4.029476657246917	4.487015688752537	4.234891695881891
5.214452206461382	4.695796060791042	3.4862661025431954
5.640912073246302	4.443590858697253	3.4488226513733555
5.282308749857829	4.810980125567318	3.6402008718430725
6.227707011001345	4.715192562450942	2.5709213905954407
6.827750337437926	3.6394970672010145	1.8200678533729648
6.855144529810178	3.7907859214943125	1.3660619582229259
7.24850963340723	3.0958500069824115	0.8855200982887612
8.193161138619297	2.7810640589851943	0.4300623285362375
8.223825718623033	2.595436147728443	-0.4674605395015534
7.2078116575959745	2.2322110900187226	0.13902524703577512
6.851761575618111	1.7085101297334933	-0.7207090683131245
7.407145710928174	1.2711793460952667	-0.9377446015903965
7.354523566878575	0.6755619390313711	-1.5729924664401536
6.420918216022163	0.3218276827527631	-1.1715642534189594
5.693288931853498	-0.3880355087431955	-1.356285024131938
5.712183662869308	-1.2976085372083033	-0.30586800562882555
5.247493719003593	-1.8081449422443232	0.20130697459389724
5.054995721304806	-2.2724261593244943	-0.019445006606935544
4.720245490169125	-3.3247879358076906	0.9704583163527482
4.309196726702485	-4.08336849168817	1.5804658053584315
4.485705878760328	-4.786129895341673	1.273278181503113
4.155658190534747	-4.561098668274894	0.7123873938841396
4.067641655343435	-6.0280535539236935	1.0729618472025302
3.377276573243658	-5.786061311993043	0.4158799878135663
2.4204811351005167	-6.089213549578335	0.0470665542343649
2.8194359709709502	-6.4057209470837355	-0.4331966512169486
1.066200960287647	-5.802461287882144	-0.3375013564362055
0.9916942198714462	-6.092938926559547	-0.751018444037279
-0.07567225197869165	-5.266136635086188	-1.2837705056870707
-0.2434118742876653	-5.2060598075476445	-1.1124378479684367
-0.9324945192357377	-5.527663798455491	-0.32717057240142866
-2.091706036836479	-4.550336120316381	-1.328720453125808
-2.2211874836675207	-4.53765551957989	0.0177461435699251
-2.606265678317804	-4.074144739077624	0.00403412644278589
-3.105161768447144	-3.981501312449896	0.2824193176211963
-3.516147572900515	-3.465041898863671	-0.43701021672256096
-3.659389778772817	-2.4370308741082995	0.08698257985496316
-4.471564780826891	-1.0627421800029466	-0.26064983945920256
-3.9380050738968295	-1.070874164870108	-0.12470980040601881
-3.432880012569593	-0.41203160483874757	-0.19542868794896928
-3.4868984540742973	0.8935133019288273	-0.28898191194203837
-3.165802299897834	0.5289360410153332	0.18376245920898704
-3.244878628944433	1.125900302090375	0.05783043026007062
-3.346013984164428	2.174021493226768	-0.6177301090008376
-2.027848703593319	2.4518329676417023	-0.07732676781729375
-2.2332734270692285	3.7776825795838214	-0.6754119782539096
-2.1500303572856545	3.411850994624073	-0.272393192910241
-1.5780821017867455	3.8305655787280135	-1.3723898149767209
-0.3648614539885646	4.799016048854884	-0.6629244375342673
-0.39553163856509677	4.773008205607207	-0.8784476678690283
0.3948157653428864	5.369075586176058	0.19269616332669082
0.2978953270855302	5.236617257148256	-0.2904584772667252
1.1016775132590508	6.224364775589555	0.45035302071278355
1.497026675653467	6.191573454198168	1.439416049052833
2.2284406848670546	6.932442987874718	1.4410190316297897
2.8360577706134986	7.59533280633529	1.2473728644206772
2.282688186395389	7.53616447219546	2.207768670050185
2.712202563872635	7.823179695594501	2.0982280447113273
