3.814032621736861	-9.646636577838168	1.0448834479289704
3.6568956826097723	-8.886327495194305	1.2653292131967468
2.991682838340448	-8.467436680580505	1.855451972194525
2.2516763575317595	-8.899594149484681	1.2378787740762947
1.9187460138917742	-7.628531777116414	1.3546584958231485
2.6238185858984053	-8.362962889916489	1.6201474163531895
2.1167958902744894	-7.913850005007364	1.8810372403063855
1.0851479236454986	-7.337383370422532	2.57153910127514
1.0969221949562038	-6.6513983060143635	2.6924584520092454
1.6064384967378158	-6.941729035508069	2.3620594891649542
0.3198412771700271	-5.879991389447464	2.5491050477968025
0.5436551192898913	-5.426021743196568	3.0437932313883906
0.020991705800209648	-4.868409801635335	2.5096838804276405
-0.21193043882774099	-3.6416450138458956	2.2234797898332572
-0.23360614318033263	-3.5343913963088074	2.735324527362837
0.777116341995197	-4.363815885245893	2.7135272981375484
0.49349794326007607	-3.7202453567606195	2.9607008347669046
0.6701144526078924	-3.330181896497655	3.0546657518227898
0.300006341529467	-1.8025320519757007	2.296742264231416
0.43416072459509464	-1.5814722351676003	2.8720478819372723
1.0270488228138537	-2.15434704996115	3.110887637735508
0.7774568133348022	-0.9975117893437666	2.186474250022753
1.4899201812886562	-0.45020993602760884	2.671858819707255
2.1133141624641936	-0.21236864517425225	2.077725087979948
1.4988793853099986	0.09413434295963985	2.9516944590847807
1.7491867724404813	1.363300881000043	1.7620689233939855
2.9570559716827924	1.0389713800989926	1.5438851727406238
2.6397708089158023	1.100291725653725	1.6129283686683182
2.5314923058076513	2.0086879427510276	1.0461283051123356
2.9652950785842225	1.970256670871256	1.3952962994337677
3.5372357475323493	2.6371314833457147	0.4721446661772654
3.0793967889473532	2.9933273407810495	0.7892366912463608
3.4154724806978116	2.8879207330497794	-0.024552884994570506
3.0214593746098792	3.5650942226574687	-0.007813110072844298
3.0762307504492474	4.201485534330755	0.2444891568862091
3.380005393844117	4.387301973049695	-0.9126979052196595
3.2956689375667363	4.5808213830622755	-0.42209921874581524
2.9712263460565542	5.175742402185443	-0.5935814290229794
1.953372502303197	5.546591009225022	-0.5474607748788565
1.8619962149468128	6.472723078522264	-1.8546210005795305
2.1067499937254013	5.523547255089117	-1.3856597086131068
1.5713575602855294	5.693031561151	-2.00013832137786
1.3312535791930409	6.28380490889408	-1.2403029629990368
0.873554637553838	5.904599324850865	-1.6644110581592189
-0.37327868208626175	7.035408439445721	-1.3606423980772402
-0.40552070416125013	6.391647904107274	-1.5471378189017206
-0.8622805711139244	6.2185688248161	-0.8235129974305475
-0.737559886225086	7.285269336388303	-1.7134095236240445
-0.82557965838551	6.754363764949583	-1.2409410030089303
-0.8835042843548817	6.249482603081549	-0.6715876459090022
-1.537183135209217	6.050588784123039	-0.04234052371295838
-2.061954914387252	6.36263987375734	-0.16369918380736903
-2.357533931540142	6.112754999298011	0.5936294051963633
-2.554252426721317	5.80724067736115	0.25785623218575143
-2.6026700800958196	5.397168050624519	0.15771231857441934
-2.8099125168781165	4.980664218316626	0.36080133860374347
-2.8305940202379922	5.087147063834572	1.5021537304514934
-2.682908298131266	3.9552482231108153	1.3920555276308868
-2.0518525987431393	4.434281244540228	1.6930815087597542
-1.8847098850852875	3.6180039905021637	2.345712915189225
-1.366305811173189	2.9404693923999683	1.4443940301248759
-1.1385294052434052	2.8697280637857157	1.7175695179357018
-1.2044274750839545	2.282844265504073	2.1402177296624707
-0.08673420251245156	1.7686698827677252	1.621646511848475
0.3114154829046518	0.8447570770801321	1.261586045485185
-0.21983061173997198	1.2574051836159623	0.8483631887638645
0.0488974902861562	0.16970604478771414	1.0218476074418545
-0.14608074414239797	1.0469337324660737	0.0035683545086196977
0.5092965549871281	0.34322207587632625	-0.46605791565865295
-0.40947380453807386	0.10506063810174593	-0.6104835720746149
-0.10517792919122104	-0.7797584724197248	-0.5676533118495143
0.15530788032562193	-0.8324117751089253	-1.1163958106102783
0.4942107364833089	-1.8828166351687217	-0.4498665411851055
0.939560250382736	-2.0258964847882424	-1.0774525049283623
0.697802767826959	-2.4840833104778177	-0.5498723780092882
0.6912796488514341	-2.232253506118615	-0.7570944992590356
1.0225637394057128	-2.8025729988784382	-0.4555276628998157
1.0138407862471155	-3.200737505401488	-0.5858116816065384
1.7914858697047817	-3.594962619124011	0.022781014926311016
2.344463306420945	-2.7017958723372395	-0.58928808265026
2.058088235827943	-3.140465300559679	0.14063394309597227
2.529883547479985	-3.220932787958229	0.5610697444323192
3.5252559806987387	-3.518415548573209	0.7163034274469392
3.834129825067345	-4.029544257197624	1.0496315488895838
3.9242935344414502	-3.7910593114628823	0.9701975289028486
4.859711880927841	-4.217497843022076	0.9549900271806789
4.687981220213171	-3.03190166082161	1.532534940096236
5.009684566472983	-2.7927844415982417	1.2750264318593103
6.699680030406381	-3.703223754177518	1.0218041966182358
5.932552756094617	-2.612283786523716	0.9513283102616944
6.693339629506589	-3.116788878240329	0.8647141168349707
6.506378469654392	-2.8500192168154332	1.7198084410815033
7.1230449238953275	-2.888770060080475	1.4055272613259882
7.9906484732205465	-2.0352708274219253	0.34902627106591605
7.847690592367715	-1.140548700706402	-0.3479118468709049
7.101419232959517	-1.076567473384514	-0.25462718147241814
6.921206028052067	-0.34190269766443016	-1.02037006570594
6.860740176471846	-0.02874238469762158	-1.2691862091454662
6.739535882153923	-0.47613858382427127	-1.2004807942488092
6.297052878363909	0.2718307234064812	-1.9926960003984442
5.686478206751934	0.7423835391142901	-1.281779519443342
5.877238990983483	1.2823042807589067	-2.240616057294342
5.279013875624491	1.416074625158526	-2.6798829781303217
4.666871932127823	1.2639955557372533	-1.7763221137599008
4.277425033361798	1.7198557740676992	-2.3920617599215235
4.327007942619627	1.3769072195200094	-2.7736503776393624
3.6254338712525964	1.811167702723247	-3.2002484539897313
2.452627386480155	3.062768695326376	-3.1445518219926116
2.0901315738366018	2.961688858057682	-2.6810606788716247
1.691713785878806	2.1375273578512606	-3.334173605958986
0.5253806442450653	1.5210215488779002	-2.1606063160054627
0.6382813841324582	1.5293436457810716	-2.4095470274311834
-0.868851421933617	1.8520354365804184	-2.280610680795661
-1.1934178610718875	1.6538296075355405	-2.0520742624205015
-1.8306161224298498	2.2661014957095427	-2.584094438710654
-2.2975294247277502	2.227757145073009	-3.3849566579892594
-2.1750867535236784	1.5330996228342866	-3.0910031300918126
-2.7443820154475773	2.101991033365041	-2.9694807735133413
-3.8962746841248426	2.19977807274062	-2.7216320228454904
-4.357916498190122	2.537473271519797	-2.795498038886783
-4.344816641383753	1.533295883239377	-2.7530120223231567
-4.977634659360506	1.7151330302470826	-2.16485324540161
-4.325943868306188	2.442041312383006	-2.566404525090912
-5.372677007633047	3.64001601780875	-2.130394267792757
-5.640770667998907	3.466630939602272	-1.2267168214644364
-5.913475030162243	3.418467493014705	-0.6219309369496007
-6.287691949176522	3.410903074180111	-0.4713929538362325
-6.008833530508552	4.206262027004126	-0.8560275073025536
-6.241972002303843	4.549274386558141	-0.09600795144486207
-6.544478287988375	5.130859639676947	0.2915287292799393
-5.282400024515287	4.64379253887105	0.23611779863767773
-5.3520908228750415	5.287419647562278	0.5681926950208205
-6.165214730598749	5.300964204147568	0.7595290227071237
-5.818023860272236	5.045187709321915	2.5021137646471585
-4.6791742126277445	5.478765044021808	2.028036933521401
-4.725828025049806	5.250804005117185	2.5829249775984717
-4.90849368696863	5.624437436807669	2.9197383134228954
-3.7094764543318766	5.526456530602983	2.824336983282571
-3.1799341967726638	5.998982689172335	3.4348364426338907
-2.3570721501983236	5.74423775665154	2.771844521696404
-2.792958207686455	5.60547653665297	3.8015737161706893
-2.236139613300055	5.706738737442749	3.438124485135735
-1.6927957513617098	5.978593768925146	3.9929182263365073
-1.678274238327254	6.213647263364029	4.017342316204499
-1.2023202040691865	5.689057470457122	4.305733451780282
-0.5253585979595858	5.110009722396748	4.616571762827041
-0.3638926569022131	5.736910335712954	4.084228836239402
0.9290201154823982	5.195499026395658	3.945384259005473
1.149270302909891	4.97552422999833	4.39386911825977
1.423305876761853	5.8695848811936795	3.2715852116042927
2.4577507387193887	4.738499709571905	3.9952714662063262
2.416891925092922	5.1985700602027505	3.5528247359785494
2.827023512242028	4.842926489231874	3.256679408563818
3.438849844736979	5.853008426821244	2.7551827890112066
3.5257557542390368	6.050439314839807	2.5802256944475994
3.907401672547671	5.922194268978344	2.530601407756404
4.790949195610585	5.316789644181824	2.155864796892421
5.442151039943505	4.533024183720807	2.914362019642204
5.742762641964023	4.259680002869232	2.0118890792964863
5.806866829111709	4.488766619774219	2.71899402132027
5.50672351338784	4.155679899478276	2.7265470834580467
5.9228523531608355	3.525359330800289	2.1121779002651415
6.345016524416999	3.1797611185394894	2.411132223057714
6.477571331752363	3.10904318366854	1.9353152788060926
6.632067328322304	2.8325001559729	1.6969386539280051
6.059968750483838	2.4163755885262423	2.573854402795663
5.318244368570787	1.4855887824156202	2.587653992499008
5.759486217828298	1.5725949858799657	2.35380991883356
5.293454716074667	0.7974741771231061	1.3330422756093434
5.0725565226935245	1.3294650349441457	1.5499381005453976
4.44202546077796	0.9868562701948156	1.3937968407675672
4.319087388322166	-0.4543971477301203	1.2030751865384124
4.3649476021325535	0.0778307751097933	0.6251899767343044
4.400718122128136	-1.4795540050395202	1.2593714190683603
4.0719819281870375	-1.2544711230173862	0.6792658755549619
3.78862932214981	-2.3416867728708066	-0.36595196739846036
4.072717684242556	-2.6686404170316074	-0.7376459562258064
3.7855897796626587	-2.6069369106142566	-0.371257146989195
4.403455965383959	-3.4259940116817464	-0.2833865204639179
3.6645940273923423	-2.731976134852623	-0.8513144465496796
3.798508080141088	-3.566228733946508	-0.6648569775250834
3.570448314005431	-4.2342028722941025	-0.9613366471366063
3.842171114953841	-4.270481606011009	-1.2183213568572357
2.856282406979904	-5.126058814021999	-1.6460846950011896
3.299424100733934	-5.195355288451214	-1.52182308233701
3.165034653651409	-5.627276492119402	-1.4260828446337315
2.8415796181057225	-6.109605018345251	-1.5653013967287304
1.2611800910142574	-6.2696337740106705	-1.7172955606293367
0.9495985449132462	-6.422187768895718	-1.3254276086349095
1.0896983941262524	-5.749190057400513	-1.718330227700741
0.8094892358115997	-6.660921353830052	-1.721108980138165
-0.18277251847285042	-5.794699034146955	-1.8585309731394166
-0.7910441904077443	-6.456397408970824	-0.9395230816312907
-0.7684781492656199	-6.993413509659857	-1.2351080673946946
-1.3527168364153173	-6.465948267413645	-0.48109872079016824
-0.5142116933309195	-6.766192337847873	-1.1840192743075513
-1.7723048140857403	-5.98928734378956	-1.3655149153280919
-1.7514233616945079	-6.271985629757025	-0.45123594194318817
-2.7671144439614186	-5.3776437155894135	-1.0618506353212063
-2.4654853497712548	-5.235415775494802	-0.24684376522290652
-2.0922241224168436	-5.376041843171615	-0.7437836282371422
-3.165118610125976	-4.853574955135376	-0.6972320615017229
-3.7519269494343233	-4.985034848812141	-0.5031466341579114
-3.328792205556406	-4.19962420654228	-0.5553660373692877
-4.3239811896336775	-3.3048388564519398	0.49447098661260863
-4.634293254915214	-3.0651471891672264	0.12576343246678245
-3.4463977305689473	-3.3210495047127524	-0.14668086856810028
-3.7635334218597816	-2.9079822915803772	0.5168206788625702
-4.861122161959436	-2.545941994915701	1.0617944653643805
-4.882020353704961	-1.978961312137609	1.3856689170020982
-4.921224267203835	-0.9929655278163959	0.8768430801315731
-4.934612046935081	-1.0714476925265703	0.5890207972566405
-4.946882278761684	-0.3670719851699632	0.16113899144680516
-4.384302254872361	0.5737248676524542	0.4708587706805164
-4.98222416843854	0.8639963689876055	1.0197795773655152
-4.259266950799577	1.1603413899384316	-0.01824246731323051
-4.229403405932313	1.224526333092697	1.0727553163819117
-4.219921056455822	1.8614853102071467	-0.46373750266124175
-3.3987305468483946	2.4032283322399968	-0.1104160407601964
-3.266397236391619	2.285367921919832	-0.06671965657201595
-3.0924290380221366	2.51507809824245	-0.5003951417453847
-1.3896618887832757	2.6569811691113094	-0.827983059077527
-1.895547004940975	3.493876623121581	-1.173694556352833
-1.3915588840687936	3.7630107024128505	0.05787922233995624
-1.3150545717100084	3.718515614872071	0.003868695290495383
-1.0236433684595752	4.714567147689858	-0.3716254562876907
0.22025098915201013	4.464491829024343	-0.5936049247146724
0.6385881854717742	4.9606617637387895	0.0025338438271943486
-0.1777772017662544	5.821331198016689	0.7288161262048019
0.28963346010193414	5.563395415702763	1.1754761129697684
0.5338296091405098	6.720780987329911	0.6421854147319652
0.35057545228038006	6.384640681398901	1.712153213447582
1.2151401323830235	6.726451930002068	0.6134874758581468
1.4409400152253449	7.263963489852989	1.297573465286637
1.922802948982046	8.269617436605154	1.5412504537714837
1.5704224274002991	8.025837530254027	2.2395587223301834
1.553794235188648	8.71997920895489	2.0990877753831976
1.9905975455922387	9.884221754864408	1.632188267955405
