3.8713511789459396	-9.178655598681923	1.2646856185131345
2.782577098209541	-8.62333768058641	1.2139215713504132
1.631391944432409	-7.472423204129067	2.168789733510672
1.419816531921508	-6.470187375351822	2.464722361056201
0.5264387599720277	-4.086057855686308	1.9622453468001464
-0.040746236414011094	-3.556157304899736	2.4086093805595494
0.23519091342250698	-1.7640666307087935	2.6574713859002603
1.1205597504767508	-1.1197291916442371	3.1700153278262877
1.910222334194137	-0.469012943010074	2.6338182367914413
2.641688655086155	0.7790069947065636	1.153272684294533
2.4448751116220064	2.6999209757007345	1.3884429817061772
3.131439981372098	3.6335121501591465	0.05205757827341079
2.846177191120524	5.127508813591136	-1.066669969921751
1.7377520101695314	5.303695339001991	-0.7357726043048394
1.4859649536690482	5.89007971624609	-1.5898146982800125
-0.6220809660735085	6.419538413412626	-1.2553938463919403
-1.4476624421886184	7.049094450465494	-1.0712671164998107
-2.0241841097320017	7.096273993517879	-0.9766540827296423
-1.832975620526676	5.316601348031337	0.44981921243287853
-2.742055819847045	4.177149911284723	2.123330620704704
-1.1846743281254808	3.7118527204709975	1.3897047846605275
-0.15418733622834402	1.697111211858633	1.1060538840803025
0.2651543325358692	0.6235750127715061	0.3230004045198922
-0.1842473176570194	-0.022333125993967196	-0.6504736334789526
0.5919701352975091	-1.846470206448744	-1.1985582069739498
0.39027543722218183	-2.69308460668842	-0.31727390131767197
2.496275706622489	-3.6233389032812062	-0.5097082940227871
2.3083927918261713	-3.7345358180533204	0.12714022993038185
3.942871625013595	-3.5118054749415544	1.5610475080538455
5.1103156909714595	-3.581747062321353	1.4640060820560983
6.478728134276909	-3.4843759999746995	1.5559813961762607
7.266649375710983	-1.878418437512026	0.8919438409825831
6.884811069952629	-0.7728249195858558	-0.9892904855293003
6.184961160511306	-0.03960530649771449	-1.4796437885285574
5.398106331988407	1.6861304149298393	-2.6519578729801934
3.399806075197931	2.458308259103929	-3.1236289748504107
2.5286838367664926	2.3060374171573956	-3.349408258075783
0.029622251163502034	2.261630685402145	-2.6314227242284023
-1.8414611778730832	2.335612913285278	-2.7559443767587277
-3.3078073462636928	2.1499521185102943	-2.7798413844210863
-4.807087604736105	1.8238430428703172	-1.887880344928405
-5.82529400837118	3.3552160704730376	-1.4379167716067476
-5.917952369089392	3.5631332447733985	-0.6610193930768349
-6.380495978528842	4.054664557557842	0.9434107776777212
-5.711837699336132	5.219204471415069	1.2135789394904204
-5.403772387608367	5.503728731464048	3.1342638783496652
-3.975418954657692	5.36553456748077	3.25555545532466
-2.18516051652384	5.7291508774182285	3.372688241105028
-1.0656716917086428	5.265120747204173	4.630979989921366
1.251895655591277	5.279768506742453	3.6277154696721667
2.508787746081431	5.187485208562866	3.4135775271521513
3.1569073229978852	5.688975555461875	3.6879442435042895
4.840912494028735	5.314496288145788	2.1850508723389397
6.374814713116368	4.975208047321805	2.0130722555158562
5.683918514873821	3.3363508596285705	2.8425404514686
5.530682768041553	2.207797797050142	2.1776628473532544
6.556096149058661	0.7854734097428028	1.435328900398781
5.00886281464036	-0.4892880813617639	1.236871860978601
5.102547576967816	-1.917579761940122	0.11794181488030736
3.9369266264439298	-3.292506245788678	-0.5634691287443522
3.5178505099766317	-3.8868099187987606	-1.1808292437388155
3.216092852505567	-5.391563715532793	-1.956985797221184
2.2875178782212773	-5.5143355414585695	-1.1752347183842886
0.4904847170962741	-6.05237859053971	-1.7211684407778125
-0.6539944511860214	-6.817455900784687	-1.156531170496606
-1.8767125213047837	-6.391128826556674	-0.5777160153996024
-2.5179815178348752	-5.955173867263604	-0.5153847263443646
-3.321442683813361	-5.138938857617052	-0.06535066956181212
-4.454492049992199	-3.3897876731401526	-0.11318985908722168
-4.724812477767666	-1.8285890184175086	0.02201576424947732
-4.499016498581194	-1.4251560129900653	0.18509354342943476
-4.79383274653556	-0.13038748748047257	1.2610727202605547
-3.8828070231532688	1.4981002244136836	0.7879736393212918
-3.1802640157935262	2.8652427028997636	-0.09162117807883463
-1.3370474985313987	3.792851519771023	-1.0854577057188088
-0.7459975548138131	3.993642248889939	-0.008221444519207033
0.9166402855793983	5.6051819760978105	0.03733028545226991
0.36628025233587075	7.458744732717259	0.8418757214253387
1.9718324151716107	7.943947511037733	1.6875964441536002
2.824632724148526	8.705009758329762	1.6289409475345449
