3.8256140153200624	-9.604280508131602	1.5323292127218409
3.4097589503352026	-8.437237028503118	0.8104086804242401
3.3198660871892987	-8.713633941531329	1.0367286875923358
2.2116821301743514	-8.964506825994786	1.4763584374981193
2.750478205539552	-7.691742664374697	1.303716080717016
2.548998064317331	-7.602011735260753	1.46459385630404
2.623228994370284	-8.115575149003591	1.8805409607095394
1.103141067472735	-6.923957949461461	2.6291896019313774
1.2141376226783005	-7.308179048442765	2.5428630694569923
0.3904628310746863	-6.5015090125391	2.2715862579219763
0.8604791953995929	-5.4384418561040775	2.289115393656505
0.35330454546538836	-5.220696272043596	2.979895078586518
0.2534273666383417	-4.102053609621104	2.269651302814411
0.9475333809795721	-4.352969763240347	2.0542840980996515
0.19238393933446046	-4.57856886738894	2.106650352210427
0.2632078126329636	-3.876321920527474	3.1565955874150635
0.4422418497418494	-3.638882090054445	3.0588054301667666
0.9982552558334916	-3.444546901809673	2.574336628394192
0.10275217673612552	-2.601784175520095	3.6093054819437356
1.4190453774507656	-2.4757408529134466	2.6703451732033887
1.0137950282758423	-1.6894621721961958	2.902141536520957
1.8820667173981689	-1.2534042239250291	2.5633024519791308
1.2053258955694952	-0.5124688267807753	2.062733825828523
1.7703149133645133	0.16677790652784508	2.193967697774605
1.6220670369806416	-0.3454214600451004	2.444884431157901
2.415351652913782	0.09685964160248228	2.6240359509492306
2.6751125910247278	1.1093695974700075	1.6557353287391363
2.0760875594263606	1.8559142653306697	1.905934983022329
2.9622905159702326	1.7498185621903322	0.9291493893213607
2.2400781263802276	2.283094861360248	1.8184248421806593
2.3861149485673785	2.3384690570530586	1.4194770305271045
3.0126386259201645	2.8380320591677695	0.8576757345635267
2.606785660525121	4.042651474845663	-0.07539784325139062
2.5708321236526284	4.2552838965482485	-0.10689979450502402
2.6763411043891154	4.41533541910869	-0.519660976279513
3.184180573295195	4.156694904003609	-0.07223062961653182
2.7410392256841645	4.7408262736413995	-0.980902758826083
2.7493802896622626	5.673678396404911	-0.7129694831083881
2.4693487670678875	5.531774842086348	-1.5497343066946159
1.7964609062369825	5.8116903301400065	-0.6287502860186849
1.499670236155628	5.686870753469359	-1.8533487068327061
1.322936185523516	6.257251168328486	-1.7620495449082867
1.3840345539316274	5.905872717604456	-1.295647051186902
0.2759823802970425	6.950952943156714	-1.4392650762715617
-0.12951175068770643	7.066604702896606	-1.5867015746499822
-0.5223889825439768	7.30380760103273	-1.3714347228458057
-0.43808836060513545	7.072000015087826	-1.5738076542893917
0.02590551069812297	6.260617944193742	-1.699966506160304
-0.6730834064210807	6.589642745557819	-1.1658507642173843
-1.3274816763835837	6.900406352271585	-1.03763973481351
-1.637489950566298	7.204494968029769	-1.1783848082410842
-2.099343739432734	6.934563767518373	-0.8680720934454083
-2.3378551028120405	6.356068585140503	-0.7087383383509104
-2.3288259473875366	5.6343623353197065	0.06760111085274317
-2.311633217134556	5.591500282677327	0.832382545256025
-2.1394953757242314	4.880219008558891	1.0743676784713583
-2.771429338027729	5.152719525500553	1.1071626215209025
-2.3838196746954186	4.901919075976324	1.3945031635180456
-1.8268275965775562	3.870335535441247	1.5726591606140699
-2.149139813156574	3.2333351599948124	2.160943044969594
-1.263451505258241	3.1747145024850703	1.5645215882634662
-1.1575826516101195	3.475315746260579	1.1330485812886224
-1.2787245006981367	2.408911404122299	1.30674327700373
-0.7203528852989385	1.6582310733116246	1.275944983145319
-0.0024764327349366955	1.105104994837403	1.505265259438937
-0.6850273920651535	0.577308245340538	0.5285184733568625
-0.6510681388357571	0.4843742065023618	0.4518701106249586
-0.3725430826133856	0.44974492414656625	0.43447267696388187
0.1779639626225472	0.16203923601399473	0.15612213604144265
0.5710722226187742	-0.330014837275972	-0.6535394487540281
-0.3182047363693309	-0.9424533914586422	-1.0311113368648248
0.2892568002760211	-1.342770096238411	-0.666141031519814
0.018034623272405848	-0.9026721318614577	-0.9483125444216289
0.566363508416964	-1.6816267948752381	-1.2350073709241676
0.10280495132892656	-2.3892880751559895	-1.4338819221244532
0.46191637077338366	-2.733449408368207	-0.7484526273971713
1.5077284465074037	-3.3072404133280027	-1.199412347258371
1.5805127829567598	-3.5443135561900094	-0.1723726644569965
2.4487177619571523	-3.0923231650439043	-0.9695790279121894
1.943338606421467	-2.684822198542947	-0.6870813136526472
3.1939965723618498	-3.566470169768177	-0.2961937189067264
2.681874504062132	-3.1052631859952022	0.20718156102972737
3.2323318513407466	-4.050783997164644	0.4770468619913075
3.415686112744512	-3.2447160011676877	1.431460222524025
3.570115456798419	-4.180529155452456	1.2706201318799542
5.067301375000865	-3.88128711105577	0.9858052033493405
4.855857157141159	-3.6578693484445655	1.7894516721630818
5.533284699546577	-3.778870444889535	2.36457195466073
5.459245690961283	-3.789395065576406	1.972509288765601
6.143099302309503	-3.067709155018875	1.9369796380594504
6.358277325303843	-3.15036998995567	0.9169073750874034
6.81776783228414	-2.98193531834913	0.4270512186770037
7.252574630499731	-1.8956269602422253	0.5136013582441225
7.573910565616282	-1.283256252035794	0.15857179134661537
7.240312057150923	-1.001470485648476	0.14781472852349864
7.240402141209086	-1.4947428287223263	-0.1280129204471896
6.94230101664097	-0.36455207983179805	-1.1227519179839707
7.2782436615406105	-0.49891026192326127	-1.2295456451006885
6.572338959345035	-0.6403324593616084	-1.2310991381096228
7.179272569101306	-0.3912380687171288	-1.8757703086657087
6.279477351445361	0.7094030408748243	-2.1875095995490987
6.111265651565815	1.2485969957109453	-2.571111450958797
4.629028260572399	1.6532204321514508	-2.6878770650877177
4.793758530537938	1.169639917817156	-2.851165879049195
4.351332844475554	1.8143676202822991	-2.937746789514166
3.4319480948669083	2.061285117658332	-3.072347447710039
3.43104146923765	1.5010504586279168	-3.058194311249366
3.0269041367429796	2.0974138198591374	-2.3538689390277847
2.4741238167072805	2.340124418639458	-2.5650272890950294
1.8728565938638804	2.5943623505470623	-3.2403556520043115
0.17722392302445483	2.2053982701537143	-2.093577747018522
0.8900063707642507	1.217027949293752	-2.774481088736432
0.04044978093534357	1.255484520976957	-2.637435932632327
-0.5823507917802782	1.6998302293311123	-2.8185513252821757
-1.332983709223332	2.0826853467646433	-3.007300277273811
-2.1887879353963973	1.7518026143242134	-3.373957128544913
-2.3922294943644875	1.588649287052688	-3.0766326402271305
-2.7524274666504684	1.9935309654676459	-2.9353966342400586
-3.7747355942232925	1.508488063199259	-3.0793077073015134
-4.19566205230337	2.0782754291119376	-2.7970819828421147
-4.1769152147317685	1.714966418985039	-2.356928005946642
-4.123488153802711	2.1949540164832775	-2.661318037830008
-5.3534745493234235	2.0481529188006355	-2.020980835271043
-5.115995243297931	3.127236021789086	-1.9607748981369464
-5.557623462468214	3.5234497065068435	-1.6392359498196847
-5.972817679855942	3.547815563783474	-1.5113521259117566
-5.546020883615247	3.986340523183136	-1.3149827020085072
-5.999626282746267	4.228616786840842	-0.17103050167862788
-6.548650531309428	4.144089834761687	0.3583570566023414
-5.602935417453416	4.237079783189717	0.3201888232725943
-6.09800469396747	4.7213817359342665	1.1303053604721862
-5.988602133478717	5.088588665501959	1.2230657772159994
-5.650365282117575	5.270395362389159	1.515121479572082
-4.52650281199072	4.778934871264079	1.392996328336108
-4.973450902051008	5.320477458675474	1.7842035036313861
-5.42022484747764	6.449019936772557	1.9905598971382406
-4.042987424397734	5.258494938869255	2.2262273711589002
-3.952456211469957	5.451429695096487	2.8196821384206316
-3.922618859701484	5.614632471925205	2.6381688371168823
-3.636248566009237	6.1391369852917315	3.724141749241166
-2.18692560109622	6.00784627191644	3.2159796420015256
-2.244847442852208	6.12137052913168	4.045189169541224
-2.2631713079208624	6.187897682054379	3.922872901712478
-1.077023649423632	5.7413652593878135	3.865822825884947
-0.6975928040058713	6.1587387221311785	3.5944104111333246
-0.7002899877522462	6.340348433136553	3.725748900515663
0.3303532154894158	5.309324914436739	3.9592362129565246
0.6835944865055786	5.334006784231363	3.583399873335893
1.6610778680499756	4.880480629311132	3.251430004284179
1.8112131115841028	5.280674280832891	3.522845571361668
1.7382704023531155	5.7255090870604475	3.6916538784592428
2.957429714373281	5.1881489815105315	3.759593897047548
2.7881287839562368	5.164332002381399	2.895289694185169
3.0195834257332703	5.297684961872903	3.3456169182785223
4.318844378881519	4.980549082514421	2.662405112877427
4.8233937461824885	4.9504793768710575	2.584965027734617
5.202701823686427	5.495258228804182	2.9429302675374673
6.035412954606682	4.87257177918683	2.393699118259031
6.084180238868536	4.692587556729561	2.301850316817698
6.433129744619729	4.104377289853472	2.3704965621731406
5.739578484360823	4.173609378053788	2.4638202343475895
6.084319176984303	4.362139837470963	2.5129113558360237
5.783740626753682	4.2215536596715255	1.6644437506595888
5.8603436250895244	2.6395490092808114	2.6177497020253893
6.2610990106531315	2.50507378325939	1.8936590078117985
6.17129372782242	2.0255556047189827	1.644631620771108
6.076406748840314	1.804985825287053	2.0886335685587896
6.111669465264974	1.5467690534452805	1.947846370590856
6.285646716602065	0.8792333842064302	1.7513741948631205
4.972345059952843	1.0846060306054177	2.174042658435905
5.09011395071227	0.5277470217299474	1.1476622315652887
5.084446808307904	-0.12806077151117473	1.5488986386203245
4.5039250563191615	-0.3180871974854039	1.1024224619505176
4.40721839744968	-1.456802487003961	1.4314681706911148
4.895304826060693	-1.6804439798064537	0.22117742244917227
3.6720462338644024	-1.9587003429901149	-0.3937990569190743
4.376817657226834	-1.8771335105402196	-0.1422641725101388
4.763662759705889	-2.8757078823100137	-0.6370642200036335
4.435160039788867	-3.2580128317853627	-0.6248808403455841
3.949612327343447	-3.1593356926181615	-0.5269134812975722
4.17408708912058	-4.241219164262652	-0.6036393281157233
4.159256160095641	-3.941691205723368	-1.356534101894461
3.6263395419103546	-5.032338434755413	-1.4793784676973525
3.6068724938906502	-4.98984519554163	-1.8267902389014017
3.7221972212433547	-5.285861878075164	-2.057868398372499
2.768664070779959	-6.0114577254915025	-1.8413337993488965
2.6628673679956436	-6.292225650640146	-1.6925881080930825
2.0566568631201916	-5.80680823502242	-1.3657715218597255
1.2592916986544869	-6.179434497199996	-0.807187989509704
0.534172762102762	-5.258556856303657	-1.9561976953409377
0.5843445853244076	-6.231849135475559	-1.2739314303621962
0.8786225008469866	-6.642910924057749	-1.5291965119499118
0.30082079445569443	-7.217031126505827	-1.2046939709735405
-0.28764918844536325	-6.625954385086504	-1.2644070661039262
-0.7176310572746971	-6.833891083618362	-0.45566443048594096
-0.9166880663569309	-6.165433193754575	-0.9978495815514026
-1.77669875183307	-6.687810359029827	-0.6799219258657556
-2.1134509209040893	-6.420366575070153	0.0072143237581390185
-3.146779165258292	-6.061164101134046	-0.834341870628768
-2.5897906247118154	-5.706244547199569	-0.8763021640854229
-2.335564341408127	-4.98316685127403	-0.5895575803466664
-2.8175562408906685	-5.330569050168065	-0.18932292474042778
-3.4178019044178263	-4.96891253539738	-0.07674395896093877
-3.529735178391987	-3.9136211877340297	0.09633692366705049
-4.180933814759	-3.205625513063577	-0.16117367159755586
-4.498598722350619	-3.658846211368293	0.6841285705239566
-4.674734258235941	-2.288027759320558	0.643756960497217
-4.072197890489393	-2.922714494602361	0.5352793035307906
-4.996898835557723	-2.0656660702825853	0.7986346807427038
-4.850021424924635	-1.5195070954380432	0.5507949460297827
-4.542544415899228	-0.48483261269201394	0.2739215467698014
-5.213048366081673	-0.9004270311074669	1.1541489868959414
-5.044196037756768	-0.5194231919438808	1.05613147670673
-4.218710614856389	0.00527499582715657	0.696287248246577
-4.962148696620615	0.29008871654584895	0.439601641774743
-4.686093788782023	0.4604490478299877	0.6549744593265702
-4.179098361773021	1.8373274754291242	0.3507970153139147
-3.50143237600342	1.6799637867800294	0.4640236906477132
-3.7480052668046397	2.5822444789074654	0.053976315292379895
-3.048989891839436	3.0972947802404716	-0.4328648911979229
-3.0599503072261958	3.7131164822300997	-0.7285713711643407
-2.6228239492073087	3.453681122286491	-0.16976518923449047
-2.2065658447412004	3.5202788039776465	-0.9212854070477452
-1.0736905378990191	3.687697021885148	-0.15006083903449174
-1.6063308989456284	3.7910126047211867	0.2985605076871036
-0.9234724670320046	3.9803512066558793	-0.029721054411200543
-0.6034131661677824	4.367055422131931	0.06707125031673888
-0.5061435784781901	5.013228876812749	0.5556077984606657
0.44656341056872045	5.239799580932232	0.6503160087275257
0.05249714326724758	6.902926765686983	0.008255769359616458
0.7180311558248832	6.665338354702052	0.3643868601516926
0.7308839924100896	6.740578601868073	0.696300838773019
1.054370415669393	7.721837161595349	1.0838454167245173
0.9438848504573951	7.219046026501607	1.5487973324741793
1.8654784403109939	7.8488507519095965	0.9719809028306894
2.2281439054321694	8.759939596806129	1.5094071936454947
2.235760420706616	9.103882821324621	1.462038221559898
1.8907611462124576	8.596322501936307	2.1029085323497445
