3.552780244611519	-9.709928703216837	1.3546981064613104
2.8858734526742578	-8.962612321836438	1.3623906442920182
2.5842236840251545	-8.943323120577565	1.5171084706937805
2.30605783942641	-8.977573474579629	2.23243013851497
2.251500194393799	-8.201435812158797	2.3256042841768947
2.804254816583827	-8.434101240395043	1.9488801559904387
1.1834925587109322	-7.837940611869883	2.7012292295050635
1.081696536704868	-7.194073863183319	1.8393749689504508
1.1498947699875643	-6.79101417776088	1.9966128698508443
1.5248038187662323	-6.666417038110966	2.021291148310931
0.17411506416938918	-5.8644227821401005	3.0926671554233316
0.6386391081973434	-5.661899242457606	2.7687894800988886
-0.25015055865565555	-4.236084037337776	2.527146471763144
0.04797231784057848	-4.827056534130264	2.1636940730965306
-0.23238001444906814	-4.1372700717473965	2.791816284450719
0.6558197887430939	-4.281804130725603	2.5793198781227096
0.3544666405700149	-3.2980840727321397	2.2226901905490517
0.46577408744563703	-2.689977882606879	3.119459518079797
0.10132563368749198	-2.9141013579846176	2.624782843518932
0.5391796533741647	-1.9646065600339064	2.753227039054887
1.5195465171153357	-1.8316360764305055	2.232794174610996
1.3482227149598973	-1.1657529524711512	2.939147378546474
1.650994082447375	-0.77648638105108	2.276112722492626
1.6753717801862955	-0.1395119265841469	2.1109986716992015
2.479162341869499	-0.30582803685402654	2.6329339719340807
2.279007023124424	0.4826067814312752	1.8872984021645427
1.8830280674884365	0.4614754796635428	1.5175273329037366
2.0490278950249707	1.895894350749285	1.6791298231402108
2.497170648394348	2.0442804526230938	1.3848655759606507
2.6791784338032145	2.341898180632901	0.746716981507188
3.0480460687130946	2.4230787099842885	1.0216096093068479
2.6275109349835275	2.5334740615861686	0.5936749877744395
2.8408611224483593	3.3680183652828988	-0.05784686832344785
2.732911810423404	3.0368818299287526	0.5049480207574824
3.122346642406605	4.09231232621885	-0.423632067780685
2.836924225639799	4.179443568929783	0.29962473219168007
3.1169501578245162	4.931227727652992	-0.9647914881514941
2.6498862664912464	5.0620398000047775	-0.8187742906939115
2.1396390697927696	5.40755782422644	-0.715478962925234
2.372105956755063	6.30815587734347	-1.6541289188186066
1.5551564159958078	5.919309979346242	-1.25305114384504
1.3061234364641696	5.843883043034477	-1.0432185470521471
1.4777213418148434	5.819852544971476	-1.3553058172337396
0.02429296917710551	7.021061309373545	-1.2579353443069454
-0.3101400963395509	6.8428541522446675	-1.1700295738523263
0.6242838564855552	6.716247782383766	-1.955372048130019
-0.43464106091677157	6.8277296222823	-1.3668924691760367
-1.213154052094049	6.151963368329615	-1.5183503141685033
-0.6772280430564421	6.762964506948631	-1.5884627223173258
-1.4825587448180741	6.286470392758861	-0.2997246828207474
-1.523999426194943	6.446921725318718	-1.299208883105094
-1.157245780308548	6.447145033102001	-0.6816565775008241
-2.120075041759763	7.066321329966802	-0.6556711187643225
-1.5456140072260693	5.517254415387495	-0.04973242394264732
-2.4529766792107823	5.677614001091327	0.8542439794836716
-2.508730027112401	5.8740079904655875	0.3741929676582792
-1.7025885738506896	4.353821309845212	0.8430870988594097
-1.7122808534010994	4.181058653152237	1.3727394611632147
-2.180193286119664	4.115861351519258	0.9971850714159312
-2.0225804547689408	3.2333576783610023	2.0663538277921925
-2.0985296089315604	3.3654099304508804	1.8174582522346507
-1.3759723729052018	2.4586683993996834	2.2713425993297234
-1.166123453502655	2.1273871636358392	2.0855874106937904
-0.8817898511488411	2.4214554904106533	1.0804458159089199
0.25639261345801545	1.644661470545695	0.8276679449573461
-0.3003268467697132	0.6915284129620836	1.6095891246477683
-0.21382641452329026	0.8774663455139947	0.6568608514824206
0.6260780008537475	0.16804121460006954	0.3381869538123204
-0.49418610986201045	-0.44774912042623005	0.13365920563983935
0.5955254772854522	-0.6728263466645306	-0.657842463721588
0.5329984867503452	-1.0281182880127868	-1.0879904827538776
0.3720815420871548	-1.5876760340709097	-1.3285529430835086
-0.2792488435863493	-1.7585794452101806	-1.141197306973806
0.2613038514274588	-1.6197859261865575	-1.15163454683997
0.7318611885484706	-2.7486890621048374	-1.533246495916135
1.1608886394774658	-3.0810131225972692	-0.8278985200329774
0.8693974973376509	-3.324253500936345	-0.5802010750737499
1.2420205713865289	-3.5141429241298257	-0.040375884098325265
1.9513244107466359	-3.7347131574107792	0.18631041777900115
2.2580159564160436	-3.595299364492556	-0.02272311584950948
2.523290488806411	-3.323557771507323	0.6835407281776362
2.87794954755958	-3.9460906100105144	-0.03368898454427535
3.0094323056756704	-3.7749170052554324	0.4806144044376196
3.2510857791209644	-3.6419294422650204	0.8754956426043894
3.96892898930239	-3.901556772595403	0.8539410497541553
4.543837138489806	-4.018189413009078	1.7903653272357603
4.867446678628418	-4.202180843080945	1.9929478737668627
5.184689053256549	-3.620551566774024	1.9260872549412547
6.842413852003084	-3.7748335449089705	1.1386554370623558
5.90603132832732	-3.5948572114986033	1.8141133749559661
6.641242379126239	-2.4562039650643803	0.7341165376076323
6.861428156566831	-2.785173022845118	1.1868530724332575
7.261806480354688	-2.7085468394132715	0.8598418918817127
7.252316029236636	-1.263581410058362	0.18082205056370837
7.694568906723649	-1.0365629967219268	-0.6260314491444463
7.006270945610727	-1.0085292720682253	-0.7743880519874509
7.541064365847282	-1.095787535265561	-0.5026796652371275
7.671188684413799	-1.0740384083957972	-1.5637256591933655
6.100166219014469	-0.5579386684719865	-0.5281835372160701
6.320698963791763	0.5279402514738274	-1.9348859678108377
5.758085338218478	-0.030978716392974934	-1.3488610595718535
5.634422823661682	0.34061718427197313	-1.272567789086522
5.429460364784147	1.3905175666615062	-2.5706022694628534
4.407027335173331	1.4820727858500402	-2.0287094670987935
4.099542007082269	2.0589603263377674	-2.3896640081888263
3.466291307992601	2.1236092288543578	-2.3005592094725404
2.7707087075089096	1.7822554235870203	-3.1774773993314698
2.6636559724484377	2.3993589590443687	-2.842079116717051
1.7924399691404687	2.7003222672249536	-3.3185169986172043
1.1692678817667426	2.3828127139732302	-3.104720982116416
1.0193030898114188	2.5921711227158237	-3.171096274020607
0.6697459251089797	1.3089162365077185	-3.2983847843212803
-0.8208640466890623	1.3381459109678198	-3.126097035432574
-0.40946184012038267	1.3638724540575795	-2.95620163735147
-1.5069643554396404	1.3209240004387568	-2.1836276553850142
-1.0340973636437427	1.2170984623928736	-3.044405521551312
-2.321447181061467	1.9768232696379966	-3.481660493364859
-2.4986452866439572	1.7369119468757548	-3.1099023730168076
-2.964204899100325	2.0213215125572788	-3.094840064192215
-3.2375808423114787	1.5785001805848808	-3.0532843199946247
-4.488673965481334	1.4853291492423715	-2.7102154417237414
-4.704574158931284	1.82298078515361	-1.8042913732853563
-5.625253599939795	2.1819133012252383	-1.9174816533196244
-5.619024560064574	3.2802652871989224	-2.0255880582082657
-6.008507639713751	2.8374641494112085	-1.4041416259023864
-5.05956142045187	3.2661044836154987	-1.5148466559397145
-6.488455636892919	3.4314233911133	-0.9693472062189077
-6.432242062715445	3.8448632872312	0.06449107730473158
-5.929892926330617	4.316494796389276	0.18577606362910082
-6.413742714530642	4.238241515062388	0.13153278399073948
-5.298660611708481	4.232927322496885	0.5689287895802695
-5.356923550233126	4.70638234628253	0.3805378327686543
-5.6013126759083915	5.96640670471579	0.764199513064061
-5.708020384275866	5.162627540989722	1.3404263141517807
-4.998686115573827	6.0687244782650325	1.7057001025180054
-5.078112349536399	5.981937438536033	1.9755315072949287
-4.308381725770677	5.334318416963843	2.9823949253249316
-4.164700278735551	5.170045552932364	3.317002209715196
-2.955534267827912	6.073792785476526	3.0695350790713825
-2.6748513721693548	5.924576374897915	3.3237173326663707
-2.3287467381541305	6.4302058576105185	3.2018126821067403
-2.83226441829358	5.641864834747559	4.182149272910557
-1.5752694922166044	5.553783465875901	4.210835723294271
-1.3150025387235615	5.964941550714281	3.6072231922362907
-0.9823578942195862	5.676385089312965	4.583737175215177
-0.11152460031230271	5.9286183995861395	4.138326635306933
-0.050281500965085435	5.468577724099094	3.478115422944141
0.26672570988316147	5.669909675527529	3.3297678326794107
0.6405431011464017	5.41850682757889	3.7656422650181525
2.1326245055286273	4.797252904425474	3.75194427019866
2.0666958901351298	5.224844595424261	3.928944677199272
2.8094744403922522	5.227399601792646	3.126611431748479
2.553836793491663	5.013417467569247	3.66429670753085
3.019935750390165	4.878346188498917	2.896968958686172
3.839216055368137	4.9938685191614445	2.659051484556148
5.025837949799907	4.99718783607789	2.402675960270028
5.192185884644844	4.7895644418297785	2.276423804502773
5.665849630008221	5.264001373724111	2.2626282426824824
5.127416800628153	4.836697131315534	1.9387205061047643
6.32048194811191	4.032558252470385	2.657623266378706
5.913944571152331	3.9872364640585007	2.88929365802308
5.714868479953777	4.449895557650936	2.4427628980192444
6.146265819677325	3.927816450756085	1.8895421157352938
6.34354501677344	3.660814675958374	1.8806158253384628
5.343526579191842	2.9019260078049998	1.6752491600675228
6.414620746000053	1.9737704659986086	2.0766532417234274
6.036763335580936	2.179019053945595	1.6311115263303084
5.64138185997936	1.4244219742698319	1.8783674594882191
6.373712276546925	1.1950011757573493	1.338502941676416
5.549173205888111	0.6648272261998563	1.4928816306544153
4.575145971860541	0.07046825945210913	1.9589204931537378
4.460581461218668	0.05615503431324598	1.2769188495367716
4.6744319935598675	-1.006655242708775	0.8612223103896075
4.031937341288861	-0.7601074988695373	0.9554470761579057
4.681567325762368	-1.4394332938823458	0.5309384895806504
3.7241357068016274	-2.367330160461892	0.06611130451363034
4.697188032282206	-2.591819391654316	-0.1442866960642497
3.6283058376494806	-2.9426418424024283	0.2864545626382091
4.771008888574542	-3.5726708147077724	-1.0124424628668345
4.103505306686448	-3.875773089960535	-0.5200590016020525
4.115931759531053	-3.3569162389982683	-0.9886085892601408
3.7533759799123594	-4.132840375531227	-1.0756041534140874
4.121568659353184	-4.84731053201929	-1.3570748792234595
3.632363093949388	-5.205713904005566	-0.9616824444038297
3.121305823265361	-5.000622568968839	-2.011428963716087
3.061939599964947	-5.229976571680292	-2.0127897981917493
2.807534577733308	-6.175488762639017	-1.5810603749546879
2.0693662938405275	-5.97631375280695	-0.9788866733877275
0.9323013821850274	-6.148880503048449	-1.676869796670239
0.7907756797819068	-5.263741907300849	-1.3313030214186055
0.43232682185240956	-6.491154580417481	-0.7981579967142134
-0.2575148899431481	-6.830726001255602	-0.7022915695708989
-0.2603965485426485	-7.111067293909421	-1.1946738027758006
-0.9194154551521436	-6.797300065327529	-0.5148710368211149
-0.9487905142889509	-6.935079108703635	-1.4983400532305233
-1.1420217244421105	-7.036271431531555	-0.9676878380657256
-1.8477163615878849	-5.694334034683056	-1.2715363928684744
-1.5624445703428924	-5.898533390008967	-0.6953568000758417
-2.976882279557555	-6.167735572311872	-1.0216940930329428
-3.214637351664552	-5.265370942273288	-0.33784459883504714
-2.2612455779268643	-5.427889813453242	-0.7881803877780136
-3.5759748076264652	-4.378436083609814	0.11288913258094857
-3.9100672129396026	-4.343980278618249	-0.12111649810324199
-4.132238316777876	-3.510574979281512	-0.5389001759847653
-3.3785111939947967	-3.9628078400490034	-0.05440485604261586
-3.496677423891896	-3.3584169966752384	0.13803044525947056
-3.709024572032037	-3.227330943074784	-0.13102581102389074
-4.903530212668738	-1.7546697850177646	0.5663509827148239
-4.170473600688355	-2.2042348469886166	1.077325645072929
-4.8968684839067365	-1.3234731033284344	0.34498932959418244
-4.9692924331087935	-0.4587617207761181	0.4509387110949581
-4.54044336079321	-0.8790305731525911	1.2885481930545821
-4.6978000448217045	0.3010037921930643	0.47396309214244803
-4.442077705301187	0.48409815564554354	0.5416649791540314
-4.56183545826465	0.33810864523058975	1.1004891952995197
-4.235228438203944	1.1994609164061054	0.07746438142836029
-4.306165995182074	0.8884674209933783	0.9448790168313336
-3.519833824198761	1.6243481284399717	0.5183208994155147
-3.8941529702237605	2.0428626649994817	0.35603306082205355
-2.9511847648997804	2.3426634656852197	-0.6363514313589006
-2.913345109557797	2.4329145874276827	-0.6779579466425876
-1.904517637443539	2.686721902634617	-0.9606470774939266
-2.01155077979845	3.707856135913609	-0.25254894170619346
-1.1441831560029578	3.3185993427987395	-0.2497902569790429
-1.5430607528637186	3.744478593467757	-0.600667362887902
-0.7474078707360378	4.868773047132443	-0.9385271549806564
-0.13859045596595487	5.323262577489693	-0.200756197623413
-0.3706850265670182	5.609445069020301	-0.39911286790236045
0.6878655442602621	5.410807195849265	0.5332407968854933
0.3698744560468487	6.7012141941339465	-0.012230300221061877
0.22780785465542405	6.243712167496653	1.2828571496872545
0.2942063072750134	6.272775186077723	1.1992088149175941
0.5936718393984826	7.261297143137541	1.2345737104687422
0.9014371619752182	7.29421286062017	1.1599546176999964
1.245311565352694	8.094013563029343	0.9247089053276284
1.6405412265961907	8.733091707838383	1.1170676158873987
2.0118650542370364	9.131253714317037	1.455571791346285
2.828864587363153	8.912534152635654	1.7015329264588415
