3.1703289416802565	-9.637894524466915	1.7996494296281713
2.50945214742883	-8.933461974196266	2.036484324164837
1.3743824070851256	-8.07139597665585	2.650704382392952
1.432681330089795	-6.978155473593292	2.2934185745839706
0.39813773049153717	-5.157086401361299	2.2773840373435266
0.06809845452181978	-4.293060691269633	3.0041953564626285
0.4689743039508665	-2.439986079977798	2.825124896827026
1.5925923796648442	-1.4049596215886901	2.9147572381216005
1.5225617272178622	-0.3555755996669053	1.9841732699549854
3.0848439842942734	1.0164021994238273	1.5296715939762395
2.934638391654711	3.033907725779044	0.5114154565601874
2.9150520883879047	3.0477652614751096	0.11169543124564446
3.0211690094199968	5.562572519061224	-1.08912084063582
2.200947199536479	5.275694145632053	-0.7262067727918313
1.563767239872634	6.081010051648651	-1.5318329594736977
0.35552272341033586	6.547337230220781	-1.9379979618217973
-0.9877617899146536	7.0293463828815375	-1.172443653398976
-1.482006058535513	6.47068531104425	-0.08679347322178166
-2.587935666123899	5.6294018221844	0.7370125294180179
-2.7202015556143793	5.151350841518585	0.8336003440855487
-1.8500275055646747	3.7691671828034776	1.3609582004414396
-0.6138799851887036	1.9514752372578799	0.9295420007834376
0.3742798187527765	0.8943796978449424	0.16392464090860703
0.3317076677964531	0.008525963396072367	-0.1942919619953588
-0.08853641427176862	-1.748056046978387	-0.4251822947317674
0.3005939085132394	-2.426998937861816	-1.0808649858540633
1.8167979838881365	-3.633554162849665	-0.17092283103525008
3.316710752157127	-3.8291439998346983	0.5814091631107998
4.201541355371176	-3.833752952449031	1.3762874386244484
5.911932341847071	-3.3070698778102248	1.623894109216295
6.473260931024424	-3.363848022717332	1.4977327079040637
8.044348221299918	-2.5542864034444137	0.1907955282840128
7.659860577861352	-1.3273768999667783	-0.4772305931722636
5.889747533444243	-0.13386068244156984	-2.0071445056820703
5.1035738095417855	1.7604295576628535	-2.0260455778594384
3.479407521049588	1.9133940016126028	-2.4276881134242982
1.5884781514475899	2.813381789961163	-2.306443140256635
0.4617053170687986	2.0679313485849806	-2.757299879819934
-1.039406341122695	1.6021542784975258	-2.655564122859551
-2.258716300018836	1.6789467025101616	-3.4036407748125295
-5.104389204257002	2.2835326879836675	-2.4541763285726077
-5.287188817908148	3.4521996722806696	-2.317231959351498
-6.068899440940331	3.225838083025957	-1.096208840995934
-6.170812867370077	4.017635410344677	0.6614462177054625
-4.82028787969129	4.97354273056444	1.1343473662459345
-5.188437678888698	6.442494260248829	1.883818968369006
-2.8081272693017314	5.468226453232901	3.298745034236477
-2.6781866130422873	5.644618666652382	4.167254485840425
-1.005050086226833	5.384541792717686	4.5992748127966765
0.6123142346791043	5.517244422575887	3.461968326003567
2.1125979103761594	5.241212317595696	3.8018507973248514
3.6856197136128266	5.6369009766961815	3.256576421349214
5.061162017442902	5.265112147435427	2.8218536165199026
6.109819621837711	4.997129177111989	2.0109604672011514
6.667557960651269	3.398473957801382	1.653341024743898
5.944541674496669	3.021178624618144	1.8351586186940756
5.848073842275651	1.38173029134582	2.140038394064752
5.014146730156735	-0.396941158669752	1.9822862867284066
4.655614220514872	-2.0206191086572947	0.47852041867325884
4.079848855696463	-3.192061970883714	-0.6292388643358355
4.294410785305303	-3.4701218241055756	-1.1129324694189597
3.7184776659607603	-5.166158492295834	-1.8455662805587583
2.50610004462343	-5.450048511524035	-1.777258555150077
1.159044542689735	-6.392997935545228	-1.431835464731616
0.04965377419049766	-6.629087844951358	-1.467805691228129
-1.4035150802375265	-5.943042693935983	-0.9940029855353296
-2.8007165171192954	-5.432650737198221	-0.244480591570585
-2.3722128902546293	-4.9312216217952	-0.43594094986471194
-4.242334451781104	-3.4170328542208392	0.5994446105661846
-4.082116776903289	-2.3516381288987076	0.15146612974819051
-5.094759113553182	-0.5094079342625115	0.1459837068454464
-5.033819635337481	-0.4181142055503907	0.597293515235994
-4.196216937764518	2.215623004996564	0.029182006395395144
-2.4000091989707686	2.1053918751839054	-0.36021075897714383
-1.599333075819207	3.248699429853711	-0.4508001994486832
-0.13773375490894724	4.132291864856936	-0.19278451852869116
-0.13277783643818486	6.2060689798237405	0.3860375683746599
0.9296307246010914	6.790672036229402	1.5429700000906512
1.1946375151031188	8.762137106330417	1.5844481108015662
1.794154652366802	9.164572942185288	2.1785245000110427
