0.3921563174929739	-6.355255004556599	3.176132666859805
-0.23356631407278117	-5.313797608445867	3.2789204386031887
0.02158469835921556	-5.375540954154638	3.835448743197919
0.4534753820439805	-4.70616758907617	3.0671744622839308
0.09260201643542731	-4.276246942189446	3.009604594355963
-0.3401957035138139	-3.9492589414626824	3.466399259739751
0.009397937538836443	-3.0298449057942123	2.7347795741320935
-0.8609889365407466	-1.3504707200590194	2.655681544408128
-1.0416999426493245	-1.9102255052282575	2.6423210173905813
-1.3302552089284307	-0.756721557026697	3.5714192829203384
-1.0912286585849291	-0.5635078924986966	2.9793938662413395
-1.7382300194333749	0.1826570748786248	2.7057541843258277
-0.7379933144181523	0.9597614430576638	2.690297362288037
-1.5910686447251465	2.9963257095559426	2.1707991746128963
-0.7630558965053085	2.7340706844363916	2.5935106262333507
-0.7357942877871106	3.082407922272973	2.3168466053416785
-1.7004575587202433	5.020143385637289	1.4902588499573763
-1.2738530167838218	4.84299320558102	1.3747070854553523
-1.300190270033756	5.5222105305953715	1.3116347873346554
-1.9594515387275426	6.9957373218697345	0.7767425605731093
-1.3151701978868917	6.958289912588223	0.9283257615410941
-1.0298777908060746	7.183995078777223	0.42652491539792714
-0.6203640619608951	7.680048084999864	-0.8801693779989158
-0.5040088930420721	8.341745948246343	-0.40598294964858517
0.3074374628279325	8.008369544367925	-1.2909278486719162
1.1433971230089748	8.514369302416611	-1.5008629145328418
1.5707824086120183	8.948466845796073	-2.477059363661201
2.3139884369945776	7.536818627659908	-2.0903507930319485
3.406591198491781	6.929997810739632	-2.3287699815562144
2.7596325505404815	7.636540224244624	-2.449075659335642
3.644685621853158	7.0757897281691875	-1.876077151995486
3.6510634975151515	5.5209872654823435	-1.5722825019091042
3.4511813481713958	5.745791671860167	-1.1501532832249601
3.8623146432335194	5.179059715899351	-1.1782367683309745
3.619940004462057	3.835227077570824	-0.45327063851569943
3.792964121918488	3.541916046140215	0.3926058038073781
2.9333618852300383	3.392661525982164	0.3231032110556123
3.125932281472747	2.2225477527866695	1.1861245955239106
2.335791601186651	1.5039904341619945	1.4317757720571282
1.942351884065762	1.6832672497115193	1.2932336848257129
1.6090004140273306	1.5101639782604177	1.1705277192345687
1.9139360768082503	-0.26574196233047126	0.9116851800221906
2.4098299612753626	-0.9265514624696746	1.0142318049702141
1.766495536622115	-1.2888516770360738	-0.12095831076580094
2.1050048635620424	-1.0826357880246489	-0.42294916829142604
2.314939678812436	-1.5572433351841781	-0.8114757585100116
2.3206563373716387	-2.327126096956727	-1.0864723715669997
4.031038601623616	-3.1843717511997283	-1.7015366319119964
3.9422580208424547	-3.0560685126120277	-1.8348134703936108
4.07527114379196	-3.350369790056033	-2.064973625918676
5.469141942986515	-3.9558517216046787	-2.0558418013647852
5.521599223892055	-3.7934892348196234	-1.3149150598885269
6.965293815044036	-3.086217309441875	-2.1986511175600936
7.243723912830777	-2.700075696778094	-1.160211836201156
7.30967554417365	-3.2760275947631916	-0.6925257318897988
7.750553790238177	-2.2265384325681388	-0.219126105615555
8.233168778487606	-2.431485648347877	-0.10603176919836799
7.874585616085975	-0.9702133165593767	0.5480510713707749
7.720242285215312	-1.1154441188028879	1.5577222021231576
6.36038457170879	-0.4707807965394385	0.5801529864189963
6.088214648210476	0.8944531237860768	0.7237007186623603
5.16979419880427	0.7428650025728311	1.012775034711637
5.095907188625883	0.4495674618134564	0.035357647765644845
4.700855803388783	0.498896416452639	-0.43673323860286584
4.305831533660222	0.8752291266104755	-0.5229632822695426
3.345238826999598	1.039755230073336	-1.247385744848142
3.2749872752217764	0.5203864571752046	-1.791154547774859
1.5762950966330163	0.8633308539928308	-1.245449763455901
1.638147997431051	0.5262961667016128	-2.0954654287691223
0.3563976802489878	1.0929423018570872	-1.978891034720227
-0.051163562713186006	1.1025381271827186	-3.110527867224209
-0.8937942476823808	0.6051323649743068	-2.2826594580852975
-1.67640303303293	0.8815734696313677	-2.862186850646763
-2.2690210432990234	0.8809897069761689	-3.30333752658527
-3.1543382658974535	1.6350627555117414	-2.788464647063228
-4.225551451693527	2.335677274272489	-3.4213239955343684
-3.474866138071123	1.9176424948754194	-3.2165376178602725
-5.161886849511639	2.538278178304288	-2.37851540259762
-5.301093980351353	3.122570146325507	-2.0872043587590343
-5.487434923979554	2.956508755210781	-0.8803808781995954
-6.263050379930091	4.137555024679281	-0.8619116689478297
-5.949689905919715	3.8344305969387737	-0.4907929334842994
-6.162518128291499	4.613202681924095	-0.2616604532740452
-5.590303157302635	4.6043466950457415	1.0405244540287995
-6.092748756899554	4.834855570764651	1.129331124226292
-5.521833073388797	5.5341850340095675	1.4973870500565711
-4.723011934777341	6.189676169965639	2.3561695053918363
-4.566723424485828	5.568007124171522	3.1647399316121385
-3.7428714828983938	6.365607421273321	2.7586906664346387
-3.7736254006177354	6.051346852136382	4.098184617508337
-2.889972453676955	6.45708852360054	4.628488554398231
-2.601995243275268	6.351743202125071	4.200442655299934
-1.4382087506407428	5.983932135419554	4.758190683418509
-1.0588548094186527	6.683124237625744	4.2588249178874875
-0.7672338750016656	6.060682408233831	4.3704388602360185
0.5089400337616501	6.120624986290566	4.462160389422619
1.3324706343129757	5.501878788429373	5.214441836424047
1.9442632147826733	4.770994301561577	4.86028216593642
2.4308356668468396	5.373159113573877	5.1303340916936095
3.4880159173556002	4.898289966587962	4.619226157846298
4.210884086134096	4.308269179823274	3.7818517570894765
4.498572499243464	4.933902884860208	4.148562515844962
5.591334514802478	4.04770282426485	3.711457899552814
6.114247240369553	4.25790131519942	2.554296496007412
5.74180671107823	4.088850816529541	2.8375656487723635
7.194940042369793	3.5490283372080533	2.4574257158843533
7.035254380690741	3.6313979867435267	1.044556768904775
7.83413716362225	3.269931246742482	0.9478923609781367
7.638901623369754	3.151385568655221	0.5462083609783269
7.375683049393674	2.7221303528374854	-0.4633641252880008
7.922563638027837	1.8889275923342637	-0.42686534940680987
7.838748644004497	1.6629184499021492	-1.4169495670620527
7.576337787039648	0.5084885484896507	-1.233480516397622
7.063886837435	0.36534491862264773	-1.1918945934293803
6.043653063961727	-0.7993623192038186	-1.7121722094486147
5.680074447093611	-0.607783818121848	-0.37127903968431153
5.496048975351545	-1.3017252953247596	-0.569361294397224
5.531981781707891	-2.546235510929086	0.3950851278084624
4.99652083492823	-2.948091826748551	0.6298981799366864
5.1954612995593585	-3.6079403261940017	0.9725881091288885
4.7895394907492825	-3.1833470986753216	0.4534825499057834
4.225520698174426	-3.8809635941460625	0.9524393996707838
3.683506149342836	-4.557143058727058	0.5408634026732682
3.247091502069928	-5.897922701150485	0.8914701065262641
3.444406330449814	-5.532262414149774	0.6119661720618711
2.4388147027549874	-5.501990161244972	0.17089032893722156
2.103749833963934	-6.130486354181684	-0.30456061866653605
1.018514151186519	-5.557045553514957	-0.8755042283994658
1.7300673384503744	-6.4558896629542994	-1.142982569041908
0.2102610807874682	-5.5437131071949	-0.40567659226748587
-0.864175707594842	-5.822798318992556	-1.3326994694869894
-1.0204629425791005	-5.689762237841623	-1.2864151277258278
-1.1805101813969623	-5.389433138426589	-0.3996219932736047
-2.504147630148264	-4.832634899431776	-0.4872281995816292
-2.1846900815795456	-4.5099444020514206	-0.4549184449063792
-3.300217956138199	-3.9435831888079282	-0.257306334530892
-3.6293234129804124	-2.3625062805014077	-0.5147510873013112
-4.2382611342350796	-1.6847084165987325	0.00858432900522288
-4.26039753068916	-1.5458729548581347	0.34122287301187915
-3.7966006282545046	-0.41371723900251656	-0.34247379690874447
-3.8454651513681792	-0.5091079018356979	-0.007578919609199486
-3.376361861258413	0.055338495703582846	0.02041851928891264
-3.472008745092839	0.47982226058427013	0.9185706938608893
-3.3476012156157493	1.7354373445979558	0.2699829918443126
-2.976247584858313	2.318607542014928	0.011345416369375583
-2.2929337822249876	2.500994669616874	0.147591046383435
-2.05645202681902	2.7412260572475438	-0.3428937880020714
-1.938228734288137	3.151237766755	-0.42724602123989186
-1.0726217565923586	4.26477295738778	-1.3474227497992783
-0.7378939868345374	4.640445632925555	-0.6770148101045497
0.450760727273635	4.701462787769988	-0.5383249392636018
0.6361807644574758	4.570006038835901	-0.6883790259809013
0.6999558751536605	5.395615342464533	0.22554850702264018
1.211263260808531	6.670109043361441	-0.04303067512632866
2.163588605763816	6.790278541494606	0.3038502990069947
2.642483569462586	6.611915881175421	1.4980680563999775
2.4362528745584937	7.075754945753001	2.104376698058283
3.026464475629964	8.287789015677754	1.295205703317971
2.9361017534339693	8.19262285451726	2.5936438936253134
