3.2659979771583343	-9.409638517759168	1.6709821075858802
2.80589620323386	-9.419409326023969	1.07666058518383
2.9805929808950986	-8.363831741129715	1.183170829657396
1.6727362272747643	-7.267877189479004	1.3571130880448274
1.7700563453828657	-7.341720816516767	1.6340037780783996
1.5496888210302284	-7.670091051963839	2.405308539135481
0.9076311985574887	-6.780345832776899	2.5769976088823956
0.0471820907787473	-6.0214489955893535	3.0406660131333956
0.41456136781372915	-4.611442771488406	2.907464657862344
0.7405046535578148	-4.691134192997477	2.554953970393937
-0.29034191290771044	-3.3705882191278764	3.0364128745719157
0.05910488414844953	-3.00653548498429	2.9722555076553387
0.35782489074107116	-2.587928857588051	2.714979208713178
1.0111428030699323	-2.298270558502976	3.4145258602892143
0.7776329017764998	-1.3378031607055918	2.6805718028179344
2.2119033466890445	-1.0020122491822996	2.0419963666762313
1.408618097381605	0.5499092828127962	1.8339694519095588
2.6697425691949594	0.7051502416461352	1.833751585194518
2.4316622835964683	1.3456028666084316	2.2721860345641423
2.570741708394766	2.557924262993723	1.3160046291432734
2.7670328556276234	2.6167086895989744	0.7002123458396182
2.911768805611204	3.0652371197609805	0.5894438379700043
3.291605077580868	3.717026854640896	-0.13720721612274722
3.086832142604946	4.843285652762035	-0.6561557657614395
2.9297884945754604	4.80711911659835	-0.7313962510765453
2.6002055048989057	5.507611850131264	-1.2482508065435791
1.8781751617070777	5.352966263910738	-1.190897042875494
1.4780668702677469	6.02032985562688	-0.8741622420038824
0.29939774489486987	6.558389818100563	-0.9221191279216163
-0.12442686730246935	6.269233455508223	-1.1106098178564257
-0.15858311419553128	6.787007641516977	-1.3056415953007954
-0.8893450161743692	6.548855888405461	-1.9200310035670651
-0.700087618951433	6.26998017804931	-0.6737747714318842
-0.8765613595630273	6.282187626454851	-0.7928939378234121
-1.625608137076345	6.841919779813784	-0.26992918497699336
-2.2574158614868622	6.125078424057317	0.46668274938073384
-3.0789798410093523	5.589153693553636	1.348423433961356
-2.3175277382126107	4.7136990347715635	0.7978343762927576
-2.1380410536788474	4.299743625770157	1.810618950980276
-1.3361666599806101	3.2713628027954953	1.0688079962744823
-0.941304448879343	2.7216818766352024	1.56026596695081
-1.2880291583465393	2.147760094543387	1.9850728300464722
-0.2763258541521114	2.3804524690198963	0.9550854592353089
0.12109739575413603	0.9002434860584758	1.4847853164729758
0.2176800556110019	0.6153099761703215	0.13686201344594984
0.20912658549566954	0.6494857853108134	0.06926402727798342
0.8911743310035035	-0.3517441873917595	-0.49100415530058605
1.0029076362061171	-1.2268182973074833	-0.8394061062975064
0.1858728673109074	-1.300759286629321	-0.847676865206441
0.2214849698358704	-2.0738831302132907	-0.7237509482761236
1.3932774387528026	-2.5801354777994927	-1.4644352106343357
0.8772341191797857	-3.0822226801339916	-0.305802412088956
2.0819832110663796	-2.962920352860676	-0.8809898868580661
2.2882468489978987	-4.008152080487514	-0.06770135896619567
2.810549505916592	-3.286067129069525	0.19346922149444765
4.141728101951383	-3.851679575335298	0.7866812087251459
3.7810196464118233	-3.1251965977370926	0.9959656582590684
5.3669002525277225	-3.7635676927226998	1.0148269001153216
6.073814323991433	-4.042773317354468	1.1131522698720149
6.339926852851739	-2.964815517872024	1.0507180089856107
6.650797556674089	-3.446295656134999	1.0186380603806824
7.00208777477335	-2.5873652277910697	1.410927074527874
7.396162783679517	-1.743534762606444	0.5531398046089671
7.292720787671988	-1.2236216608746044	-0.6687256275490008
7.179483964444443	-0.5626118664381445	-1.0083780315176594
6.95166823732616	-0.4408360221145635	-0.5974262397188672
6.959243349895345	0.022540571662438058	-1.7074505127673332
5.975805527397286	0.32582001558794155	-2.46661430522086
5.777636835827289	1.1151683209788668	-2.1380028515219522
4.062147031185977	1.1586668731022245	-1.9766857489055107
3.3203915722805877	1.975278274240045	-2.0372466140786436
2.600579820463178	2.2042467783478212	-2.5592685458951925
1.7183409834314132	2.680259518370717	-3.075898452442091
1.0389460343803858	2.1884587234167845	-2.909733039877953
-0.3925567123613346	1.9585554635340623	-2.1758998945320496
-0.62927985425948	1.574768845056721	-3.3344710970217033
-1.2175250606422432	1.7230372272814427	-2.7887726156431283
-1.7844961741050818	1.1968584861555915	-2.377382015373006
-3.3314067480763496	1.83879520330948	-2.4055288827195715
-3.8359018929195634	1.523329121705595	-3.1083234683453944
-4.936985247622243	1.8128624309688712	-2.570665556472523
-5.49204871746881	2.393720222751499	-2.1862782424124108
-5.192239366821287	3.466491026862751	-2.474132472717573
-4.955772293945809	3.0824591666830647	-1.9303203172725996
-5.703706743608753	3.6692623937969433	-1.5080514671713532
-5.863517735398618	4.384442233496331	-0.38105724407183383
-6.402523980022173	5.243264151378129	-0.0991139534621478
-5.9297744986501435	4.4705120168529335	0.3747077951273816
-6.127094889264463	4.686780840070719	1.3186130435751213
-5.723908868570766	5.366305513378442	2.4487080202618206
-4.635461319441992	5.710973517454118	2.623121271596603
-4.162720671651424	5.750996335580123	2.764056773719857
-3.5284654202608507	5.321007981335356	2.7714384249920014
-3.0380961032264935	6.228346620586779	3.7984192711647076
-1.718658523984856	5.8143239317724	3.889782160487856
-1.4849049950121007	6.49031645536443	3.5809703181061088
-1.1257107894346006	5.216782992638332	3.9455109781171256
-0.21693858013037004	5.7181390770285345	4.207697376736549
0.29131878316989845	5.401215761454368	4.524371364837348
0.814195258418745	5.232672841121518	4.407260143117597
2.3139244196507187	4.98193852355256	3.6721604201797686
3.336384810810194	5.079611986041558	3.1732353272563905
3.2288659931751043	5.584972905210103	3.400684121098903
4.078024491301167	4.966931133576784	3.6687194491714514
5.36811364773749	4.879293051385721	2.552263821930428
5.844627385072073	4.985590972569472	1.963909669499748
5.53166294131173	5.31159237437736	2.2325699858887735
6.793810180250132	3.8595795135664743	1.9847441763493419
6.4494771224464795	3.64549782317931	1.8519354632901888
6.192601306626204	2.692366808237536	2.1095397908044533
5.491229270374263	2.376661756360591	2.91385765464699
6.1284622146443155	1.9283057109818722	1.7122319553712624
5.186346015449779	0.5795532274512589	2.0929586492090233
4.870753361192762	0.8172942289941614	2.0599905181361975
4.466198123790713	-0.1125695127026719	1.4428098844695074
4.874858584429856	-0.347395580900727	0.5450022359687848
4.101681702665454	-2.0203389610258715	0.11430336261809293
4.405658913157712	-2.3123875554031526	0.1656164741623456
4.525324699457681	-2.7843801751009933	-0.8985553146687495
4.585712316591319	-3.013746446271422	-1.3629922463311432
3.479601769713273	-3.7513587157864405	-1.5873153385773167
4.075849266449078	-4.66537152264455	-1.7911304742109797
3.3169622134108403	-4.7986699856516895	-1.957393055602114
2.2029819944820925	-4.471140554193657	-1.8944149019240033
2.163646991918771	-6.277368911119048	-0.8050728158747926
0.9940966287899088	-5.473432633049603	-1.836930534692211
0.3718956943662968	-5.53616644627645	-1.965598539446673
0.14843642941098495	-6.477926014079535	-1.692549129328843
0.020926394369029877	-6.8265694966491095	-1.678044982150855
-0.9959522051286896	-6.869914158575779	-1.0507536617112176
-0.6638410518398314	-6.8636382051864855	-1.1736211917449952
-1.8984024478650605	-5.393538425916506	-0.9790291864223977
-2.3099458958437613	-6.081608416797375	-0.5327775398913659
-2.6184256291627106	-5.419397988862509	-0.5111142237350019
-2.907588536757949	-5.278691432768668	0.3804049698454721
-3.4818713355151565	-4.202238112855788	0.017138122831598546
-4.2396155466490315	-3.851550302885081	0.5621663172638085
-4.681182574804756	-2.8980937962339155	0.5348335841464477
-4.0555074279953445	-2.7491267679859415	0.7620493184404444
-3.8093931287245297	-1.792211297603253	0.2115857794639809
-4.466077822454265	-1.690323039775307	0.18847234194453302
-4.463207589703635	-1.0774822996541809	1.1147091529066815
-4.892307993131759	0.08536192851613872	1.3102838113258515
-4.855397177899018	1.2074288369463626	0.6136277537191897
-3.4312923277555027	1.0983854150314365	0.12076233664749941
-3.202124892213046	1.7060422979123844	-0.39262141477159906
-3.3673782079497867	2.1058376046773564	-0.5307893180679968
-1.8644882292157008	2.7040488647397147	-1.0714797714192565
-1.172130257306556	3.084094410317216	-1.183427775005603
-1.305724751970463	4.004427032394264	-0.029783079400006685
-1.20038192845654	4.853622216923373	-1.0510209768003156
-0.2932855365186951	4.973809655051035	-0.28924745940258084
0.5116386292974013	5.515677233386313	0.23052761766913726
0.93526299787266	6.0676551615697925	0.6483408596613965
1.640178885981907	6.846956173700727	0.5947578473611486
0.6594083322690533	7.633369605370094	1.6559313340476736
1.888460450306561	8.18424889798336	1.7283173649793233
1.6878889578698222	8.031623063598369	1.8366336127759535
1.7993898608812582	9.266227317990312	1.402504141028226
