0.3616868001846384	-6.213253068157498	3.376734242335571
0.4603307695997192	-6.219227418210346	2.6555253341695173
0.5046876889825389	-5.462510151073099	2.72837611453511
0.20867504320169494	-5.081716546712595	2.7714386237630158
-0.6485576065172332	-3.2652759136400245	2.598374211622444
-0.735487320747241	-3.1761843232118934	2.8430534064957476
-0.8053314723064567	-2.5876004929171956	2.6818668910592454
-1.1037183812351947	-1.627583503608149	2.6304083355747245
-1.415612199960014	-2.0075189419741157	3.328064990085538
-1.00318362658686	-1.175154945774225	3.4331126909013836
-1.1169052807625455	-0.34302858650937995	3.4676622868418887
-0.9586042295104039	0.731674992265702	2.447943873552937
-1.6123750511915347	1.5632230272513343	3.4353633404316537
-1.2944304172716428	2.6070310482612866	2.6210298511721213
-0.8442099446494367	2.7769608219004205	2.778156076474846
-1.5966264765561913	3.1677278163907308	2.8836862627960795
-0.7515701426298838	3.739825364592537	2.074881776602881
-1.9351184582990242	4.423727504242075	1.9097421351436978
-1.308374742480783	5.267810856057894	1.862229114940333
-1.0429233362611463	6.431974991925943	0.41389179835053247
-1.50450939493591	7.2015308374881855	0.39830803800133585
-0.8384570704664367	7.233748070353777	-0.35958345726493757
-1.237792559550749	7.7178031430984415	-0.03738679070212003
0.5108773181214318	7.9352378462353155	-1.0043919923778
0.43134270486444315	7.972904347499149	-1.748737344094172
0.979090251622265	8.472624467551563	-1.7306188778399387
1.2053702012414833	7.932476075358976	-2.350262964171283
2.3444118202100195	7.663104463762038	-1.3633811943635432
2.6146378282520937	7.6833580913108435	-2.301337001196471
2.9643181347498357	7.69541067419304	-1.9405259495244487
3.5905981477357702	6.155877601378815	-1.4017470150543114
4.514264326515058	5.341224386106222	-1.8431530762794657
3.3571560265740983	5.605765224802401	-1.1667201349417815
4.155972772900419	4.864306446262363	-0.9184835383148358
3.84379802339101	3.759705716771513	0.24624272738769382
3.626354170643936	4.1952574822242195	0.021850387750131095
3.028530682133458	3.1926697543081954	0.7828250839500576
1.8465259101974751	2.901672083567314	1.3663975838057671
0.7337054129215015	2.500380028747406	1.4676738800654565
0.294559343391809	1.8714795844678696	1.5810008908518174
-0.1603329570704019	0.6051695311778662	1.8410059614900494
0.056568427080744776	0.4432061266199754	1.3372521265202661
0.2973791772590543	-0.9202883234037385	1.6488783132400489
0.4420367887506337	-2.041665528044244	1.5047798817672802
1.8382256582750296	-2.3644558483250737	0.3087051901959882
1.4008871408035284	-2.0222567208151188	-0.19892203533948805
3.0805898638414684	-2.6102277807789958	-0.8180094721013171
3.355620610247004	-2.885941310262163	-1.2928298767463793
3.5846898399637537	-2.8767911878808468	-2.3890384540482326
4.537801206337355	-3.306050386512706	-2.6582288507610854
5.863781984538441	-3.884159678963552	-2.430036675618939
5.422300631638655	-2.8610234637744814	-2.261537852771238
7.065914462891028	-3.1993938483614865	-1.8376835012654145
6.686239198646893	-3.0708944010088217	-1.4432106249786716
7.164255772543367	-2.50220194537759	-0.9618932590621718
8.450489805766614	-2.985497930703699	-0.36548268477875123
8.120865989648427	-2.2805567181364172	0.6803972897097508
7.181521939532845	-1.0518120393457073	0.10309622458455925
7.075655026830431	-0.832778867289856	1.7007565381471146
6.3125318208624615	-1.0345570298751847	0.8643406805956324
6.415732796686315	0.4493506619148868	1.2730737471643283
5.765034219845407	-0.592110801394925	1.1903162398762004
5.525138687752911	-0.5466992223668677	0.7214089724948569
5.5044045997809015	-0.3305404865913478	-0.3699939876794945
4.283328502725183	-0.008308150677545756	-0.7132493423608253
3.891312991215478	0.19576383103614542	-1.1553931039342626
2.9278530615808225	0.12285013376695963	-1.1228644597965391
2.4635975864242896	0.3404833798023947	-1.8062616856760645
1.9435942446287784	0.5308761623993278	-2.6196087471441576
0.5988256975761783	0.0939897549984936	-2.5843029511963036
0.2326669237863105	0.013029962317836735	-2.4001126609509154
-1.4282867452222558	1.1903910873129973	-2.4789918319589272
-1.8977805891428101	1.4726523623023866	-3.071892463697843
-2.373149184882575	1.2983959713111353	-3.449366556674947
-3.8028250826847128	1.02176597496293	-3.2310805581841344
-4.1429682587895496	0.8533055227074355	-2.4633300644699254
-4.525421492161629	1.94137726810103	-2.721391724409327
-5.372073295565306	1.7010753849200775	-2.409725951051554
-5.994766454807961	2.3968562817625174	-1.7640088703714643
-6.521174602543929	2.0423357329714777	-0.3656192583854221
-7.126560304706848	2.8672341003533846	0.1287185057721031
-6.756658080227844	3.1926425162144865	0.7421002322243742
-7.728749766459787	3.8795546966420273	0.6915459525321361
-6.178501584671217	4.770270582092332	0.705756067046939
-6.454095694811752	5.6771217111918215	1.6742831955239124
-5.117257349505033	5.323927832654159	2.0660530640474577
-5.450795103061842	5.75568646264477	2.5351478663231597
-4.208831912353219	5.529450901291135	3.052185725772205
-4.244008712707104	6.319420099479503	3.667236733453941
-3.8295524695811927	6.813284565422226	3.5627484324273393
-3.310939863162868	6.290441997611044	4.050656584415111
-3.1950673043951707	6.391455395284848	4.3650122188393174
-2.867825418061876	6.526356600912617	4.886193054177614
-1.9200338454119632	5.745389952428809	5.297017358901099
-0.06316191765771006	4.57496359040107	4.92770259397368
0.28445579316545494	5.348818712842222	5.033315200422654
1.2333016920205657	4.973329035530348	5.081351311300208
1.974519061403654	4.98830574733298	4.573656578036647
2.7245908498217597	4.084754591293172	4.686132480290876
3.0647444760608833	5.1114278916812355	4.768915721509699
4.002891803967785	5.269113866233026	4.021418209298785
4.622839510492176	5.3862631895291475	3.380311362456619
5.1589584972603735	4.65412822689963	3.1515526621766563
6.356935151970318	3.985996255381721	3.2493073208933962
6.426090140339071	4.4183584521837505	3.018327481608587
6.271559448377774	4.415224780497508	2.0749129966802093
7.292586227899764	4.0283980112197	1.3752759535640706
7.460521070391488	4.031560433520925	1.0635046489060143
7.040207002004383	3.088621063442651	0.6040747869841804
7.116833250115607	2.7722107941907366	-0.22346342625066323
8.211418041108795	2.027059536476425	-0.6914459411505622
7.964039314476833	1.4681521772537625	-1.3095258533324547
6.692236474560473	1.3819294484305518	-1.2840199542644912
7.603928293185737	-0.04937458370329695	-1.3865153746840013
6.75787458613886	-0.5019177245508024	-1.1500434164063025
5.840244070844072	-1.0002559538027442	-1.2556999831859328
5.185745663871436	-1.7663110836730118	-0.35232581139304187
5.1371677289283095	-2.4907938841699147	-0.5730865593947527
5.033228433169181	-2.819690645846669	1.0242884044256018
4.7783068357957115	-3.7769757523817282	0.6302659424107752
5.240309563897152	-4.2455577321718305	0.5995318256659582
4.791246986223292	-4.6941039025540805	0.6438622869303079
4.694863586246083	-5.4567779798305995	1.138615303204503
4.07943511794016	-5.9555777094935785	1.0105776306612828
2.8538585918201003	-6.384103991963354	0.7951919505979462
2.8185151337400804	-6.313052279686476	0.04251843246594178
2.2554075840884007	-6.5448366712606765	0.25218455505550375
0.9534917843493549	-6.3461145402212455	-0.5752618964268661
1.3184671149730869	-6.499397459768957	-0.877698186984972
-0.10983426119106626	-5.48279437389066	-0.6432381670209821
-0.3493893538902706	-5.1008650122634815	-1.0011302658167103
-1.2726185259457747	-4.715788348988307	-1.4477342227507393
-1.9816028983559932	-4.239527835180664	-0.7985081776969484
-1.6548294026336814	-4.600182735487028	-0.7889494085494808
-2.5772809969070485	-3.5561349760979484	-0.4178525544573042
-3.1893550093092755	-3.3545780080209497	-0.055102274891955516
-3.5425946321612813	-3.0812799257039236	0.4785422638774366
-4.183481291135355	-1.566700626685452	-0.1961789336708072
-3.781197754333019	-1.3137761472534246	-0.019660969103871162
-4.453893827244796	-0.8290084153083883	0.14589615440397946
-4.532886165362454	-0.6159834806130386	0.02486550133378157
-3.482957819001654	-0.23723894460596884	0.85216881802119
-3.788993983220131	1.2684986973938641	-0.012248740471707098
-2.673377046627956	1.1134695685453673	0.024470258909292553
-3.0941498641719365	2.9057254741089418	-0.009663833047743875
-3.135085414478538	3.342748729685077	-0.8830001197566282
-1.9924066306155541	2.901062106754721	-0.06980099337995616
-0.9740540621790219	3.1255512602965396	-1.1768170566126597
-1.4264118225845723	3.66192437884111	-1.3930373131227862
-0.279270998398657	4.108690895529621	-0.3159709347002271
0.45358599221761364	5.133250163899795	-1.4023013070235328
0.7338373112844349	5.089442891510146	-0.34911206061716193
0.3274668223333586	5.127598044438217	-0.2747000294179211
0.6760297234381814	5.820400095788762	0.7894308933396703
1.1615487104110263	6.295685131472788	0.6167827781148927
2.1060300921827735	7.170082601322808	1.1453472303901457
3.0166586046148005	7.166562354511509	1.7671831335583341
3.0116481773702883	7.538223533473198	2.375295580810048
2.763425940793405	8.177202597601445	1.529494781237927
