3.1028505582568737	-9.59118152678277	1.4655801773881199
3.6051855596562037	-9.1465824262178	1.3108794284756347
2.221402101849364	-7.54718531976885	1.6251881501803087
0.3477871907802542	-5.996464296548378	1.9388955679366657
0.024632539538627207	-5.777185971787626	3.0185915631508093
-0.19953654934146298	-3.966595927334407	2.47601156887533
0.3348675974465227	-1.9055430484398919	2.391957509529248
1.6152882415640268	-1.723993412193919	2.240786685646392
1.891271716904499	-0.15000054027909743	2.3177160421583
2.6022378296002673	1.7282496637292835	1.8032599900992625
2.864389652016194	2.0620692246256946	0.9662839437959634
2.9862086774830763	3.328935515896662	-0.39460126965835113
2.9367075506341935	4.621587389030831	-0.5220845531006909
2.3825033870197663	5.9533529590914425	-1.9332125116609469
1.7283642854351338	7.670463693998171	-2.0317792486280206
0.34457495773884406	7.735686154570969	-1.3194254810174826
-1.1451642571594518	7.198441708480649	-1.5439804164010238
-2.165229895138901	7.282672143279221	-0.2762162907767599
-2.063269134951507	5.820495376687272	0.8085114465689659
-2.2705007292423236	4.165647340973056	1.9050291897729639
-2.541361411839026	3.1133187365609705	1.8701672506753138
-1.5921767013744126	1.408376253343125	1.806513639249574
-0.8627036408988615	-0.19266260771318583	0.7599570037118417
-0.48536200489702097	-1.2140799228003063	0.6188778455758221
-0.59473815650871	-1.5854629066863566	-0.3485423094364126
0.2613964524786597	-2.6238297809171276	-1.3433447594160346
1.5770559910748396	-3.09248963921626	-0.3564252799043044
2.5848596440569236	-3.378667442577039	0.9583443679611443
3.9742300275564513	-3.795087228522872	2.0111561735777905
6.314106512167351	-3.9040694399670985	1.585728209531184
6.429522848808797	-2.472370450350806	0.6872899171623278
7.099048906092813	-2.4287181781302705	0.14049407248678575
7.426041752891407	-1.2542919667522436	-0.4175275194129193
6.908624661824434	-0.03017369689742494	-1.500226345818336
4.710956500199691	1.1366040120904726	-1.6673639115740255
2.9505933252014316	1.3707582913672576	-2.165140139717029
2.534388808431573	1.0155738790800322	-2.981837764833579
0.0876576653679611	1.6427955912654029	-2.9205060240516616
-1.8013747819186345	1.5593365020810435	-2.2209702456905402
-3.542355024017996	2.1485295069156107	-3.3417570393761094
-4.778565172230634	1.358680522889091	-2.238724555507563
-5.82323491474867	2.5989643907120166	-1.2187039909231694
-6.261110154875594	3.1606194237537704	-0.7040589436972415
-6.9968390354050785	4.460847275764349	0.9667967228092738
-5.8635021342381615	5.137172185994966	1.4967613090679346
-4.638349172061529	5.522827187690492	2.8093695105802636
-2.9923023761099072	6.008095584359925	2.785648267939086
-2.043055454257474	6.365064439455141	3.3828695015560233
-1.0233929305452343	5.433751283074756	4.1908503199766844
1.2688951463694105	5.169796854745922	3.7060517113835028
2.1880165769668323	5.3524555869688735	3.9391989012432624
3.493195465496568	4.979250956580067	3.654950763580613
4.698032914293206	5.2600344050870955	2.2527064070469596
6.435534782317138	4.5037161411203055	2.7306618779891507
6.412623336540618	3.094014948744193	2.621572715530846
6.661491061381215	2.2224305534575604	2.4620004268789266
5.864326720818888	0.42857218547885706	2.474602840514951
5.029132379995068	-0.12726601698414752	1.1396538782614474
4.5797600898064985	-1.0770263929844521	-0.12602257179491028
5.239350012890524	-2.9531692610569373	-0.7801739406788777
4.608853317075674	-3.7504015718185224	-1.3735547069617098
4.409552466349759	-4.755103974715157	-1.7781899378510309
2.824537547674597	-6.15159339283748	-1.3482479189653334
1.1082901183175513	-6.860144533662605	-1.9253434509846088
0.27276404648904956	-7.2953017096854085	-0.5653467746467737
-1.2886136567539919	-6.647725296274559	-0.5934677218742983
-2.951890842817099	-6.103891032222225	-0.7551431501158958
-3.9188642203674386	-5.0930482387550144	0.15843089848097314
-3.891267360698744	-4.602547935634655	0.7152495978856672
-5.262208420658821	-3.1170642336003556	0.7383750278836649
-5.089080446983055	-1.3335148547370967	0.36958383768527936
-4.93087104292313	-0.21801814553047272	0.3271114218324912
-3.615114206492557	1.6588977783336891	0.3915479907304201
-3.5193566639520455	2.1918134364762096	0.25188480286111026
-2.214419801060207	4.092781544260966	-0.9282152721569796
-0.3537816762415057	4.486061634602245	-0.9064710232477324
0.25374079825244916	5.130960028484949	0.44899423608344996
0.47832830463412734	6.715185371540515	1.092149351865299
1.3755368280622005	8.275544630531718	0.945713106595158
2.4899084469936197	8.795113349242415	1.9975665967893308
