0.5085232272827442	-6.7567554365734335	3.2108406470184914
0.2817471420722273	-6.49566817140459	3.4437372896112692
0.10856542653767154	-6.300112030215575	3.998079616312193
-0.042459037645372844	-5.875395097565351	3.1137208685267286
-0.10981470192107462	-5.261369141393131	3.3789846361015345
-0.19822449539258602	-4.6213417175795914	2.932278157017899
-0.4503041622783975	-4.580266922673294	3.2386690721202234
-0.1868245969040201	-3.230726432587774	3.025535105564126
-0.7401532975330662	-3.4885948350686293	3.5782837812616477
0.08549962264556465	-3.041661111304989	2.9075363557643894
-0.4740798332589061	-2.3227515530774046	3.5086146098401874
-0.8102285082265457	-1.3725698213941069	3.1857982299136673
-0.5626003938238027	-1.586283118017624	2.6958112720442493
-0.9826011746879486	-0.5576931544578645	3.2913945511735743
-0.9943814358826288	0.15541129637565643	2.848587177782836
-0.941457130953518	0.34675966529125324	2.8804422324273187
-1.3285115660600328	-0.12030591779304112	2.7336439714274308
-1.5709816236295482	0.42702667119792137	3.316617241183785
-1.4605873882555676	1.126901084011504	3.3571295369590186
-1.7060455943575124	1.3397827167656664	2.5551793521951116
-0.8553773263294062	2.703655534951092	2.4796380922974013
-0.8378083151830651	3.113600306718278	2.221113030375948
-1.676657857821859	3.6136665493742908	1.9916655328276742
-0.9207408432866935	3.8015933326837494	2.1201605857898818
-1.1115698037503938	4.4957634110460765	1.5450577007298019
-1.8283571869097077	4.820037992498021	1.6971653244475262
-1.8895362962522242	4.776306837900615	1.4366923793579915
-1.1847393500678065	5.814182871665543	1.2345073181857136
-0.5657393728144	5.617112223562653	0.5513894408691926
-1.2241990692446008	6.860365580927633	0.2672191904043153
-1.2501000163044809	7.601415769410836	0.09084989704398815
-0.3989246009842322	7.087080778656244	-0.26557588555913775
-1.0557096647820017	8.162763526733565	0.03337276239696596
-0.36906787937877894	7.408854020550688	-0.4101678976563663
0.5358948770057803	7.621491869568269	-1.224656881017263
0.23214137772353838	8.455899586680605	-0.9304625509420683
0.4648568504462579	8.834874503018627	-1.36024178140491
0.2674270020582787	8.766943558409327	-2.00785558208581
1.25855500997327	7.929478727784541	-0.9969670555896681
1.3843814344253307	8.796718281327848	-2.413912274292693
2.0900454355525424	7.534817517639646	-1.901381657995915
2.4471280202315686	7.388277718195279	-1.6402064430690622
2.6491329848947114	6.996038067511405	-1.5869684537227209
3.478550297141763	7.06502472119732	-1.9524724686156287
3.013793954617681	6.232260269353356	-1.5801813542144394
4.161341097346865	6.132656117712857	-1.6227345866979597
3.5792874777722155	6.197305615336604	-1.6871671545851337
3.4758006862456887	6.116717461933414	-1.9019676012477724
4.515525098262348	5.017277551208083	-0.9945098105525554
3.4714548232281883	4.812388976169389	-1.0024232295964703
4.4850098653075055	3.9864287076375495	-0.8662475063304294
4.115686714576525	3.6419100161565767	-0.6759816764964395
3.396785394123161	3.5803853574648308	-0.49558869601179323
3.2977030125996936	3.141793599595952	0.11443434265511879
2.4204389845161995	3.731673140474043	1.1349494139839815
1.8515597171182037	3.5518608896054564	0.8357846964290772
1.5547161201329511	3.4459896047192866	1.027780746984947
0.42154389989073837	2.107918711056282	1.5235209031187478
0.6650519028284896	2.5736834175903316	1.5895432404572087
0.7854082696511976	1.5120912560525126	1.548786780082755
0.541901968533632	0.9177325279190063	1.7372802090003332
0.6927491732455342	-0.23185957022202264	1.760893022929403
-0.057291052105136825	-0.7962743391726083	2.3874642942873265
0.8401009960388468	-0.7739327975414849	1.2130800318951604
1.2500645105114079	-1.6100552646790642	0.579778468683861
1.33456293092497	-1.3892597205417612	0.19812751877267376
1.6638222397080529	-2.562186686566928	-0.06372971027469324
2.119830617486114	-1.8536844317845567	-0.7545684292642043
1.915766098422831	-2.2895328040398857	-1.2993042526170848
2.8068780945193508	-2.5634559933759267	-0.9113344468375835
2.900274264922573	-3.1080644509554416	-1.2307758779887081
3.4297579310574684	-2.902306575583935	-1.9798168563983787
4.082577536606786	-2.462747320031358	-2.4534064396525705
3.880446971296232	-3.4249129340735225	-1.338598026005616
5.0699461636944205	-3.5034290665747934	-1.8656803495274121
5.178910202779871	-3.08752973903238	-2.6246317035451714
5.201448414601262	-3.9023605624267215	-2.6405076703161603
6.547832815955908	-3.764330077121015	-1.9911134920811702
6.095751311080171	-2.7421431785763613	-2.089135526184371
6.683054258955419	-3.3613601518066916	-1.1626464869802038
6.7481149956932365	-3.366673138141926	-1.0326378855638807
7.232186468624639	-2.201480864998289	-1.3064895848249738
7.554372933302649	-2.8896818824636554	-0.8650043914133752
8.210697818462357	-1.862917108921613	-0.5817112796030994
8.493343572341281	-2.3379654760112576	0.2019523354830865
8.524991152916925	-2.0687069277726287	0.3792008726519008
7.310511908259871	-1.0205054305183687	0.8689862609253167
7.807663511109892	-0.9888793604877789	1.3650415987445557
6.765271336427822	-0.3614458211020799	1.7346208568864354
6.842457788762213	-0.8054810676505965	1.4810801558269382
6.227332650767691	-0.2538089387301449	0.8923478764178538
6.2322614318792136	-0.4988960639089218	0.6894987719351012
4.937978417086135	0.48970292561216233	1.1152304893433216
4.813681894403819	0.7886709149888665	0.22654182810035534
5.4243123381396865	-0.0658522685295545	0.0699751343695415
4.187635647017947	-0.43611228281519737	-0.3334569952246422
4.955543251616217	0.23756930817942068	-0.7504577631267821
3.6811301599946034	-0.1789196777318276	-0.25103713311185416
3.1592749735382855	0.5325857679593615	-1.7445677274298976
2.822483122443556	0.44957426454661514	-1.9020646765923352
2.5887389435467014	0.39640141890228	-2.363788777258605
2.8271336919998458	0.07987209433009829	-1.9641473155498246
2.0172020233909915	0.2530426198446981	-2.2490795068294926
0.6228457075522726	0.3304862841172483	-2.6006412370734764
0.20712132549497023	0.6079579122853728	-2.2354938544813043
-0.5100392712081718	0.30348224594486417	-1.901579134902504
-0.0290064300680426	0.11068528565293582	-2.8437425683836963
-1.6402985238673926	1.322860999199619	-2.5164152922241847
-2.0865112022251737	1.1086690416375147	-3.283166278874607
-2.2138933881992235	0.8889447684056868	-2.7934345442224338
-3.1862007453157757	1.318530132777274	-2.570581030841492
-3.726638850115177	0.9892225050376858	-2.748106992889155
-4.07938065852745	0.8389773626766	-2.4721021304542683
-4.286836928029658	2.1637839788573445	-3.1338551524940943
-4.776431126247273	1.3196096277145384	-1.8062433374983113
-5.135655624418454	1.2200722352534559	-1.3269583735599073
-5.405238377184779	2.2591891959275197	-1.8650147313129224
-4.900492574758861	1.6787338101275742	-1.779635995081077
-6.591054596139377	2.2990213619658086	-1.5457351681073306
-6.6674849569873045	1.9806371567857628	-0.06519048686752371
-7.417706672996667	2.3781663169675866	0.26610796710622875
-7.354144602783028	3.1055343581012513	-0.3213728816591491
-6.546211120103593	3.379557495399438	0.1325373594471104
-7.337245125538258	4.709270329676485	0.8051319426195475
-7.221385839129363	3.9407076021546557	1.0557293258794067
-6.743705544302253	5.36867115217098	1.2228330626774526
-6.4689216281342325	5.663217565241588	1.485671354835814
-6.031465434713096	4.878998974363945	1.6692498055731497
-6.023154828248919	5.193817995624881	1.8703646838152805
-5.507216783294808	5.426629096064064	2.645700857374294
-4.364024207369636	5.512634365900226	2.5078258297351277
-4.325782509141858	5.5636249319924875	3.6261704590415964
-3.4204994008710505	6.067006266910221	2.8306057979699513
-4.284698145191074	6.653563341564616	3.1624675824711717
-3.6962864732522243	5.78462338993905	4.261245519391584
-2.6336198329732605	6.875954967299803	3.6378542092575774
-2.571814561174969	6.034927054793286	3.9603694175939843
-2.4713137465293453	5.594686151154393	5.030150739622273
-3.1370699838508793	5.255612748615986	5.962997393672348
-1.5687862253159488	5.822209543051461	5.203948429560015
-0.5882282552845344	5.410011072460355	4.686458487413331
-0.8873630339957421	4.4838228123280635	5.937260392948485
0.6564616943894432	4.975011709669567	4.826282787283444
0.08695944681501919	5.057542913890959	5.678062768115746
0.7278576020762646	4.213539601259948	5.21294915005685
1.2024406576297937	4.058538109363379	5.1958045043707894
2.1039717737996626	4.157206361228821	4.7909139109213
2.8331870235017096	4.483432991220626	4.994755265518171
2.626189289587315	4.6294691929946	4.975254387846341
3.166356525192066	5.25473804296962	4.4029918349966195
4.003225216572254	4.851749051000708	3.6238793319379523
4.898415311011402	4.142833475953953	3.57432429583663
5.115671129494732	4.47205637811052	3.744757769188065
5.324244313329296	4.219834818020731	3.2493297395614062
5.48884303526851	4.783956348795112	3.16475873520491
5.407849412638465	3.8252415827054533	3.5805139503159413
6.266807836930197	4.561784358217497	2.451653253696947
6.550148327904561	4.4141145812271345	2.0875171769137095
6.7666005829717735	4.327155975401377	1.666441816744293
7.111909577598425	3.906327968012934	1.8760993579014156
7.660335398868584	3.1808776686886344	1.0984964862354405
7.482393727926398	3.741998778375563	1.2254120528710524
7.829070050286394	3.5270750756567617	0.45791164167285836
7.183793552310998	2.417731156580792	0.7565177774198439
7.143199240968604	3.010653763926096	-0.438746859522856
7.8566478552343275	2.217679412872909	-0.954707982418055
7.3190660265438074	1.2397463934906476	-0.10540829672970631
7.662877008256772	1.658643734018801	-1.0960278387992353
6.881709373000863	0.5450511035352799	-1.4261404132968691
6.843480908409751	0.5243885431266736	-1.5943854000378257
7.225248143116431	0.33940570373302775	-1.5578685837210986
6.765213282546744	-0.6706808151514696	-1.2155138138491925
6.720688489450005	-0.8611238952461644	-1.5927285532247901
5.757787926532598	-1.6186245350494226	-0.7290684371064752
5.493344193452185	-1.7737339494225568	0.28943585052114096
5.76064955586095	-2.19538403929489	-0.5607753793867125
4.833903943783758	-2.473611506526691	-0.16457603960660983
5.059522752742645	-1.8543186989589548	0.0635042058624471
4.843916972215277	-3.0928719816975736	0.6370560053837895
4.857612039375607	-3.7875722343416816	1.2631302105877884
5.558078806077032	-3.8816233359754024	0.5084329829784322
4.450883215694601	-3.573908632211567	0.8240251146719215
4.919541613037328	-5.128256628086872	0.8360075939607132
3.73232181249605	-5.165382166082452	1.6132695798749577
3.526701412715865	-5.136816683895033	0.41874716237511683
3.395557627997843	-5.985583060576136	0.962601614942726
3.114463987742436	-5.641732315205325	0.6771623271358633
2.6425936945247495	-5.95244065577553	0.03498554560115752
2.74462822823868	-6.374868267144027	0.1133255832008524
2.1659878078175714	-6.089884533402621	-0.6760133254203486
1.9081580078807805	-6.577423577547529	0.00779897447071165
1.3932089493039093	-6.425500821491581	0.045780053869062476
0.3302889286596483	-6.418793147035129	-0.24467878376952945
0.7926783517954162	-5.298646028576383	-1.2422544253236862
-0.43719107643022376	-5.134200493368715	-1.2989183981106815
0.13342455130318054	-5.344989371416671	-1.4593457023910161
-1.310618892910866	-5.276898919442175	-0.1425095638999816
-0.8150767393496645	-5.129323672945348	-0.44581832915568964
-2.110294026613374	-4.91300412505429	-0.3211303684242428
-1.9100048183068397	-4.5090267811846445	-0.17139326261511978
-2.4691288014531763	-4.6795417645501995	-0.2896418358764664
-2.6580575996732314	-4.121619363398716	-0.04394675563720596
-3.0266750227800943	-3.650677039672324	-0.5663822486214066
-2.615926591201104	-3.6282575321683486	-0.014728675602557528
-3.5861974724419827	-2.4783528916250575	-0.6743452383005669
-3.1718732241212946	-2.548777541099972	-0.11059455555173137
-3.6512150658798066	-2.2395142689730356	-0.23897590152160003
-4.265568765026924	-1.8217527823694866	0.5664663274257514
-3.600910871946352	-1.807739403087988	0.5747096190074312
-4.315592441463216	-1.1962431863910623	-0.09121723232575507
-3.7270110251078883	-0.8701191043204531	0.22303287134236738
-3.5860808830701716	0.050741934802638666	-0.16780517176226034
-3.7596766021939088	1.2412741987517566	-0.04525916716253792
-3.692289182754813	1.113925904102621	0.48984696437778263
-3.2714718214169336	2.04394623875118	-0.4201799730233133
-2.736926734209643	1.9607904648954357	-0.47981981636625165
-2.792867843682697	2.6429300580926856	0.2135650252217698
-2.706416615350229	3.0136401981935226	-0.02298687363551455
-2.7061159397954433	2.895013511796211	-0.556955758571619
-2.6226288321539313	3.1660999110590344	-0.5813555559150986
-1.5071812561890032	3.1520504236949067	-0.3193241594864271
-1.5041288435856943	3.200750492584991	-1.1603288784089383
-0.8476340600774677	3.784108960646802	-0.6407347003040078
-1.2319683627354197	4.3106129218664515	-0.5703121245619382
-0.9254863133469537	4.521491554040386	-1.0059122035395485
-0.6877864298551176	5.871643493757212	-1.0739642042910926
0.8921030491614044	5.035081199921229	-0.7177006019910139
0.5516121692186745	5.00741768321689	-0.8170226973904821
0.3287457442552712	5.550905823394024	-0.3816600159583937
1.2228787321902987	5.4018841528954376	-0.23703699906719689
1.8046287844570452	6.0262940920784684	0.24331384774605505
1.9640586689371244	6.293977608659761	0.49041681942573795
1.2485412188387905	6.460308789689801	0.8489651543042472
1.7448534194509364	7.290603055251856	1.286971358134188
2.458024481725495	8.12913142865868	1.2525608963804342
3.5307373909517303	7.388225690511918	1.211684104963266
2.3900583990444124	8.49938277567478	1.9694521441510477
3.384508918568169	8.416610207218445	1.548856550565438
