0.10883078626485358	-5.81779300743572	3.2069207784782936
0.5456395720058278	-6.235563403513349	2.964725864673844
0.5512762718849706	-5.209265559071213	2.7659871026728275
-0.5337040371382316	-4.63359181710026	3.5342656547941504
-0.23605663064845817	-3.9146647247843815	2.6223358396914813
-0.033986649909736766	-3.3443968003737585	2.5899126251184335
-0.09737422785002225	-3.325305943515099	3.1911786512569975
-0.8026283152167712	-2.201977051496848	3.06188185315589
-1.4584684708326157	-1.1742673185241834	2.9712223652131837
-0.7580456310002495	-1.292697176308107	3.07714723656754
-0.9406543882477791	-0.42670394894151387	3.6154984687128886
-1.475258962128881	0.13074876737374466	2.7522280778673536
-1.6579385694510453	1.972201440302479	2.4121082142908747
-0.9138537386988527	1.670193569572276	2.796025796242299
-1.628865171402734	2.664599367439652	2.69731040538547
-1.675573322961803	3.6692505450217157	1.8319381947440025
-1.4019999207710312	4.0520774308507335	2.435303291923147
-1.5701882021385618	4.722550553650365	1.3497980713121278
-1.272850515660474	6.160143747316978	0.7706212650847533
-1.3336432227689001	5.84352846418852	0.9072817023537768
-0.9641273593411283	6.970489266237192	0.8085290863576328
-1.185906278136784	7.2669948736854995	0.700634913156921
-0.36465553335689127	7.68071878460359	-0.2058322689990585
-0.6357988611037575	7.963953658420431	-0.869632390519764
0.540506674923114	8.364418010744746	-1.257565139252057
0.9353758846510162	8.190482299825423	-1.7353396831620154
1.85591603301098	8.018573608597881	-1.3695984437089002
2.3311056430088293	7.340626922763395	-1.906454489556491
2.7098376861989077	8.202957850526632	-2.245273951647118
3.015325876044055	7.378446446127815	-1.7936288903170006
3.6497619309135527	6.777475843792402	-2.098724715758923
3.78351370577387	5.614945080492076	-0.9316209574691636
4.312931130143044	5.177370813229176	-1.5943645505548258
3.4451910861042885	5.276144444560515	-1.2378328805402545
3.957753783520069	4.516641544315612	-0.20363908675358655
3.342232906722546	3.6015087550690814	0.7559199495953626
2.2704710858783503	3.3093482803830447	1.362864531548741
2.01457806983058	3.0631056912278636	0.6707042370701073
0.5379931894579714	2.9555570945147784	2.107515124352923
1.1007165878242358	1.3040737332215973	1.7242975760062578
0.3062604697270218	0.6144939033983849	2.4189079986314264
0.8885629480266705	-0.5236196058401142	1.2577133258382234
1.336871662093892	-1.5744091509802511	1.680162833220548
1.1997765946620187	-1.7342931564116923	1.098759951490293
0.9907733383076205	-2.1610403676763106	-0.14950697389198722
1.4918434809520864	-2.3644544505935956	-0.06882959655346954
3.428985824359744	-2.405914790627223	-1.548463296359269
2.7924359870110074	-3.233670716657917	-1.8997350746975707
4.146420700537197	-3.2664325459274584	-1.7380760840725469
4.331450084566985	-2.808433049828647	-2.37775496920722
4.848435325746484	-3.710536523505102	-2.4703257370438574
6.1928396271613755	-3.878387496708603	-1.9314737686103545
6.587679189690176	-3.937486897567474	-2.1930776658713205
7.166669589948031	-3.0592130625424647	-1.123688394311542
7.412901404841539	-2.5981097934468296	-0.4611142340763028
7.253927269692651	-1.5775695367621987	-0.6828860695470362
8.316509247212188	-2.1885126876092604	-0.1978085762855829
7.674818221893636	-1.5362532236107806	0.7653489764319217
6.9175137609979	-1.3026383712344822	0.6457017879236452
6.920250269990041	-0.9723545754945142	1.6607152480593423
6.0152371446857416	-0.21228266781456384	0.7965053326283769
6.246508139494281	-0.22867375275455665	0.7806380079813253
4.74935227075165	0.5100470112445833	0.729180911756121
5.509111647313479	-0.3515179071410347	-0.0908328853410107
4.008618443223571	0.01128780214491315	-0.8565758208431302
3.946272003832213	0.618961401904162	-1.5383257875409484
2.735168206412263	0.7501629339228784	-1.3102926523298364
2.9397378845008646	-0.15687796782840685	-2.366948401497575
2.381537369461992	0.14717518959720804	-2.3424594399727834
0.43290178333566465	0.09302210599540672	-1.954966959670585
-0.3653690314201431	0.6612585042791129	-2.317252927625611
-0.51933772340587	0.4730823810181745	-2.3292286716686164
-0.9318635795596983	0.6319526260537751	-3.486719200799052
-2.4176598848459716	1.0239741781945897	-2.7434531688905524
-3.791197474011284	0.49895920690907425	-2.2215779897708225
-3.7074926775083683	1.4182120560490767	-2.9965220010566096
-5.051247688751269	1.3146732582163092	-2.8396794829614427
-4.6721111714445565	1.8977996923355205	-2.0616771236641553
-5.294510847576957	1.5079353111485279	-1.2945669578084726
-6.3509916400000685	1.6608978599887494	-1.2936861776326145
-6.7428365582926135	2.767534452400807	-0.5002842645104829
-7.551479394408572	2.964141229901664	0.028106416810901202
-7.816665856728296	3.570443747896731	0.9300602239500193
-6.438886600754115	4.745813512090432	1.511586498688458
-6.66913505542712	5.552836099177874	1.759305494290292
-5.957277346911666	5.381200900493096	2.312559014885876
-4.579066168317232	5.795965427058453	2.081865384691938
-4.3152143818143385	6.045645036692802	3.03879690255346
-4.279198213011623	6.710765106082437	3.111493233340171
-3.9757284522309	6.52360138383914	3.2406550446983107
-3.264897933785205	6.08826384221369	4.216169873514703
-2.794407378327242	5.810442042364795	4.9109990878765934
-2.5689484896271373	5.29924656653522	4.6112183628833
-1.6296152337433814	5.4997768375986995	5.1433647832786775
-0.7220151857999387	4.518602484932944	5.576589428432005
0.4269508941895834	5.487088498053501	4.671618635414507
0.9460845136011049	4.983667652159482	5.288847393652544
1.9538158913867565	4.209486774811822	4.531839303448725
2.383146309781779	4.889556444604547	4.249403095959419
3.262072135845889	4.8883633464389655	4.401000897338422
3.708838233014979	4.606736220492305	4.087131132672197
4.291195034044967	4.472682315168755	4.272648192861245
5.612969897118783	4.4504588237046	3.842285492529685
5.701427863412827	4.237091972348726	2.5812946140992676
6.239647163386055	3.9867541674062865	3.0740049325904706
7.045037535963631	3.9247056705645043	1.6655459914618105
7.222660641187943	3.7440822310550743	2.06520944309227
7.422667229968137	3.0505085938919776	0.5361389188088279
7.246013318929517	3.3835613444965498	0.7426099612353438
7.671835656489295	3.046217200299494	0.09300772544314306
7.782011831622519	1.8799398045711002	-0.9802351017466628
7.795843307426701	1.4740686603044706	-1.0455672867869488
7.418342710805774	1.165012564351645	-1.2206604320615768
6.7009690181328025	0.45691981174703855	-1.0917305561266692
6.356990687329686	-0.3402812894189614	-1.7231582151344538
5.705743225354642	-0.11669351316929633	-1.1341565310376793
5.317655178699229	-1.428866921982982	-0.6733074003153692
5.288331734708061	-2.1827246904567126	0.0006578625170856611
5.864787864596752	-3.1448168993026018	0.7398816374702243
5.0996802271493635	-3.6206178028931926	0.456953382086287
4.556436636533078	-3.6969663382705527	0.8769745510731795
4.134455648262001	-3.8786312508643332	0.6945869753176857
4.3074161092413235	-4.579395462733357	0.6783794294697798
3.8957843808853765	-5.63362640107057	0.09340210519563089
3.4363215267235425	-5.88605872379791	0.38105147687106344
3.19792110566694	-6.3600842757891485	0.47162444091612565
2.0290591398076456	-5.4323356293506455	-0.5823310064524992
1.779659315836808	-6.620776343284826	-1.0389296453007035
1.174076318484158	-6.464660305631037	-0.19574781424414067
-0.31146108855484833	-5.5193507440672835	-0.9714413937241313
-0.6618238978229642	-5.827521592594984	-0.8590413289324595
-0.4331127882705197	-5.5820777862767335	-1.4451733604565709
-0.9651739656131597	-4.552063675858175	-1.4354524082331064
-1.5955779074193774	-4.222241090246342	-0.6576458656742981
-2.7029745363460163	-4.251491549515403	-0.07305619756635706
-2.488140391717834	-3.7123356531444913	-0.7611425110649943
-3.5496863583592355	-2.420292667921434	-0.095713831666151
-3.890520802333408	-2.456424627300687	-0.5069078980096573
-4.443620029589502	-2.109238775467754	1.009372401549506
-4.3862320138382564	-1.5237712149668337	1.0660924158699343
-3.5515069229181857	-0.9039719377654851	0.7348516520411394
-4.273711904024107	0.1416655375123076	1.0120952901758633
-3.0677832158227205	0.654879424317302	0.08457318803847591
-3.040115915428734	1.5359647815850512	0.25743003361857963
-3.335571620715453	1.957998942701539	0.5023888036168778
-2.842865899821691	3.0470688395952843	-0.6731001213574932
-1.823002219229973	3.0614115222514524	-1.040068166694013
-1.915183882170839	4.354621423550647	-0.9267080313572584
-1.3660537982856362	3.9290079680885954	-0.32500864262788287
-0.1637444582694827	4.641143964579737	-1.3092938799855858
-0.6444149165462697	4.989976713477107	-0.6420588563044745
0.38448780623016643	5.200401703705427	-0.30575861578501584
0.3938030046615146	5.62917588685646	-0.1399079787262577
0.6487509465602221	6.359618126681802	0.6104140772826101
0.9612631405240468	6.718561332699091	0.8074155915951027
1.8349901465762666	6.748633144195826	1.0064492910078413
2.331748825596061	7.8327053778946505	1.428789996058631
2.7082685230093944	8.133547319269281	1.7893148982361011
3.0737803285793324	8.010448757659685	2.1143012211178553
