0.08527685764506836	-6.694726571060399	2.6423407563052357
0.592712070109686	-5.505655121908571	2.7131363361668717
-0.41399303211693234	-4.595073307549677	3.371669921312535
-0.9565307573896078	-3.256840769856009	3.016979811636355
-0.793373127036112	-1.4139699182127907	3.3637785180952786
-0.8502076878948466	-0.37488198803700634	3.4764530523704966
-1.2924645588930053	1.6985676930371836	2.48824882739049
-1.2658174312272716	2.858855315892849	2.598827836902209
-1.063897340268149	3.7284558211289505	2.3774410410134896
-1.0351323743416383	5.472495061917878	1.416553767887786
-1.696863413091885	7.441623719552297	0.7075548385819229
-0.8016901432758212	8.267733344598456	-0.5931522267343625
0.025557922651613302	8.477744944013002	-1.3443082104243187
1.678765175288711	7.8488773773195675	-1.5767352355048578
2.7982684189471776	7.439598519759308	-1.5634380555576648
3.1972737638611344	6.754020912685944	-1.75756299572761
3.9806253173422657	4.9546683247133245	-0.5551394117776933
3.5393887353588793	3.9514374654802347	0.5039045968976169
2.601299261420764	3.0032816916793497	0.5868044344885899
0.4472789844220614	2.38178484582972	1.970313177374786
-0.5722354912789831	0.11635074717482047	2.907622389922323
0.8147666490866399	-1.5295154395231136	1.3737232544562632
1.1751696116472772	-2.1615806705146974	-0.13488862674759092
2.371348847591524	-1.8011490772632426	-1.4212657424061734
3.7562547247518476	-2.6433880335457833	-1.7551814345303667
5.073769340738302	-3.789693871942124	-1.7432869924368914
7.1421868829042845	-3.503784487477548	-1.8763472892244981
7.944201260542162	-3.229081854503609	-1.064205332175864
7.617602686216078	-1.3097782439507246	0.32461426362880924
7.123718435445292	-0.2380789492215678	1.2645467899564597
5.726219770949619	-0.20281045095560302	2.08006344863332
5.38872880763357	-0.47002451963324055	0.8250812405024299
4.324885723167066	0.8113153594129418	-0.629044267368164
2.9829952115848584	-0.009483154693558538	-1.5763261612416404
1.2790169577172052	0.014642120311566142	-2.1694052345286723
-0.517529076628946	0.5503396349667169	-2.753200303308259
-1.4120463302475432	0.8399380966831124	-2.6406042245460233
-2.881095038774972	0.5343741206188979	-3.132496471065452
-4.807484036785356	1.4236796317307607	-3.030606450563844
-5.5364450275446675	2.4403706186050145	-1.9922443245645065
-7.341584114268533	2.6792061323094627	0.2951815987708617
-7.288985809866594	4.233441674537217	0.8752912287040261
-6.5745215822373995	4.670279730177801	1.6369605671608694
-5.483068513882263	6.432316204220472	2.167828791485581
-4.651985515214086	5.7780629377858315	3.910982458792413
-3.156256942076176	6.859060413096963	4.05924882461196
-2.6375744879488714	6.315847292590215	4.6917191086675
-0.5939666331929	4.507609201321793	5.349121387321578
1.6040908332364834	4.835581196310744	5.11433084720626
2.3667548782873764	4.272744515238405	5.41780681149447
3.9227028523742913	5.408200300634515	3.6920598286993327
5.3464684750638645	5.262590905007908	3.207925200468122
5.967529549455531	3.7435669691551956	3.0380127950257876
6.959618909206557	3.6217361115260416	1.9750540459385721
7.798183088523845	3.1539554535204273	0.4436586467445296
7.26027364324438	2.288850634618932	-0.2897585950392827
6.832386521729454	0.945576332764871	-0.9244081031128912
6.045195773745991	-0.7403123327310722	-0.8585001957346903
5.848999910309467	-1.0942804525583838	-0.4453896730009417
5.013676208801139	-2.4468304019560407	0.2141099443974825
4.7022677900394845	-3.668184264912105	0.5504968441247768
4.810972019586407	-4.749656086098642	0.35692162654267473
3.5482652290189987	-6.012856196780843	0.10718496470333522
1.8143025734757732	-5.863422431464237	-0.7439083623264429
1.1138457815127893	-6.212410801914714	-0.29983156995602656
0.06948625850381285	-5.570102513336415	-1.020565817424891
-1.8027342491358027	-4.72144682557766	-0.43686545825926903
-3.1333041176749044	-4.1474299704300215	-0.5561139232153003
-3.586298849970992	-2.7085578933927383	-0.132542308235291
-4.293847623260328	-1.8566145574577386	0.6441746891853964
-4.550299284425454	-0.9617090515473676	0.8613987158804763
-3.662511845208002	0.3402595218419958	0.1606537538664347
-2.3464216525992905	1.8941344788433743	-0.4432581703747711
-1.6352475038701297	2.8886337995844507	-1.2442016556524118
-0.3410751007651027	3.5014299551492702	-1.1755153395462568
-0.6449260903574316	4.872147118064656	-1.3954881088069102
1.2077937733971764	5.8639453979567095	0.18606925377318673
1.5970652074289675	6.253000526791732	0.47327985086456403
2.7692875629294367	7.980704044618273	1.142011298196352
3.8041093623449926	8.088349384162921	2.0650389579657666
