3.8947152598529327	-9.209090827617514	1.167058940217363
2.8617321579093526	-9.05473960222679	1.6706130167153743
1.495366678641898	-7.698995053330217	2.4883747221197283
0.9433796525658147	-6.147828592017525	2.00909431301492
0.9153436165538837	-5.29389446821278	2.384073509133191
0.3451300102484977	-4.012776660600696	2.5071975517101133
0.10515123102646268	-2.6288721155437336	3.5753562484606194
1.6015233028896736	-1.5020945717711158	2.535966804384551
1.985951112967976	-0.17538029788380965	2.574840464606777
2.312307468180607	1.3091122367707428	2.009678765565517
2.518219552815673	2.562106442202559	1.6141872987367687
3.6492929950301614	3.209390815927462	-0.2841622268631205
2.7435130257631872	4.987937713495336	-0.3790470981987806
3.028959363372846	5.693462037247677	-1.969785869451888
1.2849804859657599	7.2745013413873965	-1.3903970624211737
0.4460045281289181	7.406585540233182	-2.345445080404827
-1.2122348599429373	7.438575851142847	-0.9806659863401894
-1.825797626574884	6.502203194490604	0.12750743290815458
-2.1156454966287277	5.4211554829027895	0.9593917944358037
-2.5327131768121935	4.066162951623129	2.083176894392637
-1.765772992732864	2.6420604205112936	2.5225139824853033
-1.662387603141988	1.941081432215477	1.9954547371449878
-0.905116866183597	-0.1396147383278587	1.3140547763937793
-0.746622294248255	-1.0047866915186923	0.22359801056146233
-0.3273738219461268	-1.8243503886371022	-0.9616060253206515
0.281901032675987	-3.0644592153523593	-1.3619044852278281
2.5304562553347796	-3.2599934045773056	-0.7064698122999036
3.4098305690872714	-3.706086126803857	0.6889307085585231
4.793127376392642	-3.937499713788125	1.1821734365546381
5.703268024093359	-3.319674859091164	1.6960361062158325
6.62905267385783	-2.416861851028195	0.8866332263969906
7.990101050035274	-2.1035298984052453	0.1761961193305936
6.966145862103956	-1.4048780065250996	-1.3663207446894907
6.689285491938824	-0.17068768232238157	-1.3526572331743225
4.757636264561968	0.8356691402050527	-1.9031999508805624
3.2140117369620804	0.7259926495639939	-2.6319700962697596
1.8600934052298148	0.8551435055433635	-2.046410190177162
-0.09409791831324776	0.8986566365221957	-1.9218130479993683
-1.6734653483367514	1.1790205343309894	-3.006481196472405
-2.7983716671901173	1.6224753829323229	-3.4067676769454196
-4.30243828273113	1.8141003988224158	-2.1555518637966102
-6.213825192520189	2.193476943102484	-1.260154876029432
-6.597901093703241	3.810258017016806	-0.7523329563226283
-6.748114547604562	4.323788248639553	0.2018152375524322
-5.988749522243856	5.215649675894306	2.014642510371689
-5.182884791330314	6.1099746415180665	2.726221850621246
-3.449847026470307	6.796921442370138	2.854123404832748
-2.5980552190404445	6.322593268486147	3.3868142889686603
-1.1510965936997035	5.524328214935292	4.31522912969776
0.239349401977781	5.63688839040348	3.414188402003831
1.6034860621161526	4.74330620892194	3.7870195799589177
3.5448080690887247	5.4880171008495395	3.2485995488432406
5.475097093237034	4.833358862310423	2.99555199550713
6.024805311259219	4.90979634631073	2.1920866418259717
7.50652033223818	3.6106938860662234	1.598130171002948
6.379414142039003	2.771981528771592	1.5392430868516138
6.246300296196979	0.5603575550995233	1.7322293992747155
5.05860487100454	0.2831979340053472	1.2969711859511217
4.4616692231175055	-0.8930579370020466	0.6018129416523319
4.847946198537051	-2.562222004481863	-1.2723872054165257
4.886414823751658	-4.1508388148556	-1.4986500649966146
4.4576014084973945	-5.001485223724261	-1.7488873226018518
2.6725708161439385	-6.402800160712117	-2.15627575297735
1.3547755343018528	-7.172913941048524	-1.5907491695544482
0.3985742426551591	-7.007769717588682	-1.6603730264885523
-1.3973247514238136	-6.439023047891139	-1.2493468226673663
-2.0620762986492363	-6.231153322843338	-0.3345224024588611
-3.690942592717267	-5.037981545048189	-0.2990670862436104
-4.054695369162169	-4.59792854203571	0.5676800148534836
-4.688077624253533	-3.2644990092105806	1.0854691525572793
-5.367746392965636	-1.9098693306395111	0.8276394451349878
-4.527862608407218	-0.00016735161729103387	0.2672569023410199
-3.5900224157698997	0.9000496579906205	0.2517377305094022
-3.4018260268351943	2.196500887640749	0.4408020433701687
-1.8554323131218036	3.1136141864740217	-1.1381934698885474
-1.0897750368889283	3.9259929155805207	0.26989045246031296
0.014611784323939059	5.957903895013688	-0.29465716060542996
0.8082349098256825	6.397457103242556	1.319881514373879
1.1610233798308003	7.75201055398215	0.8972219753506689
2.472557264819867	8.592784905526432	1.9496026103389432
