3.425136990420391	-8.959672996902363	1.2281467396329013
3.6858517337028367	-8.993024235031745	1.632719321041806
2.958745867347229	-8.904336229333278	2.242512960353599
2.596615544924385	-8.969656019156448	1.8899998630244401
2.025650183719721	-7.95012388742505	1.4333106689197126
2.593332340015106	-8.234321173588192	1.6595172188207963
1.8746246785196834	-8.248489797059184	2.028598042679476
1.2469772353809834	-7.8067559617455995	2.857642113917822
1.0366980508917751	-6.602125982040693	2.681590009551332
0.746750728552388	-6.805265366266191	2.398664774772487
0.12792157000217877	-5.573535925239715	2.5880626779111253
0.8283333944733128	-5.386627311387588	1.9821946437991473
0.6236382918078625	-5.126373640821556	2.9494919457517312
0.14752876968177547	-4.078919316492598	2.872399400192951
0.7006737115560511	-4.494406344331289	2.1720782159331673
0.2951452957438862	-3.250770925676111	2.3596229627494667
0.2685125982648133	-3.802510439565357	2.4947562597696398
0.7193836241059839	-2.789454783201993	2.923107989251526
0.9723803544716407	-2.979758134801755	3.230728875346745
1.005832525267484	-2.0753783413388254	2.732941652436212
0.9537067811836585	-1.8504317972909388	2.2247439179055037
1.5705045542077039	-0.6430611164836684	2.453002527806263
1.2884051506046597	-0.8726118727576131	3.0774352856373475
1.5168882594044546	-0.3425946659518071	2.430697961686274
1.6250610071298863	-0.03730542417407545	2.5654253036964443
2.31503980070011	0.572769090568906	2.5651442818933714
2.240626528687067	1.3313701307332917	1.8471137548244365
2.179735134201911	1.895884661728061	1.3686717281747238
2.730268473038848	1.8742442071239553	1.7053039829535155
2.2713732882218074	2.5654031531437447	0.845522476778162
2.48658792136443	2.3347636490158044	0.42013865792810745
2.310410565070537	2.8490297582438506	1.2074884716420875
3.5336617981273193	3.1190918021923957	-0.027404246754084344
3.3803184076715054	3.3328098824658956	-0.29991530371251685
2.7707235000313797	3.7397842223798334	-0.7287314919585892
2.69233085659884	4.0121626451770815	0.09674326227184804
2.3652424749823635	5.627156814002367	-1.1645938711401105
2.8251292977615714	5.174497058136961	-1.2315452081275742
2.0396585031950636	6.163939802149943	-1.1208463611363815
2.6057679620491205	5.2840603304528155	-1.0558354273882067
1.5419170547465484	5.725123727249125	-1.2339347431613397
1.6235395952312506	6.218113356730827	-1.287271375790261
1.4099969722549694	6.329886278279751	-1.6320041890305652
0.3191832759116988	6.538644594159726	-1.9690382537694322
-0.033368367899515694	6.135690922796185	-1.5802475492872508
0.24815234969796618	6.548652089587424	-1.1820349151648526
-0.8174732010193133	6.417450860879017	-1.9454838032824524
-0.4521350742160062	6.122307901926791	-1.6231312407119451
-0.47699950229232435	6.748467530898881	-1.0097374477478946
-1.5612433886498203	7.4410016487929305	-1.1980451206189562
-1.8742218781913493	6.6813220863947125	-0.505527533539712
-1.9229097198733789	6.323346882182375	-0.23108862403164676
-1.4915319884792226	6.744636911325882	-0.6663893388011901
-2.720128325382654	6.039844070409455	0.9883710031285291
-1.9947387599397752	5.970248705894828	0.19672732298616627
-2.9719640359408372	5.624905736366731	1.3166046442181911
-2.0021876608466487	4.704557487635523	1.5721826297813073
-2.23326516897158	3.972052502351861	1.6885286712920955
-1.3877991125757156	3.6638072565304287	1.3112397237746953
-1.9068963656425733	3.9978664716886083	1.5066920335873633
-1.9665405081905813	2.811238026862089	2.5957015196990976
-0.6542537321934454	2.2972289853418935	1.9609890416872044
-1.0029396510287742	1.7036019660020818	1.7041923562376935
-0.30404896801874126	1.3790802433091016	1.6956177115256814
-0.24329478793956438	1.4155285738502748	1.2609691584246598
-0.6566140048699284	1.4786270235832437	0.9670389906108607
-0.5288339883433452	0.8105494167252376	0.17371572550785697
0.7693097887356445	0.07338455447192616	-0.27371667003660116
-0.3797866795884181	0.539042880015947	-0.6260927025768354
0.1904121498411061	-0.28821149904849463	-0.20700515380029982
0.010987491342068778	0.07761455355792068	-0.6875206872569157
-0.29816885100906404	-1.4148218487029194	-0.3253762149223167
-0.013849264885511803	-0.7170360440974526	-1.5074337518260337
-0.03389454026618771	-1.2682214971813468	-1.1717190204137948
0.6044166918568481	-2.687591693646213	-0.9337547956586248
1.01209590081274	-2.709215638249118	-0.5593876130862594
0.6991039027260275	-2.1801105899338475	-0.7548906198549389
1.2462641888262478	-2.6674360173713985	-0.8451965167601846
2.1214509780226525	-3.476337561955099	-0.5554474962764419
1.712867263057274	-3.4501388696958637	-0.5884403638400053
2.080341619150829	-3.579329991449244	0.9689753478722243
2.781610412001205	-4.199376325958968	1.2867720073787712
3.2450614591830025	-3.7595851001311416	1.4584707947842297
4.37474238399079	-3.9475998968716595	0.7228658249055764
3.9349517064008657	-3.7878905793319744	1.3068857978086
5.14964468386191	-3.517816217023543	0.9262602141719344
4.517023204933051	-3.9472891148152183	1.9582665348299426
5.0698348212796365	-3.6923669929756135	1.675037372634654
6.1120228593477925	-3.9708834636588617	1.1772457866601072
5.84640254051043	-3.250903419586032	1.8085970109123601
6.55074481110729	-3.2390224231803213	0.6907172799950733
7.574586895691963	-3.203958928549289	0.7968318190342389
7.0038491430438015	-2.5889323385081475	0.4341015148082453
7.362310243189455	-1.7084391024987928	-0.27636545139062185
6.912023838828809	-1.9594000458009253	0.5215721230284874
6.8477457756763265	-0.47461684032780593	-0.6098535089681212
7.292615712890026	-1.387987027202011	-0.18085862809683406
6.856507384297274	-1.0003765387351566	-1.1585269211967948
6.234686021328638	-0.42102875997378425	-1.2231928217107169
6.0197739451527426	-0.2942721298693747	-0.7983549333751814
6.1834407421580995	0.757269632186274	-1.7334819819871155
5.1281109348760685	0.7760345676185482	-1.285453685684636
5.8542433280554675	0.7423478933361369	-2.7311478301520684
5.051156633693948	1.7691187948332476	-2.807415378692025
3.9123550579209856	1.5133604034803463	-2.9748036543351386
3.3552672935108845	2.3255688301937916	-3.111049734291796
3.390176657525539	1.7303324488392147	-2.8311173116185073
2.9817516775205166	2.2423908998378663	-3.307194915954777
1.366223152543218	3.3204424335719005	-3.267698504805992
1.8821897123280746	2.094670311673365	-2.6265071512051152
0.898871288683604	1.6944488996564537	-2.2944631268370204
-0.16904296118673506	1.502325589937466	-2.5709200424631677
-0.275716961425721	1.7140612253589091	-2.417639335959196
-0.8255714148791398	1.3623367689189125	-2.3855141840543266
-1.439766953071246	1.8547101332839937	-3.0987558216685813
-2.0544604803962936	1.5534591236482456	-3.4440043012176282
-2.498199292554819	1.3960336666542803	-2.823805586192931
-2.2999005645822965	1.7548127631285162	-3.3631389384128716
-3.340458926775933	2.1744950114320707	-2.9035367822236804
-4.527990579187178	2.378324358066836	-3.052565578009604
-4.990810415064785	2.447693455639672	-2.2288429878294043
-4.6647320488274575	2.3295330605822717	-2.1781985500136645
-5.509118747588802	2.3558211466549754	-2.4825495504873465
-5.896390650588386	2.4248275836126463	-1.6199120384721162
-5.018663123252648	3.1754727690490303	-2.1526423507035
-5.713458627122328	3.5695268944694054	-1.617601507852678
-5.444687108705143	3.266937656226431	-1.240430928533737
-6.25639218511409	3.634901728681883	-0.5591765485281015
-6.050114808329778	4.1452471518980545	-0.3843225738566033
-6.2422538752032795	4.231403661915324	0.00871660611394165
-6.551936941406342	4.440460331298072	-0.007507240826644057
-6.358877490062539	4.928180923995954	1.5248601346002022
-5.622205451446153	4.649933534442083	1.5891056346563
-4.861746726934225	5.806897581469128	1.1102457028400556
-5.159509669546829	5.492057140447292	2.4092141972531183
-5.108619921920167	6.295970168977133	2.533175859968208
-4.517372317014936	6.030984258996597	2.1847326630763035
-4.418095987553326	5.480261584583341	3.0079060611495128
-3.6119994908965323	6.382363559927189	3.3223671508059387
-3.290147710605645	6.586798871708841	3.030970865521428
-3.0292676907309444	6.487682838804791	2.9426824686661273
-2.67945070127502	6.124525982297844	3.6084277226150165
-2.1248177389070744	6.220672744251763	3.3000777587349877
-1.6202664444305688	5.313448698830829	4.234133909436845
-1.1656130337473516	5.981705868701395	3.588000505068969
0.017326151301019554	5.251047412359035	3.653430674686642
0.77946729888972	4.957781451983992	3.4207770826563673
0.27836446405390003	5.326533603585348	3.3038601822207414
1.5655823915441052	5.537390768361613	3.3458444452322884
1.824976354355387	5.641713076684157	3.533881903971995
1.9536740251995701	4.966158994218876	3.827920531291554
2.5313508614636913	4.8528369942998415	2.98231324354194
2.8170000243213926	5.539093864452751	3.014406337729413
3.6336916134190362	4.816912799377424	3.5672971618601306
4.304724333462643	5.257875036808812	3.377767893820044
4.145440816662889	5.41992440187068	3.286533728815976
5.055029997032625	5.399970574811497	2.8703738003101975
5.256401612813085	5.276213100199516	2.270562886671075
6.165233842987352	5.094758218219683	2.0912064312482572
6.4536627915309595	4.383457143167186	1.9024309703053404
5.685151226665351	3.973707938856608	2.9158812147195174
6.487688912634047	3.826747764499624	2.6116212386397466
6.890693956935596	3.179759078442893	1.8471955177506916
5.708874455218998	3.8777048731420303	1.6828580196854759
6.349717171700229	2.6125223617904383	2.3430053168288425
6.247942146161211	1.9621617378450866	1.8243477137316597
5.258544721584721	2.4915881015978623	2.382352023589781
5.462239463864496	2.3727630448055907	1.590819310736248
6.052048080055788	1.3345114872273949	1.715071282257965
4.77299527836411	0.6857410368494629	1.7069931705123031
4.564168638015351	0.48061537035941304	2.133478920375645
4.897978169795415	-0.49740476796646466	1.1733405001123283
4.747639720069585	-0.09231323931983337	0.5718250914644659
4.258487238361773	-0.461728315676067	0.32089205123901215
4.192008383522118	-1.7869468415263934	0.0009581651687444181
3.589254349687692	-2.4158556115732503	-0.054262328733939325
3.6388434003195234	-1.78872031748043	-0.22575247005862575
3.91937035393586	-3.290431578028649	-0.5660757464440105
4.758393336988502	-3.631808810293264	-0.9862692285782606
3.5302015898655044	-3.5106299814093074	-0.34282909064982237
3.5806479668459	-2.9702237889093146	-1.3570203349396104
4.433822721495923	-3.9635022895120424	-1.5264002266061774
3.576942338497445	-4.285656638290554	-1.0316998184630726
3.0663575269160326	-5.401801631090154	-1.248850127352061
2.7404309366761543	-5.062633887461393	-1.7049026402498832
2.1413703378746316	-4.853368409553377	-2.0825904737907757
2.7494492949461815	-6.036782374138131	-1.5676178147934614
2.3772568175335316	-5.758655170941432	-1.903992180295079
1.1198459041745803	-5.782661451207848	-0.8864404145660751
0.9528925781994286	-5.876933500694532	-1.8092465558886954
0.8695492141784216	-6.065506309293282	-1.7556355184698929
0.37371383069596376	-6.491184524400781	-1.3030292271254866
-0.6194928219276088	-7.160160091825205	-1.5751785201583743
-0.4561889469719702	-6.575321286608572	-0.7749468998993565
-0.6276993170583557	-6.027781307371333	-1.5434724711463628
-1.565076262909963	-6.242914141026466	-1.4467579585321217
-1.340017614155663	-6.637432775564842	-0.6495208322994215
-1.730941571198437	-6.5053431392722585	-0.9697368439684535
-2.380801525874576	-5.862901428718037	-0.3096560640098329
-2.6139864589205546	-5.916157304720741	-0.667733887329175
-3.156889020409078	-5.3299502029744055	-0.4509023185511439
-3.6897978181988837	-5.201129807879241	-0.6824613132639284
-3.3023659477803085	-3.9606210726829043	-0.31705106111331666
-3.774120933280775	-4.281898147067721	0.288828586082561
-4.071743296743849	-3.1217143333879065	-0.1561078447555158
-3.4942591649635117	-3.6558561583847604	0.4113532613817825
-4.7442132055128665	-3.136169025165328	0.2567887608048678
-4.480838250190258	-2.417840369832262	0.311614604268252
-4.47078324761868	-1.5884807734280615	0.6804265341190324
-4.913607084937103	-1.305684975882505	0.7454029192996275
-4.589782261954307	-1.6196962575109455	1.0058756425697513
-4.7356833557124896	-0.2517246053948936	0.46911358078278803
-4.805523560176967	-0.5310850889791698	0.241664478498818
-4.450640399419205	0.4577110030455363	0.7469603821983973
-4.76853724667081	0.16027805661840885	0.3571768371886093
-4.74274881755555	1.7403559962114354	-0.10451433202951652
-3.95725546913228	1.206827313366546	-0.030313741438617148
-3.9350841704031594	1.465643446810522	0.8371753547615063
-3.102826815850629	2.12252630235805	-0.19667232004772905
-3.221183725306679	1.9851142039891876	0.12115929233537892
-2.5236542820410928	2.3092553314514834	-0.47410403072797414
-2.45135638852871	2.8646438577129905	-0.6624306455225215
-2.0018942344057336	3.037456774675476	0.03945450828627228
-1.9164597880763414	3.758871362966017	-0.9364065498266594
-1.1325282054917636	3.7869510563258397	-0.33372599310206363
-0.26199940359262874	3.9876749092938155	-0.115173838060589
-0.5789628386690486	5.061497869305218	0.25088393519627317
0.6306341900305176	5.313963013186452	-0.5081445370606268
0.10044144285361778	5.8152805320008145	0.00813266395244544
0.2040288797873453	6.317004743405378	0.8816694729525281
0.39469850653794136	6.155822744644442	0.14195587142906163
1.1799659344488633	6.283231317902826	0.7354505520936198
0.7164849850684112	7.104984712118576	1.1884653084269106
1.0248167104195969	7.6146495325773795	1.6129554841066502
1.455454510485389	8.66273324373298	1.2265115333813095
1.9893368399960112	7.963539627553074	1.3080725850653556
2.052239416783867	8.57980477547552	1.181154291050106
2.257594756980026	9.0342250251713	1.1735198649915881
