0.8400265706747458	-7.011536661377073	3.464841221734609
-0.1291028163246455	-5.489388668301812	3.073213082515283
-0.23035446493368067	-5.97680019591711	2.86642537998038
0.07695854850530937	-5.114482760740338	3.3766501676083296
-0.19714369013777167	-4.204946624732133	2.870427005571577
-0.9784879035137538	-3.27618151747739	3.234388075089469
-1.1340317123673724	-3.239228062270493	2.683128348621609
-0.30517371202690025	-2.5856947041633953	3.112074620103356
-0.33268705925975506	-1.8645329117468858	2.8267291843053535
-0.9933980382098362	-0.47041262257157734	2.4587079623261983
-0.9877504662565227	0.4378970423943451	3.020923398115259
-0.5308686467009291	0.565049516385491	2.804530470957276
-1.2832290058880678	1.2094451094389627	3.339182313797157
-1.819244301165462	1.6440789025489653	3.339909274679531
-1.2954180059346974	3.4573578365605484	2.07725266740532
-1.8340011407117212	3.5345082519685915	2.5345024396093763
-0.8878284562052163	4.136613165875032	2.0080558030992117
-2.030041174386321	4.953717227876631	2.076319876814224
-1.4982826388808947	5.51637245818819	1.8679225475250423
-1.9589730487940527	6.416676415402874	0.6668280406188352
-1.7277612912453932	6.369275767774933	0.19664045022368765
-1.4244572709900831	6.993243303494869	-0.24755744318147405
-0.8242272307408736	7.794057616134935	-0.5023025541739645
-0.29548411128222796	7.720497485295315	-0.2144558584948011
0.015462604656966	8.245694923333948	-1.136462839756724
0.4077145137239807	8.268244522154456	-2.206253132662161
2.160058262464693	7.60541409494763	-2.37980994180674
1.671771271973025	8.154877963889806	-1.8315865802489248
3.0269120353656076	7.625122273322923	-2.028854712413494
3.442395885164915	6.76882336088162	-1.9121473484218734
3.9903212772555743	6.130261709073761	-2.258414570224949
3.438617081576455	6.733507435579532	-1.8752300606719041
3.8046055261090124	5.286732978296763	-0.7779217860264666
3.2420493329548172	4.479122201582111	0.06576532395097279
3.477655011406915	4.198403226085251	-0.27687145288921144
3.4013550494234	4.054485719075453	0.11126658185678084
2.996029657763124	3.038695849449789	1.3210737191305377
2.917095386581193	2.213338354096604	0.6296291682015518
3.098928317394689	2.147614580062603	0.8207942699041487
2.231749898746319	1.1898207901307203	1.3526303146073677
2.688536935674768	0.3799084367543434	1.1481708819916592
1.5209882679200895	-0.45016636329245124	0.6600070040480464
1.636874128796694	-1.0633549429586633	0.5235621944462923
2.7604647168895533	-1.3400984853241773	-0.14956200155302113
1.729933920394168	-2.12578867527646	0.46616681635748003
2.7238278446185493	-2.5202662694262408	-1.1253606037415784
3.1080434844907603	-2.9572180287826364	-1.836738911705253
3.032489982505906	-3.0831810610501025	-1.518660392074294
3.9618020205924105	-3.192801712911294	-2.1278798453618757
4.558863896419343	-3.7489313492431924	-1.4620257940420998
4.8750085648893	-3.909213273141658	-1.7171240481239352
5.411992421223477	-3.8761629607363672	-2.1260464578540383
6.39356191456285	-3.1627642187202554	-1.9080842070259392
7.139920083458627	-2.849223773607958	-1.2409712287371515
8.518624871055131	-3.4322931969131867	-1.3339639696999361
7.36386625278493	-2.5165284977807243	-0.7913877605602808
7.715477683949187	-2.2381023073369097	0.9892267673049477
7.200962646328102	-1.0328192703030217	0.9978886256757526
7.335599218682592	-0.7290762727483381	1.2299012735317787
6.839945672965973	0.021557254127766212	1.0981045833843601
5.867901872568674	0.6762196412531559	1.058172843181591
5.717113829653087	0.6338209455647102	0.4378624976211291
5.184678222404765	1.0677651933982586	0.35979621366144243
4.168229844246425	0.5889855830780593	0.38700620932259755
4.316650285165203	1.065610275532476	-0.8216595581212399
3.3144008026835525	1.3216782256865274	-1.0710117216524733
3.071901865633944	0.4848191666397928	-1.5094328625455533
1.859437511950735	1.0576094519736303	-2.1200052631173714
1.1566205720927945	0.6020578324562531	-2.0681777319559576
0.16016814975674243	0.8532647615682003	-2.4992176800692922
-0.39583930556511115	1.2009655722231614	-3.4250139124077092
-0.7820920485393488	0.890514487657731	-3.4969523800960483
-1.4728302480690747	1.3286759455787511	-3.340345006222009
-2.63455006222215	2.2879532469170654	-3.5439635708640598
-3.4478540207224073	1.7652157693802302	-3.2356297645945467
-4.1699567802306685	2.0679809621614065	-3.2996371981294828
-4.097993817540313	1.7774503079184276	-2.284857459482563
-4.767277876273121	2.021112012954219	-2.433965277016261
-4.893410809114174	3.106857416265146	-1.9753063099720587
-5.877134636275656	2.9357731902370943	-1.762277184165196
-5.89942291846859	3.8678855937763155	-0.9216935985049894
-6.038350836698221	4.134120961858236	-0.3842039823279808
-6.08510322097754	4.048234462706412	-0.2288265902588662
-6.1497399036977916	4.906207099891426	0.3027850127840007
-5.931383382600937	4.7162055253470045	0.8852784743424742
-4.960870056389464	5.698117662666566	1.41938403858457
-5.585375142858872	5.351872277135276	2.1948829596902915
-4.103092956734637	5.5294900281279755	2.4719050026130382
-4.111673108886704	6.112124303827935	3.0817529264650627
-3.295123559324046	6.429861062743664	3.674483529934769
-3.271550278856596	6.664720024661256	3.9640669541959173
-2.5959531860172618	6.373744271774834	3.836976656282054
-1.912040736836278	6.54330498175635	5.104741704918526
-0.48960350583934864	5.959192348783087	4.928232665040953
0.5071949705192389	5.52501787548117	4.349110590485763
0.30069076590252947	5.371994889122526	5.486138149222596
0.6750877728522723	5.914028168590848	4.978115437564687
1.7915480725285002	4.753650748567356	4.9003842838878375
2.530512890949302	5.321024433816556	4.6519458925256245
2.668748933909109	4.709813075596277	4.085825065078786
3.853615350331802	5.49394502561113	3.647307291696773
4.903026758134602	4.465756172172567	3.787810973491041
4.916634430939675	4.715562557186494	3.5044509605142045
5.9134551052737985	4.592341439340289	3.337208564480002
6.102485905758641	4.401843034096818	2.425532414896011
7.406707829151725	3.7591584683783963	1.936782669058657
7.7273640221737105	3.907366373124778	1.128168793933252
7.210604209694643	3.6693021000348844	1.2404722070321905
7.3299311311342805	3.2761412675174086	0.974737867348737
7.951282692043449	2.372053594416608	0.17587651177265584
8.04895658311196	2.519345829529108	-0.6188611760510774
8.047385246810386	1.3511024104600524	-0.8077320520268529
7.969181014274858	0.5192088636141475	-1.2669846646305083
6.438421813442688	1.04191946851667	-1.0673628794167622
6.041535565976602	-0.6931707421326303	-1.7376601338172675
6.842892933186983	-0.9787455451778388	-1.2009294094213478
5.639037635422302	-1.0247608304807039	-0.7524425589947721
5.721092407898372	-2.415092092429834	0.1871150276028024
4.839533860000426	-1.914871286348332	0.44241428394742754
4.983310936469942	-3.4768554339554094	0.6827650936331592
5.251465459813654	-3.513689727104802	1.0779547375484146
4.816995574724388	-3.9453539083932663	0.7215980285609817
3.9263155385970716	-5.023604202056918	0.43804080739246093
4.294397470117994	-5.861161689352639	0.8129787281744315
3.0826709550936684	-5.417514620399656	0.024053846204929452
2.604004799795747	-6.054484665505787	0.04758660326427899
2.7776176284263054	-6.5493069151264445	-0.8399626567808833
1.0356718042849424	-5.702511419838229	-0.24573421488942904
0.6131922531173563	-6.376924250240934	-0.29015995231393377
0.276353272650691	-5.582032007809414	-0.6721473381907493
0.3765806156557029	-5.884048517168016	-1.2334257921480702
-0.41939928116773695	-5.102004921850822	-0.9821707381664296
-1.7958888679488691	-4.245710321657471	-0.8693063246290407
-1.9758448608865917	-4.183135439374761	-0.538070975348353
-3.0069701936819704	-3.8941967407922666	-1.1731506924524888
-2.431438621110134	-3.7616827051801307	-0.3017504890434458
-3.757934117705711	-3.294321170186675	-0.4455576931603155
-4.045103809881754	-1.538164944474039	-0.3166279232603498
-3.1679935043671974	-1.7664417316414953	-0.38982501008627746
-4.021095365222578	-0.949442965133738	0.01516276308078257
-3.837712730957817	0.20801326681643628	0.3112332037836913
-3.894643179290232	-0.10966287089318955	-0.13941767952208012
-3.5361952549128746	0.49888749122085313	0.36280052485456293
-3.6752871519121184	0.9725385153614667	-0.03824075661527487
-2.4141650685377867	2.259328498978618	0.000840217652948283
-2.549541658543612	3.2443281789261085	-0.7182344643941594
-2.372356513631796	3.0498641670627444	-0.22212681461189443
-1.1232841343409699	3.146801509695041	-1.0856811804316924
-1.105146377974933	3.5525558319905897	-0.6414278042156761
-0.9229202669866081	4.743124984981992	-0.623540103210446
0.6648535351326057	4.532281518551517	-0.567248277684173
0.8408600513468093	5.653209695184796	-0.9010703311544495
0.9870516245930798	5.191141517186824	-0.5133879580970835
1.1297016721391893	5.940494752621987	0.031487777523953236
1.9689364567811256	6.003101276982821	1.460583407018885
2.4376178912997273	6.641560716474885	0.8027241581097609
2.4995542307434055	7.244011877463877	1.0159711644047762
3.2869374307985506	7.556413735199129	1.3338831781408964
2.532182706395928	7.957328400195542	2.2343818589949938
