0.49550745756873044	-6.880372441170319	2.6705494967897243
0.07134130301826996	-5.6977987519973325	3.6107044777098816
-0.40804700296595253	-5.759515892253814	2.9184521944627444
-0.6383441096074303	-5.045386497540228	2.7239134319097147
0.29772919305193946	-3.8513057895622778	2.72038570086128
0.015026302504018041	-3.014291968822502	2.627467276206628
-0.43492871709817416	-2.8379954827106966	2.780572546758487
-0.774053799904366	-2.534628847813489	3.4836403504529345
-1.1101961194295002	-1.7982526959713063	3.736089300836041
-1.2969437719365928	-0.6999347917422409	2.5776673840038384
-0.6781269673402923	-0.06488610724680977	2.782072091567146
-0.5061589750121978	0.11204269699752287	2.707112789371158
-0.5023113624123459	1.4354729137068964	2.4859602874466056
-1.7675347092754834	1.7234265522690793	3.4401174862950965
-0.7050286485358424	2.7094178509404307	2.355425734047959
-1.6577069197441163	4.036814362563277	2.1026104762210243
-1.8518403515410546	4.401010067618241	1.9287640202483867
-1.2014005062624815	5.460209285387565	1.1476471996334119
-1.1179902623317122	5.109149016581336	1.6917062201457194
-1.1640519776346236	6.073906022473604	0.42723634698094576
-1.6607535046194783	7.709385386153003	-0.016247854370163364
-0.5544108235406728	7.636465743249498	-0.05623944970081585
-0.26030318680253206	7.8633567503223665	-0.26157330638264376
0.08923599444271135	8.529220781702618	-1.2922679513697783
-0.14699047644659272	8.683915428547783	-1.482814601763025
0.7417715731945962	7.676288905313769	-0.823604484348476
2.2996848956226312	7.738308092565035	-2.4855678669136103
1.9745943835709838	8.253293059245166	-2.2452680531785822
2.8062881406721747	7.762553461122246	-2.3002478294033413
2.671213095993563	7.556211286449743	-2.1998324931925146
3.312772966742701	6.300630045476143	-2.3574660952495226
3.77361631740626	5.636190792179823	-1.9048442796442435
4.1705869256441295	5.158815411083952	-1.6416939313365848
3.5915904980566	5.241347712073015	-0.38447582820305404
3.5893213782318636	4.731964721075701	-0.33354225997594666
3.209181177967759	4.06150517819472	0.6182164368328589
3.1961922509333442	2.8263694484809014	0.31729399295532834
2.5329897646742423	3.2548719843505998	0.8289895335961963
2.924742257256516	1.5628042839858889	1.0481148425519302
1.7362670758748502	1.220634396130899	1.238140149701692
1.925917395359039	0.151896975466551	1.092399150672336
1.5104416211333231	0.11047194670999483	1.5607318894801667
1.3291053134582738	-0.9782988176059545	0.24185530595204308
2.1690882271949183	-1.2907251348291147	0.04478426390399409
1.571281850497392	-1.9867002076837013	-0.6637974571689413
3.0230515117325396	-2.0147116625948422	-1.0987625087011765
2.561107408320216	-2.482675268738874	-0.7697216702686731
3.246042816113894	-3.2216808370179324	-0.9640732167376449
3.5053252825878998	-3.031211811462797	-2.0628535958870207
5.190912292403438	-3.549611535958105	-2.5555560317283805
4.96784794052481	-3.842047999465941	-1.3801670255706693
5.532696099232846	-2.9604700597280442	-1.770573646933387
7.009456995988368	-3.7773811161212794	-2.370010649950492
6.862305184876731	-3.5700998644349267	-1.4818177373727655
7.078995252205146	-3.164727539318166	-1.2298744987482784
7.431677936133027	-2.735492225986976	0.33121807477067644
7.471944920068059	-2.4849934643966822	-0.27766755897516726
7.971924306112197	-1.9930957780240215	0.24591585213037764
7.6221580733025895	-1.338751351163651	1.0392960279057855
6.454478565205238	-0.29952645021277524	1.6094020369281825
6.0618029391392465	0.7268209925685353	0.6140963124880203
6.1918510157770665	0.14530137038491203	1.0059084098601458
5.449210985348917	0.6794644589365925	0.816884199707095
4.194472975699941	1.0159557572242048	0.1476054076148009
3.3974105712890648	1.8064255556895656	-1.220248974980152
2.8096960437517686	1.2485841980926402	-1.6555350405617786
3.1184394772394284	1.431026662795141	-1.68436536437042
2.687367727212276	0.8291570478122672	-2.3986124475412143
0.8252134443497907	1.1631501326263256	-1.828894687177177
0.6739723812646129	0.5674462276695473	-2.26281629952151
-0.34158097435442664	0.918659677406794	-2.276185724135494
-0.26400572231424624	0.891584091422813	-3.578605513478183
-1.9408042606651223	1.3762389477407995	-3.5241709431560793
-1.90481224755542	1.7196537635756088	-2.9377033224699263
-3.223994893352774	1.8808589576207884	-3.4121668954673945
-4.239069296887663	2.56113238787644	-2.815325252832028
-4.806936273009756	2.6329101197370544	-3.050079524182621
-4.543873313645355	1.9421160485808642	-1.935209977442764
-4.849359776455352	2.875327124072963	-2.125331186551377
-5.480447580942105	3.594710983295487	-1.3213096296514362
-6.332375519848	3.924841235177321	-1.2259123191181491
-6.466399844528547	4.257645493437914	-0.9607705089337112
-6.102799699936426	4.903779114138503	-0.37437750821645177
-5.690814917163033	5.208814551776705	0.18694620919403063
-5.266036191750315	5.192070176587306	0.7544800010748075
-5.404325878126901	5.728016174112916	1.5515185642134843
-5.322827964782192	5.288736984650263	2.95456813894109
-4.915183578725371	5.907236686952961	3.2543467991740376
-4.1483145029929585	6.301620054199824	3.267487769177604
-3.5853286000165365	6.138786730897532	4.003423484593084
-2.928100826265623	6.999540078724005	3.802981977343245
-2.7480897807371223	7.049871593804098	4.279681291587085
-1.5348199361979609	6.756136104483955	4.376284972717742
-1.27901518717267	5.638744008493337	4.724023193859802
0.1931464718617767	5.754756859225438	4.416920760100232
-0.08730320259252496	5.506138724704049	4.357864530250732
0.6316779133128589	5.88523432419607	4.422791474446495
1.4534471957103947	5.889198869883376	4.251785116887331
3.351514156044308	4.596718630659092	4.435004291671398
2.8445589640269002	4.615116676179824	4.515038864363275
4.325176851178047	4.339349583297122	4.131853341304551
4.668873136387602	4.390093431884724	3.613964829582482
4.877407846041301	4.555124634671583	3.547382365698536
6.30353577868827	3.9981799867084398	2.844121381415432
6.099583414056805	3.8756419656381746	2.676899284322932
7.475656586971148	4.01571703669108	1.6255332507410376
6.763749266881364	3.9033872704408914	1.0409332170876127
7.232906471231327	3.262558836126824	0.6775979927108853
7.4537435187453305	3.5557380256195223	0.027663910617922963
8.078674775236257	2.602361233284366	0.06316388051619504
7.95778358707117	2.1343751046158896	-0.22067430609166638
7.007464606556372	1.3351666854023252	-0.2775494251102748
7.303604359316882	0.4341225681350675	-1.1431866177519
7.627929065868807	0.2806464726073819	-1.798393099465053
6.332566599978716	-0.6547787364431673	-1.58153986261852
5.996400724641068	-1.3456919508413516	-1.3720615797083169
5.599997660215803	-1.3530489721962238	-0.9277019903596859
4.935545538440769	-2.4591804787978466	-0.007932936447036631
4.813835081328898	-2.6904807291318225	1.234023125938133
5.938682191272845	-3.536504470938239	0.18311013485020186
4.917839647498773	-3.7574543833863334	1.5538725709991752
4.125399997928758	-4.371258510485585	0.9520444115134092
4.255334443095324	-4.430658613278067	0.9584992915943688
4.352907353457199	-5.91883755747165	0.9170827009219152
3.080711487778338	-5.883093669585275	0.45788765327095526
2.5470240297789855	-6.505338037793348	0.048525393851399645
2.712826315453563	-6.321995482477827	-0.5755325685232044
1.3069842929202458	-5.478305848140097	-0.554252438769615
1.256576371015303	-6.199244073560912	-0.46441625396007535
-0.06770131027041737	-5.786014191180117	-0.08637588697320009
0.04265335101520551	-5.557396134875916	-0.7495804761858058
-1.0514905573953335	-4.934125617840421	-0.899621209089746
-1.0458723451528715	-4.67569163043582	-1.3666043282942175
-1.6001768991284937	-4.337375799315641	-0.9999791143227488
-2.406617228331754	-3.8228006672937926	-0.9938764696886419
-3.2865309583897644	-3.113572917355766	0.08356493675491394
-3.351984550596711	-2.857493948575854	-0.24084331367782275
-3.801752919694514	-2.1429768361404813	0.387610784308119
-3.6691786553747487	-1.1414636795764768	-0.43601200760128733
-4.4597304079094116	-1.0838703966580714	-0.11027947560345253
-4.4788414115059	0.39673109382336613	-0.20943246400796006
-3.083050735996384	0.13059554440902504	-0.07472158551935071
-3.9564195300745455	1.3306715842020542	0.3512725902762718
-3.718565156684385	1.4950173414021402	0.5201153934354199
-3.3924381910344947	2.0541119735642512	-0.22513630860046474
-2.1784595056690366	2.7157499878915994	-0.8545566807543619
-2.3645804731392257	2.6552973292843958	-0.9330557510304494
-1.7889730442859524	3.2809259630983494	-0.8467603930353583
-1.402637674543879	3.844728568574462	-0.4931580352171461
-1.0034382529322792	4.092486180336153	-0.6547531373744304
0.3376099263731555	5.140000651364493	-0.9016454917442699
0.47108314491795766	5.5488100212424625	-0.26554592040882385
1.2128113951774155	5.78640890281774	-0.348071378856487
1.9590727324630048	5.769567082386097	-0.09266553593766816
1.6863559997504587	6.701606523121447	0.521352732458491
1.8345158577284923	6.586857592987351	1.3521437788265764
3.009063920820057	7.441564623567455	1.199949140513095
2.17851903413063	8.165403640724511	1.4591967657643552
3.1763033050217557	7.817162939884411	2.131382009726365
