4.190017442817895	-9.07544312952891	0.956516586263708
2.543851612429032	-8.384962535447945	1.5122141025390823
1.3584839169685576	-7.402187347351526	2.6786339276634465
1.0661192381186277	-6.891603882757536	2.2737861234028407
0.008039492373279888	-4.708348028284755	2.6150459919326883
0.487292674187151	-4.2431406236813345	2.773984963331123
1.1422837507854726	-2.7160742821905774	3.0749400015516404
1.2343643080766593	-0.6307361951390593	2.7496357025240377
2.2082415686147687	-0.44903275053667463	2.5489915593917023
1.9825609585028743	1.295691267476402	1.0979423883498
2.3023847588683	2.0517640376119584	0.6311743232705266
3.347478679465945	3.7185671461616927	-0.3783650463495246
2.806800638711182	5.535122958711599	-0.7825013224502508
2.1987716971785485	6.23948193182427	-1.768534277239577
1.3117573232076005	7.268119119130968	-2.157583824213895
-0.21737605303445084	7.928022269754866	-2.3523993977972126
-1.0033282585482683	7.101457484723192	-1.092861009412395
-1.7358526775748897	6.514408859530517	-0.16990448238392952
-1.9958567379621366	6.050726144993652	0.39209371776000373
-1.9548690777989588	4.451662141968253	1.243577292749015
-1.4746058346165114	3.065846141174865	2.058019545913197
-1.237004572381455	1.217294131453092	2.0921412643125192
-0.6781840025317329	-0.1374532531509967	0.5014971193501888
-0.4578420033151569	-1.192363211223054	0.5458228159639122
0.18306959526879152	-2.2073100495177447	-0.33784407261992233
0.7021046330297358	-2.287521394701672	-1.109636748860489
2.242684103927262	-3.796390974973328	-0.18012674876515566
3.3862716961489507	-3.927810022091915	0.07620058983356512
4.102259783558563	-3.4323392017652194	0.9167740461390359
5.321110172253435	-3.6558984993828725	1.367944592993298
6.864677102621702	-2.520341537023757	1.3155447028448153
7.52828859658235	-1.4449958807980157	-0.1540264950234732
7.7125368808342305	-0.4595978182482615	-1.0754195905444228
6.118528023494148	-0.1596389572329151	-2.081519109893532
4.908707085647044	0.9038060687698948	-2.4052369377315204
3.9943140853845103	1.071660432337549	-2.2758820279674286
1.7029539534190878	1.3323810234097082	-2.3901478051947125
1.0473405497616475	1.1944939526787621	-3.2477766580651677
-0.9243656883352065	1.6156402549163404	-2.8063456825110435
-2.6735530868736728	1.7769033606712994	-3.361238261619678
-4.706920001454083	2.043086245633344	-2.267492092184786
-5.088305456539585	2.697627997183374	-2.0783605524438125
-6.817540480896568	3.929393998961082	-1.3498805609184503
-6.654056549720349	4.648737841218005	0.5746543456757183
-6.544539967718622	5.405397109643863	1.1895014160869302
-4.907927551207289	6.218232079230173	2.485667037940772
-3.7988127476259623	6.44310730315103	3.4415530643462806
-2.7601200765764258	6.238716194973213	3.917723425773513
-1.027322133853601	6.402994265495241	3.4998120046165635
0.9933429767417805	4.938501159376699	3.802421315844585
1.9498134222723218	5.452705591584244	3.185184435902618
3.025600313591828	5.279888156759128	2.7916299747722717
4.356782767593917	5.490749208843893	2.214629433844205
6.847555726975754	4.214466364666758	1.7893101791265773
6.4864236816737755	3.628226607300347	1.858794506333571
7.438001219514802	2.4044269917407437	1.4767626668992593
6.315127685521632	0.5327546715347689	1.1441840859139936
6.0972568229707935	-0.15498722303307977	0.9514452445280591
4.9349351723499915	-1.2553091273435988	-0.20092428747655244
4.528121934135207	-3.134695641122481	-0.9981797699582964
4.530212584535434	-4.554017853569019	-0.882251409341436
3.923554016310164	-5.6826945033662835	-1.885695060006969
2.8477770608592974	-6.349300018221681	-1.2178436566037805
2.003492760477042	-6.986167031782995	-1.2845176448225977
-0.3103501160724903	-6.694455316125561	-1.1989853004757656
-1.6667908579480908	-6.567864149284184	-0.7587003512237918
-2.6867466158867663	-6.7851094536591	-0.2158465564866494
-3.159933184694509	-5.192135299857197	0.16899642138922077
-4.836950214012523	-4.536216336772833	1.1713409261486085
-4.8828530231863905	-2.997249913062139	1.0215790141360246
-4.862913507171319	-1.559286659599592	1.5161047196472093
-4.495311619336313	0.6760123780228322	0.3497711064561947
-3.7743883908588227	1.4197096903764623	0.6396166457333361
-3.236699925096996	2.795786023668714	-0.884235824340565
-1.7517765951460627	3.510714728693971	-0.250571857158306
-0.41244900138475393	4.58616121150181	-0.86136929160167
0.36528033507830987	5.469814958522951	0.48510354744028844
0.8974654984551746	7.452597626126794	0.8937937194277117
1.7725663333415342	7.765262871487353	1.2753533791694385
1.7162482594202428	9.203820559548776	1.1609865866028957
