0.0947030648394258	-6.842732020121731	2.617427702738678
-0.02972638169679792	-5.455340881040546	3.29713688972965
0.13831166734551686	-5.696966174381023	3.8538733867919652
-0.15006152963507458	-4.045381467056346	2.614874660297181
-0.569887707697515	-4.49579674824622	3.2088164012557314
0.09880458882236964	-4.049681292389125	2.5711185641055274
-0.3661622360202268	-3.2891654752262283	3.548033617528139
-0.5483526329842381	-1.5521406163084752	2.8671022361592846
-1.374826487684809	-1.7516459692255009	3.020403247469802
-1.1755689142348091	-0.6460182805623309	2.7057362617158818
-1.583024433403787	-0.03172668491058983	2.8787878760916223
-1.375464548271635	0.2331191952904331	2.476309694230002
-1.6250937598641098	1.3831299452851742	2.5890319224209506
-1.606401107635459	1.9280787641805763	2.8203156385999124
-1.6715109324992545	2.398265407509028	2.563244865106357
-1.5855998314819906	3.148880042007585	1.8982535619179093
-1.1293037305774658	4.21995884801092	2.13870639596714
-1.7654131092440666	4.547361189294086	1.794722590575131
-1.6751526427685466	5.322481223163418	1.9293719082698813
-1.7242941780606882	6.4848717442982675	1.358276337970231
-1.0093575702470061	7.362931791224545	0.5016129092151073
-1.1155041378132589	7.248546448983762	0.7742641295620252
-0.8312517372431635	7.749674896244127	-0.02048140276429078
0.07814811045390213	8.175274750021932	-0.5886309575843163
0.3268609879110772	7.893634292960913	-1.809470465104326
0.813222490676142	8.477941065353779	-1.5987889851513204
1.7929902546897574	8.412801824960653	-2.356806369343053
2.1267039782532633	7.494003975421096	-2.315097538711281
2.429724584848472	7.424054217665403	-1.6022112315277304
3.5986651194792802	6.913819589129035	-2.4569262564026397
3.947731620773504	6.665479603570443	-1.7016792555849705
3.2622052866466675	5.5691525413242555	-1.0319933239125243
4.256727696975835	5.509925882799452	-1.6491450938789258
3.873072643289418	4.753252852500978	-0.33330965675541324
3.548476479614006	3.8083683022920667	0.13367100017445588
2.975955333903726	3.2013900957481014	0.49170842726398933
2.5783140507311093	4.050655530246682	0.515115633401319
2.726318764154227	2.948343038837665	1.3413718084412085
1.9681413946317803	1.6704307440631283	2.0771899300244754
2.3529752525819774	2.048948825714973	0.7766855547980669
2.2753027961287344	0.320779953590744	1.3000853963760877
2.0195368924621127	-0.3657517328111887	0.6381905745868854
2.023526494540563	-0.5345918974664647	0.638074094173959
1.665893274449247	-1.6928600920427208	0.34591871795588713
1.783596382562495	-1.8212624035988834	-0.1184644038320598
2.6822831197968267	-2.069749939536898	-1.1385082816791545
3.0929078209196925	-2.5860623237191085	-1.7683888084311008
3.2807048972860153	-3.3038623826185023	-0.8619291903380459
3.954115489431162	-2.601520186763092	-1.946371168362332
4.701306600332754	-2.6957395822402015	-2.4306384553826272
5.5502301770259255	-3.8088718587572252	-2.101534394669481
6.0477942939470095	-2.947910853110678	-2.509342710847783
6.492328603606756	-3.230484388868982	-2.3181546569232125
6.589701125762218	-3.2960640523460003	-1.435123379553161
8.20948613846264	-3.356032292251677	-1.438493364991598
8.512544763380937	-2.7011864967648793	-0.2360370678429352
8.520273393913838	-2.202438406230562	0.03978609971910396
7.519486482798382	-1.8377017976587857	1.0006019900016887
7.753692819696769	-0.9333337765397447	1.4713652466034268
6.420075934455159	0.26579444128481033	1.0836182669775158
6.521847783506111	-0.021767058338563294	1.0634167625314974
5.733061835179145	0.9867701265950742	0.40566035169228687
4.4900240157822235	0.6451788096611119	0.9622305718866233
4.850152147482943	0.624805005091277	0.05704718570612788
4.297785558742505	0.6991993274657744	-1.2743482069674523
3.1183979956840338	0.5561961480181968	-1.4216181928456493
3.1291135997920896	1.0280637484031732	-2.192065880725743
1.8244429271290525	1.7232220778439546	-2.3835406651251
2.0034464740537548	1.08652517553483	-2.5265881662035135
1.0793129408052067	0.7014722521087329	-2.994200429222782
0.6642520832489139	0.9125026890328374	-3.262118859974514
-1.1261444618293843	1.073212563230515	-3.2277728836616673
-0.8047729297165565	0.7731180853632711	-3.0567005107262855
-2.500985102455458	1.3577433804737074	-2.786153385777433
-3.2317675143927302	1.1767197592732352	-3.0101009131233645
-3.6129422511650473	1.9749834257712264	-2.6449067493533653
-3.647640294923759	1.6033784291034245	-2.798116827950701
-4.67468302170523	2.355794253740366	-2.4772203711065925
-5.1421099246302715	2.625974686847161	-2.168218593504979
-5.325943674701616	2.860174931747945	-1.6632041408734626
-5.532701579498734	3.5398267166749493	-1.202129687674546
-6.406376007995845	4.637703528707052	-0.9568449290210699
-6.0542029135982425	3.9094359430819337	0.7383161177041502
-5.772885083171262	5.054716966868474	0.9600322402997327
-6.08872444115608	4.975363217867303	0.8718859750024242
-5.132565593497083	5.258706966932103	1.260477998422473
-4.736396367370926	6.100389867607981	1.84691682318864
-4.651049000970013	5.536888268055181	3.292181575315136
-3.604539339259018	5.783969214919417	3.611128175669354
-3.9509866366271744	6.161416635007478	3.903923772044978
-3.4219697927199895	6.925091856227766	3.9813149485505424
-2.814480059489183	6.12240206302794	3.7989240276801746
-1.3732554143637323	5.708770754973974	5.152073439634503
-0.29822784379596	5.655709120602386	4.174242024193125
-0.49860093211417833	6.083186548694042	4.514797392350879
0.21628882300417074	5.4173924579341675	4.793124792047903
1.420629159458124	5.295396825753556	5.324042368393136
1.581593147791053	5.98889962792784	4.812602785259016
2.15973778529206	5.061609728308417	4.711617118894001
3.1591788837351866	5.194052428361691	4.510350801752893
3.769719024040592	4.82924926801614	3.7424953057881707
4.063450163361715	4.298119174792921	3.4076835933732146
4.807701183205105	4.7115489880849335	3.380570183986311
5.615777066046176	4.085175454616395	2.654454869912291
6.098547581269447	5.087684122389886	2.49970850799188
6.743578724087884	4.22791114383087	2.3442851803399245
6.794344679606679	3.4529846304350476	1.2958676971213172
7.606544024361017	3.0533883102288963	1.267691010709997
7.278305117166574	2.70795432715337	1.2074484506113212
7.06781133247848	2.5417553492073606	0.7515457365326271
7.965005231183728	2.073077541167733	-0.2694100498651115
6.984412928345375	1.2778772237920133	-1.4471312508266985
7.009748669915236	0.497953064434778	-0.8099762762036078
6.985190065577013	-0.07924442300889634	-1.6010989969560918
5.974555384757535	-0.07203815378026124	-1.6500725776800078
5.772819602234031	-0.7093262492037435	-1.0319526580363005
5.566084204364751	-1.980862174340518	-0.9809677910053627
5.752646799912135	-1.8216622866605883	-0.44881147778917746
4.846330599153155	-2.469856630048339	0.4644326294940061
5.334680396705689	-3.00716283544434	0.7355255639563913
5.192880468786364	-3.374517467468491	0.44622061105965
4.361304208333604	-3.798652001959193	0.7079661511580738
4.621346533122523	-5.37987674823175	0.645414306173004
4.499241748559857	-5.689219661855212	0.2177102055594334
3.2302805376988935	-5.956834092597491	1.0349625727959029
2.815495949995744	-6.3767327341487245	-0.20018640335474758
2.1440473849688826	-6.362824445883961	0.146474414205499
1.0197940473219296	-6.243859271347408	-0.3014640895859455
0.42159476623658876	-6.082722846421514	-0.522295148050826
0.7039625981300891	-5.6640263238276605	-1.3394936990076958
-0.06135622912193606	-6.056188497225823	-0.4648448689566149
-1.4979226386510454	-4.877361322112453	-1.4572597248379346
-2.0496529201836697	-5.315216278524107	-0.39548325859637057
-2.5697158016193296	-4.60727356863422	-0.8022715899306292
-2.2626079500114873	-3.6630133280873456	-0.7679921912738046
-2.887564100754398	-3.9352749251358023	0.02889420160637146
-3.551312944043695	-3.3874514959239024	-0.18904731409661202
-3.53642711720642	-1.9992749465866362	0.20525359955731304
-4.392258138786312	-1.8058039245135098	0.7689455107445385
-4.505184099075541	-1.1820468647835065	0.5648349752342956
-4.545906161580368	-0.37609995155606146	0.29208006805940084
-3.5852679726733645	0.08897230087809599	0.8022779794247196
-3.7242176161033536	1.6122987907746062	0.26942508816162636
-2.94581315150269	1.8735414330235018	-0.09484423993123564
-2.5706777063087776	1.6983947972840683	0.4334863348847706
-2.2768317769420623	2.023585742707734	-0.9225351699814393
-1.9271784078410645	3.1675120582516803	-1.1327709185282533
-0.8509441828205087	3.0380817568470317	-0.9197786415979587
-1.1130464925143952	3.6678847258933764	-0.39410441056849743
-0.7849073374237796	3.8002241743966936	-0.09405628017421042
0.27042502319565026	4.798092982963891	-1.128825930381144
1.0753600007658388	5.263395495214762	-0.977894453717506
0.8235485315631208	5.043236597771886	0.18255628234782617
1.1856416631987696	6.55731979161396	-0.06351339075102239
1.7777345767617478	6.257596720922747	1.1221831917507838
2.871031453525628	6.836624475223679	0.6097105534832612
2.1006069656326547	8.126748793213295	1.2754043090467486
2.4566477555080137	8.20475153714169	1.4487986317852972
3.484534047269911	8.687060529376218	1.7141265161945167
