0.7144030375449899	-6.365690227816017	3.26335923748918
1.043634339193272	-6.647412752555928	3.2660688252228423
-0.1307108623272169	-6.014777452665368	2.7025829250759315
0.3524893052101095	-5.925144506904446	2.8302292835202056
0.5316328334552254	-4.818911470470907	2.7987404164360425
-0.3049089133463759	-4.249909608437611	3.028237953430159
0.13677112230319777	-4.475944431571957	3.3750912909063984
-0.7001555030856808	-3.617637328248043	3.1132726816129903
-0.4921880266655482	-3.243562060237385	3.3246570439082084
-0.8459800978179839	-2.8550375882330967	3.6741036953286796
-0.6104207401678926	-2.14484778411897	3.1392758103137086
-1.3699104480023876	-0.9952799232063323	2.658130542938906
-1.2223918544027457	-0.8970199954122433	2.531412979126411
-1.5544464362845183	-0.4807512134991603	3.2804282044271957
-1.1812407589750649	0.06325207438622793	3.1599567640169415
-1.3171162984012783	-0.5810301062497949	2.9149164750811707
-0.9106810155175845	0.7281832469061889	2.6108126109515726
-1.3478853100083539	0.6245950410405356	3.100571336579109
-1.439944642258955	1.4639234953144862	3.310973493081873
-0.696933273592979	1.689742511610092	3.015426351183274
-1.5671212561099415	1.9031540294951146	3.3054408522858143
-1.0022773741263629	2.7934139368530415	2.4773386886003053
-1.030853726909876	2.8766681664006484	2.877141700322522
-1.5692282542937173	3.928727426206361	1.7660910193311385
-1.445776631819175	4.847071848590515	1.9039799448279746
-1.3513985638112538	5.120044764948572	1.4869197825596052
-1.376454124971562	4.690316587669181	2.261562947922994
-1.677452300391609	6.345203753430933	1.076803053001561
-1.6862253609494633	6.226907845756255	0.7775528340752716
-1.412587815199978	6.524728583347389	1.0966606121075542
-1.0607256499125854	6.984009579963829	0.8900050781855523
-1.6511346691479	8.00547078503463	-0.2231771576899934
-0.42778724877806207	7.556612152369626	-0.2741666260463438
-0.5563697754275247	7.4075355494865125	-0.7889117491944198
-0.7120380719719247	7.761868432871678	-1.2694792151569436
0.5089808866290125	7.81812076701973	-0.9654638901041448
0.18176827118811964	8.194523514435277	-0.7357506533797049
1.3395473746446704	7.882171126150643	-2.067600544588935
0.6824954663495792	8.619297103881573	-1.2400101281556142
1.2069710377748655	8.98442645787422	-2.047745353980657
1.9872750195966233	7.704687050218623	-1.376280786402368
1.918785741919122	7.369327776292622	-1.2187920896810631
3.2538711328836722	7.459758789848904	-1.8945556017718832
3.1403805007752443	6.853542126915112	-2.192780524053389
3.396914164355901	6.936010367392245	-2.116669738365997
4.222677999919231	6.604372991095518	-1.9732902902764207
4.329915687581722	5.971322069050943	-2.100100509084344
4.182270218987783	5.99887613346939	-1.475931054756435
3.8760162726642657	5.639757913287362	-0.9446931085038528
3.7624605427207323	5.603235838898932	-0.8497417006604833
3.9712104150720164	4.472620168862146	-0.3217704681629667
3.2159243204652506	4.478866646313113	-0.7972912981000253
3.0096767793271084	4.169172540288686	-0.5010655746893962
3.84409403566962	3.235177274366874	-0.1686668764902537
2.706019459120095	3.344900297155667	1.0046999595598984
2.443121041752664	2.8350189602331146	1.057915128670569
3.281038592938285	2.6459509327772217	0.7932090343992431
2.276163467214769	1.6289527389776484	2.0138526618643917
2.3936707266322563	2.2026361164274593	0.8335491714815606
1.8365647566211907	1.2299429529918728	0.9315339372503643
2.309982150180298	0.5659944013323309	1.0559422998194716
2.744396321440998	0.01995276275023894	0.9818496299971761
2.03607703186192	-0.3031457231054119	1.3011102244920614
1.8491845206609776	-0.6260497420915757	1.420328797638633
1.6528599280201814	-1.1839754176453328	0.47473037484074054
2.8469391524187384	-1.7303126696611373	0.0073030904110329975
2.5221646538439764	-1.782598898828189	-0.11786989763005107
1.8682348115590122	-1.8455950681989943	-0.2965910154275
2.041953437730591	-2.2242233764652424	-0.5619422646022492
2.2223396125967003	-1.9585727414814826	-1.0165557049409193
3.3298074617063573	-2.533524751977513	-2.028009314637978
2.8877071271911445	-3.256819178047287	-1.931815356055179
4.150226541049857	-3.0003135209403813	-2.356961591999337
4.367236638742852	-3.516975669409147	-2.049941488754232
4.241477037095984	-3.4060170463259696	-2.13474866599958
5.363581025095414	-2.9843859031951867	-1.9914600833661666
6.341117550527289	-3.7194634573764374	-2.281624360189927
6.779080320990636	-3.3899945311954864	-2.1253339399942264
6.416807952336007	-3.1326419055934327	-2.109724664881492
7.390911457146386	-2.899315083721189	-1.7411590160726294
7.561642838257996	-2.70122018388977	-1.3316379992086635
7.801618969281239	-3.25919354788572	-1.3775214916874883
7.487698713430336	-2.171322268514203	-1.0493919477893048
7.489301521720108	-2.844771405585407	-0.6294898162102998
7.820583615878327	-2.426052360495102	0.46870912990468067
7.49042682068618	-2.074763371453308	0.04612230154017884
7.537331115074961	-1.5684492369868357	0.741477824383658
7.099487052822819	-1.0342842624169368	0.5776774454176977
6.886256354623668	-0.3402736304363605	1.33265444153059
7.026499995239939	0.06892634386818008	0.8298642818035522
6.4869764263187015	0.6566372100133667	0.6481833768510586
6.012635772719376	0.25296127796311063	0.7642836027366697
5.110544284991114	0.5788595985527886	1.3941384055424986
5.188634141021363	0.9022936698747569	0.12799586475342936
5.002272600841061	0.2707303243334186	0.21966197239699414
3.947440975307281	0.6498187152355303	-0.4972249779527229
3.4941593997119513	1.4549473216475757	-0.3472625371839857
3.46347338096683	0.5778618884255916	-1.3778273087027078
3.0615321668111113	1.6382049838175874	-1.2386161740024226
3.1301574361648092	0.9392966388994537	-1.9826002869289803
2.3832409079347894	0.741908415815834	-2.0416359025863424
1.2968500635450368	1.439522016897964	-2.594656732900341
1.0659304598289765	1.5432940305299339	-2.6174819562150375
0.41445596882142843	1.6250557190372001	-2.894598793859155
0.2845498696936567	0.9281766071742162	-3.2636790680098775
0.32900341828585467	1.1953459838528637	-2.848191883165904
-0.9713345978121986	1.0786599014441727	-2.6839745263662373
-1.437893428026527	2.027801693532632	-3.3679952080471507
-1.2179296483342514	0.7381281698879885	-3.3699823531169595
-1.5429742881049147	1.2604446392576918	-2.9271250434102924
-2.155970327934409	1.8023162418062466	-3.5556335115355635
-3.0414224789369206	1.2095965840448273	-2.457122962509496
-3.259034950164098	2.3253813788537645	-3.31957952797477
-3.501452197904331	1.5606866564775363	-2.7938603261628288
-4.445197302589045	2.8268983647898462	-2.7958784498723013
-4.832372330431698	2.93877647343087	-2.24718251674148
-4.741621396762799	2.393323989935773	-2.1276277928799945
-5.636077063384435	2.3776654475954535	-1.4099817096313776
-5.846045545469421	3.6390857332392117	-1.8669955926833064
-6.108608996365746	3.2499048852161616	-1.1825628523945924
-6.548637602637626	4.288201530989273	-1.5383792869754016
-5.582740069079388	4.130678818873025	-1.0210086872077273
-5.687927674984954	4.21699470144188	-0.4477420267699303
-6.585405135497093	5.262411492577243	0.02394125861769769
-6.539451354008082	5.363349161716257	0.17327231840219348
-5.694893154428296	4.739088466301457	1.2071980881730164
-5.806853163797367	5.92771747853368	1.1604479675618358
-5.915296229066462	5.802212290952883	2.1174942931434653
-5.930300856193637	5.207205658516343	2.4871418844534485
-5.229103325601715	6.205184934126211	1.9308227803536417
-5.3784334730141685	5.662908626778763	3.1479939636627696
-4.31335254042093	5.95608506737785	2.7987671310337827
-4.566596078640642	6.7781976283179155	2.922049212136794
-3.3916393094671125	6.469066933558271	3.6616550246692054
-3.2891533898191114	6.262440202256185	4.387390306757321
-2.9025312823566676	6.881564151374737	4.124049189940949
-2.166691493672375	5.870427190035511	3.8286497092085585
-2.1554119958146454	5.892306581615106	4.115489084504359
-1.167454209406228	6.171719488320927	4.362921399062224
-1.4168619325381564	5.802589979323277	4.815830320590301
-0.13732207285529086	5.39344443512703	4.922724620097714
0.010505375443629061	5.950504061542161	4.242873823578177
0.6911669641935192	5.299619906003525	4.608944439782481
0.292850858596605	5.354823638355925	5.0880092241379975
0.8898445852647674	5.7899234657492515	5.3538793026744536
1.7820324163967332	5.121283643328813	5.33865334118736
1.8360733597623415	4.835058416714685	4.204946275610592
2.2966570741374337	4.916994240050586	4.910003487594743
3.032781145747069	5.128674543091858	4.765191236889431
4.29534767048045	4.415360105715713	3.7368923302449217
4.165698923195593	4.318975519987616	4.38017074172943
4.198944359233184	4.683955670258003	4.549011332310344
4.93652368720883	4.887244510255339	3.965957827270798
5.354665302383381	4.452438206358825	3.7972889652986583
5.057538669374967	5.338464158141222	2.9710764582451406
5.902608312061338	4.070627139909353	2.9264682904178114
6.843204395651699	3.8155281339781206	2.4758942625028757
6.730083007506589	3.701805934183073	2.0609670994477938
7.41700008635494	3.9987330367138085	1.730434406957639
6.604549876720171	4.039276351246368	1.6869044271337938
7.15413531322794	3.6846217019125564	1.4897050103305094
7.56731010799161	3.352179908390415	1.0552490889552646
7.387946436657563	3.030467099403307	0.4984384309138271
8.014382974465056	2.5279991100440675	0.3902300253815849
7.612496900477148	2.7386664450509324	-0.34538525777490514
8.103775601358748	1.990042423848821	-0.9989867929067558
7.388941887970728	1.449253136231769	-0.5518778781529536
6.762014887674822	1.7386500684995867	-0.43836049982432135
7.0132087706609365	1.0711088797288602	-1.3546491981210482
6.743714059932316	0.2835940524468212	-0.6449399334193857
6.431190897447787	0.24441139970885334	-0.8496654805767556
6.448892545795902	-0.05900265115711956	-1.8741205944148203
5.982502150703986	-0.5491507257203962	-1.4938260054936268
5.436442132973954	-0.9959201215424927	-1.2615803260099165
5.181004371229623	-1.685354121020872	-0.9518478123482974
5.600472017666039	-1.4203517036864033	-0.022788712218633322
5.435138111273058	-2.3347480037509354	0.22659325416619264
4.970357713337537	-2.762809408980672	1.1541990347108189
4.863035821711373	-2.8127612897879577	0.949034514497632
4.874664187558908	-3.7763512877570644	0.6073384502224508
5.215803478863713	-3.488412617429284	0.8834452855219248
5.32747839445242	-4.04315564287949	0.5061913861798961
4.482424577780065	-4.761461979554194	0.5862250929692074
4.386865366566674	-4.374278027871924	0.5891401908625673
3.6763566092118927	-4.899766270132339	1.0271680466103348
3.1078373055036748	-5.483822256421188	0.5680615562004684
3.048365883101664	-5.896185532721824	0.2712155361405549
2.849565771074373	-6.507782815058104	-0.3692013883872516
2.0046982652362786	-6.371323113008879	-0.49239446938904763
2.4310526351459547	-6.046460072561623	-0.4544437971978732
1.5266097984437152	-6.201018335155937	-0.5447003903519263
1.785335835103869	-6.281734220424377	-0.702180877648783
0.5386925729382757	-6.327250681865275	-0.816514965866982
0.17525613051319114	-6.324888533678962	-0.7071212024318168
-0.09695340627875426	-6.137285992890397	-0.33826422755711927
-0.9238762185416349	-5.254789131685245	-1.4902469099335454
-1.3355149059982052	-4.79137125787622	-1.0267459135680714
-1.0793565750390328	-5.433767791974628	-1.3204869665014092
-1.1060611082720198	-4.975840676212597	-1.4495996291098703
-1.8579210149288765	-4.400438457351973	-0.655403336610177
-2.686975304475922	-4.77723479256636	-1.1343285271611814
-3.069997037215051	-3.9974711651762065	-0.8342532012589658
-3.3374775589458396	-3.1885907439296752	-0.877170192644469
-3.559023459614618	-3.7396189468624543	0.2626320240036557
-3.7017755217242363	-3.2331303552401023	0.6039959724938819
-3.3394727511501188	-2.8033184011560843	-0.12099656381448354
-4.130857517964632	-1.9022444830593437	-0.5594373882393353
-3.6492392521870602	-2.2887266325664744	0.41354413461238704
-3.6835227011639384	-1.689849497881628	-0.31877462729996314
-4.397731583887742	-0.6986054706390843	0.446110663847337
-3.6837579476607774	-0.9607198335617857	-0.21297245192650577
-3.4752321064843	0.0846024008259526	0.4270323712728573
-4.051984679469267	0.7982718040064261	0.22923283800118682
-3.7761809809069398	0.5235394101195232	0.2455150538062736
-3.5176697658302905	1.962919743912618	0.15494924006852123
-3.466123373042022	2.0995829817626417	0.4262695789078801
-2.64252155880477	1.7865775846316707	0.3343607715031818
-2.863000820527028	2.7437199087250237	-0.3173843156726911
-1.830288638763752	3.0215130639261405	-0.9229510286359814
-2.0055367022492345	2.6269140535590467	-1.0399770850520376
-0.9364368246714909	3.1303259407561534	-1.2606217045199228
-1.730069956077015	3.236833996983699	-0.04337722880122152
-1.0046922851383278	3.6255262739429615	-1.1781464050085577
-1.184180970527538	4.587465672937425	-0.7387834796320951
-0.5101135567176605	4.813534522564035	-0.968889709984635
-0.3923214211696031	4.248075418024801	4.9312181560567936e-05
0.6718870870662782	4.946561407299289	-0.28887970348085557
0.2686186607446651	4.922064485800747	0.2596755693270395
0.6840556083808904	5.546911554559693	0.28028586219041873
1.3013024314557105	6.379115905177873	0.3316544327097617
1.1088282405144398	5.615047734580322	0.9576035049814873
1.2763315545516492	7.254045496602569	0.750775117665909
2.2980663237525345	6.3721415904283045	0.5418211775777929
2.1644123788489122	7.386008921382062	1.4491669511288126
2.589265814857457	7.743017820455839	1.0801185610117083
2.673873353765133	7.286729535473638	1.67624648421178
2.9153546839202233	7.794007774181723	1.5704256922410618
3.567561955857899	8.008300465099714	2.1973196958588783
