3.3539823218891325	-8.924146878486049	1.488635779647289
3.4122480515517015	-9.56521527486457	1.6003773602474713
3.328370647667188	-9.087551500124773	1.1693135711042246
2.479043280638401	-8.901795953073227	1.688482430330201
1.8902669245721415	-8.757567598268476	1.8292633094552986
2.548076539320564	-8.31895874605617	2.025215694272877
2.114680204905258	-7.9950981580030165	2.6651038306957164
0.9007280606577572	-6.63531962737173	2.22748633995708
0.7718069885997155	-7.072111192501905	2.230732292432234
1.1573962665461366	-6.953079249890977	2.7420997333271715
0.3213628071641089	-6.356778938892119	2.789723411446746
0.9739671250949129	-5.468951274972698	2.4315298784921313
0.21032673514495448	-5.720709726510968	2.5888680427986657
0.07694267057513565	-5.262754678838582	3.086099300261618
0.47182497444072996	-4.723660256931672	2.2863998836636545
-0.013497261302399088	-3.784918476485106	2.2069354968085415
0.32335219198539894	-3.9109580827146075	2.4769740600577093
0.8457136196899597	-2.4739019522798147	2.4099047079150364
0.17208030665997331	-1.9815969163894773	2.3872230718296557
0.9915034043273392	-2.312643056650134	3.1473576969556065
1.2187095983625102	-1.5290320673923552	2.9168548883382313
1.8734409421635483	-1.360378724491624	2.406992862168053
2.0311046770022076	-1.1604784669142232	2.0673817463080484
1.715598928866025	-0.4490693649176123	2.9343757022464345
1.926693929312729	0.19272324426647103	1.9821453843444425
2.1010982706143007	1.1243612832937708	2.160135111699165
2.0320347848862785	0.7173298730586093	2.304326087395234
2.401715237234343	1.8879368940860952	1.5867508829808925
2.2495527659007086	1.6903663732251835	1.0902813154386035
3.240802707701134	2.331868036978033	0.7556927721819019
2.7098687770408314	2.764955728879773	0.9806358898518146
2.970297524942467	3.221690229928594	0.9410524428350179
2.866523750348617	3.3218583360532064	0.08436610069082512
3.847957256431134	3.654027174475307	-0.026958735780297838
3.8268415777113516	3.852046015330764	-0.5797632780904171
3.1868615864813727	4.653509599130282	-1.0601657435563383
3.048143837950161	4.964305973379725	-0.2822115025513803
3.4413425785999605	4.9819686150949645	-1.2076814493697898
2.5154064546231494	6.531867180320138	-1.5457885204396424
2.5806016269071375	6.606294234517648	-1.744422965898587
1.9290608011989152	6.442708824635308	-1.107533415231451
1.7863151778027655	6.726166716439029	-1.9422147449859437
2.4184540071403147	6.641915057706864	-2.2372051016915666
0.9120165871960477	7.123167173773935	-2.2307115165503153
0.7687560029510778	7.305603515589752	-1.6881952631425328
-0.047005171133316204	7.5062802112068745	-2.013151039985657
0.3516745538654117	7.35278273946913	-2.1451634515093447
-1.067366488467902	7.466071643907214	-1.825273852377787
-0.5453044048048032	7.285365428288053	-1.5087598176563155
-1.1661697789582162	7.886114249580829	-1.2789074898871315
-2.3560943419770597	7.1491638917978575	-1.059156123154751
-1.650134823201605	7.216235256267285	-0.9309956440792652
-2.1903844440309745	5.978219815772424	-0.27392035702908807
-2.3007790950419205	6.1229683811911055	0.6190362459889954
-2.9038472849192205	5.258405053774796	0.9974109931843268
-2.7601541141662094	5.332339838535937	1.5496964669591364
-2.700197030050366	5.5826984081948146	1.0777630993913556
-2.260919865765909	5.055849304146877	1.2799875660181974
-1.5467604787030975	3.4994637384373624	1.170352526112017
-1.740755309845437	3.6635660346360464	1.3688623986702984
-2.2324378712998416	3.0063959976684798	2.584110120441406
-1.1785635161277948	2.173215678107154	1.3916151436765734
-1.970680449700275	1.4767867301501998	2.3753780704908056
-0.9903519192380517	1.4184462099526853	1.6100833725261525
-1.4502960804543805	1.2845215706985835	1.0217858359576906
-1.1671474547652967	1.1987233999573563	0.7994245765795932
-1.7647527117145478	1.0434223786229833	0.8488290745661378
-1.5101852190763787	0.5957452328812358	0.7887533588746558
-0.9393437997766969	-0.6873051291338503	0.25892553345081315
-0.535696640100556	-1.259207190264926	-0.03713698449516789
-1.004211343077205	-1.445137682520699	0.6273581239961399
-0.021008507063413284	-1.7194912844410848	-0.565679987906325
-0.28541963783785207	-1.8569363992166439	-0.7580019704475878
-0.1757781438081386	-1.9904213671839617	-0.9433546517022706
-0.05317486315412864	-2.0286291651194777	-0.492773374629875
0.86080082413635	-2.9756739558118572	-0.7647724381056134
1.600570456563553	-3.253521853834667	-0.7681009118742823
1.4832594933617513	-3.1736681236526514	-0.1373160928233319
2.1963804665229074	-3.725010590762283	-0.30379795100568685
2.480803072037119	-3.3868980332340852	-0.29461135094408436
2.2124593941151773	-3.0594282876126946	0.16011134857882575
2.461492921236024	-3.144558330605303	0.4599091170512033
3.810091248511416	-3.5318897233135536	0.6167222522096393
3.5381715235138818	-3.806073857502799	1.7947241404887229
3.5906333426044723	-3.667992395625842	1.7023003080237928
4.58182669070734	-3.503831349188614	0.9839126744983546
5.5649338740517384	-3.4889202329263758	1.452458362432921
6.07981134258234	-3.533879693753888	1.3917172407729987
5.822860199225037	-3.9723881465869892	1.0168808390569217
6.056651482227307	-3.660509076157102	1.2969367323377288
6.2575991565557	-2.9836846931120524	1.4227402106779725
6.940375731232074	-2.8886250446323314	1.2065710378082302
7.162267255641554	-2.8685482981411634	0.10792653031028378
7.218864567369122	-2.1702381525540115	0.9881195153113373
7.702183073483782	-2.1152195069531103	0.20968165987983645
6.9927018101018135	-1.7902693865522958	0.35915704722385566
6.971628296808584	-1.1697807339944946	-1.1318972739400128
7.103410446654403	-0.03188921789229715	-0.9484968081173111
6.273270660115757	-0.6612502829361755	-0.611251035148157
6.6966529973498865	-0.32364274790393344	-2.0267350858867603
6.60047634408828	0.30612449937424613	-1.8829002353036448
4.9023820733387105	0.3924836360599523	-1.9766102797471536
4.87684000963846	0.26062804678947266	-2.3314378085782406
4.3059581595206975	0.35050181857620366	-1.6621550822864455
4.242695937317782	0.9816564311615606	-2.39359223947019
3.9742707921498504	0.5838257700207871	-2.9115513671540074
2.6991220717672837	0.7079541995455549	-2.2413511130803494
2.7097041612329944	1.0447922625109503	-2.736658599554995
1.4486608967991956	1.5247797426651744	-2.497747124611105
1.3705831770454426	1.6533035245926866	-3.0715140786917683
0.6679004818505512	1.4383599457780734	-2.400891857597257
0.0930458458736717	1.1369907601443172	-2.443536968585053
-0.7866333786954546	1.6637519357859272	-3.07193039792396
-1.1829693906782277	1.1701032037453043	-2.613112082149729
-0.9111963682308637	1.2274167143890906	-2.5680293517387787
-1.4968166249997985	1.6463580924142116	-2.7070727874450964
-2.998729263632992	1.7191584270530367	-2.909180474303448
-2.6915192569703175	1.5208243745937249	-2.8580301003296857
-4.091407982975747	1.178216934214261	-2.715601306022227
-3.5469384180612544	1.9441037389715095	-3.031036628397269
-4.111452656466666	1.7439755833030692	-2.640738597300491
-5.327727221041032	2.0678239441350548	-1.5246624307921777
-4.955223979169984	2.013663892165933	-2.0395514091825198
-5.364816855160984	2.1020684944361148	-1.3408158337089309
-6.429135974023614	2.8084161179718428	-0.9248360841646097
-5.687217476293615	2.6390504463561704	-1.3552906715989075
-6.557751487892596	3.249063232289313	-0.5643672191624638
-6.979781100272706	3.766066585726721	-0.4042409372441915
-6.325657322955288	3.5982507592832915	0.4454312476235681
-6.493748875974758	4.363994286494715	-0.2085573162226801
-6.524763929346146	4.281525014885328	0.818128159772428
-6.005188241007119	4.710059234346074	0.8782325041862336
-6.046918929536832	5.170540836224779	0.8327313286356355
-5.430151265551148	5.6709848845221416	2.035867896721638
-5.574843841417008	5.3947520171569705	2.6251583651318215
-4.571309338180441	5.5242999183694135	1.7851225229311185
-5.065770890796379	5.96318590059811	2.434722000447828
-4.574733137984884	6.944431089858843	2.7482556312406405
-3.7001791730669256	6.325309180986588	3.138668947982034
-3.1927484504182444	5.80052261901402	2.813285847321847
-3.1574475440238796	6.8186012747229965	3.6447559288639932
-2.7454646326435097	6.460694321883042	4.139194295882949
-1.4622945827468605	5.4845122241256385	4.0154953133363795
-1.8868092154525697	6.055622497987883	4.029685307024443
-1.1606089721765924	6.202629100930394	4.288970245074307
-0.7274483115394988	5.5903474908336515	4.254967141241469
0.011588330631450039	5.023073675809709	3.855539715096708
0.6118055436521085	5.797195250636093	3.5052627578637194
0.8479325758095768	5.184340703419095	3.2784829769319566
1.4943550230655163	5.186197411131112	3.2317243177731663
2.781665452906177	4.733483803453891	3.8059011171630925
2.0084048436255717	5.581844335613597	3.88195282906665
3.580339675315402	5.432025811826875	2.8462372856577325
3.092458921204276	5.702201126517446	2.7657509091611905
3.6901343727970097	4.698752817557377	2.840540316560479
4.896845519085861	5.348067236765768	2.3334876119555155
4.72753713162036	5.0131471805402565	2.223035478730323
5.623319079213793	5.468887494098005	2.2059709050474283
5.4297925834162655	5.598522383033728	1.8585350105163343
6.339400099450515	4.786371491278553	2.1156302743871573
5.885088839983874	4.689709808057477	2.088529318236711
6.127787766808504	4.212272351266541	1.5609949170300945
7.326596882991244	3.147715595092327	2.182583710908505
6.695243919864912	3.663696157519093	1.5757539506370615
6.915097724390007	3.1941283793029216	1.7730695568685457
7.1851118717241995	2.5645185408568594	1.4370916112569185
6.41268226109756	1.574152171965375	2.4850137729153223
6.749176460945246	1.2055316869852557	1.2929618994491865
6.231470156277096	1.3285445886584348	2.0335297142155175
6.005113212807866	1.104577399105691	1.2263585254318246
6.2201682894332	0.16035219015089325	1.4474010585671937
5.027363645514718	0.6168141589460008	0.7349362268720168
5.915174626846091	-0.6558366527660859	0.826566838598253
5.219632413956289	-1.3105167813085763	0.3782865337954803
5.471952951432664	-1.7775545297362036	-0.029593373116636013
5.096347098920649	-1.1083054472673095	-0.5669351613621048
4.466192879218023	-2.5483791754795417	-0.37653137012957305
4.663166994922733	-2.960613550876181	-1.1156927296874415
5.19551503381547	-2.596070547375745	-1.0754479395492635
4.527588381334721	-3.7071211334156984	-1.2526993046584338
5.133907198062535	-3.877659216982611	-1.8785207393003687
4.524017638483681	-4.773666579733414	-0.7369786017398823
4.030725585367887	-4.404533767599946	-1.694554717010183
4.330073948944356	-5.140243901653558	-2.2460481173097158
4.573467480071049	-5.76385934037583	-2.0102020325301226
3.2827948771370745	-6.39298966771865	-2.1498293510223614
3.3031555461162156	-5.8980896098807785	-1.7372478685752748
2.634026800434008	-6.829961880091633	-2.0427698277405932
1.6045665780070029	-6.501464113985993	-1.3217225856116164
1.1325080779604728	-7.230619734054012	-2.1112288588963013
0.8570686416990195	-6.5487910544445205	-1.3763339000873651
0.7628713752606986	-6.445873576254463	-1.5406835004529145
0.18579113481155468	-6.604692707177469	-1.3931316020932525
-0.08741169209252098	-6.987540810357034	-0.9614486004949827
-0.9344710507431291	-6.837513695520128	-1.108054210130098
-1.6333711741788115	-7.090519667760641	-1.02855524757218
-2.024813898202557	-6.250579751211084	-0.6376377773029214
-2.35379677774606	-6.977831787405108	-1.1459139449777531
-2.5806709015687668	-6.301339566139834	-0.22107891079243247
-2.5026951157789235	-5.688897175159919	-0.22985509567630213
-3.752764859018515	-5.746950052222971	0.11265166939532067
-4.0581034852167805	-5.63196726905615	-0.07632850828471721
-4.410341531233774	-5.409857431115223	-0.29420123308287927
-4.657316899946817	-4.817987934324626	-0.012325755102823355
-4.353941074807703	-4.0875545759612395	0.3288920996908208
-4.884962550645566	-3.874251988179751	0.6975280452929075
-4.348730446522337	-3.4944884753731813	0.7377969905159095
-5.296821565815542	-2.8250613961841866	0.5143238234042902
-5.140248318632755	-2.001418474062699	0.8026402205408865
-4.97273540190339	-1.3400778475255686	0.6006274608706438
-5.3875564343129785	-0.8436751494174879	1.1892897969728204
-4.512724721941958	-1.2128364739715065	0.7598994827542781
-5.210732185180838	-0.3050221718299051	0.6173189363515248
-4.114423579548638	-0.46143181633863956	0.8757812328266019
-3.996233637714403	0.27169185273958224	0.7321571169857128
-4.391665288671721	1.0455571293602441	0.7924820789932084
-4.548243450858642	1.6221109936473148	0.757727189100345
-3.64384248427319	1.6157066495113628	-0.20890381200788494
-3.5983827013222793	2.622025530474912	-0.2435415938676347
-3.144829123460965	2.623960668693215	-0.32981865688006173
-2.6329985545136485	3.2549645858087404	-0.8668959470308932
-2.7749638342084277	3.6696033232853167	-0.5817975803224072
-1.8432406626501598	3.5585297177399715	-0.8899595344681513
-1.1548467253610317	3.57487298976607	-0.27957776905480447
-1.4645623186395873	4.124815705534053	-0.9791593749505626
-0.0054812693726933315	4.763938738994169	-0.9073315738018106
-0.21289062523508928	5.089024869701258	-0.6091479062406411
0.047568334520747046	5.705030764654104	-0.24326043343122644
-0.19212249323999192	5.565947729076844	-0.3099303942709023
-0.11132809326833365	6.306060462116846	0.15245298692361847
0.8081489217942718	6.450813294215631	0.5929992133761146
1.2812964996362648	7.065685001178231	0.5148015510017652
0.5310297050777483	7.517117932133137	1.654304302468506
1.4752583592869488	7.091007114016699	1.4122525945819109
1.133210273085777	7.974960247550386	1.0751530217924279
2.2855020871821914	7.917682903803568	1.1679851229021228
1.9807311450510836	9.232309425782343	1.6498486107762305
2.7933449402844452	8.677054047554817	1.6504344257335515
