0.2363648576796279	-6.086194339688442	3.0816655094716663
0.41784896905212654	-6.4720730763145	3.8448607259057663
-0.2935223056099988	-5.46522939321715	3.2818945174364504
0.05714590461752245	-4.638645656589384	3.182301629260653
-0.5628483680373975	-4.439266046467448	3.0495055086776683
0.01520096514804492	-3.72581742784749	2.6608052313685353
-0.6687897632446256	-3.0476981361117583	3.247783025263689
-0.45310276585828424	-2.2436223901485537	2.6313010802306467
-1.4230606254041642	-1.772205909102092	3.510032956269355
-0.782861654915419	-1.2806170852787122	2.7365807584222206
-1.2729851867122073	-0.13577588104020677	2.479698917019909
-1.2163834608906288	0.7420331921349466	2.8145611847520113
-1.742620791586364	2.1438068899580367	2.264880707807171
-0.9786741311807394	2.4212162940252724	2.4681920995061395
-1.4543782076857568	2.4628450777910613	2.313255787071796
-1.9220466415056505	3.4251307360866594	1.7726777450997726
-1.626749682149324	4.587406063326356	1.7724453943944665
-1.5126821713116425	4.933039494856017	2.313763580109967
-1.8063726600990806	5.350268294187939	1.7555792866469377
-1.5141656614691859	6.444359455760422	1.0004805889672856
-1.5821269009776895	6.463064855417352	0.22327508946219743
-1.3415462586854172	6.872177066649094	0.4751186802180567
-1.171366248457654	8.344940185067234	-0.5902197233415654
-0.1563730249399432	7.5262029511748905	-0.9104452191862831
0.25495986874026255	7.8187293312280595	-1.004169337051584
1.220135868142672	7.956001099607164	-1.8069364908170527
1.7530613475787633	8.128820821481053	-1.7084480301166387
2.3144065490579777	7.709123288378192	-2.0499153126048784
2.502552031380825	7.340292451607944	-1.4166311951325625
3.361891085047551	7.172028358448894	-2.0708027967215643
3.5190630817846005	6.980788862585375	-1.9157891634686293
3.836261048662855	6.069242050558556	-1.7665334253038523
3.4228181837597096	5.064184524390102	-0.4904809368772518
3.2334015404722267	5.219463433671018	-1.0257079375412113
3.963813255379141	4.011847405563074	-0.31078571755378903
2.735025260223818	4.181152730463266	0.3408443027570332
3.3160413718835646	3.217043602534072	0.25106700903071066
2.2873269194659525	3.2558594442253437	0.7834932095557502
0.23816563010436975	2.271059604025298	1.4681375469052522
0.8527742744174855	1.6448922036605484	2.071085055776596
-0.2361537895867214	0.2983492732781014	2.400543129224449
0.6615328572502746	-0.4183246740140052	2.1543473657311174
0.8017546775374123	-1.6092609459034335	2.1057425345729293
1.3806426177097983	-2.277467937862068	1.3961685510338961
0.6587721026259137	-2.501862064012812	0.35446060677993785
1.6645791530981162	-2.745492838564902	-0.6622047369851403
2.3129233757647163	-2.703668833117549	-0.9944747889326346
2.734661849838861	-2.778375600608058	-0.9722912709520606
4.015395769121456	-2.542712393637818	-2.5240725340279466
4.6116874346290215	-2.5270452986096763	-2.4543162935396174
4.866059511344475	-2.653932210985606	-2.363542795454552
5.4757042823255855	-2.7173895456147408	-1.9479764391810868
6.739715875241559	-3.0980620600941906	-1.6610670536424532
6.825512027603159	-2.878971155803561	-1.8580885292303142
7.2065578128604955	-3.3647822972834764	-1.0340070713635083
8.382431828178408	-2.8424068615551126	-0.11267157681231554
7.4359117148610325	-1.8516886156548618	0.8711499962437024
8.054720540550889	-1.0082415052721836	0.21448814773828168
6.955615506001708	-0.8412955839113058	1.8175401344851692
7.00668515650225	-0.37072062038459075	0.7976769367124378
6.4293143401773705	-0.23221509895466158	0.9413116275366079
6.241513017633776	-0.4528783887942849	0.4692566377967052
4.866287326618857	0.5760360445314422	0.6003748773249273
4.827479888070691	-0.10953614745483325	0.05060258627678327
4.948421101136246	-0.24615027560062713	-0.5406611520899385
4.390777041870611	0.3172293098677644	-1.554213587887581
2.5383670957885824	0.9621480794559454	-1.7813160726374573
1.9850891532546657	0.9772239508880245	-1.8394562442984606
1.8413764367127647	0.32686413745304654	-1.8994646740530632
0.25222206102679845	0.976343393146962	-2.5765548730268417
-0.17670647478378954	-0.11940306086342953	-3.1375906631672597
-1.1299392621198447	1.0024908317281447	-3.215662449573646
-1.4846782261424076	0.7631383393168203	-3.498174162898421
-2.9246568127322075	0.6544215917891526	-3.3980404952333467
-3.264049559842923	0.6095636829788178	-3.030502157968522
-4.185708027862763	1.7689379013077824	-2.940297685914123
-4.239156559882057	1.6349022909386668	-2.1776224002390037
-5.66979125928776	2.0290589029812414	-2.008390293902839
-5.746623382196175	1.2815245874941894	-1.4953340510135744
-6.203243735142878	2.162704774477422	-0.37218901041273655
-7.263284652904225	2.662173155332545	-0.6671831539342137
-7.315381007879728	3.0151141133212715	1.0008998924998662
-6.736185116852157	3.7773950754876613	0.6241010837694414
-7.035179404371683	4.844155901217963	0.7375285704331983
-5.4583441118417015	4.861972938157886	1.4564198629756553
-6.212300535265982	5.76088230460653	2.3249932147166774
-4.615546873414039	5.575596967779678	2.311299761620879
-4.4627755211760665	5.554965138852652	2.8805129640226506
-3.831090509120599	5.974398264948712	3.799739112624919
-3.9652903196072753	6.1770445733810435	4.438860275507922
-3.41017898254762	6.985565930990414	4.297451916635577
-2.0285764865716036	6.052611108162837	4.141661295313727
-2.0896149206482892	5.676476111028109	5.388159148436274
-1.4983341773583776	5.291996811608616	5.428893129969933
-1.1057182165388029	4.671518612521944	4.647819207289429
0.026416303103264593	5.666433747587994	4.9576230967007735
1.0756373332796905	5.3712523475746226	4.576129314682142
1.6016524568209543	4.063055302847367	5.3762305533560735
2.655837849813775	4.341675760779955	4.482149794375754
3.040984478537038	5.336939892627459	4.196827422908101
3.768702540706754	5.097704968562057	3.8154889834117673
4.924290445314238	5.049799274014918	3.713837303362961
4.974778504825681	4.480107533994948	3.3728660040330207
6.136357206818073	4.431552640381673	3.317766699625635
5.832770726454617	4.180372431123932	3.343379925304916
6.171011691762946	3.7980826736861206	2.0668173039591258
7.278533062475186	3.282446862666904	1.6328322402886932
7.127595155340724	3.742326463503707	0.8658034797811762
7.4513184184819625	3.004292841156968	1.1118668687787425
7.504827583240431	2.1860624481156625	0.6583171626606957
7.584864884432864	1.9033669930330221	0.035897611709527544
6.925460156314045	1.141885263199942	-0.3781111896513787
6.937482620259699	0.5754071724922762	-0.8064007229891756
6.859044997769697	-0.04294416743587259	-0.9536771108866826
6.662475088614325	-0.5042452880510379	-1.7517376095680457
6.259754622670834	-0.5658810526236784	-0.706565216554219
6.087273398491793	-1.6254081102578464	-0.4012274027759828
5.171516371511491	-2.3753352778531154	-0.2695259147069766
4.966681400504593	-1.9738952300388712	0.34622106073200365
4.691322781695294	-2.5292411013712934	0.42789432872666266
4.566655325469091	-4.358631666697361	1.699431564293529
3.978992867768685	-3.832934956777319	0.612968985695306
4.6498874109980575	-5.254576544244427	1.0528173161016405
3.4158245098724964	-4.879346794686612	0.3169259359074455
2.7880531764536034	-6.300696980219474	-0.1988766756955152
2.619295336138278	-5.417090809191759	-0.44818296177347094
2.0961643921030344	-6.304383941884703	-0.6268184135026864
2.3339095946134503	-6.579167998359935	-0.6010178988901698
1.4833346989224419	-6.328291691017998	-0.9372888536454723
-0.326241531201579	-5.73972960157003	-0.7868261713741167
-0.49278667893595923	-5.031011989840887	-0.8086586532182118
-1.0992545160850469	-4.430693411154259	-1.1742935922324071
-0.843019637779135	-5.227296970288825	-0.7913475422638587
-1.699140226713257	-4.144394653911438	-0.8647988824640012
-2.522866347903672	-3.39246284044744	-0.6379976479373377
-3.1842497320989875	-3.9773789320489916	-0.3260771143820006
-2.8013562814744817	-3.423016780513517	-0.26818935455933834
-4.156839644767847	-2.701618107191896	0.3235282814877657
-3.441305640671453	-2.1052381959354323	-0.2071606880848481
-3.820200710311231	-1.496788393296231	0.42799652236528346
-4.258360396951259	-0.5654381757758589	0.7336903378906166
-3.5175029388626022	0.31802400458182983	0.06296657880368894
-4.105177963143383	1.6329477876600074	-0.3214984798707752
-3.3578918667799034	1.5617412545375438	0.27618442054274206
-2.747403699231397	2.4724167595768374	-0.2150185929704681
-2.1880223062148625	3.379630313411285	-0.8418847337720027
-2.2504155904003595	3.4539991432630828	-0.39932652413914127
-1.6760335789255567	3.0723488718290124	-0.19886396360529046
-1.593979821797917	3.9364841609697456	-0.3796607853754397
-0.03413536343592827	4.35526166441297	-1.464910361043917
-0.18719949387976387	4.906715079570496	-0.4102608129033458
0.8652995105917508	5.429744243937704	-0.15765068168426144
1.55370824126947	5.525462984017745	-0.5477790853138861
1.356886654506682	6.627696246796868	0.14090716943242115
1.419062418731281	6.358416045819882	0.3896661381745188
1.509981109104274	6.577781861516224	1.206662816465482
2.4911043310118437	7.691022590054089	1.2855465780308502
2.256720096540143	7.623191438196114	2.3255323605663634
2.5278087740938435	8.325868821984896	2.8019254850258193
