0.3831892778670712	-6.893260350424927	3.7184361314587915
0.705377734739445	-6.710231530032	2.841604918015773
0.21343834615616192	-6.030532952046112	2.9251856594656434
-0.09495267823132869	-5.710594688581896	3.1395435523081403
0.1109443048858042	-5.272184400016383	3.7074840344421682
-0.6846972290327038	-4.7581568603950375	3.30845147507576
-0.8672562046481527	-3.5372039245862643	3.2965232459964544
-0.7069768045303243	-3.218936111122794	3.3828302592924517
-0.29980657271875855	-3.69485859666445	2.585135398168587
0.05048882575068214	-3.299740287035568	2.964402108901953
-0.6039765861877746	-2.7178213683916828	2.627195216608797
-0.800951456345259	-1.7684067184970012	3.285229947266764
-0.6244864529713104	-1.6318380974205615	3.577157988541553
-1.1989029423776385	-1.0007218965352185	3.113138141001069
-0.6820829481101813	-0.763413859665103	2.954993792508678
-1.364284215534854	-0.08752138793434017	3.577998527925851
-0.5154901819187656	0.3952424588215671	3.0329402838134705
-0.7860959491034076	0.5136887696372892	2.407284178486009
-1.7534686702750204	1.4696654052742677	3.0623321280899787
-1.1793711130391733	2.4045817869577215	2.6574105163749873
-1.4835683295544244	1.9564799759613665	2.528576808926019
-1.7091427309543061	2.503530351076231	2.1785989705810764
-1.9132976087088176	3.6859655285217663	2.363558966454808
-1.7927022403674737	4.326593828134811	1.621370890705666
-1.9299517307135812	4.32891061621317	2.6124494572396975
-1.8719475012891729	5.085031505431503	2.0194324934863785
-0.8810391006499529	5.38980947043988	1.5005728381153125
-1.175781849223716	5.12697114318882	1.2146868608635204
-1.7250865155934414	5.939314970981018	1.5877735796729087
-1.499913789650173	6.7356366466873165	1.1518196347125234
-1.0470742898405558	6.619565547045326	-0.056439205599742095
-1.324777921923467	7.003321367273427	0.3847441287100306
-0.7016807057983803	7.1467865669307935	0.3116041223692667
-1.1905533616749024	8.682329602868727	-0.567974383913844
-0.6770913467528357	8.494856555140961	-1.2748797230984645
0.27853458979697765	7.620916727498332	-1.258175705759023
-0.22683225257457654	8.071946111432727	-1.3348201017600116
1.0481388638115807	8.53675614230075	-1.815824981253509
0.7737460314357616	8.656365553027864	-1.3870380006890395
1.877388054564907	8.35546442645106	-2.3292345753589387
2.2664668076629653	7.588346444799339	-1.803452076035082
2.3484746410837953	8.144909633589597	-1.8050420549845012
2.985061962769235	6.969866482196288	-1.7135853569658084
3.304536286883976	7.21215671267295	-1.6209902246892367
2.9902487574148022	7.244045074250108	-1.4887197423513066
4.103459468455512	6.3811999131567365	-2.15793088995815
3.413446362924404	5.597724266988629	-1.6166515838240305
3.513566880245366	5.786548435655683	-1.1420584407829837
3.4454565774930903	5.916849348412569	-1.4436932677335914
4.332756901790178	4.789050562457026	-1.2917697440661269
4.20746848666656	4.886871786272384	-0.7138621218954297
3.2560043545422226	4.4207253913973625	-0.27728984406997415
3.285678858378558	3.93163054836171	-0.1572215857944404
2.8502477474236434	4.09746451852226	0.3235433143682479
2.672224685579689	3.364737502068727	0.35766855169052403
2.978500287041025	2.8306632338618183	0.930669781250021
2.2153539131611018	2.3074648957836073	1.2254632858077028
2.0712086271569707	2.1117490193688138	1.7350525394794092
2.2635768895205985	2.070818246427649	1.1455723431166316
1.5980177823983615	1.2477359311376734	0.8623949310052628
2.0377559519253046	0.4799573423529938	1.782069360614574
1.6508332839381994	-0.12288867085840172	0.5148429607524494
1.9166556824519658	-0.38574942576371807	1.104211903440047
1.705255652370398	-0.9868733929383686	1.0951259077901603
1.4047469436491613	-1.3911857158462255	0.4805897507049799
2.497291338855546	-1.6163514521121147	0.12183030735484085
2.066753778273422	-1.3079661591823966	0.018585096740797225
2.9692548109941566	-2.1966485089900454	-0.7953838890726572
2.131417911956914	-1.4564502367139154	-0.7719712954312989
2.40566876187044	-1.936694657368311	-1.4309569273109244
2.7264119048160294	-2.6588818228036804	-1.2853843419246225
3.1484467688464917	-2.903626743017078	-1.3912296153582118
4.240961627230508	-2.8285964115440576	-2.0046563605875685
4.097249828125084	-2.57595222160196	-2.3605743491663613
4.711841896438214	-2.5144550066493814	-2.7408315790978057
5.259003236739941	-2.699135434861962	-2.3044746484905247
6.068924789999883	-2.870000919149064	-2.660443041970385
6.18577833405007	-3.6650735768349434	-2.5276704201023477
6.566784645084632	-2.837699924912517	-2.290066611091805
6.866510445767677	-3.18385830275495	-0.9050253089576821
6.743415779099865	-2.794655458537101	-0.9781907376615349
8.032194350052542	-3.0880529197297513	-0.396066992716658
7.258073615058538	-2.8773496771427203	-0.9902289804017446
8.107566799667106	-2.5614590370659402	0.2578831465830099
7.688135563335612	-1.1382861217614604	-0.24270635802972812
8.544500499937815	-2.1052075995138178	0.40325877469694543
7.4640630805380175	-1.0796756701526522	0.2918803129147919
7.221088901441653	-1.1096660621576466	1.2631768215053851
7.7546628782294595	-0.6822151846232485	1.1026978601485862
6.380844594351671	0.08755990063434316	0.6797802287864032
6.35341683987586	0.2641420790965321	1.4471122481889287
5.647364748388506	-0.15229536002534483	0.6127333353600257
5.1946887420746055	0.20874593933650584	0.9790416444167255
4.704774399952994	1.364117752175869	0.003309712130856318
5.204738826521998	0.4441841063615528	0.17496452711525434
4.329990074920102	0.5091140520279367	0.004306280521097161
3.9132482133009034	0.5551563405421305	-0.11268757871258295
2.984166696876502	1.2399456925338304	-1.2530729593444143
2.980831547161761	1.0838875581603347	-1.5164794056242883
2.228594431789862	1.2536972235485693	-1.8778538644644802
1.7329491234984695	1.9212701792560236	-2.4771894725541403
2.0349500894689254	0.737459325771237	-1.9717071873189875
1.2733251222598216	0.96912112017172	-2.3159550184971835
0.8608001232502757	1.6332243743321846	-2.46340971847075
0.028605394764051773	0.8762705254399544	-2.1164832206309354
-0.31285687008723356	1.656286839532605	-2.8414725937549754
-0.7490658006663402	0.9087727077663941	-2.7377900333883938
-0.9090025068095545	1.0212481805948084	-2.593579762826346
-1.83922374876116	1.6699323229386867	-3.6164438665170016
-2.2115350375012914	0.9482475658791855	-3.466050266416462
-2.917504616287091	2.1270277589761744	-2.8637609583118673
-3.447009529660078	1.017241192095253	-3.381083694724204
-3.6672838733218107	1.7585266986594632	-2.2831797898528574
-3.2015080691346487	1.7553193959416313	-3.184218642572057
-4.328744990125277	1.8012229625135323	-2.775695604150167
-4.269237755795084	2.618718974301423	-2.5755609028562665
-5.591297981854312	2.395340017584927	-2.3552705205238
-5.443125202085589	2.548426116464719	-2.5378904792438415
-5.893608159961191	2.5673799437282625	-1.3114740704087162
-6.223163830064653	3.0174497926820583	-0.6130141763990768
-5.478918069010627	3.4078407138164275	-1.2701720680284598
-5.491808611754301	3.9755859012810832	-0.7620385109658112
-6.011464174161507	3.8385434376233745	0.09016673645786466
-6.197456665188003	4.1463508418087125	0.165907501331177
-6.272328531689201	4.306540938427449	1.1610078435140243
-6.36124644553549	5.48259136503	1.112043753082569
-6.285840870859092	5.365891382888099	0.98949898147942
-5.039482324377241	5.806088756518525	1.0946520877793025
-5.632002668378171	5.236739458280147	1.9694417861964069
-5.531939827371161	6.401426863259972	2.6845488028080973
-4.982697288708964	6.116259954254176	3.0253684928114666
-4.402487065636556	6.492740167384777	3.237611523264816
-4.304807277804595	6.422084111862279	3.193846462935641
-3.080798364113691	6.422768021595951	3.1823947778105373
-3.0499598047506398	6.059191235542451	4.381353185394966
-2.3111547568294126	6.201019733597712	4.060165416210278
-2.834494572549468	5.766716087852336	4.224610508683506
-2.4757575610337366	6.201436430964787	4.967893214750253
-1.4872918957926364	6.442623290410197	4.355055243234948
-1.3519295062788663	5.633057412849128	5.031797215379171
-1.2488214341424175	5.378981732227412	5.0696663635419466
-0.5668361619433814	6.40237259036638	4.645417228940397
0.578385663892736	5.8735056556289615	5.000984181947789
0.40999222643201694	5.160378470779288	4.299360190784372
1.5312899411974095	5.1051321723760745	5.27112245759022
2.462485515169934	5.248716698686254	4.150179151158968
1.8548545516526243	4.743320740682354	4.913617591540456
2.4488043203102605	5.154743938760915	5.184959221882794
2.602402154234067	5.35580056694535	3.8978937213592726
3.729731467163038	5.532708058975429	3.94603039743606
4.3451492841566015	4.391928168928805	4.590598149610331
4.650504750064709	5.152872829960847	3.9370512825201027
5.140215688432024	4.476273357830703	3.3146854718604795
5.451209685280066	4.293282410330995	3.0728615668200496
5.86867266999102	4.628802907840358	3.1471165227706535
5.774786620214907	5.06874654730663	2.9533487056975467
6.293117204929196	4.072619385158628	3.108356650881614
6.549742954326437	3.8430098383447353	2.238570570670811
6.550672512526046	3.8582366373515677	1.7567123006543308
6.562567014644801	3.557456761054323	1.8925364618731149
7.966549270815202	3.4193501466677656	1.1689911451318213
7.907856048005307	3.5476783887342953	0.9159388273127735
7.448820735697039	2.6114222439053276	-0.04356643153487581
7.436365999766052	3.541733240051256	-0.05371184342225266
7.170487221297679	2.188715291608828	0.3278847854442142
7.293412806283954	2.3245442719740703	0.06020757302731794
6.967649838386061	2.069729522088658	-0.8237162024762483
7.29322069034248	1.6751876807069224	-0.9141475544619369
7.005686011594081	0.8909170394424464	-1.2844514733855068
7.523491257422094	0.3039127226186693	-1.6553660979356226
7.1388589536719245	0.41255375117613774	-1.3284299152854682
6.342031836285334	0.24925995920956656	-1.3570795554268316
5.806542787423358	-0.4759432423326888	-1.412126837334366
5.612910342974811	-0.8718608959905654	-0.3590423313342397
6.2529444500637545	-1.6344364513341785	-0.46518994540426506
5.391828268482116	-1.3697161795303265	-0.1805799843064949
5.047540256701764	-2.069270995476642	0.3056801833102872
4.9621490782225	-2.818365017789577	0.2709340433460671
4.740609574299125	-2.4735857860700667	0.3927689252722743
4.7672905095787055	-3.3815412826413835	0.7906530485405012
4.684968752016904	-4.097865274542641	0.5022239867848233
4.34089747996842	-3.3884427880110413	0.5216923725683851
4.870754729362461	-4.754149750555893	0.9187750283032048
4.4431575642015035	-5.077157422196342	0.3651223080819805
3.513429846087534	-5.534469943079118	0.24316488395008684
3.6958139628853317	-5.567152853587787	0.02635168940115277
3.786909972210966	-5.924264327911738	-0.007283196347941834
3.1737439696976457	-5.8474911842972945	-0.2346808624769638
2.2971579109945863	-6.572076073219026	0.4205103622806208
1.795287706156261	-5.790511410698769	-0.022078468453458733
2.1408811315596687	-5.909785925118406	-0.4318145237738449
1.078798358299579	-6.153872250845838	-1.170243490520975
1.3529436750380488	-6.1728256363320275	-1.0009057200576665
0.5339333093691615	-6.298995597687718	-1.0322814330501107
0.3040782494820842	-5.667761037528668	-1.1309503900222164
-0.4767352564041585	-5.4647236057824715	-1.4907014827083536
-0.6574672163784536	-5.260361181970131	-0.6361712826093263
-1.04159322356789	-4.586710278709308	-1.4633304793914896
-1.5147672506963281	-5.110412857424914	-1.2181397584979312
-1.2769718582499894	-4.938719329210439	-0.8207789145954487
-2.1633318902166385	-4.438056524805628	-0.3365247509617083
-3.0694229566655338	-4.1709137455955	-0.6763131443070174
-3.290234660559034	-2.9391473517315996	-0.774360030694313
-3.6772605139244545	-3.404947730229372	-0.08759294475940149
-3.0754602770255204	-3.44573822184244	0.30976833742049337
-3.9267566774287275	-2.3372403526887746	-0.5012174784133177
-3.843575491998566	-2.3781091641518555	0.8076284389479136
-4.344697442969078	-1.3026501034097744	0.4691547104482716
-4.2024875288382795	-1.293569689188958	0.015819869090053396
-3.647061281943867	-1.3155772535751091	0.245103160897454
-4.255444574458838	-0.3061952424110229	0.22062687829145794
-3.986456629399169	-0.487089634834747	0.3937821759449063
-4.003214321885465	-0.09318171178932895	1.0126295539884806
-4.08506946657779	1.274281965052886	0.6516303575061071
-3.4914247200937094	1.6713096278964112	-0.09710346014952381
-3.5957333375513887	1.8570775183741937	0.09503771100226444
-2.7875943271027714	1.891495276875108	0.5073041804861769
-3.1307427983955396	3.008201768221895	-0.3788860943185111
-2.7100577175172984	2.6519726034492286	-0.7393637760240415
-1.8291455414897317	2.812267358822069	-0.530902339499854
-1.3278833569403563	3.0055138497922838	-1.0340075263679955
-1.3429842191821757	3.4023809282637925	-1.0838783649636432
-0.9135979373586379	3.8463875353382186	-1.268372159110676
-0.9422211482190749	4.188524175289151	-0.3012387370878191
-0.022107266785932556	4.936746351938312	-0.9583286143933374
0.7378472838705377	4.6144168438302415	-1.1155361360737202
0.3793875629998119	4.745500932325076	-0.5557034860893282
0.4992916069246863	6.071899009130041	-0.7861760542728898
0.43059953145205526	5.14859327584896	-0.40545643966219985
0.7875797677150057	5.926777787716355	0.2930254816360496
2.2106183728467923	5.626809335286893	0.37948781222236555
1.7682829444057855	6.487884076618108	1.1740330097888383
2.6816229003056744	6.324625634410229	0.4618242315544193
1.701261015049146	6.621241831606152	0.9417606907344181
2.3694083918361946	7.391544307329651	1.5556936718983896
2.7644811423618685	8.078482112551196	1.2695984914272282
3.262789958057464	7.549800769705379	1.4961392217620366
2.4898132897247565	8.306309222917474	1.5860337063415617
