0.9101655201002941	-6.951140892112611	3.073449113316885
0.416640908049067	-5.1637035913664935	2.8901394059070995
0.45110788479423314	-4.114309312347968	2.8530556199199255
-0.7586153029229716	-3.0281808717344987	2.616934832665205
-0.7986313618125838	-1.3914348024848973	2.9787693903231416
-1.1811837832096426	0.33551969655554215	3.367745249142301
-0.9229221382767119	1.16873371644729	3.043119212670272
-1.7302540680916296	2.7263398853123313	3.021275351375462
-1.2005059354957859	4.462089246194081	2.310153439501374
-1.8381522790954226	6.29908835511967	1.478965721481178
-1.1150297238589197	7.182328787713816	0.5450839241483896
-1.2723153330152859	8.038977072273095	-0.9160910347820448
0.373941915568789	8.01006095278316	-1.1125832367779251
1.8418574843510678	8.150474685709431	-2.3632373795502373
2.7517904520436893	8.116113335262192	-2.181811188518833
3.5434330256698465	7.003387951040574	-2.2087985566038926
3.7208327559616303	5.736588921875334	-0.9394794970144129
3.7346851783532093	3.985865740206858	0.29692988779222784
2.6437887885327696	2.796623215684299	0.6936449052658462
2.2310608709110102	1.8636973224985887	0.650334995143355
2.1284383248166687	0.24519786135406257	1.5749446696851646
2.154759653866211	-0.8755469851014301	0.4979163548085179
2.398587905027288	-1.7735525910292025	-0.641206294268845
2.3326840137665514	-2.018267593666944	-1.4449678023428034
3.291732808717107	-2.2472418304629738	-2.3804993817350732
4.983383658167431	-2.811587817070713	-2.537998696417568
6.2396778671527295	-3.9030737417911796	-1.173311476037377
8.066372038277953	-3.4537048275821594	-1.1785821706815849
8.539920166989488	-1.7630413650589247	-0.11594648272692709
7.7607201458857995	-1.1416733949396782	0.8833749377110893
6.855146387473516	-0.2907699789526244	0.9842652975382891
5.141542917958709	0.43187717569758094	0.763365959010906
4.136576532895847	0.4381501628992369	-0.797005399787394
3.0006777232163033	0.7492135606812994	-1.3392386591278604
1.7486199477617856	0.6669772576089675	-2.1086362198371322
0.2668781281084681	0.759146185438955	-2.5456705737242897
-1.7464716300443144	1.0808667780208068	-2.334965816231018
-3.1359530184588884	1.4477897504857935	-3.15257618443101
-4.313199161729431	2.259143553991385	-2.8347732151468126
-5.785383431892625	2.911890891692834	-1.5849308491192038
-6.480805489594915	4.145365514202844	-0.937632145058126
-6.309522537241887	4.836664274308931	0.6321469444038137
-6.315942577731417	5.583474505348805	0.8201924672440318
-5.35424971579474	5.874990349576873	2.8199375441636185
-3.9223616014078617	5.6735716156211025	2.958688910423963
-3.4734644061764857	5.900207882843648	4.0353159618994825
-1.7798102935733227	5.618371672160999	5.128313537254698
-0.7350797824497266	6.51984110239496	4.9733415851727845
1.17165451230137	5.550984917990503	5.06336347286982
2.700272477963428	4.985349467427892	4.782052592290198
3.718434070077041	4.312522911060506	3.9421875399868913
4.649543192159765	4.314951772397	3.7097593326476197
6.333553727970237	3.8974931244446394	3.0168196838597945
6.5891406747727626	4.340543614609562	1.3513823686108304
8.091596713025645	2.582373836406683	0.20954563203597654
7.468585005907187	3.001498450756212	-1.03041054097151
6.917061987657541	1.0559241868774067	-1.691349517007614
6.1006053084916685	0.3967122609101681	-1.2303579700720484
5.526844863629526	-1.7092960337090983	-0.9861858821122527
4.8959008379896884	-2.9447773967197586	0.24807245489889823
5.2669031722286235	-3.766680417735027	0.5240188552588474
4.0149698912118135	-5.265237372893372	0.6092666799476585
3.2886590415917456	-5.541133345914645	0.030061306386482467
2.334929565075714	-5.956926886928474	-0.33103901361221355
1.5498186930996254	-6.013319965872286	-1.0640974180354141
-0.09746473752118379	-5.055086366067766	-1.1490266978958221
-2.024840251225852	-5.196403790326824	-0.6093873461580372
-2.605976159882893	-3.498338718688062	-0.9337100659338864
-3.7767544965475186	-2.992870200529562	-0.43644787312776107
-4.495806938072336	-1.9443899126084463	0.30111562818861504
-3.7144447167102164	-0.9632089470021944	0.22187384563766388
-3.2996598140734235	0.695101335525586	0.5430788620087512
-2.13232569984655	1.863226970846343	-0.4765628464288653
-1.96613541550484	2.8524598977746525	-0.9362542899615749
-1.5667617903776754	3.6613759654107882	-1.5546087106116004
-0.1347911818144346	4.614312005033295	-1.3149379181357177
0.554461166542367	5.395331986750247	0.4958641878012735
1.8827417375586184	6.665930033260914	1.087237269547873
2.5888161841775887	6.906196448663902	1.9196772284100785
2.9604301646404814	8.977726746772744	1.505568447092695
