0.358310560770662	-6.018088308989547	3.080907682012746
0.5769951443317587	-6.030898066841071	2.9571619170668173
0.12406173100791412	-6.386648501815192	3.3217180381524813
-0.4292547165984346	-5.9724317141414245	3.239800704487841
-0.253764895714545	-4.690951539044173	2.7321876643017187
-0.015534179423242311	-5.002694336005488	3.0101528476752626
-0.00892255993176605	-4.494084526267395	2.93670772264632
-0.8895959717304138	-3.408912300003088	2.6694898844734536
0.13010226314320028	-3.2061748872791966	2.9790973517760078
-0.23625674638045246	-2.907923524349043	2.840333235221036
-0.6301843672384906	-2.253573567665538	3.1932093753259245
-0.9370012013038598	-1.1809131097585877	2.8670738165696563
-1.1670481065418632	-1.1651275943249877	3.593107669114594
-1.2070933897571616	-0.9476666540796825	3.74707302358746
-0.5967691224550724	-0.38690538239721883	2.7961145722844307
-0.4885194679875662	-0.17601707353777563	2.607360978743141
-1.3172249509870237	0.023665587761001916	2.5695047797999724
-1.2835484481363202	0.4988244336685693	3.485972476695922
-1.596515410727247	1.1886375714842166	3.106795922528288
-1.1583206917959707	2.1393849966679133	2.82735154848967
-0.9872838957027084	2.1378339888630005	2.760203180912323
-1.0389725456271843	2.829347187357607	2.6434292685980227
-1.4508078886598066	3.378450343860257	2.184640496663115
-1.3684890743697564	4.345054578990761	1.758831897208363
-1.1178327214950299	3.7815991953455197	2.031950767803865
-1.17238971200359	4.377403743677082	2.4071842288920053
-1.1381588624800845	5.166949010124045	1.6369690442515976
-1.7396636570662634	5.362289258407696	1.4075380999843654
-1.5072311506743763	6.368639874109616	0.556073714605822
-1.1649438063505289	6.896541693056878	0.24448180992748111
-1.6250600453824697	6.671169094025716	0.4891973631273284
-0.9850868738126166	6.784289159966694	0.21803139643088143
-0.1900059668827847	7.054140756804963	-0.13224519452681904
-0.5351201374688046	7.6442144274435595	-0.6593541406683614
-0.8148910673041467	7.793451810651175	-0.014723052137623593
-0.46259185827786575	8.590294895215921	-1.5578674415810314
0.4363026250833727	8.691319441219804	-1.287818205586484
0.75304000858345	8.953887216759727	-1.631646875008781
1.6444455802299065	7.896264957272934	-1.4024768057525403
1.6848446962421504	8.157201524150231	-1.8030020054338007
1.836925416790249	7.95854293542298	-2.2819350918332733
2.622209722970961	8.315235184835883	-2.470784840934764
2.544526184488572	6.919548278671137	-1.481735598192605
2.8171311432151933	7.987545132004474	-2.4692014952411494
3.8996436005132935	6.862943301518287	-2.09994712082965
3.848701308943309	6.749543842980969	-1.7264796472417658
3.666686683126319	6.513614822542463	-1.2559110115638772
4.039901456652736	5.426624547520144	-1.5135819854207537
3.62092782497506	5.808278183412426	-1.6221374640092088
4.021043179577578	4.57375083028844	-0.6229214875138592
4.437995748679668	4.001328877479741	-0.5892410991043997
3.4809058858188733	4.771201667726357	-0.31746304838162764
3.7563868319095075	3.4538105795576928	0.22280452660962025
3.572099186855058	3.539087925327748	0.4537413945000558
3.0392232758966573	3.607754801952583	0.7634885522267132
2.4979600845160905	2.4164814914295714	0.8615040725641557
2.3873279034746036	2.931877706326119	0.7702313403725991
2.462539207574865	2.5637511656565466	1.2002103157048643
2.4523014977320927	1.8230148928034438	0.8593942147757778
2.0905391577382693	0.7120811872531799	1.2440529638529045
2.5189345883196625	0.33141698413669013	1.12158344663982
2.7618475834990015	-0.08588270498163236	0.8796905764388636
2.716114122023016	-0.13248130284341808	0.40589389976565043
1.4042290471221386	-0.5079875842172551	0.23931366933336085
1.5076730363687734	-1.2330797432532234	-0.16548009585721926
1.8223066497672635	-1.3426867552927575	-0.38803193373030276
2.2898346994053083	-2.2248028133934135	0.2273664210141756
2.2537531364442893	-1.677985670838318	-0.38725952975727596
2.31382369018105	-1.5716066310988421	-0.7036624182538889
2.2108427600048515	-2.876780470536209	-0.47857978311132965
2.7194918830722297	-2.7440302821764413	-0.7104824498428117
2.9503452784844795	-2.260827478837943	-2.2095372321700038
3.57943230791135	-2.345221476405916	-2.0393158038704087
3.9373920724799563	-3.646195002859419	-2.281476932560547
4.848948554255602	-3.006805649781847	-2.033707546643403
5.320705204504028	-2.8640137225689166	-2.0905352404515285
5.770848679243896	-3.3883457817503384	-2.5881509394688518
5.847566192553389	-3.5012481811457556	-1.8521646307556205
6.605867081308239	-2.6097577478494234	-2.1928241541845694
7.314275785438218	-2.767285193982894	-1.663160189279374
7.765107240042421	-2.79062923142053	-1.2229701763247918
7.791828953130763	-3.022045278354512	-1.3721294804119628
8.25109225583369	-2.147371484579533	-0.9893334041541773
7.581307992208214	-1.5659147372093511	-0.7127660951843307
8.112820591450442	-2.5212803156221364	0.7964159125420678
7.74519513898389	-1.3257181425885485	0.14503051530663807
7.492452371690743	-1.3496008392362577	0.4521779229829836
7.753801909363277	-0.5744607547227276	0.6029618379692034
6.926064960037295	-0.5905926602430298	1.181438229842489
6.658448806209013	-0.2040997962896065	0.6941252837788799
5.811747035284509	0.003659830811460485	1.2964952089281772
6.378253523183991	-0.11870061893681416	0.8948953622176519
5.4109568268494685	1.0084837451485797	0.3146248539203964
4.783903733806845	0.655989608733648	0.017770081693505274
4.5495220348061745	1.258649057926464	-0.06957481908292429
4.87456896538301	0.8340901454224232	-0.4876127113245699
4.556218679801378	0.5246544416577352	-1.1678943160479296
3.5723199460992214	0.8775515652027079	-0.37789701632330086
3.7110349199644124	0.8376498493875923	-1.5107149826568929
2.25763748847867	1.0148194296028994	-1.6602248753899198
2.0138023654627695	1.1292810541760594	-1.423614674195828
1.373432547126675	0.6290963066980044	-1.3731351942116423
1.1591561873367318	1.0196192667789448	-1.997735276531707
1.052991041317652	0.7855478900608422	-2.4908381732239935
0.5029486086854027	0.5362040719765179	-2.104818188024328
-0.57396414869421	1.734695716978421	-3.16198734544279
-0.20532228105580586	0.8663018804626144	-3.0592600056038384
-0.35658954491854766	1.0783729868532723	-3.2203399658913883
-1.4931907935109665	1.4849956618730218	-3.5196162602930317
-2.361983251576716	1.7892069836891578	-2.6685833726737678
-2.1435599425270713	1.4776919465165197	-2.7083732888279917
-3.1839239225486824	1.5326339087253813	-3.4484191178372807
-3.5884835335413223	1.816802889971076	-2.6969610776755726
-4.2269680750753444	1.4011294462354498	-2.3005165522214694
-3.7067175069336837	2.3966979703586473	-3.0384891847676974
-4.635160090040181	2.2795700759530666	-2.1939958365924106
-5.5903079953102415	2.496831925093443	-2.290217695037369
-5.616472439575933	2.32540136413242	-2.099628970701053
-5.338096343809152	3.1377245267878258	-1.7635568462992937
-6.134489912796352	3.503928388406119	-1.788275668047125
-6.3177620312228076	3.880176367312533	-0.6497143745883022
-5.902843175227809	4.450666283034341	-0.7132266284996036
-5.571183341374005	3.6052919698628494	-0.002478239095242696
-5.812841097729203	4.713155757329698	0.2870103489330484
-5.491367449612846	4.663422468229922	0.539311298982623
-5.957390292724529	5.291112610070721	0.7679680890473335
-5.867121553129026	4.985584372278253	1.2425198401186228
-5.680700979828975	6.093191459852517	1.4841896702477884
-4.869302566919432	5.294739571955264	2.288422926153589
-5.600138131274289	5.804243304848627	2.4691755524281613
-5.171505456013796	5.542265589576499	3.378948485280366
-4.510671576669156	6.32715012147805	2.8027654315351205
-4.098228838805142	6.359766136105928	3.216780891029166
-3.5844345305670586	6.183768927130694	3.6601541668794444
-3.7264673727891764	6.14786472395583	4.0170570331341695
-3.1277182621752715	6.110837719375066	4.5193277309541395
-2.8928432997163025	5.9515020277839294	4.907591110605578
-1.516355898050119	6.18038147730125	4.546520501914534
-1.8364721161303665	6.513779988532369	4.1973086643893165
-1.6757422009717373	6.24502774353142	4.4195214721188
-0.7323125540108579	5.379790147816625	4.471206980932052
-0.23004611271980746	5.880305099831116	4.577842527539564
-0.04989576293532122	5.725826420303919	5.23096333488112
1.2369324309851546	5.521275182010003	4.895027319567801
1.0716368031653056	5.777546465536392	5.183098346973575
1.5974005491627121	4.933471564992708	5.0886209584508455
1.7404655067782688	6.096043956512904	4.180086575008844
2.503916802654605	4.881747520435379	4.587919069555347
3.0448445655809193	4.793741362024554	4.467817562105837
3.3176652121880674	5.181490404633307	3.941223973273159
4.625077590421733	5.016908377655618	3.706292012686716
4.797024081333254	4.317146881460976	3.5547621401567873
4.85296764766151	4.323424064246075	3.7558562229445287
5.357544875114697	4.522557168103118	2.974611395698842
5.555590388996071	4.161695072835512	3.910800630687681
5.413968018347642	4.313415069626267	3.376196825469731
5.7653896161776235	4.375493249172008	3.418319769540703
6.55438159569356	4.014528317212864	2.963278570647196
6.999968451015781	3.662327323836247	2.641628202197354
6.8070528659908	3.972341605456524	1.2088691521564412
7.457516124748439	3.3691119203185376	0.8481182872402308
7.4067981693955165	3.0813179856992323	0.6358663297181774
7.07185650852362	3.820109258463946	0.5531531315774971
7.2852863917452	2.9957316514488603	-0.1843545918931494
8.070269138415027	2.3420783226140585	0.07853005451105133
7.278856136301539	2.5851744133751082	-1.0381102079531246
7.627725619973827	2.3354095159377364	-0.8293886827646626
6.790551639904216	1.937026650216786	-0.9327730434572313
7.5202711131476345	0.4318039573091084	-1.150668038232979
6.5820550055223945	0.423441038390614	-0.5984382124554488
6.56041508558887	-0.3823888168762322	-0.4591868605009437
5.88557987744956	-0.1646846995246125	-1.2663113483353574
6.411551749808256	-0.31264968799223003	-0.9205052316154645
5.412358739520772	-0.8215555314465823	-0.5900820329825248
5.42323359355412	-1.5311418084327313	-0.5445943594186375
5.7453998823582255	-1.9944535597855175	0.3515850894782828
4.8700386013713235	-1.6809490756469292	-0.4450781133813257
5.372914919107396	-2.9098458194820576	0.5243419743291599
4.814015037829198	-3.458849254386913	1.330915373040764
4.9226591230200345	-3.473382463731583	0.5694439917326833
4.611903001404833	-4.067075671750788	1.5019769882295024
4.91935186591658	-4.240784103348771	1.2020637473727838
4.724308740664958	-4.3439719440329085	1.1721586208282853
3.85712123866721	-4.857304302689287	0.7695575444613489
3.7502504155027743	-5.559862704777791	1.3809928396874973
4.29025751518859	-5.6384191975374165	-0.005583751811862568
3.3151720643633698	-5.608884983595604	0.7908450494168272
2.9366086249483354	-5.930970787209052	0.009293621257483842
3.29974845948729	-6.382828277546609	-0.07547366467454375
2.891823546759018	-6.171178474285654	-0.5821873427497424
1.6407499285986968	-6.450524649386201	-0.5733969518715927
1.258219514812637	-5.524101914785303	-0.6052110559640372
1.1160565765300021	-5.475761934812234	-1.167168952900762
0.6806188304810313	-5.740041903573665	-0.6740328700512258
0.8554854630209203	-6.219399215965561	-1.1958655581851345
-0.870236140345026	-5.4120866462998585	-0.6557661815949805
-0.23721552131433365	-4.950405428246819	-1.2772807853840575
-1.171660243811345	-5.305248555395593	-0.9016319350344565
-1.2827892571569746	-4.766319903995396	-1.3503013032645743
-1.7198715591763012	-4.664853011114274	-0.645761116268516
-1.9273824908826038	-4.310557333183028	-0.4160539354778343
-2.909708725370796	-3.352877853811563	-0.4602179847253802
-2.9275147702698323	-3.2188431372730664	-0.461735052007058
-3.688649260471303	-3.3449655979301784	0.2200834051768359
-3.813153945654875	-3.0588929472030895	-0.6325010376061333
-4.028089913853125	-1.9862744837156365	0.017171529509665162
-3.5897498048627994	-2.1752081218196095	-0.18914140187205902
-3.420675276399223	-1.8024087806416138	-0.17265308835067944
-3.745453261046998	-1.603724753869824	-0.3475949500235583
-4.0117543788567005	-1.1397696550208247	0.8562626798758973
-4.4780346504229005	0.07203526958306794	0.23296807984684653
-4.209163642350054	0.21364400697350927	-0.2624371358751316
-4.218054033628098	1.1448974726107342	0.15887344509180062
-4.045826178370795	1.1575783389174246	-0.2523970107525244
-3.929970494269229	2.0916374070401553	0.13024158454963092
-3.268093742526829	2.118042831350899	0.23905460305389803
-3.2974361128908622	2.8582356441399894	-0.4145595212352359
-2.6022923680068453	1.8488881551004754	-0.7843628932241171
-2.1895786011349605	2.8943345430453427	-0.8137837190971827
-2.374271675660689	2.8601470265737343	-0.04768473952229235
-1.8864961387523587	3.31836015199291	-0.3323112047439525
-1.5875762692638054	4.028394009338926	-1.201383988736585
-1.5217246861046072	3.8274654444284555	-0.9346649906083453
-0.8256344290369199	4.5602043985332665	-0.5719276117285939
-0.6663576629604228	4.398502816249092	-0.9699208919336795
-0.18929142560968842	4.809002399265076	-0.8276384360264681
-0.015062148132237968	5.034335197599899	-0.049252824489121716
0.23475745580427335	5.016058372009793	-0.3800515592512349
1.4258824966845904	5.597708882903261	-0.12510092491870356
0.9642470662711522	5.905322337435103	-0.32431843711836505
1.2110236236112792	6.62585076049062	0.9414742401440386
1.2549446437033724	5.998690418439062	1.586519574845488
2.6998341372820565	6.33732295553164	0.5087297478715134
2.431492512781455	7.560947646230074	1.2858341405774059
2.2383288555400696	8.17917894523832	1.099736241510008
2.9496966392541366	8.064526870346311	1.5641746243845738
2.4910955262516863	7.631722879100327	1.9650762806988886
2.612241951813929	8.05670431439445	2.4614393424213468
