4.032819856921469	-9.397065305365922	1.2425527430087016
2.907688561635023	-8.9910779363632	1.5225764623954317
2.1648145919690163	-8.429742539179815	1.6192271344441875
1.7576760324334504	-8.18894262320789	2.2514726457716545
1.7917072325045216	-7.832651822909362	1.5623727675740289
0.7755958750716336	-7.607767068787226	2.116695681926655
1.2717161336617904	-6.2949359066095765	1.870834947491603
0.3612928649747429	-6.418965403990611	3.044228256071513
0.15353834968003666	-4.7286324615429685	2.7473782833679623
0.06515669313970562	-4.619926903857959	2.7246950470085856
-0.03308406677604775	-3.797466627977664	3.0998960891142406
0.1403568306957451	-2.4251389501991714	2.247691437269644
0.9742205261736736	-2.9132989811200987	2.42070966552098
1.2571625742907027	-2.378020618608294	2.22216238823133
1.714877168921443	-1.6732320694340888	2.503383669071016
1.5049000494233566	0.0935551032544546	2.1509334466604932
1.7841826711494322	-0.32516172930150006	1.9041886159892125
2.8392122032798564	0.17809001541719652	1.5469186816820066
2.0448855672582855	2.0575451640411897	1.744901950796847
2.116135074305474	2.358583720228869	1.4875685179336156
2.7115458192892152	3.0791751144155985	0.4010152866222468
3.0066487121054433	3.479031609203175	0.46227240205004816
3.0634136417359814	3.51402103264032	-0.3146020669505602
2.6026655301252877	3.878302932369177	0.23447095505492177
3.176083341310593	4.702846921790604	-0.4511277273276195
2.7646929174735204	5.609638693889025	-1.170728614019071
3.009898701086529	6.475767371274292	-2.1297965990703234
2.001149313278262	6.656083494468605	-1.9287247348954335
1.9615297836450196	7.316869659339821	-1.710297010662007
0.7345807832250675	7.927709306109413	-2.032342199655552
0.731175236881714	7.848502198819773	-2.124676096190324
-0.0041874085559934215	7.898125220020436	-1.6817242519721396
-0.8140985178103639	7.805093042784437	-1.4998922557586076
-2.0726694583265823	6.728687352753986	-1.2224556892727367
-1.901037286984041	7.237851719913739	-0.5472354490636464
-2.7572859181384004	6.511913916803524	-0.3839277815960443
-1.8367928594492726	5.624336107297383	0.5170664011889604
-2.819198351490437	5.7395749371337015	1.1924276007017196
-2.7150022082705836	4.382883431201426	2.05285819256751
-1.7573874656777764	3.914536871620524	1.6934581428002993
-2.0012642723048657	3.7738764010256585	1.4166333729957654
-1.2267044871440733	1.8063004262608222	1.905109578984061
-1.57661354978298	1.854449873878046	1.984584078790884
-1.7447737583832985	0.3628211914538545	0.9130135883286165
-1.4382971361902868	0.9240888415097825	0.982765373215885
-0.409686222993743	-0.5893368039670603	0.01968842759352983
-1.2947912451162031	-1.1478721190770365	0.922351526903892
-0.6029832697673496	-1.7389927540168948	0.09940800773432779
0.5260891257063764	-1.4394132669594815	-1.2793401500822879
0.8682029856660854	-1.8360776401710055	-1.127327334326051
0.9396639694786896	-2.4838819895024313	-0.9941088956097328
1.0164515476068035	-2.5417672322901312	-0.8022975517261733
1.4403252802601187	-2.97581772829729	-0.2763194181019468
2.7822924947521894	-3.6068331071805884	-0.09668974270535174
2.270076609546955	-3.7812434383075306	0.2520814330301676
3.341036742632569	-3.9082920564706756	1.5630088872324317
3.4934768125251705	-3.8796598823466852	2.0284094572431064
4.268560899781628	-2.9296267496330537	1.55316215089986
5.204651586768967	-3.7655504052824966	2.4361668262072453
5.742863682591256	-2.6960335078630964	1.8027948915173966
7.0792669465571505	-3.331444061120417	0.881073026352715
6.7133267494155335	-2.1786653864895724	0.5978128451854245
7.282089571447887	-2.078046199295639	0.8111061716251449
7.903559646043315	-1.9473735573709239	-0.354835502627081
6.743516396671356	-1.064821386098798	-0.46340381744331305
7.356571463075852	-0.6566606999586699	-1.538272501831936
6.653688610786123	0.18102954615607636	-1.7192813860521983
5.277830416676347	1.277241792964245	-2.2908748748563745
5.088377563376571	0.9131898590938587	-1.979065795067378
3.7535567883887464	0.6681487751084099	-2.4620454422631077
3.3240784101356753	1.2186505453681882	-1.9021585518999935
3.073257471280887	1.2906735664892863	-2.798804812841428
1.5704212262966653	0.9441851122450343	-3.0687840253537857
1.1713123755977386	0.8410688057226299	-3.091096905258961
0.21938591729311263	1.4564699013053524	-2.6707807655711266
-0.6414180089844491	1.690878397477939	-2.8769339853852762
-1.8855489101909446	0.9480328676913821	-2.7845582810551193
-2.483406429298463	1.3170365862780642	-3.129450934132214
-2.5536604248661643	1.337813324691626	-2.500651626931514
-3.743845001180266	1.281895517746424	-3.0162683433936395
-4.349518547247005	1.3855630369287413	-2.945255432497826
-5.29126369534564	1.9413878124526434	-2.229414512777651
-5.80146922483796	1.9929258961355913	-0.970411466315209
-5.925025443542483	3.3840245520300707	-1.464339864723252
-6.494066798389044	2.938258546467085	-0.5436729231805464
-5.997384457450066	4.367301100750691	-0.37749151249296353
-6.87953104137976	4.366335259751267	0.44732002830025025
-6.126123395348876	4.609000234253466	0.49209714025523543
-6.429486775698552	5.658278140635131	0.8647500470996329
-5.744503156945454	5.177692057077967	2.0082368577074723
-5.41439610818773	6.813986757115831	2.234223524620587
-4.5974287538421095	5.669787556791185	3.247198884221263
-3.6382252844673397	6.4356380341166	2.70669423206433
-2.9708824781193046	6.305278975918945	3.3705369405879493
-2.4866872310548103	5.7369750629814	3.2195731192426513
-1.5306102898689309	5.5334108258017425	3.525116550559403
-1.1107103008982868	5.428382538688963	3.467631685772552
-0.2554912465820654	5.712334223313624	4.0365200798261025
0.8196417263487839	5.258011718626295	3.5252057982907377
1.6583021020144746	5.286469794293951	3.333123186108018
1.7479326309576078	5.717958480291639	3.6226320538891046
2.5731292565502377	4.75374462114197	4.113203424120922
3.830880746825387	5.303213248613007	2.668628624885524
4.929869426755365	5.161811449444081	2.5265903135883776
5.1253455355735404	5.118333908043478	2.5939210343455565
5.65683559740132	4.679498109324755	2.3560710630561377
6.568395980333483	4.251064572521424	1.7086725109772207
6.086717200656174	3.7371476708578943	1.7335436630811027
6.806080503550903	3.4663028169744288	2.1033888056689647
6.480828657357674	2.8619581204801703	2.4847916882586687
7.243459576888792	1.7535108587269579	2.4429300440268014
7.239196634548646	1.7015853758100028	1.4897778254469356
6.84195609650262	0.8716843410178887	1.257128097638781
6.358804391755604	-0.10467871621784933	1.2051875374414474
6.238292618159869	-0.29996060562106747	0.9875717085754779
6.060427331496328	-1.1359584315334508	0.46035560654709684
5.316009367838421	-0.7213654545107775	-0.4036461193398418
4.964206370184736	-1.1968394052980684	-0.662858746979933
5.252233063307162	-2.9215877723634915	-0.5733285989721153
4.330604134025285	-3.556636173333543	-0.786829082081848
4.9366694265653415	-3.649585504762471	-1.4930372866298627
4.302784481608587	-5.180904476342286	-1.1745472377353763
4.186293415529339	-4.95955629631801	-1.883806796672497
3.412844274935032	-6.071752615093896	-1.7639514647699641
3.3069640794010806	-5.751069146445779	-1.8809399868602494
2.219911266311545	-6.9600296923966685	-1.1020601867783206
1.7965839822756078	-6.947045175054736	-2.0780950357568204
0.8527838283215545	-7.463844188568525	-1.9888989811257145
0.418328882882032	-7.172139822350021	-1.2617685677356172
-0.3782227783655363	-7.080732706228722	-1.3579861890789942
-1.459183049916141	-7.303557883982564	-1.1643731486144098
-1.4537420244748824	-6.1881336791323225	-0.7757115709417041
-3.016354025040785	-6.3351314158866945	-0.3532919073564442
-2.852917771861037	-5.387795155286643	-0.3375572510491207
-3.0255663312740744	-5.594859791995604	-0.09341498024702827
-4.097411693499575	-4.001147595451384	-0.2298101220221213
-4.388842151922648	-3.7181435961089204	0.32266256404935767
-4.312474499249186	-3.062250154078013	0.630566353699741
-4.806412879756087	-2.266917433963848	0.8697772840249169
-5.169820248747491	-2.2461219951348275	0.42216614078456205
-5.098172836025503	-1.2042236120878105	1.1365484586961752
-4.7869243087563556	-0.8642453971036663	1.1644229001344018
-4.14092325757786	0.12178452450794403	0.34461752875886736
-4.174302332202636	0.6006227058322211	1.1317262539074677
-3.8368660380496986	1.3296129670105254	0.6177261596650738
-3.3470059874289553	1.7311549570259164	-0.3121741336063389
-3.297323110096023	2.8615772768447765	-0.8416013173674497
-2.5782555815776553	3.697703168981608	-1.076261123206934
-1.1565845353552329	3.2650292721590146	-0.9297511264714653
-0.8590885570193219	4.208716901087954	-1.136629179250958
-1.1996655688830713	4.514571700771132	-0.38820485703554497
0.49223960256364374	4.66175162745985	-0.43083628470210694
0.3795651039911126	5.224546631860443	-0.28895375654922184
0.2853304850215083	5.804039037689984	1.0289553226723214
1.0350107213798583	7.5378264977418485	0.567414450891071
1.3417934508481328	7.594536491995186	1.1977081797217919
1.1249049793214265	8.454065593245051	1.051637498309145
1.5942209666725349	8.06720477857941	1.8918573456133925
1.862980240943713	8.892445344202509	2.224421617242116
