0.3326397745317367	-6.164598290108802	2.690047501702822
1.0928114054531501	-6.287972687726901	2.9447383155181837
0.48853141808220496	-6.002566033835545	3.1975050005904966
-0.5227233311493775	-4.459246229238459	2.6589488863368578
-0.5329662130195658	-4.442932091093897	2.819144585047223
0.37835754260082344	-3.98857486386157	2.962430631378157
-0.9520244198868208	-2.129605364835926	2.863588466005065
-1.330417601806034	-2.4149690343722288	3.178554050544153
-1.2628820397808704	-1.6390903663801253	3.6833737777868603
-0.9745425046009977	-1.0600929174029685	3.4828624848424568
-0.8039221517910314	0.351120249078565	2.672381146800041
-0.9991319147919024	0.7009971787979252	2.8939998286336013
-1.1773934129322265	0.837254046566797	2.850483003093798
-1.4493482367569195	2.7875397394685626	2.518250488272156
-1.5208707718191594	3.4317478562417185	2.115831912684159
-1.359096764996212	3.8523316419289158	2.3258555522279902
-0.9008355382620392	4.456649169876674	2.0220918891135935
-2.045946886923658	5.11035053306268	1.6854657958999744
-1.9172024570260522	5.591232948186983	1.436536751116459
-0.9669559503680278	6.398967016040055	0.8469795000588692
-1.473965259312099	7.636721220914041	0.4618136994484736
-1.5032108191773321	6.971292884316293	0.7765842006707144
-0.505573077258328	8.095539469053442	-0.44899784502230855
0.32298270408761	8.355986604243311	-1.143851424746021
0.01384489521010987	8.598169029226705	-1.288730509038643
0.8125557889535886	7.935578065799455	-1.8286678753416046
1.8984435287216088	8.350462044518835	-2.279717844929609
2.0617754767971666	7.762478056678486	-2.1384586560782655
3.174934976808018	7.108151982084401	-2.430564048747327
3.2007959399447294	7.3022203704073565	-1.9052990317350793
4.148185713738574	5.982473869451112	-1.520612654513649
3.587094831923401	6.041391062049332	-1.5055604189145946
3.4775084725780094	4.837253195616896	-1.376740765268732
3.3921485290916746	4.229519717961343	0.045366852780674316
3.547812828550503	4.6424847811967815	-0.1060836728662351
3.2464759477294924	3.2048467270553034	0.9634566285973631
3.6094713187098715	2.880464311820855	0.8991530116215347
2.1878950805806046	2.7031613295942463	0.3460547078529678
2.686790801252133	1.7708566211537438	1.6203118939420857
2.69710179153292	0.9297437094669947	1.165021659899236
2.0316149081205475	1.071556539934931	1.3541348982797046
2.8572744177682567	-0.4250386454781246	0.5291849625916291
2.2254546877496604	-0.9508028330347076	0.31195213283150086
1.9609407048989786	-0.39973197823575735	-0.11754099844072063
1.6561204048268099	-1.7059721704820796	0.20505601767962378
2.644457644018182	-1.643892786050694	-1.2204795565627313
2.3520311817372366	-2.262876592029942	-1.2617349981440076
3.5956991967799024	-2.8318418172340563	-2.1602010318562246
3.572246969816849	-3.476364116515401	-2.324587657071029
4.767840055290516	-3.7665178404658404	-2.545867968357424
5.2492327096342315	-3.4538792083208	-2.1731116053725845
6.685162029370126	-3.486325947898914	-2.552877791507306
6.38757438985302	-3.6204034121128386	-1.7844287111807655
7.034927143725995	-3.0491804482084484	-1.0260354837689638
7.6959979622009556	-2.8930100101289495	-1.0443480464393036
7.39464805017316	-2.1588346603656223	-0.35787744420387535
8.686402269428687	-2.4000108099846025	0.09987169572974208
7.373988605713671	-1.06733563181135	1.064603724084782
7.735011975021192	-1.3978613915925275	1.6638159388240827
6.917144034699509	-0.7791071662861513	1.640703677012109
6.52089888074668	0.27172572570750764	0.9908856729362006
5.233956447383356	0.519474685447113	0.9762497339547116
5.219093121545836	0.13964579486491124	0.662263237193603
4.114450634459805	0.47389763805865476	-0.5492059756061787
3.4546962841754865	0.6623183300094486	-1.125658222287071
3.373547295895025	1.162617497835333	-0.9599340015452993
2.8998442670877527	1.0064027334775278	-1.3978141850142816
2.578463641768499	0.8653877213759442	-1.713558886360159
1.5868776042553852	1.0199327883192866	-2.6376830609440614
0.1502634261579241	0.8761714995589985	-2.7951901996056376
-0.29854282864701526	1.968436158533633	-3.2274841619707533
-0.7071242799302601	1.1524684900173696	-3.0595668570211756
-1.4191461663436034	1.0306884814955637	-2.5766816411479194
-2.7570835620940053	1.1570335939239054	-2.7444234625578403
-3.494339272599624	1.2341026947099683	-3.037610404922139
-3.3821204322544602	1.373294766249489	-2.754207350735337
-4.518843484472519	2.1783329404009413	-2.6953184815341213
-5.407891478559274	2.260387044949787	-1.8822496157785453
-5.7640079801684045	2.3296164889133055	-2.1350581308475234
-5.900276746754757	2.7897296838714505	-1.853967815523756
-5.6861660879630875	3.474452858093133	-0.5277989271585313
-6.033634841209672	4.06494424372206	-0.9016068068396481
-6.062448938643027	4.8456862916259915	-0.24995734862184849
-5.975597192366509	4.8260780689706895	0.3515875561871241
-5.800032974451534	4.666917641930242	1.383748164621716
-5.146267040997902	4.978294408498814	2.3951484272322094
-4.759132764256523	5.879613580160295	2.4804800893934793
-5.229726403220034	6.8009515589059095	2.4457645647484343
-3.3874089497222397	6.250194916277542	2.8333320250905905
-3.496351456004006	6.379332529959878	3.6791495004238715
-2.4928014465080537	6.430648810332194	3.9108529199321618
-2.5295054969819137	5.810892392518428	5.066069003491004
-1.7729440078226708	6.330629152297561	4.972491290804165
-0.8198702114673928	6.4347971258709995	4.291899684797739
-0.13341721725102418	5.414047132328312	5.219284114914145
-0.06700340515984944	5.399804351843734	5.566955957097571
0.6230395333707941	5.1668019727409815	5.285895308579515
2.5702788463843715	4.924873720850401	4.5645556596961105
2.0577636788848155	5.557327008026166	4.627605543924672
3.234430159151076	4.895355666223262	4.101192376731727
3.5325470987929672	5.70786936146011	3.7151527424377995
4.528306030890002	4.8552683328262365	4.413654741065493
4.825905302029618	4.648742495263229	4.001927284689852
5.648015751408371	4.7780329021742665	3.148231790044031
6.963366656381952	4.2394851975261165	2.5498291115123557
7.258055281781039	3.9305579204154926	2.38639863042937
7.790684285000692	3.4702971610076165	1.3508575221011525
7.400541579940764	3.0489682238412192	0.8179974876253033
7.236051605881871	2.958990753996461	0.6763725967740128
8.032355891462641	2.1586405895178	0.22148290564789297
7.258036325405991	2.3404980066902947	-0.9519153089668213
7.468828868961409	1.3697251007827034	-1.198867915928756
6.688179428481723	0.9737172353121544	-1.0965056124569625
6.994902021008053	0.48303354029752155	-1.807099149748512
5.866764958271949	-0.23983141094914107	-1.0597164043502278
6.428916332275872	-0.9431285472529479	-1.1160211367438042
5.665227389546162	-1.440537375447822	0.06121490846620792
5.457430061461446	-2.328627898366971	0.04635721161359585
4.6744241068001	-2.7940190766681243	0.9403683451483241
4.987739043638978	-3.4010457297366528	0.6681108296816568
4.367899713217274	-4.340209273628057	0.4126187150732958
4.009036519003386	-4.023684109471222	0.8896204827240943
4.099324165615793	-4.807940726983568	1.201872412968243
3.871767100054975	-5.781417951911323	0.37239961160695945
3.210498320286424	-6.413176191016403	0.846252100110359
2.477051120287906	-5.504224158561609	-0.02004606037412615
2.3445845902913667	-6.065280193341469	0.0014675826216229426
1.9038228788715983	-5.578828629385589	-0.7256654913510237
1.124356003177462	-6.388442059246048	-1.221513345415209
0.5239476716400411	-5.946876439783103	-0.33412184170121906
-0.1685024345855789	-5.601794146174606	-0.7182959090588685
-1.0751141872468226	-4.588466646306899	-0.9444485212853555
-1.4545838744746338	-4.910019845898193	-1.4516918610181686
-2.464720693658002	-3.984244951710835	-0.9089054255770368
-2.5050661425219185	-4.28647368590841	-0.4923137198117291
-2.8734766355236334	-2.785214086652199	-0.6459142633045492
-3.312897267579524	-3.162932034150729	-0.6197511167424442
-4.158417497377282	-2.5094887574485765	0.611505907255418
-3.6537604587706274	-1.622926152914542	-0.3270572089771678
-3.669853954039541	-1.1140082891644454	-0.2741586498179492
-4.119156382200672	0.14570291457691242	0.0034436321132412795
-4.097336834545644	0.4056342201286601	0.11039475162724927
-3.6411008663214446	0.3752394163795484	-0.3269316221675174
-3.415879254297653	2.046820298112564	-0.19162605359753399
-2.3565393384122033	2.409117630583066	-0.6937544115495455
-2.8597597518859934	2.1053305899814467	0.36696224370577435
-1.9603438287571113	3.5311284531737037	-0.8097188391376452
-1.3336114714744025	3.9759950923874388	-1.0577783407992432
-0.7498865685766696	4.04635452741106	-0.7399858338672178
-0.9236078475167196	4.192240968055638	-0.7557246812634979
0.026778266986741406	4.260557564067821	-0.9964926690097631
0.3065267333044627	4.848137583087678	-0.03520235306314967
0.7067543188717991	5.639284048459163	-0.00017465328280008574
1.6817335147225507	6.265068984977944	0.24914192258490572
1.9630555487296664	6.139267579864644	0.6555928722003461
1.8598744042065025	7.542739481501453	0.8046486688698621
2.3290451271381927	6.898822218107935	1.7398953278310814
2.8319919998880545	7.431854490603289	1.6757807623822607
3.1877888535884478	8.23874835387755	1.820727256448709
