1.0647231664764614	-6.959240430257681	3.0693170940728196
-0.26656542718505666	-4.796782755810105	3.046712764279274
-0.4923369927272535	-4.0899143978802455	2.7531688925976727
-1.0235711620470698	-2.256234862719997	3.1981712510298856
-1.2213267857497816	-1.2343140332815032	2.562209458351928
-1.4439621652787078	-0.19146255440076115	3.073428707207353
-1.8059299156516873	1.651555139367947	2.511548720464319
-0.730554598512591	2.8078122007299897	2.5023542495715185
-1.92920399763074	5.006907984952343	1.609618090496834
-1.8138761599047886	5.910465130359622	1.9639677152498929
-1.880039421617733	6.957195049754094	1.1301727717537566
-0.3276606470628457	7.534995026262505	-0.48534652432582637
0.39731656016159056	8.742355700861333	-1.3517450389342076
2.0786573957217063	7.759277689273727	-1.8947686093791358
2.3716622556261338	8.1411409298535	-2.4935278966941015
3.4810540690809435	7.205215599936664	-1.9141098159300085
4.2573490567314805	5.631732921803266	-1.6621156163792776
3.912824341514743	4.320843280087476	-0.5106167806266855
3.366844209648308	3.034770969912193	0.1248789779278193
0.1334563877359855	2.332271108424394	1.8857365660290697
-0.5700121990663227	1.366880954324968	1.9984139545400874
0.5345443181112666	-1.6354795826146609	1.9299130975936603
0.8769657826595609	-2.683779916684484	0.2831314675584158
2.6140758371023183	-2.877122383967691	-1.3408827626572617
3.516826306865457	-2.485343148133672	-1.9974712532181527
5.000261474253914	-3.747581893987001	-2.2522784502853748
7.208026169710204	-3.8962571155634853	-1.6658382240478327
7.808110857027871	-2.5212764764454336	-0.7770333242810377
7.51534896224093	-1.1043290300986566	-0.19295693436575584
7.625268285401163	-0.39036355131145317	1.0155636960212229
5.710396123443738	0.563464002422984	0.8677853901296986
4.688890676204953	-0.34748399276334524	0.19205277669873888
4.020243206192468	-0.2112038560982975	-0.05172401165819118
3.216344856377095	0.6187840773409417	-2.0211753930296634
1.6572035220764358	-0.021457992713764973	-2.1435690781412022
-0.2634343489053467	-0.20168873345654673	-2.5854865872478676
-2.125164455375266	0.6192424232241475	-2.8868449078743508
-3.444765873401308	1.6845549035767153	-3.359781579312608
-4.567029085925977	2.2503481958853992	-2.9660788799762994
-5.775785704153674	1.403817042941477	-1.4907731674428315
-6.759782322182393	2.39726244516275	-0.4939964794826242
-7.388335578007694	4.229363643698358	1.2252587172489693
-6.7260178700923525	4.815568375178823	1.305958906603776
-5.588065042933462	6.200174454714758	2.083640334063552
-4.581319892461948	6.641250108358858	3.381034478706473
-2.965911707089987	6.073143697018181	4.563360987568857
-2.9601023632055896	5.368340533265299	5.705162240047342
-0.9671288801728837	4.8996870374034405	4.889492975032499
1.141304112691298	4.859061260102736	4.528710970594999
2.197188224287727	4.275743269121972	4.898542142593237
4.417006248455862	4.66642491567273	3.9520609045050383
4.811975674312942	4.134284156361874	4.262475203303288
6.053238575139907	4.185457782073632	3.107822312994683
7.551733233115496	3.421394628965394	2.0897443264053925
8.004006513806768	3.116319511825151	0.04828701112532348
7.930216463875316	1.8758128026047847	-0.620609241856029
7.134453812155195	1.4706756818122526	-1.5594936149373173
6.104013390672845	-0.7139901866507915	-1.2652558230832094
5.693052077404767	-1.7276415915584866	-0.8727928925878927
5.595889745767761	-2.6483908591820766	0.08709867011737832
5.63736800233562	-4.261241397442921	1.0207511926030848
4.959255758329154	-5.573287050406684	1.0087208151223113
3.466109363019446	-6.430555528462164	0.9128532447266694
2.123721510214219	-6.09502465968768	-0.6187936129025615
0.8052524702977182	-6.090663664755876	-1.21097977042403
-0.8578861769447399	-4.660184205477135	-1.0911929566209926
-1.8633954802278239	-4.876725229737134	-0.8860346957777687
-2.7062788776142352	-3.8295570777231194	-0.09804697607037482
-3.977793183326288	-2.624255570655923	0.003092746516836886
-3.4935754900392832	-1.5111786764222095	-0.15043290633038892
-3.4720355862715477	-0.40443621227508153	0.5696241331095544
-4.118416025057933	1.205744928709144	0.13732659071756576
-3.4072912602031957	1.8856653763867386	0.6581039444773962
-1.9347614772162458	3.2806802915641025	-1.1649927884214601
-0.9535618629594883	4.108905359441487	-0.6249259486441289
0.20140544457020104	5.168210846091654	-1.278632570211443
1.2192092389384523	5.796567510367159	-0.2716907204959285
1.1085299708630552	6.192766506281048	1.6292265662029364
2.0323705651288106	6.936894015257327	1.2183519242444172
2.857511390835704	7.9258208525266785	1.6084209951351034
