0.757277949865871	-6.604263798716781	2.78075031339709
-0.06780665440146849	-5.424884691570005	3.1244851893532237
-0.4683061911973958	-3.5942566700715766	3.175260454008008
-0.7627963739599273	-2.548135910010247	3.6444293499665625
-0.20286395244563393	-1.516182913978421	2.8144741916499347
-1.6456375723363665	-0.24507540568150216	2.813059643417065
-1.7453368864587433	0.8725731537005559	3.396170138313845
-0.9446238244251923	2.6137934308560595	2.0925932885804834
-1.8141144355444219	3.763097948409283	2.593003651640619
-1.3739318968185086	5.189980922900997	1.7408500219858478
-1.0620436683720453	6.411686657364656	1.128719526164298
-0.6338087074324754	8.050902880176174	-0.42765505788735714
0.8518451580777257	7.86013082045259	-0.9242656678419402
1.5264823521281008	8.751055136806645	-1.74962160474565
2.7075281187318287	7.531180466860172	-2.237152931210524
3.4364973555276865	6.706454649053639	-2.0218109682328658
3.9709659340112786	5.734079381950938	-1.1225062909562535
3.5204229171112056	4.096145462243123	-0.7245801749620198
2.53315828134849	3.307178559354835	0.11753986253411748
2.1356871515789413	1.8858157781511735	0.9158655065026282
2.2201405692740535	1.4198829356334604	0.7642176293973059
1.9352538084735624	-0.9443959894984235	1.3355322780661885
1.8511051010629862	-1.7203799149608177	-0.014897047956896503
3.4460460381605404	-2.697867579775838	-1.6477042223924994
4.0897988369270495	-2.8078637384421805	-1.7991633902758366
4.942377464096866	-3.569584158920047	-1.5844434299447374
6.217189963558913	-3.5731699142143136	-1.824981696033094
7.433025055495564	-2.0973400588421667	-1.4110980104005695
8.344440508849873	-2.2621978437134156	0.6600836085278428
7.120579641903118	-1.3546374378054404	1.677574421941123
5.946126112203938	-0.30170327858141593	1.6339133405116462
5.118797440183304	1.2510753436747657	0.21975727710663953
3.7382350001274816	1.5860378060654543	-0.8227324143722301
2.6945595598748353	0.7618248998235777	-1.0156342589426437
1.0599820913077578	0.7701340764838818	-1.6761720660069093
0.5091144026759279	0.9504803691043993	-2.7254840180668545
-2.0573406131332437	0.7669179712249621	-2.706034549966658
-3.315334471860553	1.825979365493815	-2.7867070977151123
-4.810243621037989	2.45290553550989	-2.4041436310944606
-5.81906873468722	3.5606523617289403	-2.490924583186652
-6.548500532617524	3.548122969550788	-0.7288503439921854
-6.000328315400826	4.548566487913525	-0.34217779419728833
-6.232646128024031	5.879895585586965	0.7690457499209298
-4.896791527331532	6.374559131430095	1.9396458456537304
-3.789916209265809	6.453318428911853	3.5588132717931433
-3.1183437430629573	6.688481897876116	4.540372906718078
-2.0313277292861303	5.614732014375849	4.889756087243534
-0.10212892641365112	5.375160833257142	4.3367221732542
1.5467865189269583	5.038591573746029	4.579852122674041
2.408532885462352	5.832521762565825	4.296208507712309
4.16715788580181	4.497188916183125	4.4317664966830925
4.77469532698276	4.067365881375206	4.0001176473365785
6.432864728940631	4.126754311157566	2.5462206478649083
6.903058584879403	3.661109661379899	1.281781257906768
8.082815463288638	3.297579034518577	0.09922707513021702
7.67474687579221	2.312924048870408	-0.37952559624684723
6.628328821701772	0.7815357298748391	-0.4294640435379953
6.987212626967855	-0.7740476694025028	-1.3714949514522337
5.928611218086711	-1.8629117282757752	-0.7592445340573801
5.115801825227447	-2.705828924472784	0.24296413530305289
5.09566867343562	-4.209881782025372	0.7501921075564343
3.7568182040914606	-4.859046818551032	1.477987055910819
2.817694501218586	-5.65125547597294	0.5563950018673205
2.2377384160115668	-6.550259362106646	-0.5690090281579404
1.2858486402068658	-6.343320635792667	-1.34155775568118
-0.9480576089752536	-5.24404165552483	-0.55922710326319
-1.1623924432337986	-5.227156444492339	-0.4381609047839288
-2.48950113306433	-4.2670636369416135	-0.19356044211677703
-3.9346366772437626	-3.113496470525645	0.06655292631472709
-3.865906286915873	-2.0782839893209855	-0.3105838135453479
-3.781333411447694	0.03307043385326658	0.10636748054463946
-3.61265105288606	0.7919527172093094	0.32377335368535687
-2.9402749745111656	2.689734345554095	-0.32734945032194535
-2.102175350817048	3.1390479367031645	-0.48412114837690556
-0.5903731087943649	3.522789796737074	-0.6411564100562726
0.690540714583614	4.687208896438374	-0.7860614274306997
0.5194314195229626	5.637742409947484	0.5494001796559727
1.4892820108784375	6.763231941932518	0.9506053946028514
2.386137566021037	7.214824772652333	1.9391615208458344
3.463239399026995	7.885956497676246	1.6709301182388436
