0.019772765135404255	-6.363830529592977	3.7951848063537863
-0.007687640011193819	-4.874989628576209	2.78845250858281
-0.2864276138548363	-4.046468065680538	3.2640738981830744
-0.32309853314352666	-2.360870983394166	2.8369458396786182
-1.421536333810215	-1.5927750634541984	3.7540817706617315
-1.2391669883843281	0.5938243390649847	3.0045463738440885
-0.852463970332928	0.9734237062934531	2.5134773831374355
-1.0316134219538378	2.583907035498528	2.6015048645467282
-1.2782227499104886	4.150907218140745	1.7884746734896269
-1.6036140611961707	6.456548514838017	0.9818558946446398
-1.5253538492917462	6.928454331941189	1.046197681345376
-0.8457176294930784	7.301071976605722	-0.9525219681633504
0.036728778707984494	7.907466186320743	-1.5953145528334638
1.7560869546972568	8.609919871169463	-1.687924250424383
2.8546679832806285	7.560898818426377	-2.518857355879301
3.730538808953496	6.037528090696878	-2.127334400254167
4.422278392130795	4.757142700804662	-0.8718197557430009
3.523201375212925	3.722570009065137	-0.09913663599439182
2.5274658988672587	3.663013960243158	0.424096131536009
0.11808656888490876	2.370979225649255	1.9612007690513242
-0.5676609761440952	0.859462506914792	2.5582523179751315
0.6049802270821694	-1.8195736359648416	2.246773480997503
1.6770812545542602	-2.349506837915595	0.079350781820445
2.7836599764296324	-2.080384456075693	-1.7277767130808885
4.309852311658288	-3.1491040668705486	-1.7608194877613057
4.657585259789302	-2.947234183031835	-2.242780196741046
7.189338464794625	-3.345006436905061	-1.901882478640719
7.748420328206243	-2.4697722344790334	-0.5982838453285542
8.289754663856757	-2.133876911872966	0.4441865719181893
7.9606816265909695	-1.4248729750606657	0.9831498176339253
6.471355628771778	0.30090540197478755	0.9556274133852445
5.386907675692372	-0.03841394831714595	0.8283013712640908
3.97245621706618	-0.2975306759654518	-0.4759641870795924
3.727148034881093	0.08579931179673983	-1.39948030221089
1.216023131029052	-0.2175176749658263	-1.8938897516918134
-0.32393245894794714	0.8342160054736459	-2.5397209183198277
-1.2471155524050164	1.5607735592178176	-3.2207864719729775
-3.721950894922762	0.5276863674563199	-2.66649959295738
-4.5716440508262	2.1048676534211848	-2.9130721182477317
-5.869209094220356	1.271167732880131	-1.5986136564710405
-7.454037198639605	2.000075639862905	0.680265361009196
-7.294485809639117	3.7695468240851753	0.18283264658839263
-5.869086245015412	5.001928678283534	1.3668273042971617
-5.140080029780632	5.945074052513499	2.6867626388708854
-4.316392378240165	5.639345843864983	3.194506413231479
-3.4745438609783568	6.622596658804127	4.155545801381408
-2.786455862697726	6.312544355750189	4.621930797673881
-0.8714023606823509	4.50195499321231	5.564047631783237
0.7714058741071134	5.077278529088005	5.51406798453883
2.5172773793480223	4.50908605341215	5.436230382083762
3.8347092889216023	5.09452997996745	3.857917986767338
5.147875347793611	4.236012309310856	3.2814401746579125
6.084532934340322	4.422549426999477	2.284222755514596
6.603661127524196	3.979928296659935	1.6538231273095974
7.860759032088404	3.1376339033660674	0.3126824522191889
8.39668267238784	1.8560078352400005	-0.763860655069577
7.128154846167129	0.6917275289256961	-1.4108098441608854
6.094764070847802	-0.7969695673074264	-0.7363788832432341
5.310905944899812	-0.6989407852145484	-0.9843391596018496
5.0488116408889265	-1.9457734605654036	-0.058627426083293854
4.798119220116307	-4.259072884821457	0.696418527746881
4.843051508728317	-5.359300236372335	0.338226685488792
3.842410233372333	-5.616976068889333	-0.03209560719502447
1.7445070296008875	-6.546196766928061	-0.16755861794917082
0.662297736606285	-6.37841498859218	-1.2399549341644716
-0.9092523292922964	-5.563449691815127	-0.3389324683097288
-1.9978748177558794	-5.298808226289475	-1.2021857860580842
-1.8581937053338822	-4.406148965110125	-0.9132050914254597
-2.8289839298965873	-3.3541749280629958	-0.25380806764393526
-3.938185563493711	-1.6022189126550215	-0.030092439924102987
-4.258615007826944	-0.37266803664460757	0.7942940666468707
-3.9333614972918403	0.8696282320278035	0.9972555767512334
-3.121500793229614	2.367959996759093	0.47823724357387043
-1.864625229673055	3.5948570676654583	-0.9527102984095464
-0.2779407436891381	3.7701455632907193	-1.2941130385194346
0.5741136421366834	4.851326590699245	-0.6920387030506232
0.9495351299448634	5.3996723902893855	-0.06666441343689278
1.0463482693101545	6.488946945327196	1.0532242263546214
2.1728382624772933	7.715627702790959	1.1575736233295755
2.89818669218769	8.29057048013563	2.018612452676254
