0.06086087268128142	-7.113497259861533	2.684319420479008
-0.18555478168645545	-5.188027453555502	3.2426308321378476
-0.5901976425093752	-4.228228184819798	2.9216131331124346
-0.5672525861823332	-3.384054190410149	2.7431027771992103
-0.2684080423010684	-1.8931583168140322	3.1631950344031217
-1.1522072420553882	-0.35821484817768284	3.6887044319948625
-1.1768421723312428	0.9570319358249846	3.1719915627509625
-1.0665873732842523	2.9450265480354236	2.921532239945571
-0.5555049503635807	3.8950264271445443	1.5882235968250424
-1.6249188573570112	5.433914889459735	1.9350217372855862
-1.5443653945178408	6.4706996132840615	0.5310295543303468
-0.9295276941389081	7.651398689856754	-1.004272002719269
0.4588851274582709	8.202753509778912	-1.1368941920949767
1.2605372522412266	7.615732431477162	-1.1494734530562642
2.7066872606766994	7.426466150113912	-1.9512676468238495
3.5927737193057485	6.763107354922104	-1.4645366289365098
4.106979625932694	5.256122626755278	-1.4928336113693823
4.432731488087488	4.069625438864869	-0.6122132609612219
3.500708689482557	3.290193160717892	0.7449544711648768
0.2474911683196126	2.460827715845152	1.8285869182068408
-0.16599181178499084	0.6430257184066213	2.1932386852363406
1.275828563365351	-1.5253596627484496	0.9198249217753947
1.5295070834961657	-1.8324274612994809	0.34042431464991596
2.7089862635507345	-2.0234863970453425	-0.9583165781017987
3.932084198477041	-2.521002356592554	-2.245393600702607
4.673565261215121	-3.7082332101755053	-1.7026342455254682
6.494437242895403	-3.236617585551719	-1.684277705707927
8.449764758324244	-3.237713738355572	-1.2420386952424192
7.97865105602999	-1.8109785516143155	-0.27386247539195363
7.763608569927609	-0.4259204164236965	0.7280096373852505
6.087523281776583	0.3959000533507988	0.718550548183905
5.380470657822012	-0.10736795942397237	0.5421141347530358
4.9467357212512635	0.02271385427669592	-0.8919990707197518
3.3379531096270467	0.2855875431954212	-1.89416367353247
1.3108262261102954	0.7311069263804512	-1.9804996154523165
-0.16435470769015847	0.889025530076306	-2.416745498212514
-1.4799049618700917	1.1354501846935479	-3.50601545535238
-3.702774526388616	1.0449357649456061	-2.2610825928794522
-4.917982985990276	1.4048080676454515	-1.7315650432503613
-6.229854691940391	1.312921133208117	-0.9910756223422608
-7.491784031704053	2.7167939500341896	-0.036053540732014056
-6.9726951977300775	4.485073798014373	0.3153341252051367
-6.102266259734383	4.681378687661704	1.4639382424853884
-5.537216659383809	5.772848372899755	2.7309185087951198
-4.483585675127156	6.940508216708298	2.9923121636163015
-2.813206201295087	6.665553011031971	4.151222077496536
-2.225809498724397	6.235331867254366	4.901191159719931
-0.3750588188604034	4.637392205958493	5.043424585656802
0.5994246467729959	5.388206697601231	4.974289880991082
2.2774011776490632	4.131648658371157	5.271654727355953
4.635084656676282	4.427816145792909	3.754768577617049
5.8962890590373735	4.246510823763991	3.478429043727124
6.499841661029142	4.3516647405197055	2.5226582946408866
7.659484907671999	3.7969923144818782	1.1519088817059824
7.428551837569226	3.0620701420700676	0.16012448813050933
7.413820138784126	2.962681831316734	-1.1066323710390837
7.126182070752545	0.7716124781284696	-1.6452601695632736
6.330942567636122	0.14964779913552895	-1.3382597925959243
5.819554335818963	-1.4529051460836109	-0.666164885294739
5.494988511406515	-2.3017249308291214	0.2935992001003396
4.416875177122762	-4.041201991076309	1.8293269115526845
4.260250964125139	-4.9646821400524335	0.4121454471645473
2.8529711494640217	-6.288446327043819	0.2398639269337287
2.222871319335868	-6.572252713766394	-0.5658730411083273
0.29886308559922964	-5.545233895165416	-0.8292158506387477
-0.5914313895617367	-4.827233226497776	-1.1248165533853947
-1.4974571085899713	-5.157256614524629	-0.8313550447112629
-2.2110137990230876	-3.9938372348667315	-0.4254900345071606
-3.3201721510223363	-3.0536191583287486	-0.37015225915956895
-3.450855798099121	-1.7248978351489574	0.12841847292813602
-4.262192297928392	-0.9650493481086488	0.3406269681487715
-3.5181741944174094	1.3955741504719705	-0.237080870740338
-2.8112888049444904	2.1464364187283715	0.2817291033451885
-2.173085170679884	3.113203846621496	-0.9838054692114584
-1.5358708748501686	3.950486673399968	-0.3497399245419577
-0.7033760503478216	4.719269912279197	-0.6319668662248947
0.544347143720116	5.615020350943846	0.7099203354730559
1.747595363571981	6.692357162673442	0.3449902103477651
2.5637530135462483	7.15552177126171	1.8388019691979025
2.7472085480135293	7.833197375070057	2.7676098925455195
