0.4007508216298606	-5.8355163190749275	2.8518270908162267
0.33221168958176556	-4.94008289769431	2.9388609422723473
-0.2954831751544882	-4.663910664938262	3.9279707533751265
-0.04300837216753628	-3.2836944336691034	2.591656093741834
-1.1240723488952722	-1.1874735268360472	2.8113625052479936
-1.0934012233256678	-0.5035907424139136	3.038996464316023
-1.7390891890940747	1.4158677778290554	2.6607427134937063
-1.765654726804911	2.9271030690354043	2.984054119207964
-1.8060871110047383	4.518717203297006	1.7776070607601813
-1.800997060153636	6.027819311099594	1.1502513848685803
-1.3842552229756548	6.780021015696528	0.7768645898391277
-0.8484064898896473	7.632166165496272	0.17364637931143734
0.6077598573678613	8.29037971771469	-1.6771108503565115
1.3954712339818864	8.512741700226197	-2.1709627734286734
2.4676771102042765	7.913353636919415	-2.391057467934356
4.1658210506447135	6.096161494435323	-2.3140181980661785
3.713047733375538	5.148926278437618	-1.1108216936487798
3.827726754336214	3.9004188176982666	-0.18650892989953605
3.3157481846769508	3.020143731518232	0.40765213804454226
1.055118360932461	2.2288745015961786	2.1665037097518356
-0.22664573596733956	0.25263780085207127	2.9422939178904572
0.5761797931458824	-1.4689056908189118	1.5092086668082634
1.1784886192598447	-1.7872953036109032	0.24620723528142038
3.0175263803633605	-2.6518663651622614	-1.5503643386759227
3.813327813853408	-2.933072707910113	-1.6592897633645198
5.296371307872899	-3.7866602771968143	-2.2603526500599593
6.272474385184253	-3.836433743686674	-1.3557755895714938
7.267096824852862	-2.3480766178550265	-1.1135356819439504
8.60687923346846	-2.0044335152221104	0.2968257391766122
7.554985773378776	-1.069190904243019	1.0169823486472023
6.9780397917003585	-0.024772205245770507	0.7916687778886425
4.877793463390877	0.24971939488784067	0.43403228067376265
4.04144743383485	0.08202467918850564	-0.015284803451618645
3.1628110524049022	-0.19617021742131496	-1.740894949036154
2.508346047135826	0.02854421465850432	-2.854497329212352
-0.18277011114127717	0.7412556883231574	-2.637187095418853
-1.9868220539644965	1.1095944100211574	-2.571273542704686
-3.8473660668523504	1.4418612343954054	-3.2700482503059183
-5.048913859076636	2.0458110044709805	-3.0550162698980396
-5.611012716809769	1.373969119768585	-1.5173776222990603
-6.880359071359533	2.1280985266832166	-0.5525681736083954
-7.595025962036597	3.501217855987429	0.6684095092518684
-6.293140404594826	5.163924902603454	1.3908367427699764
-4.62511309581339	5.502485570297742	2.5249940543715406
-4.720221542388709	6.406750774685306	2.8895157070639788
-2.3790874560117476	6.062814457730321	3.986286986010433
-2.4357407132285216	6.237999414657759	4.759926476137484
0.1208119274204913	4.616196858159933	4.955664222476368
0.7273887059243228	5.02455376395668	4.909478943324013
2.1074558218502975	4.469159407910107	4.467405463161503
4.047741350775556	5.199073873017802	3.8002929296738746
5.356040644781572	4.335773870775797	4.2276026687882515
6.055103071565604	3.9982870587026147	2.179154234341179
7.061606525186761	3.5596149855070935	1.138182996451426
7.078630336046418	2.8836125033062534	0.3779758557000641
7.693888916950716	1.992242856639663	-0.12584356155797005
6.9914048434702405	1.6121317290865245	-1.6552208507184394
6.378763032983739	0.2714097902250132	-1.2678759602149055
5.36401710295142	-1.3471927434295186	0.13838684351124253
4.894924708575148	-2.9364891297321507	0.36705879606368774
5.095554943871104	-3.497879655761294	0.9459434299920018
4.796189364490825	-5.501969407207345	0.7159507947316603
3.158327364151346	-5.762086632235132	0.3091247586390383
2.717076245331368	-6.28212389500375	-0.22970307441102
0.8043650360741756	-6.30744496293454	-0.3405610270096173
-0.47938708995571094	-5.031300000974171	-1.0444006191370105
-1.2624885118773514	-5.267495583259794	-0.9336231803396349
-2.0113471045520845	-3.95420261592556	-0.49399712451526545
-3.109110227178692	-3.466065320490944	-0.27579625539094565
-3.765710086271895	-1.3364652783307478	0.07165991286282136
-3.927950890818802	-0.242696628781375	0.7357403127614242
-2.9349651279410476	0.9083381233304111	0.12590203964323
-3.1535197839626163	1.9582295367195446	0.37028545315209316
-1.5348129364431728	3.111706444087101	-0.4750217799226082
-1.095147121199783	3.998167346310967	-1.2747712280102834
0.17847275396210216	5.110938973636334	-1.0008651750236264
0.6045756956602746	5.040514621060928	0.384074359584482
1.9739112835240533	6.067207516336682	1.3181789873343215
2.0700375705458796	6.9496762507306	1.1715094710957827
2.6301955107769945	8.826042949279005	2.084227444450213
