0.49566345300950704	-6.195247306626858	2.755337953510285
-0.17488663662485854	-5.8924473693892025	3.515814341500642
-0.14654004827170275	-4.253653060863222	3.42187262883699
-0.7687398428249217	-2.9797587858916534	3.0929935447853616
-1.1311205835075122	-1.7879830498556604	2.678454388843652
-0.6754567952976931	0.3713173781110626	2.639011484227082
-1.0006133466116447	1.3892981889533966	2.291909178054209
-1.456141113059957	3.391863076094908	2.1202968776575815
-1.4261005367799613	4.739689415272497	1.928071169547437
-1.4889537097509586	5.641144094958368	1.7937597178950284
-0.5138369592592584	6.889591013400073	0.030803520912964663
-0.6305675496266475	7.371605728044976	-0.550171290887569
0.0781228569486124	8.866227380795097	-1.3311413463644384
1.5588965464638855	8.956752039189857	-2.34983571323371
2.6188720309099898	7.986714899625488	-1.8243232882451528
3.521705797870021	6.606574136133339	-2.2579345744054677
4.15077869569354	4.9020724343411	-0.9279928802494115
4.466099343581394	4.169634087958182	-0.7221796011318458
2.2574966933603298	3.3903398394734365	0.9767685096382249
0.16782029073654986	2.505811407582224	1.836407650139263
0.03635350041932994	0.19292409115095266	1.8632545910827039
1.0724635115513361	-1.1838889423249117	1.0938612219803328
1.6069100262547735	-2.521150955417247	0.02257934645083312
3.423912849413995	-2.6954437553543067	-1.3734745501401893
4.493452544239692	-3.3096240591317203	-2.446340428278556
4.9173431933740215	-3.693695636826015	-2.3716213148609198
6.205346107947243	-2.606159347165039	-2.2989887244269736
7.8707531597559655	-2.725901183255103	-1.0102395029812834
7.605533539619405	-1.8364348939424977	-0.0806383203381934
7.883609636713967	-1.2444009717019981	0.6914513508316205
6.433163254943914	0.01245532334581001	1.4250968739020362
5.259084495580174	0.15610293271524178	1.0995090505004161
3.8030021304256416	0.7143075817056915	-1.1624777108611364
3.513459934429151	0.15857881401146368	-1.6621070454669886
2.3466691036433796	0.0445930736832591	-2.6937904594378996
-0.68482782328631	0.7752916980897794	-2.6445953843685075
-1.0317309692452588	0.5942015437077766	-3.3853453181130266
-3.1788611562288565	0.7769551670852819	-2.6890570866103483
-4.689629190605116	2.285302410547012	-2.9177061963842497
-5.742760210364704	1.3739411295219843	-0.7880519115626183
-6.24940326831909	1.9680808879921516	-0.2280248573914705
-7.476435081275534	3.489534223658742	0.81681144635337
-6.301588614879293	5.4193318228014355	1.2654230056954137
-4.758565759076636	5.7539617117805175	1.9052338208635022
-4.13713029763292	6.096121334404818	3.706797620252484
-3.424592456578346	6.327103469637293	4.742749042962806
-2.1584839711783497	6.2703580456523	4.633086021788398
-0.850133425009165	4.582602466680246	5.009772617245716
1.2677467069183987	4.193762219196085	4.761284617609991
2.1938467111788915	4.344211852965688	4.923949938131719
4.362062985491366	4.651603844153711	3.7430305410905627
4.869137503287639	5.062722551668521	3.707796654542112
5.925049782625898	3.797161975838037	2.8592355901662843
6.602944744944184	3.273254327215001	1.1306120331219465
7.99517955896847	3.0041644556413845	0.71326071786518
7.59507324481447	1.7101551640223067	-0.6218798501297794
6.907749759104601	1.331521154855177	-1.3764940670361323
6.053863834511858	-0.5144384202345031	-0.5233531665521105
5.260729835679305	-1.472561255470862	0.10058693656165096
5.01218611510864	-2.92350147457976	0.32157236788314203
4.51993810370286	-3.5342673712783785	1.0763771751225324
4.131266474769594	-5.199361174272544	0.4587661122943765
3.6686481039274974	-5.956738713224383	0.825260837699053
2.0327356112489827	-6.329413778760202	0.4444641024902076
0.9318431016817182	-5.929706865761737	-0.9852947075873395
0.307792692128973	-5.933254691862236	-1.4241130968036093
-1.3331683386712294	-4.903128578886199	-1.0564739728198913
-2.6924222543959058	-4.387634620493186	-1.1352727395639803
-3.4833840253894013	-3.3480314923311667	-0.4599522807973914
-4.222785715514291	-1.1028652130272685	-0.3542364330857632
-3.739590966374214	-0.8992222109757071	0.10572346454525988
-3.15135038704426	0.8281418765480648	0.4432733948883065
-3.159585510400971	3.06390321264948	-0.50874385716096
-2.5069041820917852	3.4003948293574546	-0.2681113271627966
-1.5538814114041866	4.018148242679379	-0.9268285174387123
0.3423251397378836	4.966029636011536	-1.0117157729255062
0.7730778004398199	5.60005222946588	-0.05883864885126777
1.4678081916846253	6.442824815465856	0.41177101202893757
2.2482749073860333	7.333416232513998	1.0221488753919594
3.3349143195147875	8.503789865384102	1.7109453825008982
