4.026722124441547	-9.518118495428592	0.638790838173461
3.2069311592186227	-8.947229734310763	1.2506772172791676
2.4858127830224035	-9.327210885866553	1.4293312610545486
2.2696394190695006	-8.67729190976878	2.1647822683086915
2.6074337551954585	-8.29374494710201	1.9410792233114988
2.2538750499318643	-8.39742010034717	1.5697913899463014
1.794371439634214	-8.095466619618659	2.32768419557922
1.1701021461830632	-7.029767858892103	2.124661266157021
1.628397507377271	-7.081772078214111	2.151106934772921
0.9812866752641074	-7.083473534832198	2.29425261180451
0.7175838690838654	-5.932561080911394	2.9636215398462498
-0.0169470515361054	-4.99563384172372	2.1855394131347237
0.07796754968575964	-4.710598777455484	2.600463876639918
0.9290362842466455	-4.235989489418903	2.06565985623807
0.7829048532356802	-4.399235764850641	2.2507273982456124
0.08955565031803964	-3.30159461084324	2.575303374643237
0.8529040813243014	-3.6396626420073632	2.5164441469220966
0.01527027602726111	-2.931372768512815	2.5863358471366684
1.1497570111664233	-2.380263400840692	2.3896755865653905
0.38990661834202045	-1.405678860746644	2.7197360795024736
0.7808512102750961	-1.6166090205221144	2.552547940708857
1.0370547128952095	-1.6309592190397042	3.0673629320084994
1.0104535402413488	-1.3415307035637938	3.360998473029987
1.4443503681872012	-0.13007081497228634	2.4961999839773967
1.8246683830612902	-0.11040339339194677	2.8757887772652304
2.1352304992194804	0.18039320238535916	1.8772893771695058
2.206611672935432	1.0353229266397712	2.073993019222623
3.052394066709645	0.964485386262562	1.3188839840977689
2.5220339966102525	1.4078505919816748	1.7435114236519933
2.291017619879417	1.7264198130678468	0.6070117721624958
2.6048815280084483	2.7764355480720084	0.29359853532275876
2.8380227343132374	2.6754462433636945	0.9232600665500946
3.381121471953202	3.6020759617612432	0.061564871800439874
2.7826469557921008	4.333345419188561	-0.16906777605181622
2.9362935015869356	4.307600256734851	0.22874334694513454
2.9482226097255833	5.106876486596358	-0.5685850069196436
2.9391363497348113	5.697951835579964	-1.2860758294530756
2.5377762683796568	4.67755436684219	-0.7792957609964256
2.6945835951237758	4.992639765803411	-1.317458390859337
1.8810668322933308	6.312032159494837	-1.2806379783943804
1.4573455489979965	6.251936547336353	-1.666508234530929
1.3973294166640882	5.544521551048444	-1.4581892318366572
0.811815250935419	6.444415959119754	-1.1391845632077229
0.9784375673207265	5.907896050085584	-1.8290409873305067
0.20548787256724788	6.731132116299585	-1.238251985304585
-0.2654239699020417	6.176652245315585	-2.0340646517422027
-0.7101188591559064	6.304746999960535	-1.5237209806256289
-1.16801414911769	6.423063435661399	-0.779675762441842
-1.5665510950781876	6.921052017565049	-1.7075849737106996
-1.20963705394374	6.566162341245449	-1.196548450101944
-1.5908445895776453	6.228109331690626	-0.919753166656875
-1.6460496268877334	5.999271858000962	-0.22682225632602449
-2.3186175845526655	6.116856832852805	-0.2227576594586238
-1.8467063581993168	5.70198333413606	0.3737349997410618
-2.29618457834001	5.302217822186391	0.5368306369265637
-2.883660125320775	5.585701571486668	1.0412623502255833
-2.0969987840248914	4.335844263212642	1.2506241498090351
-1.8878356419489852	3.9272457573542034	1.8456977841532407
-1.9915734907940141	4.263834892064106	1.5966629596373965
-1.750339545182782	3.956070413440486	1.3923246414823072
-2.0344992592285256	3.031257249934918	1.719275313621567
-0.8769783980809569	2.308824396301904	1.1928259804564927
-1.2795104903405723	2.7892637138164242	1.3229947957224715
-0.7993825082988093	1.683378085705964	1.611834410858239
-0.2998560543870912	2.034445597404245	0.9745564853922115
-0.45321696252640903	0.5549257730412605	1.4942331262371829
-0.458135618527224	0.6829825613991904	1.2952353221465798
0.27419330458242663	0.31107533987748476	0.0995176893107032
-0.007181364274820912	-0.06472437092340194	0.3276377106414361
-0.3842547856430984	0.3915381805624374	-0.7613626061128729
0.2495820335605065	-0.5205566400134749	-0.3134648742710209
0.26227963791835673	-1.0488895419264757	-0.561744185243298
-0.3276757331007924	-2.0249563255110115	-1.479679451838762
0.5725798148332266	-1.5685641127865835	-1.129260735629688
1.0083512499203278	-2.0017393009350575	-0.9066680382960051
1.0599419267840513	-2.766963220181934	-0.9653005277350135
1.038054905403293	-2.399167842257186	-1.4372597921946306
1.47404634638094	-2.9722816252701834	-0.4049995221041993
1.8283547469043455	-2.538104358443371	-0.6796519542319555
2.093838775336835	-3.3864436029073266	-0.4204262952345909
2.817491372636252	-3.636916770916648	0.48388546465983057
2.538724727140744	-3.8559344458545146	1.0363521770137318
3.870879406549458	-4.2602666227690715	0.39065743282414
3.4170707438961605	-3.1263946144525336	0.6730191975305133
4.400104681367453	-3.888190182758462	1.6336355004393208
5.00023732312295	-4.234026314218377	1.9240531489741037
5.320533185170851	-3.554164577841616	1.6055306309099733
5.606497950083893	-3.6696549934415117	2.2574553437204607
5.458630943362789	-2.6195223875178315	1.0255441401606356
6.821328139418766	-3.410615052237058	1.2492401947363503
6.798227369878166	-2.5121627853947524	1.2693064842719302
6.814215298105021	-2.292842733729292	0.6447375060548106
7.224098562600721	-2.8978197122802136	0.9483290437001992
7.376832097873529	-1.9377168190055658	0.6832726833511542
7.486264401853163	-1.562966666254927	-0.11894521270791192
6.988108995897187	-0.5600151131082476	-0.3089870429332897
7.301105207309094	-0.9786757296743134	-1.115972482655906
6.864695390539081	-0.5899496323401873	-1.2515821677230745
7.085389289506523	-0.42731889479061536	-1.772103972807324
5.981277223195108	0.36928297927065656	-0.9971879811575841
5.484299780106611	1.0866314184239756	-2.325254659920773
5.734715870102222	0.48587824572688065	-1.38810167967011
5.179525629889903	1.7618724686712763	-2.2162728499124107
5.370197993249042	1.124613375948337	-2.4009681969365513
4.076117103117305	1.290394141806908	-2.5868453768491197
3.359398863820413	1.2509560990094286	-3.118087870771453
3.0053348530579633	2.1421426356981597	-3.122871612522531
2.274464004822073	2.000806577353848	-2.174854007314308
2.3602547155254765	2.3010117956222267	-2.429196087608652
1.6330435576322584	2.6005887217541535	-3.0607214259573174
0.9993198935286461	2.2186118235377545	-3.2946758017399635
-0.12475741273676194	1.7457119508877392	-3.160336612335553
0.30139018564921327	1.2348804607263246	-3.1794497040425855
-0.9041497742524522	1.7151892589927713	-3.404933698215607
-1.145560477206697	1.4249544296065233	-2.843440856207537
-1.2394303310010308	1.7477976158784534	-2.998845785108014
-2.739338373913573	2.293747569479728	-2.8782931341408675
-3.4238353144831155	1.616960528305385	-3.2585095528470376
-3.900019550941027	2.4279479931321286	-2.775380625604329
-4.235233425944873	1.801900690267138	-2.5418089353808044
-4.747805262672539	1.6891307117080128	-2.468967552455893
-5.246371678689029	2.3635213217092508	-1.6886240985869907
-5.184193974486652	2.0292373634656613	-2.456877983486492
-5.447384404332711	2.7290156809637574	-1.4169081535685693
-5.279738911848801	3.5796215102330984	-1.671588561291515
-6.114722744559263	2.982130373700296	-0.5457382878328305
-6.455945891366097	3.79774127436919	-1.0384855195492986
-6.605117509834339	4.511743520974094	-0.720351818056237
-5.605125806234621	4.098891672504808	-0.23320791118630424
-6.677944349473931	4.451907437773271	0.15736098072305643
-5.916865306007844	4.469037075776173	0.4442429200387345
-5.783711811960791	5.025940169908344	1.1998024224670631
-5.879127749087212	5.068408316282842	1.5089013602479548
-4.793895571958578	5.6234169217350765	1.2566821013233882
-5.418193664655654	5.142685620974429	2.3516895655057084
-5.15372471382378	6.252632082417482	2.0785134831820793
-4.571698809089748	5.369431315324505	2.347962709271243
-3.7318431125962856	5.638820803164496	2.8543951765324707
-3.210579683672517	5.631377515661254	3.4860378288312
-2.828802306048108	5.789644572187742	3.0279952185659256
-2.711744367246045	6.602211508737776	3.072557514722582
-2.3553752312885043	5.99557069114568	3.4122230452699647
-1.568393034410692	6.2842550033059	3.948820376884785
-1.6809755668356308	5.330084669070612	3.964108791197256
-1.0125970183388546	5.395906598742623	3.3143051097416167
-0.6848088800140988	5.773781110224197	3.462617836290045
-0.4578994860381182	5.554374393432287	3.3411920220281246
0.10681405185144197	5.765097210047362	3.8862705234305617
1.3207490284210697	4.998348282702023	4.284224072785326
1.2923665953751933	5.50090712153894	4.026513166054114
1.7268117814873674	4.658720527250706	4.272926633419101
2.1052259473240844	5.639951997153369	3.659228577222036
3.1889357978425323	5.194754288058481	3.960606517606863
3.4496651692737355	4.718523857748264	3.7502866648151816
4.083019546437394	5.061005251437745	3.638003771183028
4.026216506577377	5.33259716870353	3.4007801735414187
4.82386066644875	5.052668969633921	2.4671122946744104
5.842679609269366	4.700977120559697	2.2317063148258907
5.519214842392961	4.558654221110772	1.9904806694145025
5.759041030901192	4.47937910613504	3.0915943003043402
6.022301142532364	4.9756029763380125	1.9916938967495221
5.973599049304101	4.687398906523678	1.7121968974393864
6.225991397466528	3.21532908603137	2.84490939911488
5.655319103166486	2.6721955522255403	2.139948070016981
5.3750682875383875	2.4060143331863326	3.120876649994554
5.969306928052469	1.9136628351054668	1.8019163394720588
5.738900614388003	2.5097403568972485	1.6315930979095312
5.690572930614976	1.3996755592828332	2.5114134767206977
6.134702787358458	1.4558278966109854	1.564391343330023
5.464673736781527	0.3686953475781233	1.9047161792465868
4.818605961632339	0.5178529744737157	1.0001809693866903
5.026852862502181	-0.14994923014000305	1.396471954008173
4.041994666003726	-1.0935834431058993	1.7252103014632216
4.751316151142406	-1.0281723881505975	0.5021505533168689
4.269865314492899	-2.009589067869582	0.2983232822886635
3.9462698732380477	-2.056646188800407	0.701481215960408
4.326016360121722	-2.192780617405048	-0.3576810081053514
4.513630854985172	-3.226126602424223	-0.11923183798625381
4.069737870784586	-3.1638722731683475	-0.9248119987476362
3.928221297488911	-3.465037571719519	-0.8748976790612921
3.8865237779665223	-3.216571169195941	-1.6133472763793884
3.1848949811628313	-4.393760636432877	-0.751282917786787
3.8115803089414095	-3.9066210913624344	-1.9776643783078476
3.1735876585117486	-4.7884393526007	-2.0228238602307997
2.945138727461731	-5.567848771709903	-1.6534561384569444
2.789082142208648	-5.540013933827435	-1.9842032846734752
2.6539474041635183	-5.773423318535394	-1.413686946164617
1.5550335862687437	-5.647636125271229	-1.7419706620374524
1.2481854744856258	-5.2908633359933575	-1.5650057271822562
1.5470955846117258	-5.6638851534388674	-1.9284987143544439
0.9081729063513931	-6.52663781184941	-1.2895307677592731
-0.28595596691014097	-6.41759207252332	-0.6091317232811155
-0.48597563123570564	-6.014051170359511	-1.6935410567553706
-1.0978702098284219	-6.738233785748905	-1.4252154544521454
-0.552500727986329	-6.326575024138432	-1.4368628073908176
-0.9426424224921484	-6.805901172341734	-0.7442895346653683
-1.7774866656040293	-6.232149384141475	-0.8732538174187789
-1.8033797443295212	-6.042229212889755	-1.03858362508503
-2.5852961554762093	-5.492500533838101	-1.0523689872520317
-2.9732582534471836	-5.614342051674485	-0.18215788140898304
-2.8033316562452537	-5.636438538974787	-0.15423753566762877
-3.3184722628833603	-4.325284441899826	-0.3403828115769931
-3.9431482942045974	-4.13170773321122	-0.33674037132623547
-3.0067071076280336	-4.00873438001059	-0.4590917100083027
-3.0993770652181074	-4.015778044467796	-0.3769201226770979
-4.580002329184557	-3.3291220453217596	-0.2966597102810879
-3.9668841321800046	-3.140903144276115	0.9497038663247661
-4.2157357577915375	-2.678126290807983	0.31707810503067724
-4.595875071965479	-1.4548892805553844	0.3644623405664077
-4.202651872006934	-1.8933149837125895	0.6840119454216887
-4.776041496002945	-0.6086037273241252	0.6938455447572819
-4.684151620812386	-1.207283440995685	0.17422235993234186
-4.809619588462495	0.4058916593361265	0.17080316896671732
-4.530125374752149	0.39519700353347526	0.2650154401081438
-3.7526777320543343	0.6510079730768443	0.2294831868345829
-4.171990336834648	0.8264327316739022	0.16364310360057957
-4.018528499206717	1.474152668747705	0.41186695204045753
-3.152212799557679	1.9843037961009098	-0.43922529075460687
-3.022739298087979	1.8549872005663506	0.028871110311411763
-2.360089729353325	2.2710692091575635	-0.5895976141048492
-2.481099883704698	2.3804917039043296	-0.5442300490462633
-2.6980483015189796	3.448517406436789	-0.20342063914290576
-1.592190423261255	3.6149851576081526	-0.5467648155340451
-0.6705285408341946	3.5728422681573626	-0.779307665808243
-1.5983816778451905	3.7042662605426573	-0.8475227031587496
-1.0156351545520281	4.158085300575556	-0.7023757134054307
-0.39250004658341764	4.921936305666317	0.1541385450080074
-0.20178947904582795	5.589400275107602	-0.5479900488066114
0.17211547915177366	5.55683075271073	0.24333118532097558
0.8678641743011484	5.846363465031258	0.21521277463052568
1.2637229768494256	5.90267324427908	0.18438047041181305
0.5602736581608156	7.596255616213254	0.4386308918794275
0.5969048507810989	7.854803405301275	1.3703306341566983
0.8206055050568984	7.69711254659622	1.2347832940531194
1.1828865134111972	8.560124186136264	1.43991384165632
2.124909250274575	7.909664250785868	1.6526700884590602
1.8732114797346806	8.23347103651349	1.387660364666745
2.9996808894045577	8.66498370063487	1.6091930440249367
