3.674516562701072	-9.665608734554352	0.7068881304217604
2.9818179314978406	-9.014271750309648	1.8566849273676511
2.7827757978398915	-8.771881568542069	1.3640940060561269
1.9505741487619652	-7.745671573769081	1.333101645015015
1.2883961299549171	-8.177056451919379	2.800542652695129
1.6469801168269824	-6.560080006406287	1.7738835886821829
0.8816197818166964	-6.329779530300114	1.9514535459135947
0.9408451648453487	-5.848600564535539	1.9665047943601415
0.5294951638291807	-4.983523832705301	2.034224573226867
-0.0902882399734255	-3.998806618089238	2.036676260765048
0.1319515863855471	-4.43630994070978	2.78752119167868
0.3366955488814084	-3.1064635492066417	3.1049413563535353
0.06323120019780387	-2.9467571584240146	2.4763163177078953
1.3247696784226508	-1.529047479260992	2.6941657738915503
1.6530365330556165	-1.1398392773441053	2.419983065513432
1.723690521084491	-0.7348797415022945	2.384484559123154
1.7555033021093998	-0.037296094080411624	1.9521191910645448
1.7884061541015959	1.0693313951966854	2.2600963126637232
2.962343671022791	1.047465276867351	1.761266332524603
2.9197553438922794	1.66118418599067	0.7805741456282884
3.4607704406462467	2.7567828274977186	0.4516290025288014
2.5473853001245805	2.914835281900333	0.16768087751673771
2.9253549188589223	3.482862943304821	-0.3157276342008433
2.6468652189718243	4.833308364806367	-0.7556033329705548
2.9505974753869606	5.568412927216008	-1.27079346385842
2.806924594179048	5.476324022391825	-1.4315522549396407
2.0824674885943155	6.187646314386111	-1.084262217746279
1.0611033418527636	5.719729588123062	-0.643253365055158
0.4562343645552225	5.7971933264853694	-1.7673260834597873
0.41560190400834673	6.44898286284123	-1.9808650724887724
-0.362308633806978	6.634807161577982	-2.045975474183722
-0.9250828219194313	7.1483762642767985	-1.2249773102708281
-1.108429664135182	7.439764767557779	-1.6058622400364997
-1.6538846720052192	6.059666994014614	-0.10395699453666762
-2.030339342018391	6.270768814183529	-0.17640314859144612
-1.8058340074041381	5.825254683841822	0.5538095874467223
-2.471912988393668	6.243586050993025	0.708447053169366
-2.8774611253393254	5.006310196556463	1.1971076919786732
-1.6453744572778013	4.077494788995129	1.534967439398626
-1.3293589776039032	3.8345523141663334	1.4579529707617092
-1.9583849340955897	3.9548452168249284	1.798890935053321
-1.1877528159241282	2.579452948967071	1.633786721818078
-1.0341016241458627	1.8523120087775071	0.9866058170699271
-0.4050367616070847	1.3472017002529064	0.7656413218375748
-0.6163307982086779	1.0498646286368865	0.8796804975400376
-0.09243805324529408	-0.21322221637841177	0.9023419615536585
0.07315924705585852	0.02161634857828243	0.15243849986532576
-0.11736589065118047	-1.3380359035384175	-0.14704279502467932
0.47676422098513244	-1.0803350057684677	-1.4536158694420618
0.3921426243110986	-1.6951641154339163	-1.4337025861022332
0.6551268607560652	-2.1308005637429943	-1.5405231477156027
1.8572291277167339	-3.1221492094241055	-0.4803263455624095
1.644063985069363	-3.8101677672965915	-0.01428972970750797
2.920257955277205	-3.5005032797426665	0.07814822273038902
3.2437552778492087	-3.7342391771779955	0.031322003207581356
3.3243768757832997	-3.0523936239288885	0.7858600104363307
4.249345413853644	-3.4959376115253513	1.2773013280896106
4.33219299227118	-3.845416003627328	2.21046976277723
5.368136614822238	-3.388338836456154	1.248926647719463
5.862948777547384	-3.11693624076874	1.3399362536089243
6.698220249403702	-3.0179334971121174	0.8190483370888322
7.257030249641538	-2.975216157974486	1.1203437053358858
7.056080033331384	-1.510631678417245	-0.08911589703788159
6.99523126185895	-1.0037838224144036	-0.6531084909197904
7.507995158731218	-1.0375833893012145	-1.2318226927240508
6.760522794652021	-0.38379844148069686	-1.7005896265140164
6.225169922123076	0.845924438277645	-2.0916540548772464
5.493500643504708	0.6067921919298882	-2.3393559027525366
4.6752801690582935	1.9386827508626814	-2.1235995791024633
4.2527979123853745	1.5797150820239092	-1.9710955271152761
3.833463568673878	1.9776772974587518	-2.824593157073653
2.4948897186323538	1.5829530705172408	-1.8055622523694752
1.5043154137724128	2.2612298087600187	-2.2582948793534756
1.6971219818021814	1.6458782532318286	-2.8366348881624783
0.4679918812338689	2.042864380414881	-2.815636252252915
-0.17457855327116256	1.4738110400794868	-2.7063128490605797
-1.7977590790016298	2.4241498713986513	-3.398815942960464
-2.063414032848089	1.339791068751867	-2.9201542761283656
-2.698888250908848	1.9341589538518882	-3.432786923169763
-3.9945673615103603	1.7921867056328304	-2.992029523910812
-4.908365521900813	2.133415008814779	-2.308005927170039
-4.86834519963583	2.845956153806651	-2.0150856351064794
-5.034125002675837	3.1262679421009736	-2.2192879773651777
-4.844870204530982	2.9701263902125796	-1.8415247254350844
-5.488398685674223	3.8111411012019905	-1.2353559790804176
-6.269030622240109	4.040776221799624	-0.5902810906593441
-6.2935400875697	4.021167283960397	-0.027176408284763975
-5.389535650116446	4.548072221760013	1.118392968866202
-5.81713319487526	5.491901147260792	1.0930775373151296
-5.578587128160748	5.379710665175383	1.934000921217456
-4.960279902256038	5.400283786242253	2.712958302415613
-4.5938821641029	5.937995647799463	2.5695226094547015
-3.9717018254862344	6.101969648512319	3.2334130259895817
-3.124102383259252	5.639740013259531	3.3215480831068587
-2.8248586478945352	6.026989584666184	3.3946731133984906
-1.6990306979973264	5.859453378989132	4.0073231101715665
-1.3588697837511179	5.55301897286811	4.260232629867363
-0.2655804597992688	5.895404173308038	3.8945102664749367
0.053045187376491915	5.640392418411173	3.755143699803509
1.125316435159141	6.101250999830048	3.396725658307819
1.7653630394231299	4.987352967102896	3.5286740399884677
3.028140953462067	5.516654948620247	3.5876667954502945
3.4934783270708225	4.7865429820443515	2.7573556740647986
4.867693990251327	4.737815999082554	2.481269452446002
4.627938211064015	5.461586096494043	2.9583520180024054
4.966219573169734	4.753796346630132	3.17187998883559
5.829130173874833	4.873403719247624	2.5168808690897935
5.600263684741507	4.665412351885631	2.2106098428714995
5.994127500597747	3.0871808376626055	2.5455970912331627
6.048228834926939	3.040107343827971	1.7333717628772376
5.385387203315364	2.371872220647239	2.728328486148359
5.5948976083987905	2.304768109479536	2.2540234549964797
5.66383269087581	1.640255904216405	1.4601659467183523
5.61069364404519	-0.04119088067488122	1.860374454255136
4.694869528573417	0.4909982103264756	1.3923232035788824
4.407425367247027	-1.2337819908233945	0.5577960235002472
5.071642481188638	-1.8720627462509936	0.19428653897053239
3.95010068417552	-2.5012638548798973	-0.03980386346580911
3.6288270514852456	-3.2308723748118195	0.0957545122798622
4.5278899820353535	-3.5927952161525067	-1.320079493338952
3.6364765600903866	-3.3930169852685985	-1.059536323101066
3.446970623137029	-3.9824569502317626	-1.72590063444783
3.60193573110877	-4.8473292158698476	-1.3010994646035663
2.350225203795364	-4.8237581587283875	-1.893168936498287
2.8142058428886334	-6.009669199662862	-2.0224924929883863
1.8007419426498852	-5.958240185166335	-1.1464086641493039
0.6225541394224383	-5.322878900977917	-1.8957747215625493
0.19014067042355132	-6.559925452939137	-1.765354929412623
-0.10509272791861846	-6.6248544580322495	-1.5172374668800628
-0.6555683353028602	-6.360003474614793	-0.9930583368256605
-1.0573373232013086	-6.988594169168047	-0.3318369448003331
-1.6466329610627914	-6.088528475549466	-0.9360145025416651
-3.0105015961119435	-6.1611005968957215	-0.9762008805977808
-3.325429129366177	-4.68661455503164	-0.5669919657387059
-3.4329151494747263	-4.312449745950424	-0.002403366874118351
-3.747687441464741	-4.32498302963804	-0.5020048730607314
-3.43122532618495	-4.155344797629127	-0.38808415934550544
-4.380082505105836	-2.7564783519503404	0.08632665763630043
-4.678552332586439	-2.974108529899991	0.17099232014851834
-4.42892433558527	-1.2031196653291254	0.19916835238944866
-3.932477456187251	-1.4464818006839235	0.27662069801299827
-4.277125168539159	-0.6524016117024141	0.7867326134253244
-4.794916288683442	-0.34333884251556657	1.0972810189018805
-4.82537850777305	0.9180238600381495	0.6776756285255485
-3.988249447871505	1.4464205419281484	0.23978129964010886
-2.9708373483752855	1.4981382204785283	-0.07205059469088138
-3.3376389701426934	2.593093965083109	-0.4407767519553632
-2.5060187508418412	2.5094865611646515	-0.17189623318083158
-2.2874221811138518	3.357806970766532	-1.2268693392315009
-1.4768408509249213	4.5014587063286715	-0.8621198953189296
-0.3503779498415853	4.884967131466413	-0.545740825784644
-0.10840624566212476	5.302309353546245	-0.18905093299594267
0.35757271663053375	6.175941796061859	-0.06406248647610585
0.6512458897031678	6.076759083941631	0.6404109124820154
0.3257799165228648	6.852858246302116	0.8024986999926874
1.0603768354634389	7.2971416564582094	1.214001820231716
2.241527859587652	8.13803663884848	1.1539691074309395
1.7465910674693101	8.53790080303233	2.2086190234509653
1.8957502315679915	9.845339517287412	1.448448050197075
