3.4544624526236536	-9.156938206761133	1.7604977289561639
3.076084993231988	-8.620972575556085	1.690528450328257
2.471484357491103	-8.298123769269596	2.0835010838621577
2.476230957322672	-7.955039852115352	1.9005622169806566
2.198219994183983	-7.731210664805834	2.052190978150362
1.1204681993665133	-6.957499026454608	2.469680571751128
0.6214130449150644	-6.7959906127481435	3.1879296130270376
0.9062867316663477	-5.990906020936515	2.327050074504625
-0.14638435896540286	-4.948337914973558	2.7053770938788944
-0.11199784845139305	-4.065321043891284	3.025416841727866
0.2836086639656132	-3.496517283183031	2.608018628997489
0.1937918525270109	-3.2738241564923305	2.826981089588585
0.31646618317203407	-2.6661406143497697	3.4340617290099273
1.1899869210668128	-1.8770650704458252	2.9123574888372232
1.2787786118404931	-1.1103620306710238	3.156882474452578
1.2148948048384802	-0.08312094425124372	2.2452296987490503
1.7158914265161498	-0.40987076497361025	3.0225789764238344
1.9532354568980705	0.3308574785273165	2.1353577099653416
2.411994600084836	0.9394994962566243	1.3154339841575995
2.3290622726264774	2.0176433076903986	1.0066550141737478
2.4516496213893593	2.454337664356531	0.38547549347388654
3.007811886593266	2.971525055324774	0.5502677251985604
3.6220884763150853	4.136096098739738	-0.47216185465411165
3.266168697238957	4.669241256235068	-0.03314653848885407
3.0800884252759153	5.229376435647591	-0.5368592581646732
2.8019644621591024	5.084493914237004	-0.4705147495220343
3.2995812117963856	6.255248158644095	-1.8982813760309596
1.791222474112435	6.5648678945832	-2.000232863024214
1.4635684912333564	7.609506258241099	-1.9399967832538314
0.32113998794245835	7.879362550811642	-2.042894348655315
-0.138598532474403	7.523518217531797	-1.8390495384013636
-0.12088426785465956	7.210459710579803	-1.4177086359472766
-1.43969003958498	7.458766933294307	-1.0392382674464384
-2.0473606842857954	7.213114537172187	-1.081089009442385
-2.586195149194931	6.798980859407387	-0.9863047301008321
-2.144903868654712	6.68391859534427	-0.04563801473462259
-2.862961135256987	5.251421762744375	0.9794987864060266
-2.7315831359018468	4.822539447508969	1.8015729597372865
-2.8621505384186756	4.545835648439294	1.5562538290416508
-2.669894795986835	3.5370136418325746	1.7939419079460197
-1.5152490637516063	2.9325065320464465	1.5630304929728644
-1.3372965991400625	1.697498433522828	1.441221602147924
-1.2498875976691917	1.479560796538431	1.9404182953647786
-1.1623940337152328	1.1800861036562764	1.6489616291745568
-1.1679265609639438	-0.2390981093914587	1.2958802916248868
-1.3868293616541563	-0.7259852325247766	0.4971963621941744
-0.30483633458140114	-1.0758059653486967	0.1025812152562191
-0.2205633053840057	-1.0673812920238015	-0.3116453901809164
-0.6680882629721685	-1.0698718647711922	-0.8581766941507993
0.4886630663292372	-1.9926003013979636	-0.6993008688768638
0.7464254115911263	-2.6987067154687185	-0.6612602824089553
0.7839829336838788	-3.028308143066496	-1.3435629842267436
1.658722974921777	-2.4760939792660865	-1.0255923392360256
2.1856485505949816	-3.767411313341112	0.18343852769119007
3.045526790673166	-4.189886809395556	0.275080919263343
3.133852662031149	-3.360580161099813	1.0684407196981522
4.353620449835276	-4.169801953695462	1.1506775993443374
4.44655996644283	-3.6422834925516234	1.6648659676482216
5.6277902611602535	-4.097950203167853	1.3429549624441128
6.057587534229254	-3.853267041725553	1.128943152147007
6.8172469078688325	-2.7549591691774	1.5622357442231494
6.9898432419349055	-3.012736793995231	0.9218662615296187
7.388834988562543	-2.3143110301161927	-0.024519172685946833
7.238812073083983	-0.5879008051757153	-0.6427606318391079
7.914432196998508	-1.2961223139799478	-0.8292325750029522
6.270573381895796	0.41432734005331495	-1.7123934508463774
5.988210620217351	-0.0877563591583515	-1.9240418463865054
5.929069222557252	0.5762541977733688	-1.4822619977048719
5.523635104923155	0.6517067153630252	-1.9640420112793058
4.778521641797056	0.807347911160698	-2.2882875594913883
3.039812529751063	0.8966770496803556	-2.045011976785357
3.0333822430957573	1.263693544143056	-2.2474050623582857
1.7965230667772896	1.4471517631683117	-1.988291086764026
0.7768073794988918	0.8226423356454358	-2.2047872617348365
0.2475609426279658	0.9315330843539686	-2.0663467932115474
-0.315357619435495	1.717507877948195	-2.555050721225203
-1.3652041464967843	1.2847325893901531	-3.3776477585941946
-2.369861077886856	0.9077947551674226	-2.4850259569899844
-2.913097465138489	2.19752302287427	-3.1942190419683687
-3.607526795592899	1.8664120406952596	-2.4412485248961326
-4.620144995470169	2.4930267630674736	-2.7011453898500974
-4.9992230703421745	1.8135047888713471	-1.5579393313901053
-6.2848104531470845	2.2666823471150734	-1.9314214830591652
-6.469433670340361	3.146076672486543	-1.2577537382223842
-6.204986994390469	3.295160928869235	-0.2889939940630204
-7.004284774116342	3.924544086651546	0.28332566442981866
-7.030211730687752	3.934174895290487	0.2635612614561998
-6.552228558968085	5.3864588610929225	0.8452158273359062
-5.93887833199394	5.459292599528232	1.614793345518921
-4.939785550676289	5.828636610862171	1.6829637894038683
-5.23278644114582	5.745027630649513	1.9120588936031135
-4.211256280261064	6.49981699366075	3.0010050325490507
-4.104967469009429	5.8886562508918825	3.4222735134370876
-3.1340352055629257	6.0138879481966265	3.1425264736697724
-2.378257340042574	5.924137996959035	3.307257676243904
-1.2136309784380568	5.770901033717564	4.1014721259953
-0.5367690283979425	6.098977536043293	3.3758369750238786
-0.41516290617688717	5.680478946635952	3.9291055032511877
0.23463105260431502	4.9960683469300875	3.477339787245103
1.8714560315266149	5.1467812833403075	3.250274801484015
2.3278449797051026	5.529553137542958	3.7084833813325604
3.127712199988892	5.084316620563454	3.5598840689317788
3.169189133206765	5.042782052630285	2.7735450227528764
3.840448875150021	5.140825904969991	3.4137593193695914
5.6689532690783535	4.745850620028291	2.346949244986313
5.395431409415798	4.512767093187956	2.2894434683259828
5.955020725899421	4.531686885428313	2.1853530692966565
6.2348905705524835	4.066185395666015	1.87836438401934
6.407881518365014	3.097412483885671	1.8951988683969885
7.201320214042412	3.0357688487662466	2.2423595289234814
6.413938188606104	1.886097646070813	1.2829757556046013
6.938201973592322	1.662692223363071	2.204315094205017
6.333480190485816	0.7239757174695993	1.6636322072737526
6.008182075903919	0.8962047794181989	0.8785113929672196
5.74599971314303	-0.6369016994554044	1.046441268428945
5.010851614179851	-1.1837302963101597	0.2116195905785431
4.465589121876286	-1.7082652864049668	-0.1428963016874747
4.991138407561923	-1.5257873637503967	-0.702909131254053
4.730292878775711	-3.1061556985219676	-1.136444417175627
5.209013737097686	-3.621405545494317	-1.5950170592857924
5.331353987590232	-4.5583617550954525	-1.7473137190631296
4.3175736716751745	-4.7573712301356395	-2.0550834344372566
4.395968445241497	-5.658935315659644	-1.2112651750014374
3.775984755585432	-6.266876679986712	-1.4913823846803178
3.386735720641677	-6.045181660465373	-1.5970777259888784
2.1114139665729197	-7.1149495312675946	-1.5026874635414418
1.4216848507737803	-6.868321268772394	-1.4016398110763413
0.3554623571246289	-6.776125658711505	-1.5609919212877197
0.1461568320849776	-6.70105951167165	-1.3196191534355692
-1.02864196217636	-6.836246455600204	-0.34963115382185816
-1.4725177488593604	-7.131140307236689	-0.7816920223755
-2.329888884101999	-6.728898194828975	-1.1882927458046542
-2.431575331073966	-6.422892130249799	-0.5176978135222136
-3.459926170075451	-5.1512104018406895	-0.027742427839042794
-3.8443530183460903	-4.780632277651935	0.2781332267934049
-4.240080778154252	-4.365363773025667	0.6470328373551724
-4.632191737740146	-3.8212847544591457	0.5071200450569077
-4.970417732492402	-2.749791290049595	0.5508683911707419
-4.711820521642396	-3.2349934464394625	1.0618486376845493
-5.0713062985909865	-2.2816281028540977	0.16954577392102835
-5.315903385858568	-1.6021280701968825	0.5722089999679447
-5.083964180858304	-0.3320033142384734	0.7259625711150668
-4.645551656476855	0.04107214557486233	0.47428110798080164
-4.2372592820369785	0.46553236078059745	0.9054314654516342
-4.479818604304007	2.0098311269665134	0.17548949935622
-4.044751786200483	1.627167735669041	0.6103980171162847
-2.9690962624068695	2.5919747280552006	0.29568083567505865
-2.2561740744779564	3.172129405462125	-0.595561651539936
-1.912973600904369	3.9581627733091094	-0.7385030091786103
-1.1263996243567007	4.248536479602861	-0.7081321981483046
-1.1133824030196964	4.519176973168872	0.1012706377309569
-0.7423610734157546	5.291030066164653	-0.048605044002971165
0.3406993164292939	5.629786543545697	-0.12341626397117955
0.3931504923246032	5.686485113200621	0.4148367313609773
0.43770278350989505	7.008424584960259	0.34525582829302415
0.6624641443204358	7.839969930481792	0.5818449337309972
1.4864318444258329	8.667071992025772	1.48339696246389
1.5956532451992012	8.903090552303182	1.4304368572064217
1.7419203043146592	8.651426105644209	1.2016060127324648
