3.604215776604865	-8.77594763443788	1.2885050609250306
2.7030579442696645	-8.652012881935466	1.13690344099846
1.3760362779019109	-7.37645480652813	2.4149159476526707
0.4040028721553385	-6.819739269793549	2.956003082595152
0.12392465693304877	-4.925570715048062	2.772220725355339
0.49609337417702576	-4.22613480951268	2.376888642221098
0.8639843980634073	-2.560029453073265	2.403664981967025
1.457984089866022	-1.5873742625488196	2.7517759871149896
1.5481118226813233	0.12112724482134174	1.8430011173342418
2.806645710175652	1.1331499138595775	1.7024151071848816
2.51326676113066	2.614868099665207	0.6179257503486968
2.383358531561456	3.6127373464800394	-0.3981058460028771
2.5586787290477444	5.5462170094281	-0.8187549271835775
1.9648296166371602	5.523530962567653	-1.7488795830422832
0.8012070476531868	6.121739256021998	-1.5227496944118881
0.2845782689752715	6.595746738183558	-2.095146546800079
-1.2078132067569778	6.760782579395054	-1.06817697662509
-1.214237904191618	6.534900796210763	-0.3654240593724303
-2.7271732120477616	5.248177879677767	0.6896317576387769
-2.094954039251667	4.553835915586923	0.9036005507594035
-1.7991750056334659	4.0792968594949635	1.289081040567501
-0.09021382120583166	2.0444939203494217	0.8430268652869782
-0.276092685116708	0.8495569732594499	1.0552761413467373
0.19067539537486988	-0.7446793066769697	-0.5855999366310531
0.06447788490358564	-1.3357305768582706	-1.2426548005471543
0.5070888647477374	-3.048215973649379	-1.5454206845546432
1.5145805800371415	-3.6781002951638477	0.15000704643059382
2.4780316130287643	-3.511442893384829	0.2900402380962177
3.910168113651215	-4.250260357311582	0.8275772448145513
5.674460542337803	-3.92592210515761	2.0822328020292504
7.411511631391188	-3.255784682011645	1.0011311856966327
8.216855556323214	-2.152346605932639	0.09396995981567707
7.852431086204168	-1.0712826544235834	-1.153517482086631
6.532280206068026	0.40122856000538887	-1.4160542512014922
5.859498876139211	0.9902804773948918	-2.4264558136878156
3.5810090914656576	1.4934104952962883	-2.132281120676291
1.5770990821785476	2.608853709610901	-2.885713169096961
0.23927521204804725	1.4982283063074573	-3.2387750827285116
-1.7718718315405653	1.7292377836272288	-3.1122603863606835
-3.1235632210393858	1.5080784451159006	-2.1418903814598895
-4.979345256035095	2.068248529610374	-2.236200850053589
-5.043857546661545	2.6153914419342277	-1.6140802080455703
-5.290427246194809	3.061618940325777	-1.1675906381322352
-6.343517354451977	4.985870773695648	-0.016704327892921533
-5.306955338927508	5.2634863792342115	1.4781883436679766
-4.365834998168538	5.298446165337789	1.8273642560207763
-2.9288538395904293	5.73151375160351	2.953693511606241
-1.5534369420032073	5.916174076992173	3.382858644092443
-0.05841919756442926	5.495096446821658	3.3732586388659516
1.2508676584557128	5.112530115864194	3.884119162153394
1.7784310361641968	4.732757732260139	4.063595421595134
3.1341119010541068	5.00660890905538	3.185053663246374
4.765184735988023	4.887499753798019	2.206542365020675
5.9603647735606575	4.425567316901243	2.3149234955773426
5.969361403292962	3.3357036924801027	1.9435405756401933
5.896967888829036	2.3163716812577504	1.7666823697864584
5.790282564536728	1.0183551047399622	1.3625662820281836
4.695484694023692	-0.4433399528250078	1.2428892071590025
4.136525093956632	-2.0935431256609074	0.8256034920531521
3.7394338964713754	-2.237235292897955	-1.0343926277509783
4.402016903376944	-3.4536791856932703	-1.6122119037805918
3.5267278159730076	-4.861433724534017	-1.0966511338060254
2.1404265720264073	-6.243707609483805	-1.3157113641325504
0.9752410626221708	-6.296841270845127	-2.009002919840398
0.4871408720155359	-7.131376498143764	-1.5488406919272544
-1.7885099410638516	-5.76776777491115	-1.3346558616459983
-2.7614875728003017	-5.740368516936502	0.15271131795851423
-3.6370001087891524	-4.602901183607882	0.3065655215734151
-3.4374538162442345	-3.480615064424362	-0.09189477437180388
-4.6638474845213205	-2.676059623062566	0.35303636069247946
-4.941117367556292	-0.710906677800786	0.21059134584234648
-4.424863577222495	-0.43453343130178546	0.37790087183151233
-4.322442795580223	1.6730654497484128	0.6658052737413563
-3.3663628700466868	2.8440077952531513	0.16199182227241182
-1.871302965098579	3.0262065746746174	0.10069609320286932
-1.126251440513057	4.034741207819634	-0.6420249770524781
-0.11470480210361395	5.3824778389660235	0.5094717107478541
1.593955973224201	6.868451902283104	0.5780633574479433
1.0325780813822625	8.493819614005606	1.2435268729614646
2.8335216484230745	8.889627221220142	1.4967398068952593
