0.14305324470171354	-6.809838981291474	3.4804581155905776
-0.22173816104713973	-6.52526306515743	3.775033027941171
-0.3657081650017089	-4.967711717680805	3.3155601693457606
-0.3121390398442852	-4.293386350373961	3.2723617442424073
-0.4414159923429088	-4.406143924924785	2.650469041795012
0.16848213579388083	-3.2533214932863466	2.8849548003203602
-1.1930138199893237	-2.2216175825148854	2.632797525316598
-1.3141299527788468	-1.7719081691484262	3.4705943422248735
-0.801770808089201	-0.8685194348282697	3.056933827943885
-1.457234304197425	-0.4014420687566469	3.436220603118207
-1.1632064977786607	-0.5213491853570222	3.3589116415723135
-0.49814472524649234	0.10891468620573233	2.875854434426525
-1.6759680399148444	1.5458449911326888	2.320912176017053
-1.1749956524107041	2.0222528404638647	2.5512634434167065
-1.0328083141709976	2.76336628468935	2.65969146413882
-0.6374713045307854	3.6475484137604117	1.7825551030689548
-1.1562195724764934	4.597112763531562	1.786234766285578
-1.7044599897589259	5.410968841379887	1.5239703451097706
-2.0618893462008425	5.539882624834219	2.1850317348319406
-1.8377800890290183	6.6268186747874545	1.4775227734952265
-1.5213894623756496	6.8932970349697	-0.015511407014150339
-0.6734255163013365	7.767128967530034	-0.17377646890954784
-0.8775835447269327	7.817431176597288	-0.19361493476119263
-0.03616923672289751	8.236307241866134	-0.4698658139995482
0.4659676878807023	7.930007984510564	-1.7837579578174705
0.7051045663120171	8.40517483695167	-1.8619442421792176
1.6512449653524657	8.00600639036599	-1.9954367344525021
2.2342480956907274	7.362401242554908	-2.066849855868859
2.7727291977327306	7.841533136758022	-2.4333103182362166
3.5050849526442125	6.9876994506051755	-2.5398207237087527
3.7794229472558047	7.110608388828812	-2.3935557331557202
3.309005149180504	5.871821369999719	-1.7454771716934157
4.147851374330259	5.288654064481487	-1.1867522750473198
3.864952935370653	4.278559702136643	-0.8879117595006301
3.8358453955547853	3.9927372877852743	-0.33763449432916626
3.3529336184806313	4.193465333930867	0.4540638635147081
2.325731078864702	3.9620260724061787	0.19691564194403924
1.6943393586348763	2.9738994822570852	0.8989279078686588
0.8158439669469789	2.2761811099964473	2.0614742011038425
0.260100569221283	1.228599837780343	1.7207472108283188
0.017336865609428043	1.18477122841995	1.610625091838043
0.3078527019871332	-0.4973951750244581	1.3523981094860478
0.796553716044524	-1.676524068888852	1.0423138222591921
0.8560483459983655	-2.287422509170178	1.2664519628339468
1.407549614132639	-1.6494880612356833	-0.11749506705604237
1.4576628970483358	-2.3074680731226476	-0.3242918006031015
2.2947685619178713	-2.589173122400707	-1.826287771436157
2.731894382116469	-2.665297047474063	-1.8369140816785487
3.778916075375345	-3.2621249166830175	-2.1836662992564673
5.1652197826975925	-3.0790939793690137	-2.345255338342933
4.669900496633084	-3.6792662535327456	-2.8118835765514176
6.137688329546462	-3.842523785948102	-1.4062700913154806
7.187202668707615	-3.549718068234522	-2.0269449430175017
7.295417433865615	-2.769644015940003	-1.2713986472318783
7.184398571628362	-2.3108157825382554	-1.2417584574038942
8.015922074007564	-2.5566063204982745	-0.1336944217429512
7.706783772037201	-1.280761644116963	0.30908559136505814
8.285736859349589	-1.9954225599365463	0.31143203499402006
8.30394403978863	-1.4472832963574216	0.7809954969496925
7.032632319107667	-0.4670896334196417	1.685296047249238
5.945500303308236	0.24480116706677468	1.6465502807705326
5.804227890912534	0.2775504582211461	1.1284263873694766
5.50873072370089	-0.2247608816374817	1.032287496852388
4.162381956765473	0.7850405526736794	-0.2055910738881907
4.4921896429619315	0.6363342060697496	-0.9300889127100329
3.30023519224701	0.7538464657690567	-0.9261892685113896
2.8566274544544763	0.6975887318363772	-1.5766611537307167
2.1365744399511106	0.1516902058555672	-1.352171699279162
1.4150045457593468	-0.20934850246940923	-2.0248314793164868
0.7556957469106882	0.551334509794983	-2.2386629715094917
-0.4194990866207406	-0.027686094283700807	-1.840659087099663
-0.6274242625468753	0.45109200417442163	-2.3628446043062277
-1.9928088970407618	1.660766086807732	-2.7048351995782935
-2.97105082819791	0.7445204292693435	-2.2975271870129186
-2.9104860583813488	0.8848977615437619	-2.841457047201577
-4.278522195137302	1.3678279853042445	-2.5976206390828374
-4.220333763680538	1.812691694612472	-2.2053577924089884
-5.623410165130765	1.4087910387810778	-1.2086765320387922
-6.16816415638685	1.407225764298345	-1.1845778845086117
-6.256489081503188	1.9909638348563725	-0.8286359970891798
-6.584326839644521	2.396406971083131	-0.5259549084258862
-7.620162466048735	3.611892689148488	-0.08469861586305527
-6.7355871452392035	4.212906831171795	0.8552309651003678
-7.2818104098714835	4.761980536568031	0.8268082667430847
-6.5625089306630775	4.824190565679022	2.260345397663322
-5.847818210049189	5.339234476538397	1.3340551334615975
-5.408231303052532	5.723200244261623	2.5382293414873613
-4.733198150956755	6.472772897383253	3.0828281520555234
-4.635697342387331	7.0611748630763715	2.843398772659666
-3.9774098891840937	5.821560896016632	4.432469958831
-2.4329639737181985	5.845975227879583	4.154803751480754
-2.5732511828622844	5.764321799188523	5.2081134384138394
-1.821451445745095	5.1980596252636975	4.766584488290557
-1.9840285072572517	5.325613567210609	5.081955363365769
-0.2830205574875072	5.115769455996464	4.956850512591538
0.8423666921392452	4.563827091676509	4.9909231889533165
1.1936040162458803	5.344490877236574	4.842236417642794
2.3964385218941535	4.438441669347539	4.617518040932118
3.2362440293769827	4.3821399277122675	4.333508557777124
4.018267090973569	4.2373608058441175	4.49971276197352
3.5352713935082636	5.628501117459919	3.7890893177943505
4.047252642112974	4.8319580250978715	4.241704359599096
5.56945883259595	5.033812131333178	3.182827217951035
6.463064388833683	4.260857773511004	2.6275513738442973
6.739585324057553	3.78516076007369	2.906681306884709
7.211208686895569	3.808670836899492	2.069264141838222
6.655703016912511	3.4175389405720575	2.330852597500884
7.071788857829338	3.4725739663536346	0.5105314546541937
7.138842246195052	2.5808506004914817	0.3373160913802174
7.470263261389029	2.791839753358212	0.502988579621147
7.886821319338248	1.6347530226321059	-0.13257407914315467
7.695559367036237	1.7224859794569398	-0.641549016598182
7.3133620667067945	1.2218582753042817	-1.8351063502837661
6.3839478222099935	0.34578639984682924	-1.1213363616381011
6.816672899567314	-0.7477395064349125	-1.3087330409163205
6.265472680151337	-1.1204648260976966	-0.9178873670746915
5.56019263823775	-1.0614797462910186	-0.794135862824759
6.192592607590785	-2.4699333902751555	-0.054637461573948
4.865189848726766	-1.9465622674411294	0.5334514110528196
5.079629713491957	-3.032052912062833	0.19069769936240719
5.2838265424011	-3.522317840277111	0.5684535671074941
4.7449672325339245	-4.849662281967551	0.7408823867837675
4.299741923268327	-4.671874377916788	0.9043416111609832
3.9600388506771065	-5.631120365858651	0.40248791449124577
2.982146270181863	-6.051086675406507	-0.1662401422099154
2.2414998336173415	-5.252409427051586	-0.2968914023253817
2.515972304878655	-6.38754343295713	0.12692606075128987
1.9168485660881216	-6.380936698381871	-0.9926243963922341
1.5297946791877703	-6.536781533238605	-0.5422447202976557
0.25116123551569447	-6.206597804660504	-0.2918462032627944
-0.6911017190362224	-4.663065069438415	-1.4773553760190856
-1.323396880233686	-5.238904873950283	-1.1007681249106303
-1.7301988734444622	-4.213026199131913	-1.1453327469006915
-2.6245883924857547	-4.3174449944916296	-0.23721710006719832
-2.626908730976991	-3.2336439778167447	-0.8393511622925502
-2.9923573621850013	-3.108583593536943	-0.7819254289870972
-3.295235219481947	-2.4249213788139024	-0.46699511431298824
-3.8906577032143574	-2.8188602268915246	0.13988975251902291
-3.3900789201211348	-1.6363600887270267	-0.37856201177603954
-4.023948767986831	-1.4620360399012011	-0.3257640166327639
-3.6056107905920465	-0.4893836281861422	0.0950222286368348
-3.7520522086878594	0.16949521234674259	0.3904841415079914
-3.872459743099447	0.5394379755006934	1.0116675456159112
-3.3084114865022904	1.7648499627912286	-0.026051512526164
-3.3387658404189233	2.8262990962609353	-0.43641867306458154
-3.1278900680965123	3.1561300547048035	-0.48087940342856794
-2.404697171484123	3.083600024356186	-0.4846411710178984
-2.040776850633793	4.245620442601849	-1.1907906214517519
-0.60733363019953	3.6323140959041433	-1.449408572483158
-0.22011735783780284	4.4380174126021394	-0.6784220296275111
0.21659285055198907	4.713771653260013	-0.36812459054038116
0.40078497874510133	4.868664191936143	-0.07168497121636208
0.8333646524270316	6.147013724839468	-0.3138798797234778
1.2393263417468894	6.449315427674628	-0.00022767864237210889
1.171498156590877	6.234157609757399	0.9104856829024035
2.103686599676222	7.028279358136287	0.7723521972115084
2.143165190369433	7.0777313014569	2.152720801494233
2.5213905158712904	8.23760976745176	1.9063192832678755
2.5031625636712977	8.052136696722473	2.3615197387956117
