3.465202118199125	-9.302165708521558	1.0434662680972855
2.670263477887432	-9.123123177600439	1.433226505190735
1.9494424591962738	-7.785429515600292	2.0938212435060795
0.4002734526651086	-6.4681785826242795	1.8746899596349147
0.7280551540152607	-5.111479449580044	2.38051406777714
-0.12468167469525238	-3.187154015755893	2.719084395762829
1.0426546137096608	-2.3142744574394074	2.3833678591848053
0.7901165625994258	-0.8679298105964064	2.941083943672533
2.5103795923676833	-0.46029716335768256	2.307041765536293
2.105450878196966	0.8480159164267859	1.3879350416095249
2.707801700065577	2.1882375357110075	0.9145045905784648
2.3369743639901928	4.144813314618008	0.22247063052603483
3.3007203567026	4.557724533162086	-0.2958292573392447
1.6166815586455676	5.330979223255941	-1.2343555730212898
0.9417116387653516	5.927786895162461	-1.6519850221240842
-0.05021863022681061	6.403654696192794	-1.6920133803353008
-0.3748548819688098	6.5032401466293654	-1.1181523611860047
-2.167756595228228	6.368394927846603	-0.5949297183679683
-3.1493931203971077	5.712012452429666	1.1009610292337462
-2.3724909525198536	4.571507571888823	1.3615742320697322
-1.0605467776661595	3.306637033125014	1.778453098922299
-0.9363170554024376	1.5078919776494701	1.9350524602010082
0.0686298904959951	0.38370668452472356	0.5160802151273702
0.07609959393970278	-0.06665942866400143	-0.06550977527440649
-0.23674219130693785	-1.8020342810044818	-1.2829699902089837
1.060754132536727	-2.2221763532371805	-0.8672420799814107
2.262986122108824	-3.386104731084479	-0.7983586807467502
2.303858292342614	-4.040820174357009	0.9154787154245103
3.6752373772471087	-4.399597739432116	1.4380346605381722
5.275096964955286	-3.7104948368537256	2.240667437988973
6.837372153796746	-2.724051764829241	0.7282401929359811
7.74241697964052	-1.7529902850606764	0.38250696509687104
7.771915606023351	-0.3978384933510366	-1.223303226896616
6.892441563166827	-0.2695038280173447	-1.7099799875151103
4.997400081521086	0.9772932162352981	-2.672676701919725
3.244457833005766	1.3723822085226098	-3.1757234713344893
1.3763463575493151	2.4167126411046476	-2.8830975427699848
0.8574549639848896	1.569616956533953	-3.2332015465482455
-1.904840290188611	2.3363641227855787	-2.610273416479754
-2.6996819033579253	1.9162643193069124	-3.425800631322863
-3.9807623794467277	1.9615328430353118	-2.707344790070443
-5.587493420038308	2.6555623211902195	-2.5404939548429537
-6.057583787982168	4.233614869480405	-1.123170172372091
-6.0189837363758025	4.107894060612893	-0.0042286751602523265
-5.912440401611177	4.922234556107985	0.977380774344663
-4.805119411305453	5.824185057453924	2.2059291720307974
-3.8771549416395166	5.545174096790459	3.706533481384961
-2.1683044368990396	6.304199042692096	3.234827838457237
-1.1459881260332263	6.016372700773596	3.7957141086756225
0.33125809624881786	5.265536001527359	3.6354189625239544
2.066715808104401	4.76527561175267	4.032405872523758
3.555195882812721	4.664131928759525	2.7979979130565833
4.372211651037754	5.08594260464521	2.924928954884872
5.802619561536145	4.973246991808578	2.1222848673943018
6.206041640550213	3.8964179665083254	2.1176567340885093
6.358270455086939	2.6070162418933487	1.8748461980248659
5.985384837000607	0.8863084620304138	1.511462576397645
4.12333835560301	0.2252297513068544	1.2192955913235946
4.171087009967873	-1.0396402589851879	0.4870043762779344
3.7692740074400684	-1.8920030368868272	-0.9650784004353927
3.469439062895982	-4.15403126600401	-0.9712260373549916
3.2320074818937696	-5.192542252367221	-1.6537278605114676
1.8237914213253366	-5.627997686889976	-2.0119195634248683
1.3607743963050725	-5.9056083671350805	-1.694137918855216
-0.16997741985825954	-6.6417994242576714	-0.815493618174231
-0.980275334279789	-6.35103695403103	-1.0112962661849985
-2.5194274152720073	-5.1618916830315325	-0.5156089323670221
-3.0272793839211323	-4.911072713808981	0.055832234261596225
-4.073705550022645	-3.6792597951001103	0.3251782514189305
-4.799967715773319	-2.6689378971406916	1.0769838280209882
-4.5862842210787385	-1.530338623267422	0.5258423200408098
-4.41087049883117	-0.06012279746851862	1.0003364150407088
-3.6601697438559277	1.6943452850488885	-0.23621128103586275
-3.546745471400736	1.9920046028754832	0.5075096847139863
-1.6499144024377348	3.5174595726489875	-0.1320843049514846
-0.8169182460834479	4.677436581191232	-0.6463973782545666
0.9046936287049601	5.159598610735092	-0.20908166687091362
0.45172754852632824	6.487090767694011	1.391378595011621
1.1812180280903157	7.63000320231624	2.2274125083720593
1.8007848623671725	8.98997842334982	1.1530373920542176
