3.820882998875163	-9.658243060453774	1.623703231886175
4.231056262113259	-9.52947073550612	0.8479613046564227
2.6600274924832625	-8.702445722263782	1.977169073127651
2.333725577017678	-8.502813685021144	1.584579592233229
2.019889540025381	-8.483844402681179	1.4547804360029892
2.1659509531586383	-7.755017356056414	2.241418318760685
1.2951377081852835	-8.007166582270587	1.7487386104812106
1.318492685250869	-6.951259355025457	1.791395614048348
0.6987177873504832	-6.124104076138265	1.9028825587644342
0.36954356209255823	-6.234620256528477	1.9746096507909747
1.2459837986804938	-6.516919443920408	2.595468506754298
0.6631938861102052	-5.930836279477258	2.2826907392371574
0.2423908311031968	-5.4292517817126384	2.151380192583552
0.13773890299967284	-5.175140335077442	2.3163200523683036
-0.11239263527644672	-3.862455873952131	2.8689346636416726
-0.292318925852622	-4.431775591149407	2.35685598223708
-0.20144009413921082	-3.0959495710019667	3.332168703558127
0.7334903041086973	-3.5230629305948207	2.2287369148086422
0.41147109279167277	-2.3480070774033104	2.310777114622741
0.8648182529919124	-2.649250152413675	3.273947474349432
0.8625110798777542	-1.4756849912091754	3.308570477735093
1.1562286283293177	-1.7378213085092327	3.4639104044450404
1.3600693166679538	-0.40016568839506583	2.761186082514459
2.2359478295074817	-0.6857773548982716	1.9459150117104245
1.8792000299303933	-0.4790869710303217	2.06502666599865
1.9648995507124927	-0.06814272215898892	2.1072454754594974
1.8295104157214723	0.46635393248026863	2.525756251515276
2.0779010937842903	1.5828745193749967	1.9850841804830741
3.118707660477802	1.270264234296797	0.9167634293165555
3.2553527208651403	2.4226789246912688	0.9583151349352519
3.498387553561739	2.074236746331124	0.5140511848033779
2.4160575166823333	2.9427526357501455	0.3254514050086329
2.665465794153712	3.053254113789623	-0.28460347921899803
3.432285492646625	3.24908215347392	-0.608990078245869
3.458793764397852	4.474452984051573	-0.25627123862567736
3.3152968994949266	4.187652170354627	-0.023751371246592434
3.1583792297070055	4.98110992225564	-0.6969420923300633
2.8803550943076677	5.4682611116643365	-1.3525746797555798
2.3225434712950004	5.871441275300786	-1.645097922397352
2.19389002761331	6.932251043013705	-2.0960892230786587
2.4329654496096573	6.917129264352733	-1.9092777650627732
2.098108090015915	7.192267222657167	-2.018438659037476
2.4279895112913277	6.997333393848849	-2.350188704699112
1.0188851237292076	7.894778527649697	-2.222419387705771
0.08079079865585914	7.833081872928453	-2.305014091753684
0.6477080487814376	8.0002419103634	-1.9123563284934815
0.32340264679466924	7.263999929827764	-1.385911425551074
-1.2221890486875933	8.182004631793554	-1.7108806356617439
-1.746326106469011	7.124509775747045	-0.8965651156007424
-1.6056549225221923	7.088400810344964	-1.222019107515823
-1.8605501444261474	7.233940623116817	-1.1500269905654403
-1.5225909171868044	6.771742503865275	-0.7000699253983842
-1.6779343002267288	6.057878702883021	-0.201515776550227
-2.487382465956589	6.158073708824359	0.08721743710932212
-2.701855771599275	5.397776840344053	0.7241811015273264
-2.2684532736550285	5.902900563484496	0.3356748878699493
-2.328509016870035	4.577494430053479	0.9499667104791489
-2.196626523457333	4.393643084967707	1.5919951201785745
-2.774193448352575	3.3905150603834975	2.342079341429012
-2.0394678202679377	2.9969819080873066	1.9883949792467241
-1.8176280333628716	3.5401447888159425	1.8195853888102698
-1.9989280174175037	2.2794620881544585	2.5021709532170715
-1.2699821519031702	2.3767370801360252	1.8754441553394554
-1.433072756743842	1.566132621194016	2.1935982242116836
-1.9391855569280345	0.8451354289091335	1.747631132368459
-0.7353674889819326	0.539779818566104	1.4172403648358247
-1.7019765987409499	1.0922736919503753	0.9826628011626507
-1.3891205008948428	-0.5062508909053027	0.5376778243753078
-0.7936881489094346	-0.248554822426291	0.6340837162397666
-0.8477970111894859	-0.12439890761283445	-0.017025034321091037
-0.7214245001072388	-1.1408213911253262	-0.41297677996559007
-0.9226202419017097	-1.6508605650379213	-0.4744607241497445
-0.14190392663655071	-1.353975630263805	-1.3416266862869475
0.1519907853484776	-2.3393907524804876	-0.6506844381704029
1.0656693337572487	-2.37388989025135	-0.899221769002822
0.8946723422745789	-2.9169811827283354	-0.6473110629887695
1.4571551548255193	-2.825352231229636	-1.2820621952169138
1.8582534848759114	-3.3812617803439045	-0.6391091393063846
2.532885993008333	-3.4395176050774383	-0.8282173207603672
1.6233681978689691	-3.075160627734809	-0.06647280976409842
2.5932987627931534	-3.296231803845435	0.5764706296789661
2.272322939276932	-3.1614667424292326	0.89696950425279
3.138622478066897	-3.7905252011898605	1.4235908904744499
3.625183731685733	-3.838011854649061	0.5308044593111684
4.537666052651794	-4.356077409846636	1.606846932779019
4.881803012480324	-4.053561082089559	1.0672615665750644
5.851869093504021	-3.8478615641759486	1.2286825755005455
5.611820469095674	-4.15389931775988	2.4008947686569995
6.180678778097654	-2.8414354859225757	1.139412086137027
6.868422706679082	-3.569627133920319	1.6458769395241148
6.951509730887091	-3.053027711878224	1.325493790962124
6.985333397118519	-3.1339095104014465	1.6368819220027189
6.751735682867727	-2.528172509039625	1.0497731088283306
7.443112974676323	-2.266255826323947	1.0727298277194597
7.042885984572945	-1.9370988918246015	-0.07930603583019002
7.1141742478348915	-1.1385565067448142	-0.9899100653770053
7.710210053814444	-1.196221299589757	-0.8953709188463073
6.643435141607653	-0.9715608361987442	-0.28682433524130047
6.672460772190943	0.38233844342496914	-1.5104747263003266
5.8705397588857	0.49395673217999114	-1.2730828857764394
5.488233666975783	0.9083661100629092	-2.131961691934451
5.429986664197317	0.12292228024059662	-1.2537395344671836
5.295768075282957	0.4371012524465215	-1.7890753114976046
4.540264282505018	1.1050903516908008	-2.139780784806523
4.5199589721953	0.5928331008086685	-2.189024811980734
3.9190108930872674	0.9379559568116678	-2.4643212503949266
3.5042482987142654	0.7123350930377177	-2.6220110954653677
1.9929752910430878	1.532157968652826	-2.040592038110936
1.994017892263512	1.1987983685833785	-1.9961957788182494
0.7824361699819007	0.9246835225692197	-2.3479667233940744
1.0663710585815211	1.2197761642548985	-2.8273856947782607
0.735914017540409	0.8713423456031448	-3.0162563904012996
-0.7267366512056641	1.543098914223038	-2.984367900181654
-0.20980751862663372	0.9553481458315367	-2.718530868788587
-0.9711181089826915	1.1388658191148546	-3.1695371439293343
-2.4886263635960266	1.2192712039551326	-2.8035340082915736
-2.218483853171567	1.1362679892001233	-3.1721209960175245
-2.964661469033876	1.529621141126979	-3.051889537640725
-4.095035757648047	1.1850708507589864	-2.1258463198363504
-4.476562308459778	1.4055682502521434	-2.1310507875710956
-4.419906535603188	1.5469096466806453	-1.9560814978075474
-4.376440552775779	2.0042884481581837	-2.6160426266574395
-5.703294272812777	2.0106012664383446	-1.616361300524761
-5.508622796708343	3.0970698824727014	-2.315490817460312
-5.857145657969299	2.567248034501584	-1.4714740152870687
-6.684430617780395	3.2939608545194936	-1.5514896448955386
-6.8957679848327365	3.677179102453647	-0.305123549915691
-6.361830986836612	4.434392896750074	-0.8453419649461857
-6.255628970331827	4.638715540390876	-0.5098866247383804
-7.038347282905247	3.9464985672192117	0.9525903319441653
-6.362331104754968	4.670409481235711	0.5381129720797628
-6.698972992328391	5.436710855455558	1.5688612513259754
-5.509117597350521	4.848752296670083	1.3750201267578286
-5.521606696377399	5.87827140813387	1.7852411840629623
-5.958063682526289	5.459674940921377	1.6739289151433991
-5.384179045107249	6.481352765901288	2.8064332287863447
-4.8844237834302575	6.628372248620927	2.92418498236805
-3.9399442103882905	6.63897707618098	2.5416516267306086
-3.463291202183769	5.7575252966896535	2.738403826178808
-3.225201915736565	5.9533947288608875	3.0639324192358064
-2.9387043112706057	5.826526039709966	3.756580044004114
-2.799956446286341	6.53558251865236	3.615950900452204
-1.4213913031108227	5.732192438750991	3.526005725301002
-1.7115781178181027	6.255534453115388	4.124645970864774
-0.9145578378092998	5.984209970368395	3.2997812471888004
0.06610345712913712	5.088938987537872	3.346073750684708
0.0012887954858386563	5.547464114118598	3.747695815396923
0.9842842707185542	5.0386738095141	3.9643840281111684
1.3371485400138488	4.93426063513834	3.565398439186467
1.6087446637574083	4.710631018569371	3.9637636321308847
1.5528920630118477	4.697040435099111	4.010546092131211
2.5390119637498905	4.994359365319744	3.4846606651135383
3.4680154841789057	5.633870656498066	3.005198941209104
3.0147600956457867	5.0844117743605235	3.612541014899591
3.6583378374153126	5.007005213795596	3.8691030689737573
4.209970767734477	5.779096813769698	2.609611629506153
4.445413564779633	4.950659256324277	3.5746770206870533
5.757274059892647	4.746476300181045	2.4022757907134458
5.414125281406234	5.386360331936086	2.2848659846843438
6.217137374530969	5.196635130129427	2.292518359938982
7.128223661644711	4.496390454761777	1.5881949862749367
6.7937434732768995	3.4520855340341132	2.3561136333574355
7.421921072250424	3.615186936086637	1.7698707195561125
7.460572296984539	3.403720272568356	1.3729837797345312
6.895323851617219	2.4177717610984737	1.7382601336804857
7.260908978104274	2.6437326280143343	1.5051346153506424
7.154716689611424	1.3570318427039605	1.8969264845640281
6.261441657542312	1.23100967109263	1.4175023742830546
5.802169335508362	0.4986461169362065	1.137205540923232
5.569945284441934	0.3931569766236151	2.238614054216896
5.416509687944112	0.11900877002023863	1.7244878372506447
5.471677946335354	-0.419552975102615	0.6223532011070777
5.137954921916399	-0.6706808174571652	1.2332568370497068
5.007262751533147	-1.0310374226721584	1.135971650001606
4.66648337875589	-1.534135676998023	-0.06814091181430332
4.811737126940105	-1.6290646764632957	-0.32045396193927084
4.7654203684685745	-1.830509745093699	-0.057608578740682814
4.728115390800227	-2.668421806045906	-0.8098569483757038
4.558292370167819	-2.7802243100010893	-0.5447907140490349
5.184647673215261	-3.5602578690637396	-1.8309347695954405
4.986176184358005	-4.086396250467078	-1.1018937194576839
4.674351019820674	-4.5602377217790675	-1.4143509055268204
4.345326123673211	-4.4828539465584	-1.2633812170899132
4.954935720803147	-5.669208285334656	-2.231857710199417
3.6846539888028054	-6.203799450504152	-2.1061243133964442
2.848525430901503	-6.160035508650814	-1.9651215499542598
2.591892571194429	-6.435666533239937	-0.8792180112799777
2.89536284851727	-6.752531150331799	-1.6424161538517015
2.024418744303537	-6.02467013289327	-1.6108177835071202
1.316288873015925	-7.250219532247576	-0.9592599411648552
0.69666440820502	-6.742855865599042	-1.7424248010199985
0.5404423393412912	-6.731835461901078	-1.1613850270273676
0.07852065438115285	-6.709810936373023	-1.0989783471707626
0.09297116834042174	-7.149984855591709	-1.0492647199602936
-0.15052415470029912	-7.145125024057796	-1.3557724071293973
-1.155946561912182	-6.864487944079949	-0.3355302155189619
-2.177808776928168	-5.960114887582038	-0.7550656899387103
-1.858889560822436	-7.0079647713389726	-1.0907392070948205
-2.981798127830561	-5.670797388061634	-0.1361566037660754
-2.732735088614033	-5.451757288083121	-0.7742326863455627
-2.7430103523353218	-6.077942508305329	0.24169060595122305
-4.107113847691563	-5.835997176676892	-0.03683351029361348
-4.218679748391822	-4.921056919181012	-0.3473300842525937
-4.469355181739791	-4.6391535706380855	0.4049275154979251
-3.951266526182034	-4.4007867104174805	0.22002509669901557
-4.325319138238745	-3.541031248823332	0.6342183342501828
-5.11627448975062	-3.829005022285323	0.4440971087817084
-4.759888413114272	-3.3050189645268215	1.2316532778906186
-5.2303945882945575	-2.317176779992597	1.2659903767620473
-5.005040128420734	-1.9215675719429477	0.7639179176592833
-5.165965162660978	-1.7703457094089858	1.6494444281960452
-4.125236586996284	-1.025797810574272	0.706530999438623
-5.052820245148622	0.15030355177036536	0.5391523047475207
-4.238748660796416	-0.34023785684114694	0.8429066210361363
-4.013507833859644	0.28151616997248313	0.16704122225938942
-4.6538682735102554	1.1614164670312	0.09465760316141389
-4.125678866651623	0.8345565884393529	1.0908833400257891
-3.800958573611546	1.3174957740503819	0.8336831764061579
-3.6794618356118973	2.2791420497241663	-0.46804135552085696
-2.2791716565024003	2.0254380194608266	-0.29059920925055993
-2.7848426003854816	3.0075690054339557	-0.41693334909431123
-2.4576185423516925	3.103586409590505	-0.37492612911046863
-1.4880869549975846	3.385909791379502	-0.6802545071565227
-1.779427043559131	4.450184128878327	-0.8464540908137312
-1.2956530063031528	3.945182605140876	-0.2815427719736454
-0.7620095488879368	4.602028355075708	-0.8148959207927842
-0.2684213093125414	4.333167343075266	0.41109767992404966
-0.529149931186097	5.870313991070288	-0.364299491554219
0.5701005023070191	5.098943703801551	0.24996824927548816
0.8359357580063682	6.101616989406136	0.7099187712314847
0.12968448329904333	7.07574647726764	0.6488000683515769
0.6727749299365202	6.633309182844272	1.3500905277552868
0.5888897441593153	7.17991785644915	1.1154851046587417
1.6511875746046336	7.587399012833677	1.3830569119809102
1.0256648519310145	8.421316561011103	1.6021391345113827
2.1196415793761805	8.37968633694038	1.1515769913684428
2.0062029813769184	8.454575234722519	1.135686859169779
2.1330920956372954	9.45095261762866	1.746992498717822
