0.6983540522234526	-6.490411712804166	3.67558589630592
0.5798166120364321	-5.307023281429005	3.3094699992376797
-0.1767265388763395	-4.64065938258304	3.540168732473454
-1.1477670295187492	-3.1824515789239736	3.909428548841215
-0.7708526824336748	-1.859889538335366	3.782563136091442
-1.458036513841349	-0.32074970536615494	2.7247021688547943
-0.8181428933037944	1.2540491961692117	2.6983553351394
-1.8330476320024682	2.5712838027942597	3.2367110574840137
-1.551084758948808	5.0752489869957484	1.6939127288282347
-1.8036196451108193	5.580702276370419	1.6112848722495663
-1.045261834929701	7.306766855611725	-0.06410600066597101
-0.42863014526126375	7.5938293557973315	0.07489922288151396
-0.032197894173902925	9.108701591829435	-1.3924952693512471
1.2499936313507396	8.38032935811023	-1.8332348139580565
3.0628232942692803	7.889652014060627	-2.2068124921509344
4.411979762916145	6.301386329426265	-2.182863796080036
3.6950600824250337	5.892601346388858	-1.580927970185744
3.4498839955457794	3.936040274602462	0.05166780902512447
3.081481995133589	3.577038908142801	0.9808929950040454
1.2884806232551147	2.708065214447756	1.5370747918829464
0.038863025383299	0.4449469382741762	2.10652970844934
0.7684704934985975	-1.0212722252819193	1.298013557816447
0.9254653039295822	-2.1351258517686755	0.5144056457579613
2.2362266121644807	-2.8377759654236563	-1.3278112763706864
4.257059839871915	-2.808179498476247	-2.007134644429395
5.020072878370587	-2.6396722410131983	-2.756176202194026
6.3540013186092805	-2.719011518923755	-2.292109525713917
7.530291550990119	-2.4137162933809404	-1.4532796733755897
8.1063918284579	-1.6555034021541737	0.41751211111335845
6.914338989971571	-1.4326777287346175	1.5123262225366143
6.885034916196554	0.16025337581134602	0.781910413827479
5.3911427072658595	0.5199886467300344	0.3217045717458119
4.467503254197077	-0.37662846270908606	-0.6972176221472164
3.610699130668716	0.6861891887968767	-2.1696208694836097
1.990987940938442	0.4054642080085217	-2.5261765025097955
-0.4179241012682773	0.9832466043206941	-2.625947840711105
-1.568012153347585	1.2622888336064548	-3.2266560398652673
-2.9198281434711113	1.3739149786471239	-3.192517925877791
-4.856937635756294	1.368812312972162	-1.996917892071299
-5.627324127521038	1.3263172540329151	-1.2668236770627659
-7.50929380435022	2.6676264428592633	-0.4625290718292494
-6.621088182600565	3.780397411072867	0.6966912512183382
-6.418676167584603	4.83173438127683	1.2495171596189263
-5.495606381824378	5.500786592612354	2.2740768489100014
-4.369030400500064	5.994291655365738	3.607292412860771
-2.657059439063781	6.060062776189042	4.10578926154162
-3.1271505872854544	5.347499042083963	5.696793276829964
-0.23074027419346121	5.20539906684557	5.377679267402325
1.005772303037825	5.029105681408655	4.5230954427027035
2.372403806952198	4.964810846866142	4.9452932159949015
4.001929416202268	5.24113844318933	4.318296254510156
4.988816694176593	4.7495691134876425	3.082774037853165
5.9694075040068935	4.50651147467872	2.2586538291208997
7.321403600911701	3.2642749623842056	1.5485143202837248
7.53383803089659	3.1881612165228943	1.1039822543928486
8.417755155222485	1.7434519856043535	-0.9936590561573725
7.252072171043093	1.30400040437816	-1.678949945296136
6.090883579130386	-0.6103892371592017	-0.7522174684955649
5.30730000542554	-0.9071954682989714	-0.4288682762654784
4.990268074493148	-1.9910871674931316	0.6859624745229245
4.482972178907362	-3.283189802404181	0.8296103078106112
4.162542475697186	-4.639628977659371	0.8163870399915527
3.128573321464757	-5.866396355351657	-0.03901791824599726
1.8504890478722755	-6.6375100434153005	0.02144315482320669
0.4316676636175316	-5.619398501059812	-0.23166937719503466
-0.3722197262576573	-5.905273591786484	-0.48893415123605677
-1.6354220460878053	-5.223725057330439	-0.6138003128186348
-2.3802319864279617	-3.824732261547398	-1.0534853267644686
-3.446108404697724	-3.3837808312643314	-0.40626432920329764
-4.246378732147876	-1.4987907749624954	-0.08397007863887707
-4.086575422474529	0.20850804897635378	0.4706916047308339
-2.9571217303962065	0.3724379585520305	0.02085922798942902
-3.2714848724344874	2.314422930463706	-0.3755222917269913
-2.10176501631922	3.270096270415057	-0.028430966174709082
-1.410244517661885	3.84508676091429	-0.8582112646395839
0.11639003012753013	5.783939038123346	-1.1584061625091475
0.7175913977605282	5.143955062985423	0.5759652213011395
1.3658963230631982	6.271757695456917	1.4820702318873729
2.8677052904399956	7.0310062754474245	0.9794844020713882
3.153262278910458	8.78355864354346	2.245411359517915
