0.6291123843610742	-5.860140538422838	2.6766941265616997
0.07687248775806182	-5.948773317756357	2.718917793165206
0.3003001646986972	-6.072750539960934	3.7988715794922774
0.019813738394288904	-5.773905733294837	3.675757458194927
0.4970959106006594	-5.2546259189005085	3.20844189360215
-0.417005765063474	-5.0417056791658235	2.7154546417898575
0.25442675883423216	-4.145308523370456	3.0138093744560175
-0.7215864612077314	-4.241472567313325	3.001189561755266
-0.3260045163631833	-3.028953214573931	2.706662794360865
-0.3608405158354635	-2.9915241730455415	3.6007396652424415
-0.7604613613208455	-1.7836310750276447	2.949168731433217
-1.2494680857273324	-2.2291709758935734	3.4983223449870238
-0.23734909029255902	-1.8366724932264993	2.6780296046060577
-0.9169565170624978	-0.8851635108628806	3.56378119212611
-0.37996295374748756	-0.9584319773678263	2.8389701844232187
-1.4876860750096292	0.31310731863842867	3.011844737392956
-0.7529408180571784	0.6113748033061317	2.6415350878308677
-1.573859567958033	1.2503354137734215	3.146335275828999
-0.8584366824559688	0.8278816923694906	3.189571860694535
-1.6450378059773574	2.324929699071053	2.2093270760123733
-0.6158571213468138	2.1131737365436187	2.31788240900513
-1.4724134810103169	2.622850376551535	3.0706525727964706
-1.7254117416766608	2.822450008343556	1.9371405390989929
-1.5791923622236814	3.2738965649388883	2.9788237468013103
-1.8007968625528663	4.045962647762356	1.55999256145913
-1.5931153104642644	5.421628896778407	1.2761440342382258
-2.018439790697181	4.818909304661623	2.1498385331176197
-1.9542318636317153	5.4330771752783	1.9168245239517945
-1.2796350300728807	6.09444829568659	1.100724555128307
-1.5738523447152946	6.422787737288868	1.5316662435290727
-1.037478338809066	6.6592897258225285	0.882703423255727
-0.5634563236059524	6.709674756657642	0.06127485352941392
-0.22028003054681866	7.67417225722176	-0.5746391419874519
-0.6332029201914176	8.302329575377701	-0.5399660270010043
-0.05566108729471064	8.138033685074802	-1.1634825544037604
0.5002196080423708	8.17904628350037	-1.0477955345839485
-0.22326325021962837	8.347298907695171	-1.567525374880578
1.337998682430447	7.815451880358818	-2.0776730477770284
0.6539417255628519	8.139235032929024	-2.012868165919426
1.1906130292054606	8.57171425119273	-2.1775928221141596
2.0262004918330963	7.929951435595294	-2.4287502297811128
2.8685453961946603	7.67452887331467	-2.6239307382463846
2.8881144078610324	7.048659827513508	-1.8827874865914813
3.0643572506628782	7.068971549579697	-1.8531984448524705
3.123957546908745	6.7296398940220925	-2.456059936599546
3.4898685384988113	6.853851825479337	-2.2846580423314977
3.252463683465859	6.74770522969967	-1.7438889703920875
4.1602499946225535	5.651466681855565	-1.3397836980790272
3.627859321566125	5.199317352577419	-0.9324351227959815
4.256681851237064	5.236528800105293	-1.0108975938637879
4.061123193503919	4.559858272471695	-0.7424769000469973
3.2446604827229475	4.107672916397566	-0.7175996689898665
3.626597898042346	3.682169147167231	0.3406359704300391
3.5925822045132603	3.2839675872391467	0.8911734745990302
3.634735667405531	2.832230087464389	0.6538280444216847
3.514031458880618	2.4502501458277948	0.42746946428376065
2.160323921531098	3.322122029451749	0.7119338029099764
2.704975361100294	1.8209853593459548	0.8164069639652242
2.5068963723907283	2.0607001384091235	0.9543895998218923
1.8861337908182998	1.7518899621156598	0.693031252432859
2.3604978427886527	0.8181904506955451	0.7555234811963715
2.152448940700205	-0.10764563970482999	1.686891213096831
1.7035002535127604	-0.41555843249568336	1.4552989879750218
2.239196371613528	-1.0792171367624133	0.3061668898551687
1.7429674794998888	-1.398991443677104	0.6978496886955541
2.451774669916613	-1.0093520167881493	-0.37910643593132437
2.363249382859926	-1.8955596200384386	0.37416771125742077
1.9357525699164624	-1.7686985331826282	-0.1596562443543843
2.0234580224898386	-2.2396506043190687	-1.2676233450520709
3.404892656262552	-2.5898610296255185	-1.2266200828997915
3.3863089299207623	-3.0865912622747533	-1.6757444970652844
3.066039103266433	-3.2461723741910364	-2.311266017189084
3.8389247814982235	-3.3341924335191107	-2.2474313132093
4.727248044401272	-3.469217836402283	-2.46246859693251
4.382890765384814	-3.60702949790819	-2.0584904860814555
4.909818241801312	-2.9035772186556454	-2.1017035950206466
6.155814634336846	-3.262508774455269	-2.4216649806149677
6.316135315660039	-3.0188608740665557	-1.6978691377318744
6.633887950203043	-3.133359514352802	-1.334173149362043
7.492922139163104	-3.7435807138787616	-1.3076871989952625
7.657778874472522	-2.9354157810976567	-1.743575689287095
7.511091878043386	-2.576788249371297	-1.0684742732015453
7.905430789242058	-1.9234146464574182	-0.8459026451471499
7.988258167079749	-2.5550817819964755	-0.6383222431294036
7.85413092950605	-1.9157549705568613	0.17227586449572346
7.9011836679267065	-1.7472210410724638	0.004690737318908525
7.290807083815916	-1.3151324768579862	1.1178882611156817
7.861365935562205	-1.0931055595633838	1.291604904452217
6.6406563826367835	-0.48676074250245904	1.2641545860650554
6.486644986054958	0.2727250887148207	0.5974273425375878
6.00192081435714	0.5232666149928774	0.6294563135986919
5.4869228266570484	0.9854035460143743	0.5351854825667126
4.992525514199844	0.30269986308462404	0.7667123412540328
5.359531804919795	0.14641021940041704	-0.11634482556829143
4.926659743262906	0.7545066635185931	0.5409489455603043
3.826759855807703	1.0331174970995909	0.3195491851109471
4.21037742546846	0.7644980527740026	-0.3283003158084389
3.5116140034088428	1.0277327404986765	-1.0549240844249124
3.0448165180745694	0.48351297286011374	-0.9192155242931674
2.20529765591591	1.1900124384577084	-1.7401113169266953
2.4110232489476546	0.6299942382014732	-1.3792514786401735
1.6317369529976398	1.1017054063060474	-2.1177192832788645
1.1151232604032462	0.7954134033444851	-1.9161348486269654
0.42769614666355693	1.153562212472544	-2.7747597815891902
1.1013595753251009	0.6772084709792463	-2.6147522818369695
-0.5618438533906783	0.7191939671241528	-2.666716717636981
-0.4583612616215519	0.8043103363251305	-3.0798832260458027
-1.1745168462370803	0.7707910395033895	-2.873865033291068
-1.946127888321696	1.4540382416589273	-3.2284786103629477
-2.2091239678986954	1.7529012026436046	-3.3475600227932576
-2.3663730803181156	1.6067004018810631	-2.6460493182055096
-2.900181760946195	1.0575042509253492	-2.688916475730541
-3.139941677037627	2.0616158307457892	-3.1342574332091564
-3.92500358527447	2.249231037994374	-3.0875117519551583
-4.779964930917756	2.5250672877328673	-2.4308991761593246
-4.288780816014437	1.8205496271464254	-2.385394527794726
-5.1870739380675355	3.1028030171882452	-2.5442535127652395
-5.401488683345427	2.996472566927773	-2.408661188519582
-5.617138469625868	2.862446096957397	-1.3478332167783118
-6.094804650477693	3.416385218660728	-1.1538751190095684
-5.476749955588627	3.9292612118600547	-1.1419961305294404
-6.415873695607734	3.6907739119582677	-1.110224096072511
-6.53329344481792	3.8564408016046836	-0.5860421082739271
-5.806286940014754	4.037386660545559	-0.1741124092840035
-6.560228476097073	4.148363119373913	0.4882477970542431
-5.555108041443305	4.61708826636988	0.9543410919362527
-5.287278220029364	5.115304484581908	1.4631378729802298
-5.647692582064637	5.334168457508378	1.4690678417645235
-5.921868193145366	5.6608188913712025	2.135444177741977
-4.850412398548443	5.6410059081789345	2.9324950253151005
-4.472366667882727	5.930547875033215	2.5857951529573784
-4.693488351529463	6.231712007943322	2.7937794248212455
-3.934124068716736	6.202270508712627	3.2957786929569606
-3.6128875021430242	5.679010906203262	3.470348947635451
-3.56108114217374	6.881833781623964	3.3848722547765693
-3.516608799280313	6.575113577289288	3.5534316861306645
-2.1140955573507134	6.245965963556433	4.081287228730454
-1.929783454267658	6.162051387982109	5.039786968288556
-0.9035326764827702	5.826500773105538	4.283144740535192
-1.5913976871038857	5.485660730793408	5.5294952321300315
-1.2456413554768064	5.50376808077276	4.953071014556057
-0.3649137411702717	6.1392101066990925	4.860021064889411
-0.2703622191420349	5.134389477663459	5.407113232508974
0.6111347167343527	5.891621675604052	4.265767118801809
0.8667065202611498	5.800719203262301	4.806658487906338
1.1502697754795776	6.019311320912523	4.23416164719297
2.322728152273471	5.555080794266477	4.950220997926468
2.5244509293305812	4.609551577361417	5.223934776704852
3.542727548060874	5.004751881600584	3.8926443097527117
3.783152060870836	5.080363645383774	3.8392454234085482
4.3590302010071245	4.297502611262098	3.637009739991737
4.905250840229315	4.3657057061741	3.392778393679224
5.356799565388915	4.796282871513143	3.667265742209324
5.897956122602817	4.05484213255699	3.321720610725838
5.013689338165379	5.245615334005339	3.004279155348059
5.821080833229628	4.548219155286244	3.096655343138921
6.4783543744058765	3.891162173777455	3.080871376738229
5.991252754880891	4.25438005927897	1.9421443637882638
7.632934422550554	3.5030916055690153	1.6006805497109888
7.682306129591385	3.544399545912865	1.2021821502470948
7.226594475589541	3.582980856405509	1.1619527321922352
7.506005060105367	3.7830730645904564	0.6977903310441713
6.980328404277572	3.982411601613409	-0.0464755333299766
7.9972697943208875	2.2734137376330397	0.026305270169090567
8.25191560628168	2.2492551081684127	-0.6801043300313034
8.19367380124928	2.003023463037141	-0.686677560904666
7.3269081464204655	2.4198645511001375	-0.6900379455736685
7.367604330752159	0.9919244361633404	-0.7577384682276875
7.797219439926786	1.1424703130878608	-1.624084625530395
6.548763214256208	0.7839846547083296	-1.4463187210812327
6.2217689512197545	-0.28657139552408223	-1.7631871082657613
6.498848990982433	-0.1755554171645327	-1.6005188014168263
6.171261489183701	-0.6394395567003555	-1.6227987106844677
5.465694680293671	-1.3067496776903251	-0.424705294691644
5.415292232240756	-1.3734962047483066	-0.10390473825002355
6.064460373197189	-2.229353470118357	0.09904005331771149
5.7161011425794355	-1.880349414171819	-0.44298466664436914
4.679283838423101	-1.7636464395594629	0.11783653098251778
5.463843336346405	-3.143531409782325	0.6077860555533652
4.555998715776663	-3.6857045677087195	0.7642003511119049
4.437123145756647	-3.5730736130363283	0.4400810226922569
4.624109174042618	-4.347322244330908	0.9380343326207552
4.353738290595385	-4.101119947805559	0.8092712383654417
3.8218246256375497	-4.978228854866757	1.4899709957336669
3.479820958175609	-5.034140902109957	1.0862021488286806
3.226097478070553	-5.298572732147737	0.7190036061179372
3.185257919957798	-6.329689605329166	0.4510461109168037
2.6731704069154043	-5.560819417402296	0.38469980330259795
2.483053091839488	-6.222560637138067	0.23270920762811476
2.5696848908164283	-6.319673571529413	-0.6171209709069756
1.3007660375673604	-5.982456585011537	-0.3252440947403952
1.4042036789267056	-6.398489166414135	-1.1271733579913603
0.960330185751064	-6.532491655718631	-0.8177507524384915
0.01712404040480034	-5.4537104242105485	-0.48107490142100506
0.8417085755806932	-5.895769799817116	-1.1608690446241359
-0.31117508684650574	-6.016303781990923	-1.1021968440706251
-0.7314490823746012	-5.500933658071463	-0.48885037713563584
-0.6044816275818095	-5.2242815842883665	-0.9189558406167655
-2.0688314142895323	-5.378390926946603	-1.2103379268477041
-1.9153061771014401	-4.891862926557871	-0.12402090403228638
-2.339895254854162	-4.452852316879532	-1.0465577993892294
-2.1939499557095745	-4.143489241191556	-0.3895499765247584
-3.3909967957756693	-3.314962120952356	-0.6933151313397948
-3.3689635288346578	-3.4351799702025443	-0.3663650433415162
-3.4213726370790467	-3.489698426069277	0.5602906661294564
-3.744346237740076	-3.0478717346083535	-0.33372367479631376
-4.057469165701994	-2.690884726102139	0.19062212920734023
-4.470524414266278	-1.938030424982211	0.9828843166639402
-4.106053877712061	-1.2954663699437516	-0.32984586693386125
-3.700667624106427	-1.3769189759505922	0.3644387768044718
-3.798217373083613	0.14319675799487985	0.28981129147407886
-4.271377016297945	0.02022283615824383	-0.08302421169272511
-3.9091827852346945	0.8744007099422888	0.5849282582368616
-3.6795006895408475	0.4896923164758294	0.16279674500149643
-3.2489564947136604	1.409106956044151	-0.15443721271145222
-3.652450893482888	1.5606835918531887	-0.11879596983316187
-2.597234234533511	1.8437406391154263	0.19664910766846777
-2.745027524058667	3.0775029602829704	-0.7303930343431158
-2.287227415388832	2.526428978171084	-0.6541218935983093
-2.5109827056239933	2.625562409232608	-0.7346293714384451
-1.4315182318633484	3.8415848614166697	-1.0283717102817294
-1.6144491155948975	3.484931008715573	-0.1775273095945724
-0.6656426797609338	4.242000522183628	-0.894060641393697
-1.1625212421240396	3.8515237647758083	-1.1365967498944944
-0.21307366459317068	3.9286506597039033	-0.9904476236304001
-0.09061634005408553	4.842779873012605	-1.0687954832763173
0.29313706413919205	5.4611385782889155	-0.5239561174719654
0.570217380881504	5.641721185808785	-0.5292828765406106
1.3305184433960495	5.374318440652252	0.36486231467105323
1.160176782339723	6.273726642471086	0.6133360161246609
1.6359005421412995	6.834649665101173	0.20903532654327195
1.1655384444731962	5.9112099148748944	1.517910876500086
2.1469516411756606	6.540656505482977	1.2011750814660447
1.6481966004196242	7.696497181063133	1.4971412572446512
2.2773844603217683	7.838378812628091	1.5386836225383342
3.1788246809697673	7.496228373817539	1.8764525577075122
2.8880816818455393	8.19554752179968	2.0160843428054402
3.478809578275646	8.387467809093879	1.538412568703172
