0.7306157495452735	-7.1029656740698215	2.820824130261408
0.8392447808354684	-5.753470121061732	2.8037537910625434
0.7072092032339274	-5.352094252768216	2.867532587488228
-0.022876661995781866	-5.075231382485492	3.0521559967275587
-0.5737921886221418	-3.7186955646772697	3.258320460033562
-0.025568395470285443	-3.374064183530544	2.8176715613088694
-0.43201425461639553	-3.229212123176403	3.1738168527027932
-1.0537260592099682	-2.5963638408198895	3.231893711120402
-1.2543329311921787	-0.6385175077191398	2.7907565767406353
-0.8339253852379309	-0.6504623599400319	3.241136686717044
-1.5806737328743758	0.693903705976151	2.990560494918598
-1.1252563728773424	0.3938588459897604	2.8417578787011424
-1.0455128376304246	1.332341946683295	2.403168524761743
-1.4377051003686043	1.6207544095589863	2.3636062206601585
-1.3432222718495612	2.895259512438905	2.4308998662136365
-1.475809921365838	3.6501748539905816	1.8762798310618765
-2.0149532999405397	3.827609813569422	2.790810745802883
-1.310111752265496	5.080776501470808	1.9195159420346966
-0.8169574838135634	5.352034104972772	1.184136240721028
-1.9428242054693174	5.769200020297761	1.1674419595814642
-0.5533758065994692	6.531415023482319	0.23293777880765776
-1.4802919449887157	7.0895187429220226	0.6881592030767243
-0.8139066862853581	8.354635726335255	-0.8333897222308024
-0.49922881928950047	8.07397355984599	-1.1186145888646566
-0.014765325760448061	8.482399109425254	-1.3300317079617703
0.9232516570730624	8.19997985303345	-1.2561426873910515
1.1691382246959723	8.754362916213454	-2.495474853797127
2.6772095507604403	8.11864901724776	-2.295646379617881
2.6377006456812278	7.722835203568922	-2.5000251627833494
3.131332846670829	6.541554465585768	-2.5167854642773153
4.040512693238162	6.248968487556165	-1.9862414619597457
3.96547966954069	5.72160252889668	-1.972303869266841
3.5704106764539505	4.969966984625883	-1.1569774777296076
4.454786383783761	4.445098256007831	-0.6775946489874954
3.589312902265475	4.3760676645536405	0.280570777414361
3.237515121514538	4.282673151371283	0.0017215643006006642
2.691357134134575	3.2323179711567604	0.831374246736557
1.5743548421513915	2.5715762508448985	1.3719947109555477
1.2965377008800134	2.3951559493640784	1.6817967980387478
0.9180526989739897	1.1987019786118205	2.2568320159874444
0.3851928235776402	0.786312344754994	1.9155905109446452
0.23940230086060454	-0.8887010628401597	2.1629404421550253
0.9737375464280793	-1.0706342840767413	1.1960970851437036
0.5023570841315341	-1.511775008407869	0.900736275646884
1.2870953544102632	-1.7868363473951805	0.5543237624050483
2.4460262414935663	-2.568735254658095	-0.9106423532056384
2.843711833335351	-2.205081547208004	-0.9672263745548184
3.3869789590935184	-2.390133055798654	-1.9791425963911604
4.09980444390679	-3.4297738809108047	-2.6015852693109025
4.795763101729291	-3.7663385498294897	-2.025256264220891
5.142363656849511	-2.8085106270723226	-2.018011408834564
5.864438439321759	-3.8630508954747365	-1.8759371576134782
6.549806378236969	-3.107565534671342	-1.8962788544665448
7.22067450378638	-3.244013398597459	-0.9220751868691119
7.106048329843001	-3.1353105740795213	-1.328826296372538
7.340680352819575	-2.7436664498344263	0.23715770268898628
7.793156949673008	-1.782719430843287	0.23417558314669235
7.842852657131668	-1.7142843961686363	0.1796715502334918
7.15722142462283	-0.3784738999183146	1.0627104420351632
7.011240396763174	-0.7931550832421287	0.9418948499253186
6.56453107191412	-0.3009661559298482	1.4369379593865887
5.419639969933796	0.7420820221558018	0.793089753116689
5.400104568626343	-0.17004175467492744	0.44770625350149074
4.328303518173217	-0.26700663363252763	0.09895578244002201
4.5453281460166535	-0.3699346056788342	-0.479855639822534
3.2829225993404703	0.1030920575969348	-0.5849258105906192
2.828879261682435	-0.01634479949341683	-1.0591418973508837
2.0396289600610085	0.34020987231107175	-2.036586034496387
1.59892810459606	0.08347543106763972	-1.7373946157912872
0.23126792133847462	0.5517353133549777	-2.9567919735190307
0.28199479350533574	0.14253141793744814	-2.234982098113417
-1.309137566780992	0.15908944991454538	-2.138394220490336
-1.6696005617438558	1.2461889870015919	-3.215044319625977
-2.0913351670974203	1.1201075735107588	-2.813440065157364
-3.5830691369610235	1.633793907129696	-2.7349501832749636
-4.130879998337719	0.7921274631069163	-2.2802133241491673
-4.8882349339179765	2.084815805230144	-2.913632893909923
-5.51611664653018	1.7597548652958355	-1.3781276511774625
-4.903704451983884	1.1576735940537324	-2.022744928196767
-6.417890109078584	1.654254193366273	-0.5837272210288811
-6.862765638076802	2.3999274984851593	-0.7989223413013464
-7.309946953685202	3.0927478296562834	0.8451673352418079
-7.431485784702084	3.8610003587963395	0.5341223483212928
-7.071123933287591	4.093783386202087	1.0374160306067381
-5.884159009163623	4.795531717021175	1.0911027648018852
-5.349662844680209	4.995814680879521	1.9085850569754064
-4.584062726039765	6.0015700700317485	2.213298252537512
-5.076299705944697	6.455290712619846	2.9910648725267803
-4.319080242004535	6.440232963077189	3.8593649288469134
-3.641770925430116	6.0509596950665525	3.9355441758491336
-2.479105455690247	6.695367486280903	3.775932180618699
-2.4870199858819806	6.286367465538785	4.842037131128067
-2.696448736663061	5.966819491750988	5.329245245623299
-1.7856243026195264	4.968346270964273	5.680656593936862
-0.10000691938685824	4.559168851640204	5.276859475849964
0.5218777372374126	4.355263854789466	4.694818462113735
1.1354510969523544	4.4507701385306575	5.300413049510912
1.6703443154556474	4.1878583787612005	5.5071016547866725
2.65091196002642	3.9846195754677005	4.713466539004086
2.70028356556802	4.721206693079573	4.286499354361297
4.357101173370079	4.332994295500452	3.9736482375209
4.291419735287605	5.144971898053106	3.665404344773731
5.443262176149118	4.229671501450967	3.3871014573530465
6.0792898812226825	4.182019722288652	2.7897081674658866
5.844313529846608	3.780671816252594	3.3165849255918967
6.156971849379961	3.509787614176345	2.61229188972112
7.172247377701526	3.4267334956670394	2.3135884099949844
7.028613436637356	3.616091348041475	0.7155532310850651
7.834606799256782	2.57548544049498	0.28427831679549953
7.73173364145683	2.616918850308596	0.5208691449441244
7.827472381002022	2.800265888974212	-0.9982651008863899
7.403182916852362	2.020281196685783	-1.1015477085073393
7.401168221924582	0.5297125405786547	-0.6558190901038821
6.553623181065499	-0.04898452461497116	-0.9769955450766832
5.956905808106373	0.006867936149349219	-1.0436078525024541
5.511609558414347	-0.17972400017129986	-1.2563907999967805
6.087853964972444	-1.4715137205356028	-0.8278095932775721
5.152359423008589	-2.2658724695542554	-0.3853595256597855
4.66054025943182	-2.564416292733074	0.7932772426060944
4.553855061079978	-3.1115424242217333	1.0098169619054749
4.975896328004056	-4.228030059987811	0.45200623036518095
4.762165710786235	-4.81496888609642	0.5279312956455184
4.328486367512728	-5.537023378929828	0.4846297512409125
4.306548918098613	-5.470509429692829	0.1496819431978049
3.4008441565376875	-5.892231784713071	0.10735580649680859
2.5137660437973555	-5.9250852524975866	-0.42843582672658403
1.8455834734537049	-5.544824069161656	-0.4430025467950296
1.424367728686285	-5.430955739525586	-1.091143360447124
0.8098931135099245	-6.280222849298259	-0.6952463712933803
0.688911062093661	-6.193973814730407	-0.9147251500274982
-0.32872689167711855	-5.99997502187703	-0.6752849877535703
-1.052155122855857	-5.4028612748280525	-0.7429943773064795
-1.4899800428513845	-4.74847798953355	-0.5163784740717521
-2.6614728417136915	-3.7831115210753623	-0.9127800177977189
-2.0801039453162034	-4.484963725660851	-0.7563436846886964
-3.555134310605129	-3.4783298435304095	-0.6476125222443112
-3.8774812529111444	-2.5945140516626415	-0.7662785509708956
-4.235601487735733	-1.949881449832559	0.5150608499006611
-3.334389330839193	-1.5714233647834996	-0.343632975905451
-4.428642870581274	-0.7346450062534943	0.5341126196767396
-3.6120468098985694	-0.934913427582329	0.074602455848985
-4.2276411975712564	0.7515146039245992	-0.1784808696226829
-3.0030895652654217	1.028809707154988	0.18136108023972408
-3.3766527484089837	1.2443906934814195	0.17146688110422104
-2.708990741310923	2.4949714859704804	-0.2060906410649983
-2.6401167942753965	2.9590207823808643	-0.6415232074111852
-2.0068214974096508	3.071007591325744	-0.40929561280074134
-1.6523528564077652	3.986968424147113	-0.5704690682408218
-1.5839091604557662	3.4461302802602605	-1.4008832838403833
-0.5469557350765418	4.090286784082517	-1.1745978785938753
0.06524529574951698	5.305096623386918	-1.0354465176040877
0.6508489108728298	4.9249822159334	0.02464597418623371
0.7229139619711207	5.514790178437717	0.45617572246607785
1.015467674698873	6.3890410632884045	0.017413300580777946
1.415804026028062	6.322682423165976	0.7070119669439645
1.9168619232149173	6.820107285446331	0.8690237078936112
1.9933321514433624	6.913568268697781	1.43433924113662
3.2926491953706183	8.012406803706115	1.408511078097263
2.994046032711598	8.872658512422454	1.6429203810761233
