3.340199579725817	-9.667398504040705	1.946684925643262
3.4354388512444007	-8.702151176204096	1.4546539099891391
2.8440961764426644	-8.260747235636812	1.4778826606001378
1.793562770520617	-7.963722978576818	2.4180898018202277
1.7752013489088658	-7.740631844732362	1.917222820442805
1.622156748858172	-7.284259599559819	2.412166839660461
0.4384232671499182	-7.063347800988545	2.433685908601266
0.2196086968167645	-6.336738506962127	2.6974166731884655
0.44795501487165557	-4.682034299950502	1.9985291875268638
0.5596767967041251	-5.01144621049158	2.3539169929465733
-0.2513733275919127	-3.872333277178202	2.444003397306381
0.5831392328711043	-3.6048052308562974	2.490941222574602
0.9271333085386215	-2.027719233934424	2.818053330201762
0.8080744977709663	-1.7628133480037145	2.949543010844219
0.852281710277449	-0.780046250096414	2.823758000487394
1.489225619829425	-0.7941484625903608	3.2185415461660796
2.5053463418888446	0.06133223444885216	1.7862604212147564
1.7329550228263444	1.2335716525648304	1.530425744935494
1.9593969205207817	1.0564639582114852	2.0480168173017064
2.4826329558320497	2.7643552727590364	1.0582524567964255
2.857580691795177	2.0538860341917977	1.1518035237412254
2.5214254620578553	3.28605202998562	0.7500953510292527
2.7940302190666566	3.3895848427577264	-0.13626564670996216
2.814298541498572	5.1637652616891305	-0.7239330716930419
3.132926199114447	4.943898896188964	-1.180563942003111
2.754001182544136	5.659901271100881	-1.0084172227905208
2.151104626151661	7.059991902047924	-1.8420068068538133
1.6778283683386404	6.944141679865259	-2.0921204523738455
1.282566416065099	7.438098160420472	-2.403033220786017
1.5307285867871283	7.2717700121077975	-1.9267501498120592
-0.08655688234619024	8.0830916043277	-2.046655019574007
0.07640159098888044	7.092086980835529	-1.3862097557364097
-1.068661155661491	7.370794376077552	-1.335894409155273
-2.1330353279490746	7.796345633313408	-0.7761227612873743
-1.7412959968349222	6.345138348488517	0.0033962447180374555
-2.33266275862462	5.856920501143794	0.690427546797011
-2.8823112423596555	5.732510544568975	1.107660343119475
-2.6164282825893728	5.01677521545791	1.6243507091996106
-2.8584086428782154	4.562295696011132	1.3267002726864212
-2.2337102716529773	4.43131349879402	1.251585836409717
-2.2948550116692576	2.8994835596931066	2.5412604318648273
-1.9333189185146429	1.8237580070425086	2.4560977572985463
-1.2469691948089154	1.8555015646666664	1.729766257324174
-1.638189806490596	0.3932304643957565	1.3475809497208684
-1.1228292433143203	0.27895278889798053	1.5148250981751556
-1.3838165001299005	-0.5956517181542919	0.9959749668702249
-0.42530365139368254	-0.8069315775181034	0.4455659205842679
0.16111908609485615	-1.0431273114638948	-0.5511559730725418
-0.147692331380887	-1.6276662881773247	-0.7970807415225388
0.5582811730828442	-2.568448690252586	-1.4089334673061114
0.27262914613306666	-1.9795178069761241	-1.5953284169304505
1.761027522537892	-2.97126962983676	-1.14935206253241
2.1465334571177994	-3.641190853158148	-0.8546972176897558
2.7483921343758406	-3.9952325919498426	0.07727993572898906
2.4527326760664288	-3.4418067070881166	0.15630469316059895
3.0951309390673623	-3.6871407763797186	1.0005388636713548
3.639957272008838	-4.278497604498574	1.3162385281321902
4.645814167233143	-3.968874636929666	2.1131373423064934
5.364528718705098	-3.822652496989981	2.2647985701495155
6.310227015889454	-2.96284206390495	1.508063135095798
7.2959695955972474	-2.848748453733439	1.0618611710678838
7.09791146248491	-2.631962813308274	1.521727081630767
8.354184721915447	-2.545909532537854	0.1262257615487518
6.883551932974519	-1.7701354509080949	-0.06000909456804138
6.921809266483568	-1.1318433299635173	0.03959014165897945
6.758063947135451	-0.42727456384512097	-1.609467306280519
6.572206451292665	-0.4504770053914675	-1.143194899289655
6.3960756596537705	0.2448422668738461	-2.155338179773992
5.458676746780075	0.45519828321821076	-2.6320351151327905
3.6550039705983486	1.1523122945594952	-2.2642500890568193
3.470943060240813	0.6319994233432045	-2.216668109725988
2.5866574702133924	0.8748586839431853	-2.5857424750078963
2.170972666302508	1.5287951198187333	-2.401933022914056
0.7003758789771393	1.0006657772293384	-2.385156201534552
-0.11559121514096415	1.9917232059740888	-3.024619146796521
-1.0090345381452306	1.6285505371096196	-3.189549378896651
-0.828198026553026	1.1852176880667065	-2.9484000727114688
-2.6083868447179674	0.9717444200324803	-2.9015260547735675
-3.2585670165518303	1.3304026692362356	-2.6051203030564736
-3.7779759496338055	2.1524953006241896	-2.7712777892251315
-5.077406300013514	1.6835059998783781	-2.6156348410868278
-5.187513805489582	2.1591875506554725	-2.0613386271954615
-5.105420705808548	2.035212987697746	-1.5216248041029465
-6.007238144549498	3.2633029035564873	-0.9644984922937382
-6.276751287286399	3.9817655272509547	-0.7367497403134713
-6.99410206884397	4.096184457628542	0.21563523489724334
-6.269740104914203	4.425773373118941	0.10855933531790701
-6.289120992236261	4.530745889653099	1.4051216517999014
-5.4487664798297955	4.887415834577945	1.173345207311723
-5.657336364493575	5.5370958624283935	1.5509031146672418
-4.584875842579132	6.1269597270151275	1.957605639539972
-4.905543770156896	5.977164899143812	2.4697971748269976
-3.901727211951003	6.080573136451484	2.8276544005133415
-3.380713847745104	5.993566072326902	3.607819318758661
-2.3983121972606427	5.6944385973049485	3.9064165439338003
-1.2414346413067143	5.848546912557671	3.8481792395954555
-1.135652756835919	5.471225323184265	3.993757836910825
-0.6029228309652698	5.2949792402083835	3.7939482718308897
0.4991917809766917	5.757793481484358	3.5491622218463186
1.139812824720142	5.3354142132986215	4.09136121208233
1.8698434917109932	5.34156041618151	3.9347236394145084
2.4907737387686213	5.7927623332458715	3.2895259628345017
3.538265273141185	4.7461981021708555	3.511754376442831
4.58758983713345	5.534601658861428	2.78548819122444
4.666050601833255	5.073502487815057	2.4700613353611356
5.58178707276276	5.448210526308919	2.4660147820647693
6.0744147133215645	4.48884595304734	2.2037625948759287
6.203128334884986	4.007667283791374	2.149967844351339
6.6814222064869355	3.8138510239446646	1.498607802918173
7.757915536143761	2.578994873007584	1.7680279881759717
7.211451716015277	2.7172551130006024	1.3847387329504213
6.185355427249409	1.237520055773338	1.5211745954418894
6.494714165777586	0.931879523651043	1.5659385852374084
6.255995319006963	-0.03250961060311133	1.1127777829475018
5.706316206953499	0.11170940193548218	0.9124681875137906
4.997639022106982	-1.198510699789235	0.9732923228029794
4.776727126237801	-1.159540890577789	-0.3762353526742514
5.621965765612374	-1.7973685757273012	-0.6478108184451973
4.607619006758753	-2.9734905895956185	-1.1526121460248964
4.383048848311079	-2.703518309177117	-1.0975688951090294
4.963641004694056	-4.171708662216347	-1.3051262861781052
4.0706929363880064	-4.7159393018574765	-1.3894261898414257
4.626628096368366	-5.324704868654235	-2.108894038532249
3.968551157432178	-5.904176477360357	-1.944671031099323
2.8812998275272577	-5.949535307216895	-1.9369000432026109
1.9140511050265123	-6.279718854247623	-1.8861449442554206
2.1744993062028874	-6.970377735351286	-1.3974470186764716
0.6521243453080785	-6.628489682493386	-1.7022725410102149
0.10769236655427689	-6.879109204042371	-0.7068037170226091
-0.530160058999392	-6.6666584902499935	-1.0850362364074995
-1.267696715079161	-6.631829214464277	-1.2330098282314625
-1.6085253356525309	-6.8465022124815365	-0.890627501144915
-3.12213296534731	-6.222643666575747	-0.8354742679466394
-2.401413513995167	-6.339378045083676	-0.06627642324877647
-2.9752260857778454	-5.715358623083933	-0.08811931598300526
-4.154991847669914	-4.81151924016628	-0.2529253905650196
-4.274669957241614	-4.080272301098223	0.24323018605736427
-5.077013683246231	-3.134226841971442	0.9738071103416499
-5.064888899763884	-2.5328570718959025	0.6538503928530489
-4.602434857715506	-2.2569468069729073	0.9787707208480958
-4.435286045298575	-1.2152669676763204	0.9740473637574746
-4.582673490898631	-0.36446282579727285	0.5199421272861907
-4.382825067706486	-0.2913363694810291	0.7593881403649329
-4.248980083043209	1.1577555634097347	0.17555490773145693
-4.487926060494085	1.306643845171592	0.22527115937773246
-3.906250448724611	1.4188739922906295	0.2199477177489535
-3.057108504610208	2.5431292079933665	-0.30916812219602186
-2.4512774293906303	3.113277985980212	-0.29364917436091686
-1.774589797957507	2.9661718333733216	-0.8670101517713811
-1.802426120985759	4.049798146545676	-1.0456686592501345
-0.29684140044615637	4.580366232949923	-0.5141210917934371
-0.31762983938066075	5.071287738078389	-0.2005962008185989
0.7978246520065768	5.196109887932331	-0.06324676792368594
0.6132750497203806	5.871522829290082	0.522452096603297
0.5995785175609395	7.165114158373674	0.672231895874676
1.1063733900495965	8.09655150650093	0.8295668174644475
2.3286223621867324	7.527874077732508	1.301804609565738
2.7686806336391783	8.384494150525757	1.0828135534355094
2.216706167321877	9.782640167446262	1.605935288822999
