0.4141346577438559	-5.97563569699895	2.897240817354921
0.5272588621859021	-6.29291417120553	3.145034755196871
0.18383523572018273	-5.435097405121878	2.8832281524372174
0.08457377461003807	-5.113195696314317	3.4433716920882027
-0.27316298979815734	-5.436749972317128	3.650416143152476
-0.6231917034416004	-4.16478053208171	2.6568184315261214
-0.8466405965381871	-3.691737383619458	2.778185155398753
-0.3423020026296556	-4.060437702051032	3.830471469557256
-0.1860578357266207	-3.1988602670235595	3.011047007301041
0.011484108717275898	-2.752866168165164	3.0725792275527555
-0.4187507511341344	-2.622596301844045	3.605799445336828
-0.9143091805400534	-2.3658547553161267	2.9815628292195693
-1.149341694744241	-1.7449486836277062	3.5822056024107987
-0.7211745996692533	-1.2908652718927287	3.318771324778928
-1.5724729587820407	0.0042970860355329155	2.937293052455818
-1.6457154891830794	0.2105746731011977	3.2020560142449233
-1.6956591126063691	-0.04079278577931861	2.904460085365681
-1.4969540109035773	1.519436040583884	2.4935345483349263
-1.1749926798575245	1.1896052287124197	3.339854886125522
-1.7527714838150168	1.3589183834575573	3.394622878074391
-1.092835560982093	2.469140285983716	2.8189624957413946
-1.317159991444999	2.617009447693202	2.654131327701157
-1.4464728654062673	3.9342713096506827	2.2958936686401685
-1.4920111754586558	4.485846290366931	2.0218762283383898
-1.830745003283199	3.697567048372988	2.7320737163128017
-1.967797979492198	4.241895385535236	2.4268117293557943
-1.9296684664251291	5.450747026570481	1.0449119215613953
-0.7480864427023608	5.481734978176894	1.2839080373512957
-0.9931849876387959	6.386693930223879	0.7137623805480462
-0.925865783762784	6.601960110205538	0.315892061295292
-1.752910691429688	6.962278804617407	0.7714735349588733
-0.4400456120309846	7.340192418883283	-0.21790845809733966
-0.578825557658542	7.660439022137618	0.12005024665025621
-1.2663967698459975	7.9041567462357305	-0.30729049178373913
0.08951146100472052	8.375597570837757	-1.2971451059744437
-0.4725380301726147	8.516956893250839	-0.795241584448529
0.3587800024070815	8.160174482577526	-1.8547044621959774
0.374305530078763	8.269487399181475	-0.931201313655063
1.1970502274089494	8.715625156917076	-2.1664140132801193
1.509244274272368	7.764891546469092	-1.1178346746605314
2.3996845170260057	8.172371354333622	-1.7713216190771814
2.157144247405973	7.719006413814784	-2.358937938427315
2.438715588285111	8.13105230305758	-2.6453349311555936
2.9739850411018587	6.8624619554245605	-2.2333332275724342
4.0224785005557635	6.382350814893038	-1.6650113271692948
3.2403699710756744	5.94648807313966	-1.3810567468228874
3.6190867907919424	5.522735406207508	-0.777499966260736
3.769616799026841	6.29804365715322	-1.8406965812743912
3.3647620634681763	5.157069543405207	-0.7192843602863879
3.317341275377955	4.709310693314335	-1.0871450393173294
3.45817648580475	4.061042713667478	-0.7067459818444173
3.1497598491737766	3.689563129957158	-0.6581339251991454
3.8341118517625965	3.9070488528726566	-0.05416558343906569
2.627222398399508	3.8992197676836637	0.417027860833005
2.5765480146794295	3.4311702605397434	0.48363948133255386
1.859399481035738	3.44501602120587	1.184046546369356
0.9810019294863579	2.715388362049061	1.9423962613200783
1.0743485056196915	2.3662043745125056	2.2269342340997467
-0.10394915677110098	2.3046604988152093	2.242840626869415
-0.01819966689489455	1.169961381225459	2.6836402241882213
-0.4168438740136189	0.30729435181612413	2.9158667976924946
0.20843997338206494	0.4777547465165495	1.932614130315721
0.3107676176875023	-1.024026491878882	1.8076386750496853
0.5968935762696005	-0.5073235291826703	0.9262584200190043
0.5138499004456203	-1.3081621592386363	0.7750274096569278
1.0855201638985972	-1.3587952093993092	0.8592870300855046
1.0328719006874203	-2.187689652515587	0.9506723088248137
2.1366789162348803	-2.839853135723853	0.23480198847798717
2.497662831939113	-1.9171399845986308	-0.9980689164727089
2.637701355222742	-2.749544732591694	-0.9614632154071486
3.29399120666094	-2.565443957407909	-1.4601782576060562
3.099944791032568	-3.3833465387272037	-0.9223448667954068
3.436800289075405	-3.112615845231347	-2.4838482921358627
4.200625688234517	-2.503938376771738	-2.639726264819876
4.610782011795817	-2.5058288519680127	-2.285943251518667
5.848933594924234	-3.7835628539640362	-2.1992310021563863
6.367487428002888	-3.6775633932283998	-2.4753312820491584
7.00996770584219	-3.8379713539073963	-2.250975857096185
6.627760418485605	-2.9797215650072033	-1.5061730563850986
7.199691219827857	-3.23769501900458	-1.2085649611291522
7.921292293079244	-3.6147165161854686	-1.593604934366003
8.082319902694175	-3.2407703208818908	-0.6215350759201419
7.700007899331736	-2.9034329048584486	-0.4990520011127427
7.4582667560027724	-2.398128464800453	0.3325272130629692
7.881923020559901	-1.622454984513998	0.5955200042751496
8.060808222670643	-1.5744615708179055	0.263908590384482
7.582135821915953	-1.4394481620420652	0.7858811125160131
6.891558246890725	-0.8481657191339359	0.7931752191975614
6.597876494790073	-0.950894902981448	1.5731629337761608
6.576630696799085	0.4061662323830171	0.8534728294254702
6.248828188449999	0.06826863932572413	0.8845383824501701
6.037703685810918	0.6262645567608477	0.6145446740438893
5.326026161078442	-0.23553016771812663	1.6205568952320255
5.9150798569499425	-0.42049692582775494	0.14381760625132328
5.036662405085163	-0.07978983745472312	0.8234904726617007
4.346396431426124	-0.10173186999203071	0.6183161828326429
4.311613448470532	0.02254143914660156	-0.42220521454589865
4.040441171373662	0.35986630176552503	-1.1350949356027595
3.4156963838045398	0.5669788854204336	-1.673748164686351
3.319688666351615	0.4289965339195599	-1.2736679551821217
2.272607865115276	0.38783157172644844	-1.8115949381126466
2.516296665983831	0.4030489204661361	-2.4547388136947452
1.7579460637589719	-0.19612709941514178	-2.733119413570142
0.7522044700270392	0.7555700719193454	-2.095275800812311
0.5125784380167094	0.026366207602920272	-2.3835755037199524
-0.0693860243454556	0.8492890072073419	-2.9047383388704078
-0.36318688851087	0.1591702995461676	-2.393077950429365
-1.4825768607178311	1.18173144351075	-2.6017845548878222
-1.0093496923716483	0.905840393536909	-2.995824674506023
-2.744974269616873	0.7738617764831535	-3.2800369552685327
-2.4712040362755276	1.220259020097886	-3.085879463897218
-2.820034189197484	0.556947148953816	-3.1208695519979788
-4.1711813047036	1.2130731380077466	-2.0259150426810884
-4.5661789085852	1.465038301544187	-2.000703083606508
-4.289472604575327	1.5054450452467225	-2.2851294813271448
-5.215506579633195	2.015407962606223	-2.271828084222821
-4.888696900423122	1.8173718889599213	-2.385300775545008
-6.05652468152203	1.544958212802483	-0.9356747051509022
-5.651142380972675	1.4040826398212645	-1.512879738418401
-6.792880362969234	2.552447557993407	-0.8061033551584502
-7.239993829610242	2.505961389492642	0.5290647188712672
-7.250409794566639	2.500835815331009	-0.3956956101322112
-6.9960694477667955	3.2943544229860784	0.6619031083732981
-7.132760243343138	4.173057816745333	0.24305354515199115
-7.16246991548975	4.804489722786652	0.6487264534569888
-6.654810864810594	5.035635732480222	1.6572310418619352
-6.0861406952170665	5.103689923267956	1.1324226269418756
-5.962772314552048	5.870048725816506	2.0345403835707785
-5.204393427630078	5.638352136500393	2.068315541739888
-4.388427273265799	5.6563285011169535	1.9256882135955415
-5.274766799844722	5.5565817333662535	2.3475571531380814
-4.133885504273869	5.972329404891117	2.8125420306138844
-3.673079825078899	5.811358741593974	3.7146061968338446
-3.361499769190547	6.276754605457629	3.955580706702939
-2.6852427515488158	6.272111969556126	3.650322450144761
-3.4629593162410064	6.185105564632198	3.801956915090219
-3.212260546326034	5.701294661059357	4.134142899565714
-2.384609438010012	6.280800170191488	4.815930963295136
-2.471933281941496	6.026951602852852	4.8640207862219915
-2.3967739099013112	5.991427370800647	5.418997090385306
-1.7630648408544682	4.797053004136961	4.740940057310126
-0.1715150599870372	5.403188017478097	4.934495535178077
-0.23034892914323385	4.726318111908728	4.965340938849613
0.2803097109406816	4.762731574535953	4.636554205667085
0.6102844697200417	4.848957784493247	4.916137644302838
1.2841060786669525	5.243113985626652	4.517073696223479
2.5282762249128763	4.753097634586275	4.5745165015837586
2.005460884804156	4.36267044571407	5.205924987336656
2.4787345946033223	4.696392773012051	4.456470737918359
3.5381093074166468	4.55697722969221	3.932701023313493
4.273077421057973	4.888087503027904	3.847343623623579
4.663768559553001	4.410605799103236	3.408688830419716
4.7816901865459815	4.706616604114041	3.4204597639556833
4.833885894122594	4.212016571933409	3.594012584137335
5.157100671915488	4.918111819107701	3.6979551792173204
5.560276048507612	4.206172146604751	2.937800023876056
6.484966221734931	4.296676877296231	2.918736506159673
6.367575182122493	4.053029750354596	1.844971453892651
7.732807577741323	3.467943280767811	1.6267487063392205
6.678770942389022	3.5518821480685214	1.2832955835321995
7.379236348150523	3.623367348221527	1.8041335204242017
8.121534060743045	2.943033062951195	0.44066557643857585
8.313117479756947	2.8421666575275975	0.006546841946975482
6.999390010191592	2.2794982924935265	0.3164449813996998
8.141463962584421	2.1020303986156903	-0.803325462849763
8.325557287284143	1.83176296961018	-0.9061582431367701
7.687080634020359	1.3784624242230221	-0.530718241420054
6.774357533752444	0.9150890264741638	-0.8645022972125004
6.604635358868296	1.2027036803350553	-1.8388136873589458
6.355417239256049	0.8503587027172425	-1.833162446636191
7.10850560654721	-0.33472349938717083	-1.6168882225091683
6.039741322498068	-0.7136318068892786	-1.3492674441180166
6.066828487385058	-0.6374314597285635	-0.5257791412490276
5.452109487246135	-1.5781675330612197	-0.9504217981325347
5.1067993174539925	-1.2954061447881684	-0.35942991036695593
5.0150990419683	-1.338463779684549	-0.2775225025350435
5.734049532476386	-2.7594405114582843	0.02892456176011743
5.265313796055738	-2.359647267774879	-0.0680318154496134
4.986610972448445	-2.594093092852859	0.5440767993049072
4.808249239829987	-3.7006931374837144	1.3934440175065907
5.333546183923415	-3.6560112570513277	0.8630619243854358
4.930237465122255	-4.702828670486893	0.43033292838760717
3.9116732203070606	-4.921163157892776	0.7939345603139507
3.960868448665285	-4.813775341571384	0.8532694370618865
3.9424915576512567	-4.984637132322806	0.7690248371315096
3.1013086774979746	-5.167442375656006	-0.030546885588650784
3.583554711318835	-5.7912234276639145	0.3259360563461865
3.5754063934388625	-6.142342959534676	0.29855970565211903
2.8630209231318533	-6.5964067015589	0.41323692646761456
2.2741357444433374	-6.615435859257426	-0.7918902630019888
1.848954081246058	-6.262418830477597	-1.027496656747294
1.648366109000456	-6.580977848302013	-0.09442054081352325
1.36470983902983	-5.932786429452079	-0.6596338661291037
0.7118556957295641	-5.999769295747151	-1.2692698216414673
-0.15986294264260442	-5.902104793577348	-0.1909767621090659
-0.5071469502934782	-5.855467372407658	-0.9117768688335603
-1.2404099673484275	-5.22248929971984	-0.27473587397064025
-0.7599406810386982	-5.087347158400895	-0.8057330283883899
-1.7529049895089401	-4.354030018422166	-0.5758573107037367
-1.7476740324143278	-4.5264906208896445	-0.7740589795028383
-2.4552650714536046	-4.5317737413119294	-0.8245609737384734
-2.8417693092832694	-3.3911322470647205	-0.38262022721111477
-3.249997672379403	-3.9084716248357587	0.1024387592895939
-2.7853350211963326	-3.4229884884148367	-0.18261162972461298
-3.6054529625265146	-3.386895286893761	-0.43381110748085494
-3.0913833915681286	-3.1033659324258416	0.286508707774209
-3.9781576910879215	-1.9053908547047456	0.006085220434228766
-4.364866123025881	-2.1195253960118863	0.46855171664448825
-4.101091144224107	-1.1747110063051394	0.8454360758199333
-3.524839979138887	-1.244833065890831	0.017786926540712955
-3.364273612889515	-0.4695632985506286	-0.10426393576031084
-3.3879517887868644	-0.44698312369516024	0.4123548013903995
-3.7363948858930884	0.8598633764615047	-0.09806271913635384
-4.107639286762636	0.4464856234006003	0.3929801896019033
-3.4608742550022717	1.1021913205384248	0.6618293505756063
-3.110958526474581	1.5064410964318249	-0.37506877742396116
-3.1382923004197814	2.0329203898658847	-0.25789206768872897
-2.3706551123542834	2.1500369232891936	-0.3129149840904617
-2.4053719624054906	2.620639306296645	-0.8824027283829525
-2.0732211000649343	2.779164481097408	-0.7663457730268259
-2.2131323003967935	3.0519177994144884	-1.358026050260483
-1.4115665916305389	3.2334836908225566	-1.309759173669625
-1.3243705950939546	3.697791479019049	-0.7306095852447554
-1.173751057676015	4.412400318632952	-1.4405157564975015
-0.17008159444999793	4.7943219725744	-0.5330935666506667
0.1372333655969048	5.518860146436503	-1.0096135648253317
-0.27734251708743696	5.1605427695689885	-0.024390996638821605
0.5933859597458812	5.759499231004914	-0.31369482202940235
1.0928641090520375	6.032470910276035	-0.45494528103442383
1.7736077950262392	5.984823719005441	0.12217655604816885
1.332128381849725	6.9927144129491365	0.14946974268923316
1.469316436626638	7.320716055072932	0.3227111825116088
1.8931033766176342	6.7561458088084185	1.2452996225342694
1.9089889350331137	6.624930598147128	2.1510869162426873
2.050029052196111	7.188423042260676	1.5609123263230031
2.569991479594195	7.26169748562253	1.9592873488419045
3.1399005015919825	8.09018722897944	1.5650356399795453
3.3527843705640126	7.896576217018756	2.641041672927022
