3.1053131088342774	-9.377854894006648	1.2054341388620342
3.3212448759298123	-9.033519574663357	1.7934019411824047
2.7256742763558925	-8.407340394089196	2.2116068106441116
2.555385006248871	-8.067337994348101	2.195226703813323
2.2030040825091377	-7.812719873491653	1.8799351277299843
1.7060891239190354	-6.71743403321607	2.2259867161715614
1.12302777584013	-6.701108998904566	2.8260928436050268
0.8050659010215866	-6.448047744213184	2.275523867759133
0.36340351208357125	-5.107094716569568	2.940148706702585
0.9156326745783318	-5.158328720762224	2.144271637622361
1.0124010393605705	-4.297698510420474	2.28303714434076
0.05732137020615155	-3.478728485537012	3.032566044496062
0.3972038765793436	-3.0802988023418627	2.5036504611526342
1.1779470045720837	-1.7793664421446547	2.9808055351276233
1.9117816300716042	-1.0616890498835172	2.517836328301786
1.518465589601952	-0.6823086068752047	2.285552252638002
1.7435876258907532	0.7783928498150731	2.2087783163130594
2.593022628927539	0.41556532527827295	1.6701594175568026
2.2637421264507536	0.8974372235686274	1.9704324067090029
3.077219714155478	2.027079766515896	0.7232400078982444
3.1114620871001515	2.2953837964998556	1.005247818578448
2.9470861631884007	2.6948482429534195	1.0320865835655186
3.2516358824529474	3.4874748294315463	-0.4594526204705111
3.743344357676397	4.423180795524394	-0.8999862178910372
3.8206847773174886	4.642845641131709	-1.081653906055624
3.598476309739497	5.466796048423519	-1.6953480630667124
2.3583733786562626	6.701573322941741	-1.9557193213644386
1.590684330314537	7.154331864679271	-1.4833358203343607
1.2062255089443716	6.931607659191785	-1.5879199751178046
0.4365295789376111	7.82193223615152	-2.167775620652675
0.04577222244859841	7.423932843104765	-1.7826876824176292
-0.7721954334553902	7.460911887832464	-1.511396279406905
-1.700805558612739	7.631988886729732	-1.7294767702418472
-1.5998153734715959	7.217033445454443	-0.5648043880933895
-2.5839927046598246	6.641143001324098	-0.8519997318650967
-2.4670153857397814	6.242186088570714	-0.4532634351190684
-2.3502465423222496	5.84310273219956	0.030682846705263184
-2.771985641487051	4.934204972891322	1.3422185090374883
-2.3316134224562735	4.37251701140774	1.5466867301448568
-2.0050239762002438	3.1318853460817397	2.034848459052059
-1.7936280702179848	3.4975282160234267	1.6359886017604512
-1.0133434392470773	2.0718985278257724	1.4532535783349168
-1.2493120253010044	1.0529674126158874	2.128480237257248
-1.422428657830981	1.35630558707807	1.6343437182537746
-1.1552146441605622	0.6091910262482649	0.6337278650668017
-1.1154904113745605	-0.026565207636589316	0.24886053323477159
-0.4590996360786077	-0.6136488566556288	-0.12013575752402328
-0.8365243341471935	-0.8504792611710611	-0.8059745172806315
-0.5320606624809661	-2.1804888010264154	-1.3940209749251053
-0.07962895137714282	-2.5826697399126974	-0.7479158906881118
0.495763253080988	-2.4244142371887394	-1.0232464316224112
1.5729712034625716	-2.691614556377312	-1.0109334088262334
1.3707215928105512	-3.8077413921339454	-0.19515647713159745
2.543043111097277	-3.5350270013982232	-0.4693442478557003
2.3561374779227267	-3.838772172255599	1.3380882299466312
2.9232526852370775	-3.0707045083466817	1.1699438657526984
3.873891780227451	-3.078393123834622	1.2723938482810853
4.313402936234606	-3.830291247394518	1.4341961309881217
5.414801594206628	-3.2562108092237056	1.192639119514361
6.0806811564179695	-2.6425371043198416	1.3657339052704427
6.597149818144618	-2.15336576451841	0.7744999975477068
7.309379462127324	-3.03210595481694	0.7158633960286425
7.562496327385529	-2.55987163109333	0.1941480126355799
7.1840794440389715	-1.6176708984313124	-0.0676352745311295
7.870569863914688	-1.0353389812437488	-1.2069665705248704
6.845749632839596	-0.28058347554940666	-0.6845083656830107
6.590963646526609	0.6514440801284447	-1.974506156376308
5.2761043021108005	0.016187705829086435	-2.2721974097471813
5.208848624360898	1.0513295819084965	-2.5821910452356427
4.273176171264889	0.6594210492313017	-1.6831450475266556
3.266893611972427	1.1444721233792965	-2.8861322522346025
2.709159948665041	1.8714470048739196	-2.85850129696085
2.3151828656591626	1.6533160696360585	-2.7592865642286037
1.4805200863991428	0.8478386739890792	-3.0582279888206463
0.6055104796009332	1.6250602770234432	-2.7248585637975515
-0.8049546099433708	1.828305082918487	-3.033132495432351
-1.051790101976373	1.6276704445334675	-3.168200239242157
-1.6430743353347304	1.8131249300856829	-3.4136269660213108
-2.7621817545439686	1.9694295225243112	-3.3669170349048225
-4.212150649314685	1.8964462519988647	-3.05880548449002
-4.554171966962258	1.6515200221802753	-2.899028666501287
-5.501005158920294	2.7724871793655117	-2.679849968826207
-6.127990341275262	1.9773241042428797	-1.2028273875016318
-6.163686238689356	3.0039309809700465	-0.754185930425312
-6.456446384336914	3.432524548365315	-0.5516285558364848
-6.124983761766176	4.386211571518035	-0.5237010274426643
-6.932243417553177	4.132743977100203	0.23996290826251226
-5.964564857266192	4.644984635232039	1.0725260479316088
-5.569968492603823	5.216028116325035	1.1294116992974748
-5.665839249599267	5.442499500486677	2.5148609757106897
-5.642103932128778	6.752748622458889	2.367923423790692
-4.450329463379789	5.952874356421947	3.340463017038262
-4.156678282224358	6.319068466147838	3.3731377762472983
-3.1434866306855413	5.849114088260345	3.6927253446224393
-2.4910587009061134	6.533238912306577	3.2555424859272937
-2.023586367806994	5.553429923273992	3.466924756763338
-0.3825015974495882	5.619066459501596	3.545491830585622
0.3384699029508176	5.6416555171506095	3.808475783603941
0.7149609499284996	5.238931922522189	3.644611535359673
1.7275050457902719	5.360075426909252	3.97085917374746
1.6574095727795075	4.893478609779074	3.831715457408414
2.7752854693409708	5.392616133402498	3.784144173962895
3.292470315052749	5.356724207145328	3.4274586265047606
4.624416145983323	5.151377265315842	2.7512503752894313
4.410245225963463	5.474398828587773	2.212084629529319
5.298002589282154	4.847504289509499	2.128482461336981
6.160511542054449	4.781229191744613	1.7608089564364917
7.031628822262222	3.8646198943008008	2.317218789449157
7.085639537900461	3.9268329444327095	1.516569435820102
6.444254180448729	2.735915670236612	2.600166720448961
6.856524528123066	1.6229825601468628	1.456106108405712
6.330859633696333	2.093698704141702	1.627094632830014
5.907423076916201	1.4072362851121114	2.080576425254826
6.075163648956129	0.39482534857796836	1.1522673373479386
5.344056574485976	-0.5118711042936129	1.3575497920549087
5.230363597576673	-1.3198185990362605	1.2676959935465637
5.3448066299609245	-0.7899038091703676	-0.21966642701024436
4.849757304629243	-2.3324003381099923	-0.3506883570623054
5.455716724990133	-2.8732228347768523	-0.879606871916158
5.277806844787124	-3.2609671081051514	-1.5344643687105286
4.911999680358196	-3.463438038985072	-1.301313165102178
4.877797032330378	-4.988304488536095	-1.3421569450263209
4.40793385664395	-5.508214640107503	-2.0607953408275206
3.861799831222365	-6.27396315343945	-2.0350471976137756
3.465061583509676	-6.7116711490846	-1.2210885595709429
2.388050878826176	-6.502373835864619	-1.99160080656916
2.139976579984295	-6.811166598326496	-2.1213183119143837
0.6115351011195433	-7.434123090441255	-1.565508628062775
0.323418387319445	-7.024460085630576	-1.8531242027133947
-0.007667233211044566	-7.414899069131613	-0.9361868092999868
-1.2469748190550514	-6.893996268951097	-1.3729068407466667
-2.279555164422317	-6.660837728827444	-0.32155026684302934
-2.9846036805381075	-6.373212148700648	-0.7867468978047776
-2.3532075504387997	-6.415527610948812	-0.2659333963352465
-3.6476194076736346	-5.482287416076297	-0.14906268834612957
-4.110584267439768	-5.069472470722963	0.654943359366672
-3.591544178990314	-4.585786907460249	0.2810550196542495
-4.750162495319	-3.178382681008417	0.02568959732860298
-4.4938727945608266	-3.2148547098880753	0.9373063928920813
-5.119443145730769	-2.4172113842370395	0.5608854661449285
-4.974692578463485	-1.0350375320490957	0.3973053165081068
-5.035690815239524	-1.046666504290199	0.9378429914620144
-4.565026885534595	-0.06838791220249091	0.20243920129295073
-3.8687114654693455	0.37818420371543926	0.9593115066463933
-4.286751066529401	0.8571835953736375	0.7066906682529548
-3.2379178235975585	2.012678023306108	0.15111921245871163
-3.2531118283872154	2.116426491806625	0.3786469703919082
-2.736439071372389	2.6221002867477035	-0.6579649775517381
-0.9760597953451502	3.1266550151209063	-1.1350281755983562
-1.6657718151229706	4.464937393206641	-0.7228774848354165
-0.2909234069561064	4.154934827142483	-0.24339588450858352
0.06432767563011699	5.062938470085315	-0.042772416031790716
0.47174463636447267	5.963207918248028	0.20067904322338553
0.6739591410418336	5.663523651089777	0.09581012571373662
0.8541188468028587	6.459960611554488	1.2595767450082669
1.1901789819946773	8.017477771300847	0.8913730185069645
1.1462370450583412	7.53584062545269	1.287208966729675
2.4906862118469024	8.136496993377984	1.0236132102348368
2.1092222292047365	9.173104084422258	2.370091856454417
