1.066632102179169	-6.7342763312560745	3.266070610148973
0.43890742382360437	-6.338341115771725	2.6622323807011634
0.3616342003527993	-5.814391484893902	3.6822489970355115
-0.5328452745500283	-5.1012679249959385	3.2593462009247327
-0.839842038050201	-3.3865329418715664	3.2110634546126846
-0.2756622817372698	-3.8281188104008623	3.4576690501593177
-0.6696118058735667	-2.4351374084954323	2.584307308581972
-0.5559986005588273	-2.207042984980561	3.0970532618642728
-1.1578976709514854	-1.5027065900049956	2.584156312879318
-1.3037797330222864	-0.4264025724053764	3.162737847527631
-1.0917279620229494	0.2226254665119356	3.506004146423101
-0.7638021619809918	0.48218001236000674	2.92026673537669
-0.9928373110081521	0.9936582791346498	3.243266160427489
-1.498259393156584	2.4749077662315155	2.463354463255902
-1.7806291474488751	3.5325394143217057	1.967214039134067
-0.551475771220191	3.2718496874771286	1.8174702333876558
-1.1247861898195333	4.121833814274775	2.1222291529763635
-1.732154311080664	5.059954727378048	2.362892430911197
-1.4374391012572185	5.260085841627921	1.1647715678874897
-1.0207824208117942	6.028072767897072	1.0427210936048992
-1.6293579886676388	6.385644985270492	1.3638319331473987
-0.19042290295775843	7.201692277980285	-0.43250358102313985
-0.3465967649473721	7.734831788021992	-0.5339999837537018
-0.08832524792722818	7.507816764280636	-0.7955925709622467
-0.03784639602492526	8.893202899380631	-1.5049444643247303
1.3420856404815413	8.574394823218952	-2.0988114718381925
1.6101705164843352	8.316355675694375	-1.5448397529217717
2.9041489567330507	7.265258433541358	-2.106465805748398
3.2155496745128715	7.475596922642063	-2.655751116302698
3.6786456897601165	6.415241961364896	-2.221342920430714
3.752224566212915	6.970513675430196	-1.8739474813190244
3.35796012735764	5.620197375264363	-1.245256736848677
3.791729833112062	5.448335827971812	-1.1012453687175796
4.21546512645032	4.851869454896818	-1.0888196795832392
3.5820859227420008	4.207546182479565	-0.13728805992202087
3.069936226808327	3.5578674538800006	-0.21057214077964798
3.0474504250657657	3.80661071174412	0.7701840047808357
1.6756224754978424	2.7587150690205733	1.5072166295390077
0.17302326257289347	2.622379354934761	1.8302532011686636
0.1969260211434506	1.4734571845065665	1.8656312388061924
-0.3607145002249733	1.0012699857709355	1.7697287185674622
0.7856775432836457	-0.08039731342937362	1.6660409569583168
0.2864736902144183	-1.3119050141404744	1.9161806165333082
0.9669418713231648	-1.7595436612899829	0.421095350652482
1.8441275673159903	-2.5793132933964182	0.31886861669949007
2.5633538195903425	-2.4668873786699477	-0.3904886608364929
3.4380749668559547	-2.5308724521398362	-1.6550165743221175
2.775329068574219	-2.0086016705506378	-1.5650735167372545
3.558382567436803	-2.668234935636447	-1.5302969519414398
4.182366080999917	-2.480393505177754	-2.0560909738949444
5.197802810114305	-3.601013905676841	-1.632563629105649
5.721067234684625	-2.9232608093511274	-1.8114093266237614
7.251898822763364	-3.870359450538312	-1.7733224714265858
6.811794042069196	-2.9580611508401713	-1.258545426297279
7.254130407486215	-2.7596065743812606	-1.0866868465161403
7.4444338716113405	-2.1989189222382834	-0.8134530403396889
7.858789488514602	-1.2112445214129257	-0.05144496649163788
7.953364535327445	-0.8601947459442219	0.17787318375071198
7.6963732031769405	-0.5291988195849384	0.6213231367820183
7.724346861535436	-0.9290338146501669	0.7442907645678134
6.158273339217853	-0.1989614590008354	1.8960661433338082
5.58012181410118	-0.5595932433459029	1.5268923665553464
5.84290709000061	-0.29431542014692047	0.12220104976962202
4.198822732598887	0.5267637205574724	-0.2939132637848954
4.294052180719695	-0.12153240009208915	-0.8506342644992968
3.273291294930293	0.300698730204274	-0.7765570739431374
3.279425497910832	0.7838143855976432	-1.7998759910545776
2.880826318041009	-0.18897160065533236	-1.8740266461826018
1.1887564610414034	0.07262606994299603	-2.1703331672346167
0.5163363603710363	0.773679578067613	-2.348089950600424
-0.08146858516120059	0.7007519663879557	-2.608522334443336
-0.8938046814951858	0.23484960919024972	-2.2646254139335884
-1.9381911427278948	1.8057482464627808	-3.203303241245444
-2.4365516866025354	1.1293863696566806	-2.646578074430655
-3.553844656329329	0.6026996916437808	-2.831300150458843
-4.184247390127306	0.7932898062208884	-2.952632708363921
-5.037573132142044	1.8427075274906226	-1.802767719609083
-5.326138895845767	1.848576723397136	-2.2628818853995387
-5.360362148514235	1.8659821690697274	-1.9897663637025773
-6.144322788339181	1.8255688939210615	-0.19692506034695745
-7.0597519177623855	2.3967814100157265	0.1948066282345582
-6.776455709907157	3.31095316978487	0.5419306746212433
-7.7492764776088965	3.742707858633496	1.3698582540109712
-6.586078815366518	4.577144615506461	1.0639746674504638
-6.758746462694221	5.869985954429729	1.0189574004680382
-5.265550963720674	5.32356722208686	1.8630541594799086
-5.191711496222047	6.082674280698118	2.6219548336150744
-4.024648264018919	6.078133190960432	2.395137254573158
-4.424627487193858	6.265427230239004	3.676346340211498
-3.604783738206234	6.0887349353351405	3.2637541789016997
-3.0716673616156025	7.083945673422889	3.7074710410874414
-2.1058027824710206	5.757391242859623	4.258312112035303
-2.1997249485961197	5.162715705376882	5.661479493534507
-1.8712923562992765	6.04301432805857	4.935447208397979
-0.528050155502324	4.535328713213976	4.812187819829748
0.00970452749973233	5.085509644635048	5.271656901826543
0.7981978045547644	4.64662863356229	4.651614670152615
1.591310304848311	4.845005379932005	4.730971422971044
2.599979064340027	4.003593159136167	4.968595158176745
2.7872566584897815	4.336044906415838	5.090299585553755
3.5376475548052717	4.758811935916668	4.192824701184852
4.585433737324607	4.821304034600651	3.472259558881671
5.596598180424037	5.026734627399356	3.231027961002564
6.2490176572153855	4.705579710470618	2.822828545771543
6.4861352141427115	4.457445172825777	2.359356115430323
6.40699019294226	4.083940927532643	2.60798716521802
7.031198562112285	3.447399372067706	2.3680871010145905
7.484661844857324	2.9315648992716463	0.8601880307200198
7.260089791353584	3.356631906732154	0.9357549601014481
8.103788933356535	2.60153614988538	-0.5305199420381752
7.009116034491592	3.025207120719667	-0.8320619416651622
7.35553275190424	2.0182967532322245	-1.3221536350791037
6.616994513806494	0.7954337011012802	-1.779218427003276
6.710542199456945	0.622776186904384	-1.5752683723614171
5.974225812400388	-0.568852347344747	-1.6070896238945802
5.598874199290664	-1.0264744964407406	-0.8768534236522053
5.341066160893398	-0.7368332857203166	-0.5520919004533531
5.342069005861211	-1.7997712316906669	-0.3670917031887257
4.8414982539449	-2.5180780624040535	0.7837883015195127
5.530769982845107	-3.1574872322891654	0.24396079606572615
4.57173153215847	-3.8581712551090757	0.9117121696031245
4.2833155454282	-4.130016418507351	0.9634093973648705
4.940721593770121	-5.43679700544771	0.349441246428594
3.5244753552835357	-5.7607773583023665	0.17785848692492842
3.1059807182207066	-6.140179276617337	0.25351617253808084
2.5220541340575684	-5.203000514458619	-0.3076766349497029
2.251845282138765	-6.559611949391676	-0.23130367172355037
1.703539913041534	-6.288950372036737	-0.08393434348215334
1.548437778395741	-5.956238875762762	-0.8513849163094132
0.22437710287025003	-5.321364770573054	-1.0375735036772153
-0.9416291979826696	-6.022368678816061	-0.49055040532768723
-0.5658895627579545	-5.547707455762697	-0.5335851376036107
-1.6266768916168184	-4.381328473811536	-1.0310293262913937
-1.9093209151123274	-4.965029829768772	-0.5388774649756354
-2.197245476951256	-3.7560154976013265	-0.5640373807172734
-2.815441250035565	-3.1456787162718944	-0.5493427561785955
-2.747561837468318	-3.472529797982987	-0.7601055443944931
-3.587796495309932	-2.5853994061830874	-0.5463771201000327
-4.002168827020567	-2.015796541188355	-0.10748667148003238
-3.7133510091580684	-1.353712660756793	-0.03204208099086686
-4.129405044171994	-0.29625894407746634	0.8024176670437908
-3.0964567122564928	0.0004957479476433435	-0.19073200721126637
-4.063734803463829	0.6499299042935625	0.5375474463964637
-3.4986428887654504	1.7639661986603081	-0.27797849022791477
-2.8627385782857906	2.6496610958112514	0.024440892340611642
-2.1007664311141845	2.6502890166766915	-0.366307028000598
-2.0932545508561504	2.9971760672749204	-0.3403681378552261
-2.0940631441453066	3.675889123727579	-0.5319899171911042
-1.4002376644505683	4.273044375637754	-0.7607565484429814
-0.6002349251148488	4.411860239722325	-1.105946498374008
-0.3009464696845859	4.864089034301225	-1.33100068796564
0.6334934181267419	4.941756457862358	-0.7506075087578429
0.8124739150539142	6.0175875636545015	0.09359742261182002
0.7711484184240116	6.820641100071107	-0.06407031388295525
1.862597281471825	6.0269431794820205	0.5410973816633406
1.6665500530616084	7.272896841509249	0.8132494365266729
2.4635417928757493	7.148292837612309	1.6112546220947208
2.7877435276117164	8.095145969425543	2.3076762265624176
2.569444892957482	8.493268462063364	1.8240193378171594
