3.864819059490868	-9.282441128229237	1.005356344471896
2.880787665175766	-9.314208484353859	0.9793618806587411
3.131615182539023	-9.375526233504292	1.9323816406439507
2.6729622423049975	-8.38288477337671	2.139779805096361
2.5487687410818696	-8.610112047401188	2.467626791809977
2.3449446127686246	-8.521717875837147	2.3009217808986335
1.5342893308742769	-7.900654763078903	1.5433021765266715
1.5654883279564542	-7.347468592765486	2.0330303340011997
0.7933549629274526	-7.136323653460766	1.8573516059354218
0.40073418230295826	-6.418615533632985	1.8458780269832786
0.28356647806996094	-6.403958101496887	2.360541310311662
0.033216428482127885	-4.573293288521452	1.8528618273681072
0.7557415347887166	-4.984289971536677	2.5818963832358586
-0.08297922893371523	-4.886194483614097	2.364744583891936
-0.0665851393515891	-3.953722040827699	2.5018670319713894
0.4819465906730031	-3.8218787639015175	2.1878112352231387
0.22488648585672794	-3.4348552530451686	2.815423813114973
0.012107452085484305	-3.1353917550492656	2.527625112880225
0.862662587539774	-2.581108707618665	2.7236931573511756
0.3815774516782865	-1.5300711594404257	2.9048785666592636
0.8257565247466365	-2.1242873556442357	3.6137730118152627
1.5400788243562258	-1.4537746035934196	3.171834946045334
1.4452217647511971	-0.9134167193994134	2.179718736196053
1.677910969694795	-0.008083915986038082	2.666720479402891
2.1581639383797864	-0.3828463220051113	1.975521317375799
1.8326930323299453	0.44739561616047063	2.628883755393411
1.995622671514652	1.1712137195217258	2.319515644438367
2.6068592091156217	1.207341947051898	2.2634120343516426
2.8936653517820825	1.3358409128185214	2.024655940067328
3.189795512066427	2.0014275947597633	1.1588945867177887
2.4554898707051223	2.0926477417525846	0.9829274471068805
2.920107916814712	3.294056175809881	0.876681378429481
2.459207400392182	3.3027502168724565	-0.22214336166413032
2.366432060254302	4.044812137860629	0.3087741361252882
2.566885273243003	4.58922690562061	-0.5759661593170609
3.339828425533712	4.593078761367563	-0.8419230621202491
2.4023663906160393	4.5248696203447745	-1.3021678351354018
3.09130112483438	4.643895281881286	-0.4559945167592654
1.9821995772600718	6.144403821053578	-1.0400440249072171
2.015131922829397	5.721662407091827	-0.8538982848438206
1.2422445788351888	5.5156920686929185	-0.9169849868576547
1.3967779956531134	5.596549515408865	-1.569833132459889
0.833572968447964	6.48152116332745	-1.868867083410234
0.5584321042774134	5.864968804337117	-1.9043729280672341
0.7585642095477937	6.140621563756648	-1.8283037341556994
-0.6470885611133983	6.261118460229472	-1.3776224239582286
-0.1958293266796889	6.557963982778701	-1.939100620980728
-0.3396243292302007	6.482462778647339	-1.0293917923531797
-1.5806889292751003	6.290383479224254	-0.9911035302275417
-1.776199606109132	6.149380154328715	-1.3116717109719653
-1.0995785509228213	6.490812354974661	-0.2656417050893649
-2.0554740553698014	6.125468412928784	-0.6067425632149556
-2.43779483234229	6.648676811623693	-0.6405121521037622
-2.151205402386222	5.655961020103312	0.11527323908781506
-2.439842165805199	5.802626047137705	0.49908357246209234
-2.4735469573812976	5.722344065292062	0.2901457316774049
-1.5096992765466053	4.598613922900888	0.8832072326952611
-1.51606338263742	4.526658823093708	0.965293836259467
-2.147859340549401	3.814770081330277	1.5975496953164678
-2.0423636871241206	3.911278701246832	1.1193890220445832
-1.9676870849200052	2.8967213183866427	1.4235360367513186
-1.622455988212475	2.8623233411051756	1.813849019936649
-0.49982258105808897	2.253306550321474	1.3296622730881351
0.00550946577159972	1.501170734018343	1.323532429232492
-0.7117586625421428	1.3828040244039281	1.780293582189835
-0.32253038054087113	0.8247710517143352	1.3521977723742606
-0.3844243542974457	0.3707801887902452	0.2812485995268526
0.537823774945498	0.551549150523795	0.1573380586408461
0.023705450799735406	-0.164244652450394	0.26713534134044126
-0.34963243701963936	-0.7377722632211221	-0.15192743161601208
0.65345185883832	-0.8084986640735037	-0.6500488249995617
0.4258774384157815	-1.1661006668014369	-1.2336381361893376
0.04658540692278129	-1.5735560066250067	-0.23485912553220656
-0.16797232301341458	-1.6547265943002452	-0.7336349564411556
0.9512894889709756	-2.599492720021454	-1.1125460641712577
0.7229756877012747	-2.4077606086453565	-0.796187315097074
1.588346881980697	-2.813128986687883	-0.9813153440110237
1.9859988118366059	-2.677572532829239	-0.8186087165630971
1.4027898706014212	-3.0975671858468394	-1.0720695004046152
1.8362784934359124	-3.6681230992392204	0.2707822568499355
1.9438890869392136	-4.035299507676693	0.9890588820589363
2.989243140693182	-3.9503059880884357	0.7890499461719817
2.6891863892538996	-3.725464182775598	1.570508216638148
3.7065053349151804	-3.910921962071989	1.0429154671217513
3.884441218357261	-3.9038454448009947	2.064920604712241
3.9910461201810943	-3.3343561124125722	1.030411379575619
4.795035184675559	-4.049767259765186	2.3489893303984566
5.312299574081074	-3.60239349466715	1.306718457051378
5.988783396685238	-3.727644187748017	1.7570475244675918
6.154927614555459	-3.7019804648046364	1.5599459674319194
6.234923406641735	-2.67305008197351	1.0365154774059666
7.313677268151638	-2.1192055869210256	0.8573898064292158
7.342904938293048	-1.6104520636855582	0.41895291004373764
7.036743713524735	-1.9765110724604442	0.12868197075654364
7.921692916125101	-2.0021602884221217	-0.010379894969324344
6.8794756743595205	-0.7135035617294248	-0.1305780741038869
6.800298023558441	-0.9372929683441735	-1.3569550375398411
7.315036330081856	-0.7339289206645048	-0.6899505175057354
6.330818137521525	-0.48194901015675434	-1.2975811461749647
5.955344530680376	0.16631042447076738	-1.7087020115287457
6.282167310401126	0.11719525249776426	-2.3977719619595326
5.416266515868497	0.5090091293800919	-2.6052866641040673
4.765407544858843	1.0610616596720164	-2.367872401398796
5.050581410262467	1.5201053064230865	-2.404338707503325
4.463617834086371	1.8605744839680292	-2.541614928751467
3.4798350016992163	1.9756820517587868	-3.1254328763665575
3.333947107795445	2.6986567563739907	-2.894561435245708
3.1554939381735876	2.3384566358697105	-3.1182341726138536
1.5057691929290258	2.5714340096226422	-2.9890787479747676
0.8046360210992183	2.6391006547546585	-2.629496794948257
1.4161302564371994	2.1044181849999117	-2.9418046146945693
0.5674428492302603	1.7148105908844131	-2.9805746243007825
-0.5342963908572403	1.4506656489388698	-3.3637162051332963
-0.7582845340421347	2.296008910493218	-3.104081639426313
-0.8716756437429853	2.119354246966471	-3.4202144866999493
-2.1406938002038385	1.5836408453051478	-2.574635690653436
-2.8724044408206555	2.1512081167489425	-3.049391806203906
-2.63059451444172	1.3026150077900542	-3.2637930732790537
-3.3468746954415747	1.7134628582106353	-3.2003801611312555
-4.357711579429819	1.2921262761920216	-2.1329072211161266
-4.5943649120616445	1.6562088063246045	-2.262086752083609
-5.0263658918014915	1.7270983267379907	-2.1542614910227913
-5.577244695433056	3.350528369704695	-2.610932741642605
-5.2879017574417375	2.6085012474780758	-1.255399471602689
-5.167758486240753	3.2550975568370006	-1.6237484863960023
-6.156796233656842	3.4251019395954057	-0.9003204370690381
-5.695273476711153	3.8183870560981292	-1.4236542933485674
-6.329783226616574	4.505524637290345	-0.7010384267108782
-5.691616328229178	3.837538696655198	-0.5533952178840327
-6.270309797348039	5.050384360952483	0.0068478585765878175
-6.061800727376132	4.850659407479384	-0.002279079737215084
-6.209446635220165	5.013747950540042	0.8765863464271861
-5.307546825254793	5.615741330742484	0.7166581023929157
-5.57757284308132	4.940724334873275	1.4469492334331615
-5.542691015013502	6.0876895791130465	1.8040375398668167
-5.297555224495337	5.635596800206223	2.186572490037919
-4.84443458058906	5.8860895232048644	2.6575188011275284
-3.7903805706556435	5.2858763363103805	2.6693333176103917
-2.746996302969899	5.921524562249744	2.7621872921313178
-3.137118614006486	6.402564291295744	3.3571416766496704
-2.0012419375653643	5.988144876624908	3.272550732665374
-2.6321026203964912	6.34494994855068	3.5934504620237018
-1.5087486489018327	5.44828511259402	4.208709565467543
-0.7093814416478645	5.884521642470273	3.667498818980424
-1.2860615109964482	5.715572080989854	3.3781800457704887
0.3738031011565951	5.4500063871417925	3.799347901444769
-0.07943039953745062	5.871861233475509	3.6948133007056323
0.18016642700207572	5.2390530121185135	3.4545210351102478
1.2017318711643723	5.046531648397325	3.619148028809313
1.8460208733736594	5.3667343116748505	3.2896620126686256
1.6598895792590758	5.684354232697855	3.7844941331023927
2.5197550183111117	4.945605598264993	3.737704367439417
2.9491860847790887	5.570049441826398	2.928721767437389
3.536030040781022	5.428471148235966	3.5671336808099428
4.0248271918518235	5.118914435918664	3.6827783560649814
3.9695612206757067	4.70861553356738	3.456471611406192
5.654057887898357	5.2878416361283485	2.380574764633268
5.612619407505764	4.504812807039694	3.178006869193883
5.367172251662813	4.806960465933217	2.28117039284783
6.071740476303531	5.070414138674827	2.0132863748501406
6.402487924266093	4.549642289482068	1.9034702320457888
6.541649057598413	3.5519161360493463	1.685668185272003
5.800649349338605	4.372611966220567	1.7074464449477371
5.815617122925693	3.2611709106356654	2.855631896536064
5.315309691799318	3.5149846974455086	1.8998398803800363
5.599912318076733	2.8254791040850544	2.285589974958877
5.168888787569456	1.7123056457841588	2.8716888165027816
5.779780941159444	1.0435683532749254	2.013213287664398
5.494055977381657	1.5901418211753817	2.1371637302010518
5.8138271851029035	1.0832468085480211	1.4553889200640642
5.266241066665589	0.9065838462503653	1.4801237465569481
4.310915960931116	0.3638857345719204	0.9412051504879739
3.9932546215900175	-0.03781518450058163	0.6331804801423258
4.170950334023769	-1.5773674505085342	0.9323426936606332
4.468978997516347	-1.6068083769675434	0.6176965189764987
4.235092118307323	-2.1238566008213913	0.4057753084460461
4.237670333224219	-2.185986141433822	0.09975482321731999
3.636380259426359	-2.817157068394091	0.061613572523908644
3.8198455474979274	-2.65786066865361	-0.418362901430533
3.4486364898053226	-2.879214036916851	-1.1828948965264185
4.004200703356648	-4.259649292417414	-0.6330180356418775
4.04915758704243	-4.345952633005258	-0.8680424134381839
3.103740285035322	-4.157914547563059	-1.281103808029997
3.4971477881712794	-5.007104480665808	-1.7126085785170302
3.3774958399223554	-5.449206661129162	-1.8265025627322355
2.5072342767548044	-4.686715911675824	-2.0156548506943945
1.7275070166303501	-5.019641826365199	-1.632344315301438
2.222841449119083	-5.593453121572788	-1.8291846379460417
0.9838722831074742	-5.337348321315395	-1.2027254890404733
1.4528408529109167	-6.0100356652777265	-1.4791851443594333
0.7161549105934841	-5.658556306676729	-1.5923218733120184
0.710706788466462	-6.579697357280481	-1.6427954120368318
-0.7164398810020215	-6.82811923698843	-0.9249091870083177
-1.0185649188244286	-6.5118256662748335	-1.4205125331010287
-0.3206635025733007	-6.60090623286184	-1.5181759456645816
-1.0236392999105273	-6.514375149051432	-1.1962930583931377
-1.9564880342567812	-5.607095546873115	-0.9189816819347929
-2.6682966089831384	-5.672752020978754	-0.9159255212813722
-1.9659016472114295	-5.855783168278058	-0.6609397436058913
-2.593668677060503	-5.157537694831191	-0.31676617411422403
-2.7296618493112486	-5.29523082655756	-0.7305463430190713
-3.3724740512057814	-4.763656224053701	-0.12881474934675208
-3.671983909391698	-4.873393519056356	0.5676140988002896
-3.19584079728444	-4.137911388530716	-0.3688092814002656
-4.278331734175847	-4.08973047009867	0.6719475586460706
-3.3600550410108516	-3.233061246333518	-0.26461721642056457
-4.321064593457752	-2.146068389349081	0.1413407357515992
-4.866852801240255	-2.6992295957033465	0.6642154507815878
-4.222957699312437	-2.5312020343512907	-0.04265259650691317
-4.481441413311565	-1.6892954984462567	1.2158082525608185
-4.42323760194891	-1.506748459420556	0.9293499142086459
-4.200153843966439	-1.2948466211238665	0.7450835842253011
-4.499401783048249	-0.6849243415385706	0.8866100738817988
-5.106806544043759	-0.02089895443719547	1.2584549652718244
-4.426883210780191	0.793264974128888	0.36045659440805083
-4.7268742722748875	1.482951546784762	0.10417441296967231
-4.297445556231561	0.9485219320312678	0.25643624559603395
-3.5533423874459293	1.941420762172371	-0.26973573475972196
-3.8341326116174397	1.760944983372255	-0.12072307004033189
-3.387756303602865	2.076275962744056	-0.38414889048137
-2.2607537135620466	2.85095580664132	-0.3816552257297663
-2.268958576408148	2.8545116282187943	-0.2339039067146087
-1.588603931317655	3.7759110510103726	-0.7872912729509403
-1.5239198157504026	3.3544301157212173	-1.0821844543567352
-0.8018890474857505	4.709925975325695	-1.0810521988788804
-1.1774311113114726	4.561437129013695	0.09960576403398425
-0.4658734179042708	4.616477571565351	-0.4712602387892929
-0.2758149189590145	5.730434643072626	-0.09554243212529018
0.20472934961765682	5.795184784366722	0.6874439452903491
0.1071647562505364	6.37350289718309	0.8472357010074799
0.0764971643249687	6.644643014337763	1.2553259794505354
0.28569753195855785	6.522492943705176	0.8256197958560407
0.7088610422392163	6.718847935796062	1.979835916646108
1.4768675627176457	8.043857253248756	0.973284151434957
1.6467363518127331	7.984436126114093	0.821611564906015
1.3070557077273888	8.513356226970568	2.2131121127472504
1.5716454366304706	8.398378053748814	1.3124750821821185
2.6342944288600623	9.063713308549918	1.76643867198474
