4.14017562504489	-9.201662152707506	0.7015041147008048
2.9016472256530883	-9.19090138796898	1.148331666386213
2.98812429338493	-9.103178381826616	2.2677135744435137
2.933397191438558	-8.223281445265208	1.49037536221141
1.9768083059092647	-8.425706379119749	1.5724967515393051
1.6932595266247192	-7.206990335746708	1.9710801581672426
1.8087970636679909	-7.632166333257598	2.4788067473634703
1.3919423574578187	-7.060231579878594	1.831414106143288
1.0441435886063588	-7.236442623339855	2.4067601029246797
1.1378917272241582	-6.643910568788458	2.8523338960326714
0.3168198675274101	-6.438244939342319	2.0951906831071527
0.768518904223515	-6.294413631456287	2.734391663004238
0.19596047399028482	-5.396150542109488	2.1877022325645314
-0.2485807537404312	-4.397081713641415	2.3000126065910993
0.20677655759079389	-4.059245705539563	2.174933615501479
0.8762253215576588	-4.191878918620763	2.423405029537528
0.5886459933662804	-3.219926621602049	2.829032566328608
0.185332933138659	-2.9799528045408668	3.2543550132870087
0.6745860751039405	-2.7011266615061866	2.987214291718455
0.9526920686594811	-2.377852062019829	2.694534056550981
0.5844070823265125	-2.018563548703618	3.6091085094071955
1.2958806619019096	-1.3612388371046684	2.750925743404927
1.990723566870113	-1.2750975492782024	2.630227338448289
1.3652460746242796	-0.16750332991020989	2.0727459559106247
1.7601369738567165	-0.20466796133589105	2.583588096579308
2.6421794053025267	0.21430445310343943	1.974276688043455
1.7595990088333369	1.535764912089853	1.6415789561897105
2.8069636088000034	0.9282431814987425	1.6428984573784657
2.587820463292535	2.057700220997823	1.6491341718989716
2.711220249942996	1.8112898177984422	1.5481830093428868
2.443934880330903	2.0317700363956046	1.4427153459807482
2.7470126793065552	3.0731320261963093	1.1751715184850557
2.708067045058917	3.3775509925047924	0.5569613135953485
2.71945461095021	3.3171281354454853	0.21692458435031903
2.606156877969305	3.917799405606947	0.18578454874913874
2.6788447193605696	5.3933411675483285	-1.0541920898495014
3.4118066582858635	5.380232965606724	-0.6842533425231806
3.4015344130017566	4.948130442743243	-0.8502068916268832
2.345702458073917	5.376588762520279	-1.1138703938930723
3.0233347652356852	6.794709740586411	-2.057809363361338
1.771322098475029	6.359337537353698	-1.5213164257663165
1.7624425780254014	7.3552628605902335	-2.248917231866807
1.71413776056144	7.35532157590286	-1.5694497028800898
1.3170991944144652	7.658604941869974	-1.9442960459868723
0.4119564949425587	7.000360798421743	-2.193209735289119
0.2804227973865703	7.450838007442469	-1.1561131991989324
-0.6260172187141388	7.6426953762838705	-2.045863648833385
-0.3420106361175064	8.186140641826395	-2.019232496927412
-1.7329096969140694	7.213808277658145	-0.7074562374224342
-1.6879123029268273	7.348039739975263	-1.4625623991554724
-1.9266936384379796	6.658954215598206	-0.10661835456060231
-2.165533021399435	7.32259639621968	-0.22437734389410613
-2.6223387777276916	6.969645501213096	-0.5727726060558714
-2.6435378663922933	6.045372969509509	0.9812821843131484
-2.3270429183903483	5.947152753304679	0.13574192155547773
-2.355181861428358	5.053758891907151	1.299705199657972
-2.246152214125982	5.111038205311231	0.9100904578906084
-2.8193647424895603	4.083038103048708	1.9849512805404876
-2.34950640135299	3.631798794413705	1.3938121077197485
-1.6328914439284965	3.4365674845754604	1.6350254357328207
-2.0858883070661065	3.4607617689928993	2.2162464294556266
-1.4448172257902105	2.593115120996309	1.6960023676891682
-2.1628545547072324	2.657195288748743	1.2960014267017428
-1.9964886822375836	1.6245132527408863	1.4923517839002156
-0.9791108763860685	0.6510913880889084	1.584072850777419
-0.8970027404859117	0.37176429463633753	1.296415680894154
-1.6881061226875067	0.03135700852609574	1.8076760870150965
-0.26740993534261337	-0.26658051607076116	0.4113031600151356
-0.36387309632835074	-0.8234252301875046	0.06579426581070685
-0.6283174410929323	-0.42105282508624364	-0.4591696796794066
-1.04836398368489	-0.40220536440431043	-0.7856932184689178
0.283922863827618	-1.3512443039800859	-0.8267358068677232
-0.1988218443155375	-2.1764278470628646	-0.6128115822386181
-0.25651695569052135	-2.1919846410104404	-0.3776324821300743
0.9470627811012586	-2.280072051515661	-0.9711025908705868
1.1414044882693313	-2.76939740245917	-0.7205553761293135
1.609413601517009	-2.936172744567556	-1.3378185096385526
1.6772325864286035	-2.444071170263196	-1.1368464972073593
1.4221480218905524	-3.4271918485437816	-0.5528373236918362
2.3917471981911334	-3.5806458492849766	0.026952263096938545
2.008567790635955	-3.9708946273501518	1.084698885547295
2.3346928524555532	-3.7391802480083136	0.8675997443826939
3.3220496848272605	-3.6943742256110643	1.0703215742576024
3.6942861433722447	-4.18926218341427	0.8777188230766768
4.115098235855894	-3.461429690947046	0.9489598233094381
4.255465242175921	-3.9940376604934595	2.224296737919511
4.4856150745009336	-2.9083396745432752	1.1325940853762684
5.583776097290173	-4.143634294300287	1.2630075287904936
6.156782541902939	-3.964885620052082	1.1965571591838402
6.130773712874187	-2.6857381587420757	1.4947552173894567
7.054760184773923	-3.3788438057736827	1.7229120524233728
7.297037539401964	-3.086228598717639	1.2158548841525445
7.6930079654980075	-2.100977649527241	0.6954932171006298
8.178783838456864	-2.5567596400778356	0.49292534002402116
7.8470658124625485	-1.9807705523445887	0.01783304251107387
7.6809686617010575	-1.7987047081793015	-0.7460710482196693
7.185728612620684	-1.1418618270493022	-0.045814863377173776
7.2163586823977335	-0.41678430865287963	-0.6221708543954285
7.2816379329118	-0.12309803566628341	-1.5292308861356239
6.603417163846669	0.17973938068200945	-1.2777063513887401
5.540145530152847	0.11932335324843196	-1.1206843041778212
4.92880655118063	0.6360690093926205	-1.7336193401978872
5.094314371843905	1.0794128396620855	-1.9893979391657235
4.634284716294013	0.3517109749426599	-2.266391008949912
3.9280455593297043	1.344562049943544	-2.5252583218736304
3.4899163249262104	1.0625642686161716	-2.9182340023880426
3.20180554794542	0.6518898864269824	-2.7143368546358397
1.872449964229371	1.769981734593356	-2.606617746721919
1.79539672634395	1.7860644088966153	-2.875126233182355
1.9589839728258815	1.4410193259672397	-2.908582970105538
0.5121215604876939	1.3990077163442378	-2.5703660090571967
-0.29983838449959055	1.4238152754619984	-3.0032360618903553
-0.7622829755724021	1.2822188330046091	-3.2011122284855213
-0.14544146201136687	1.1801035496982124	-2.8995646748740795
-1.9007381707498623	1.953777205648346	-2.4964056077205616
-1.8431410437817883	0.8550171870462719	-3.251214071499718
-2.120140404480737	1.1572973576521925	-2.9870097186334985
-2.874849345877138	1.4461086267458918	-3.201386178200441
-2.8377907240675038	1.3911543684646726	-2.9728078264020796
-3.857266685911855	2.327987668879775	-3.066049283882686
-5.056894248737124	2.1511758759930957	-2.960645027602433
-5.122823487672088	2.7996494169308415	-2.346641563008263
-5.635140647731345	1.8188673902730526	-1.2138728086583348
-6.074643390094393	3.1476912665197716	-2.240132893735421
-6.131288893565465	3.28344851183713	-1.7643224665120503
-6.689911280667658	3.6561870738877973	-1.0335392827901564
-6.214172585500837	3.7351894091176003	-0.573429884949795
-5.881717161808989	3.3002121132057014	-0.3285592577140395
-6.842570340795719	4.184590846359308	-0.3140979704060321
-6.992884491414732	5.062177918683896	0.19959085519338282
-6.882585983598159	4.4842013436094215	0.1971939802920358
-6.107417992478805	4.828111255890538	1.129244477169248
-6.161726504952745	5.1567345394604045	1.4992231563509477
-5.485315892043728	5.256326859918726	1.645026966458745
-5.488927689953423	5.997502712814674	2.5464668721258334
-4.819610508279464	6.263065228647387	2.2083656986045437
-4.995814695939118	6.5681814617921255	2.76342152478563
-4.621870368145539	6.286412195780232	3.553397808822158
-3.797447682277017	6.604499553585009	3.548608995666278
-3.4539195588358016	6.678881129791163	3.234245214897241
-3.2204566468669724	5.814144374261061	3.9270889374696774
-2.6195845974358707	6.072659182228461	3.0974194303529288
-2.239490303657497	5.61037540340681	3.948896710739877
-1.4603657559858791	5.718186813975606	3.6145479184474727
-0.993462360003934	5.415968296176465	4.2032361640884215
0.1785055759651496	5.432692420941904	3.855536240659551
-0.28471499625526225	5.989448945229673	3.49450222291538
1.1522400618164064	5.05392182246939	3.4359503703655463
0.5914944973974958	5.377224733592005	3.705956157591201
1.5475099253892202	5.3655074918016314	3.127458237366772
1.9241843850387137	4.940132884828683	4.035043670580782
2.5433269986750715	4.831282335459315	3.904470069850561
3.2879721517840568	4.716007867216757	2.970893716942654
3.7856414123418514	5.079736378695213	2.861702259924217
4.476144573971217	4.888204934558753	2.758151793790249
3.9621304312609174	5.393700671611428	3.312597483718017
4.643790508632877	5.167833969157385	2.9345154082495943
5.138894284174807	5.002581043039021	2.2506472399110495
6.392203149032721	4.664322459812334	2.4353672133158075
6.254381714335502	4.586352627778267	2.425478887409118
7.267904025950386	3.9468432911459	1.6545813004080023
6.819475887753908	4.119638554640236	1.688337962999715
6.55016004906077	3.609806046304255	2.5020764960572066
7.222728690721508	3.2862225663889237	2.1664630179516404
6.768573310950831	2.8866210915599915	2.3885874180599886
7.332944934531802	1.8816827555116422	1.4712092328564141
6.331905049875593	1.3064368923739198	1.3813837753682336
6.635910775046951	1.9853127804117046	1.2018971031851546
6.256156860843413	0.5366284838830222	2.5224268898717312
6.704834447418802	0.18134573616780164	1.2659082876648295
5.9585636939454965	0.16204857640927012	1.6132898266566755
5.782293791305811	-0.49060917092854833	1.6301160420304945
5.81011827196374	-0.8754752616299732	1.2761644877633218
5.6303367944291445	-1.2530359321541853	0.7807844475658431
4.433052473963756	-0.962072291690864	0.7381922526190987
4.675686114389249	-1.4129750977290887	0.19630090310970238
5.099992594611322	-2.5273892402511304	0.14796060552417512
4.513604771316397	-3.0646879868954753	-1.194163135585522
4.608047578498323	-3.285273624768646	-0.8714201916888498
4.530144599714644	-3.6914734585520983	-1.7962707969630487
4.258448704489647	-3.992906481073126	-0.9567558401073786
4.427810099526114	-4.149425165279539	-2.091801009555576
4.341384435826011	-5.2248053934045044	-2.0815164509102897
3.8971376897418595	-5.283546210015892	-1.5432025676351202
3.8216661651153814	-5.792988724641463	-1.4353188527537255
3.3027605307323222	-6.031148911521859	-1.4290642401740392
3.0572076579321794	-6.289562734344078	-1.4095015297080111
2.760022701195865	-6.062174722269174	-2.0742004162588397
1.6150009982513536	-6.91942137012523	-0.8976259956542869
1.2348204410578398	-7.127650909554726	-0.7298415644473757
0.6247024725255799	-6.059522053199148	-1.7492374497643137
0.12611799868123028	-6.403593227208029	-1.5296995598722576
0.140677732724038	-6.753662219124626	-1.5166605970713753
-0.04687479194098465	-6.442483994945915	-1.1986397129610165
-0.6981222789874582	-6.645505374005209	-0.9461478475964162
-1.7474631247919257	-6.746752397035777	-1.4139925970775213
-1.6233636926230215	-6.14551167306799	-1.1078758375257136
-1.5534681257201854	-6.218290630492914	-1.151416172304002
-2.639810924504695	-6.268773668481437	-0.7119817034561586
-2.608957696346444	-6.49554984961958	-0.24124195286136152
-3.581224572800308	-5.590212104537104	0.5803611231941045
-3.8028449682879466	-5.785190738674582	-0.1394558447624792
-3.8423745208546443	-5.336522108687279	-0.18747145130118825
-3.7226824401874046	-5.036002814744756	-0.09367114955016148
-4.440459831201513	-4.17581893788504	0.7895991955225361
-4.80017068010856	-3.551542480418114	0.16766026545044072
-4.908782803249035	-3.0387900532395373	0.23627132347703186
-3.9856600175750474	-3.238908860903149	0.18971780141243608
-4.960068709264574	-2.4719877299595785	0.9007500086454525
-4.425213788929462	-1.9586447081864509	0.7002425146417562
-5.244245283963112	-1.8199332373422599	1.2444538680067576
-5.205901779809463	-0.9660344381571129	0.7781610655144312
-4.853034480364578	-0.5033657502510964	1.3232287827819789
-4.5597715191149595	0.0475443829072118	1.0834468653040747
-4.0123389511234	0.5501658882332379	0.6702037583120393
-4.396414800247182	1.247281673033555	0.29332053012827763
-4.295241436844243	1.2169150742214552	0.15986028416668246
-3.666818610086524	1.5926773750210215	-0.0744300160223294
-3.2229816352239236	2.6525941087025733	-0.6849332444087669
-3.129888100079631	2.16291947841275	0.14279880537336975
-3.0477453551585225	2.7705777470683888	-0.7897610039500937
-1.7129280336147317	3.4338252491376524	-0.7856426985812337
-1.3549671937404468	3.6978419645912597	-1.0575062025628243
-1.5690218844048986	3.9266753660023817	-0.47958748313592825
-0.8382913559938194	3.658670619352758	0.09426738681508828
-0.5942847702012644	5.0454636916913405	-0.7820448661486925
-0.01185962126138973	4.448083800531736	-0.42700674988912235
0.08942919056372556	5.170644062041018	0.32875238036648347
0.2213793772786718	5.370904767383375	-0.03769842360862491
0.029971112097000208	5.742757359951807	1.2588351671729083
0.6015083780800866	6.022965285801707	0.783601169450987
0.8374241850780699	6.663522121247952	1.4429648171678002
0.9585761553765293	7.197514732755862	1.1867047072706072
1.0227337074131606	7.678092860310512	1.7203752864492738
1.2308737799601341	8.19098238373529	1.4418363862235426
1.4415603869872213	9.144567136140763	1.616110192126772
2.3619999747307974	8.25481369719753	1.4733252332387745
2.390001110300156	8.560296273220454	1.9362858288587776
