3.807701209077675	-9.404370706785128	1.6415922462843948
2.758078292605608	-8.720915516271315	0.8060483121233739
3.7297359976376674	-9.037710883902527	1.2393436144460548
3.1501360647527603	-8.935845150668623	1.996172462663844
2.4436237094027176	-8.186063220774532	2.3414495671578583
1.9083351743726067	-7.624482724504834	2.177251730477034
1.8095152816265638	-6.9572614591128215	1.693612932745385
2.0695457747808486	-7.874182425221521	2.229731312906698
0.6307272554765977	-6.696730877091145	1.9156961666708585
1.414844085795618	-6.907051708541986	2.2510247184723813
0.3084721238167061	-6.361264820272079	3.24742194147258
1.1977467528092225	-6.320886348228981	1.9305297707849869
0.2622752469559646	-5.738098742686968	2.627993482285955
-0.056943268312488304	-4.8848234528241	3.307244693975368
0.06014080009850031	-3.980088229987697	2.333600599362545
0.1421718952406053	-3.3680120982437116	2.3935008099683346
0.708773948123752	-3.670236961175682	3.0313138085199
0.79393381290026	-2.667366615216456	2.595037965508572
0.47469217619060317	-2.2748289395540473	2.661176794181355
1.0165204025917776	-2.354183575529926	3.4353840865007967
0.9402558124117686	-1.5927636191106918	2.3554979582185087
0.9434490035098121	-1.1204880925196434	3.2625344892910575
1.4060490396628562	-0.15708242793066463	2.721012081353962
1.7377130172280992	-0.26942620713079524	2.6223986934232495
2.4306328157007444	0.5411985240696663	1.7608703883829677
1.9178722725051478	0.32595008124645486	2.6988219318860525
1.990587260072417	0.7660966078243416	2.491806107195716
2.8023908204509778	1.7876197436646994	1.6692689736840238
2.5383392119860573	1.620491560252106	2.1363580814081926
3.1281059242139886	1.9529484008415396	1.2044728277228431
2.9396557459552035	2.7179304541162224	0.7955781111680793
2.759807273223946	3.0095935498255098	0.0522927130838401
2.924202133284365	3.6110572736170985	-0.2453854917330543
3.498738872719934	3.4370051469203484	0.29379842886656893
2.819565532970873	4.040381043131672	0.4361175196096101
2.939394181025914	4.582280439389233	-0.7462168276093717
3.558310744421376	4.977131119074765	-1.1060055527166575
2.896107040137447	5.257765793845129	-1.1575529904112651
3.260359700820686	6.011246041279604	-1.917140698397801
2.7270766193761946	6.791642055883557	-1.5862718427902658
2.202634196632462	7.159495533674992	-2.2409451425155926
2.028980040709599	6.841711136179996	-2.3509799296919187
1.4365190169232462	6.675909408699298	-1.78052374738393
0.8500521161147669	7.185803919165576	-1.1283831863318894
1.0790721592346917	7.581785618331628	-2.217039418250659
0.4845151158773251	8.09703367369897	-2.372069368687621
-0.8180827876107547	7.4016001593188	-1.4420332183565685
0.10042623325976163	7.238140492998103	-1.786588602323621
-0.6717611290579082	7.0801324284184455	-1.7271226718267725
-0.9046393239590675	7.613242780335169	-1.2487021681927462
-2.1706376603215514	7.758011030624172	-1.200876474185601
-2.4616149423736364	6.90470911118412	-0.4969282118730313
-2.7051250305587806	6.2578815201999145	0.7097369615453495
-2.4698116578316185	6.787821515767947	0.35733296706155093
-2.8375225295038127	6.1425005576792255	0.021384442045034497
-2.703765762291023	4.970300134646601	0.9649362888773325
-2.2722857598154675	4.620532759481728	1.7984236926406532
-2.3377178654201876	3.939188190283286	0.9506856566824999
-1.7037125344183073	3.4776388589035716	1.4392444823064414
-2.2073640353945425	2.9524787938055246	2.4207615601736103
-1.9381274743434438	3.450256093166413	2.121995527334952
-1.2745059156596683	2.5481933170698814	1.8544296315959592
-2.028018598987222	2.1856225794866466	1.4707092354490265
-1.028382959312528	1.6539442451587043	1.3480611577848673
-1.5279053928644002	1.3517764284235916	1.89915158772222
-1.7068084777019468	1.2448720568181544	1.4365449731865443
-1.5686206684496447	-0.09521623176647404	0.6302108838974563
-0.4888627187230703	-0.496691348037747	0.294860162204646
-0.27803868582785407	-0.5128158084864174	0.0072885963055636105
-0.16388173652639315	-1.1677459445965097	-0.1955114394938559
-0.3484789561796311	-0.4811885794216395	-0.2717241821028975
-0.8224539843563179	-1.7013247242081673	-0.2653709938204596
-0.045440367190730746	-2.179395509637265	-0.9054674531080691
-0.1381377313288043	-2.317785429223281	-1.0371103123391459
0.9727133970380417	-2.6953735563223713	-1.0787256551290978
1.1324638820869828	-2.7827636847634616	-1.6577529372600108
1.0625651296429843	-2.918003843384551	-0.5733318177894275
2.041827512441081	-3.5595355020636186	-1.1053009315286801
1.9965485771997478	-2.760466347840797	-1.0215768846980586
2.6070526784141355	-3.8687664486988576	-0.5297261369286427
2.171656840577871	-3.9964637722880814	-0.009102527909751912
3.0686683705055207	-4.081649643823149	1.0062084448241513
3.1325066988316914	-4.195642721109466	1.5069743884323827
3.6741297048309995	-4.291770207554146	1.6732090905065173
4.170191816466362	-4.210912456370885	1.6120780268767043
4.750421856721944	-3.251363115813284	1.0082557834962347
4.56077599200317	-3.2976647780777144	1.6420354567486677
4.9773548309030815	-4.168624722574393	1.9209577769938484
6.441495724436788	-3.4459800008671397	1.709637766571304
6.566778667939094	-2.604232940591668	1.0376129053403218
6.486675658094725	-3.53346525593053	1.1720205849708067
6.996739537730111	-2.629086523214297	0.38131867164243394
6.743260138698239	-2.6441531650484147	0.12967086300481512
7.163372351017404	-1.6320704097226215	-0.20768614802146024
7.61336054408208	-1.7741390214027888	-0.22078776408965034
6.879832698191812	-1.3616570555362943	0.05964177553332184
7.633141256656996	-0.8396666617941775	-0.48431173395203186
6.999947364661709	-0.9367945752544227	-0.7728636376689402
6.287978574798921	0.24335695522080958	-1.6809816647843876
6.1652272155587875	0.6365587216157231	-2.190514910488434
5.919570680473955	0.21332626252974912	-1.3968470567925828
4.877034718068015	0.7149480798353532	-1.6059721476070687
5.137374818708763	0.7225709480215656	-1.955090724660096
4.534722857715325	0.9485096808424511	-2.060772708747103
4.131448100143557	0.815607727256717	-2.0081788770418645
3.9901171873134285	0.6873680288870682	-2.54946574906687
2.6508112880245345	0.7757334763811199	-2.9139731433604505
2.6157156804946626	1.596966413777143	-2.544819617077499
1.3000239686219988	1.9969621217427949	-2.7109133595939596
1.6953326343840613	1.3179446511200246	-2.5336578100995704
0.7393630948161609	0.9912274579353686	-2.0655547372094265
0.05642686354036086	1.7118150512572745	-2.592238087248063
-0.4949904542561669	0.9467212120461541	-1.9779709854486498
-0.264069508221245	1.2455558355027736	-3.206099259500243
-1.9424635760220965	0.9435256083239826	-2.0776859624199706
-1.617814268107544	0.9189525839588814	-2.597301356145547
-2.2720096094815805	1.6434803681497616	-3.398287163911931
-3.5003542562725083	2.1360977920708084	-2.991101531860245
-3.7183328701830582	2.0975434265338855	-2.9963445191423905
-4.121124954448525	1.3796960844179416	-2.9137164031286846
-4.726799301813785	2.130020086017852	-2.024797282651864
-5.1725734183476515	2.7268441712103066	-2.153157661849933
-5.004971884248656	1.9091416516041606	-2.1616082334556794
-6.265774220165435	2.9106600095220254	-1.8150018254667508
-6.132259252364614	2.8912046799230646	-1.751968719522359
-6.702769631280845	3.9383128698859537	-1.4244409682434576
-6.412394924857514	3.233475014012535	-1.0669720762735468
-6.9210348933729495	3.361810233924453	0.3115222885114388
-6.797056622651688	3.681207129582814	-0.5472026690368355
-6.72738029071711	3.954109657489703	-0.21414611439443865
-6.101859502500545	5.012601845819522	0.5666191254825356
-6.5903320132877194	5.147559069615315	1.337841958124178
-6.3414500505299705	5.395945833241983	1.1267382161010178
-6.093421429439169	5.671872485940017	1.3747476898733593
-5.296642557653807	5.352352664896304	2.5615195547264222
-4.857341174274515	5.922942070943616	2.3572295264623815
-3.977015441717241	5.922469373076645	2.3409219785305986
-4.768172206406295	6.7032988375516505	2.462029829589951
-4.2828769783094565	6.608765676756334	3.570021521476752
-3.3750288508383752	6.9871018017652835	2.9297281217870954
-3.3632013299354218	5.611655482103372	3.552870997083659
-2.569218712367408	5.905372572042064	3.493655665632666
-1.0835415565854585	5.803155503865203	3.6057983909616644
-1.2940009098984904	5.64874364559009	3.8043822341968188
-1.1708207297087934	5.6506419459242005	4.092503822241766
-0.2107010896291931	5.151542299765411	3.607519384695133
0.04107706840072539	5.864667534773676	3.3873893057488282
0.1821570463875745	5.432017320583138	3.870437989414383
1.2051466355838585	5.8551357969037054	3.625854901921244
2.1589603346197697	4.94331737831802	3.982473390037092
2.5946554518245915	4.9370667557655645	3.5773590480854
2.168343569095399	5.828675930004512	2.9020612235490115
2.904266510559471	5.171982999064146	3.685426753759707
3.599274770375567	4.995600086677816	2.8064071109154245
3.458395546600313	6.13459923121145	2.4947952825482704
4.529461545833049	4.948998031385978	2.3239934278043917
4.516111745361494	4.78471239860129	3.5644707349982263
5.827647870739378	4.528976681865164	2.2144077501481143
5.900977942232763	4.281198170840177	3.0286044635990725
5.976602267657097	4.702394215273567	2.3769021613962193
6.008262048846714	4.911580846139497	2.0817375570245296
6.20714738582693	4.244602014456893	1.8493821681142495
6.688971804857455	3.445651039813252	1.6569233844343025
7.014945539003529	2.8666839982358043	2.318623862944471
6.565137434286969	2.3046280884295953	2.1595594011105144
7.571603694401677	2.002283541366814	1.8257497639430904
6.470440533470084	1.345130692100064	1.8476643385343683
6.061595147308662	1.5849717376311374	1.6559354814214053
6.963706367974785	0.7994580013865102	1.2062398390589941
5.558416278041994	0.020903817312588682	1.643691770649276
5.7706407830673605	0.17992181152774628	1.9168028477392498
5.715986515069017	-0.5679747382471667	0.5925837323031589
5.570647183888528	0.003016954875032729	0.38115512301043586
4.661587231379717	-0.25799519976358765	0.2948343182647704
5.037570817082419	-1.4746979953194104	0.8884131124273287
4.840294762818507	-1.461584319656238	-0.6624265098824658
5.123087413872743	-1.877740054784995	-0.9062289025115607
4.457974216185264	-3.0362031542896215	-0.3522281268381111
5.588001945511642	-3.033227229832457	-1.2461662748379
5.059725392435744	-3.273875459286538	-1.4531324834087438
5.038125956634885	-4.404280213073103	-1.560952795672835
4.578544934989817	-4.961499110771222	-1.4270310810464484
4.202467434054859	-4.4061905746508065	-2.124730449404645
4.302906942731175	-4.7405425206087175	-2.2416326166459535
3.7572728316513144	-4.984876217225926	-1.6441572795468582
3.575060323674963	-5.610960325745088	-2.2246749069504825
2.734142921263173	-5.540504269071114	-2.2726128246053787
2.409561364302298	-7.017092242574367	-2.0109715074590477
2.4670095468237965	-7.172418170668764	-1.2080992833230697
2.200673225904677	-6.605354117295329	-1.8327468760544465
0.9781624554910597	-7.419661914343267	-0.7687698499676576
0.633005906170516	-7.079265749107329	-1.908919197074367
0.03255318518510952	-7.504433694004736	-1.5245039556493876
-0.6607672158058256	-7.188262239990213	-0.4037701974012373
0.012269664506298295	-6.9311339236237455	-1.5899184390778982
-1.4369519118249374	-6.0285682769353315	-1.2549567614998474
-1.5560740877050039	-7.180260677712389	-0.11707369614898622
-2.5298771962670816	-5.907933209860938	-0.501203738367249
-2.430877073208742	-6.577199675582	-0.2285274341332555
-2.8753265975746065	-6.070645891574727	-0.21147795093031674
-3.3098660906126263	-5.950046139058326	-0.6789353522179659
-3.269153794285646	-5.237759887711119	-0.2463462584266949
-3.992722720627935	-5.413414529102597	-0.1819841526732338
-3.7062926139274843	-5.030514654703438	0.5704928365720614
-3.8475250248539647	-4.429285734876878	0.09488659623673842
-3.8104328667761362	-4.167343463274724	0.6209237331062062
-4.421766732379269	-3.1796102880751236	0.21246777288291044
-5.2241059010186435	-1.9738015836981435	0.1732347985638286
-5.243811194110766	-2.0076658687313618	0.2218575835957345
-5.166113468707028	-1.3850478577679217	0.426915586136127
-5.428353002333147	-0.8638510481071171	0.8716913391390435
-4.941521672139813	-0.22304027066720766	0.7466360343687268
-4.536404648747028	-0.22627560387991486	0.7082243845613119
-4.870922971556286	-0.36883495145992834	1.569730833832973
-4.8448755790308775	0.9966659425116224	0.4054676905740325
-4.753354215321074	1.0567755259238305	1.1271958249143328
-3.6130171282222325	1.5555147369733944	0.2570049924767095
-3.1686366656800824	2.065294086644867	-0.19687687547696764
-3.1192329085233093	2.407592610049872	0.17182114784019975
-2.654211501291603	2.3561375641946825	-0.3827229313667331
-3.112959895308932	2.340741712717882	-0.489852387196809
-2.494062193320905	2.9892417464599066	-0.8695764180792769
-2.1223719539410855	3.8735077609642783	-0.4991392643949364
-1.1597138626967836	3.524959505183798	-0.40455125517887924
-1.3905147556583284	4.188065401997821	-0.8012515045226208
-0.7511325248923525	5.099768234738473	-0.7769706619440986
-0.7385136739704319	4.695523709157604	-0.14727040586870876
-0.5205712589934225	5.083724994906455	-0.11296438304516704
-0.20537565622319598	5.589932476447566	-0.04763297514370335
0.49375627786235404	6.259872226642567	0.5887532316463339
1.0453778077349727	6.489609813292537	0.7330670041481957
0.8901800168212894	7.606290001597877	0.48854158686767585
0.8664749108268559	8.04944906110536	0.6737331682241559
1.169609110693008	7.6267243454144324	0.8327559048985989
1.3610688147494447	7.695822599109546	1.125480243642616
2.162517617093841	8.305213432342464	1.206774707489549
2.3913056633487426	8.706333843718028	1.7812587831954017
2.8102675865606197	8.75286816757425	1.3145434787398704
