3.335884470865501	-9.256382765450743	1.3420097838160951
3.2332918521835623	-8.859467055635362	1.2067607921096009
1.7147398120157202	-7.887736648703195	2.0689548733828174
1.1812953809730713	-6.026728481646192	1.8370296219558184
0.4723053133509458	-5.0593899674290554	2.429644513394409
0.22040035451729728	-3.907206083599285	2.789918883229261
1.1386063949643417	-2.241352307053311	2.472660105995577
1.091292834322222	-0.8326563791286756	3.1516794979565015
2.0660856674592702	0.5077686242397367	1.9219641108131897
2.1115718038146998	1.4961271508742837	2.246274891746282
2.9271228045189197	2.028855222127004	1.319395072736826
2.8218367293858364	3.7876557535683597	-0.06966898755845369
3.015148747737586	4.574612195100679	-1.2547943004468258
2.184740183959546	6.525814401887566	-1.8980168833186788
1.1069844816982783	5.7590250175159925	-1.4544310833676648
0.2823268799049433	6.383332125353485	-1.0737516088539039
-1.164466062628866	7.288450963482731	-1.649860083019486
-1.7522158279145446	6.866615864733775	-0.4584569978074262
-2.38061926783608	6.253101194985247	0.20908008416469373
-1.7897235159130198	4.393707508799979	1.3751767480774035
-1.2161939444588903	2.7491485066082295	1.9995762716054368
0.17070557351821525	1.533268736428298	1.44432027064589
-0.0761934184979347	1.0901225318281587	0.43879406431989276
-0.15980937875882473	0.6076955372430066	-0.656054338462548
0.31949012066959753	-1.044677874853048	-1.097477147723312
0.9430917303260679	-2.6748921047093908	-0.6702173155634381
2.3777465293833844	-3.277697219429223	-0.794392155049364
3.270755109621053	-3.7931933713193984	0.08778104115359722
3.7458838333758715	-3.7593668397254616	1.2031807394203566
5.203226863140082	-3.841816480289732	1.3415299719349432
6.867936221855783	-2.7444078218066226	1.7307410810774089
7.180962011702146	-2.0262550576444056	0.04514891426369483
7.2535936378579375	-1.390236456231448	-1.11585793579318
6.709992286742867	0.088264654267869	-1.5109949793222697
5.008413905391722	1.9268519275872649	-2.640393288078513
4.1081880386338465	1.6366423207327672	-2.5785233049766036
2.756361533083832	1.897395448005554	-3.3252946115959947
-0.37151431218008624	1.1974529852993496	-3.1321362047726202
-1.7339268732670003	1.8240430594590689	-2.873028321442779
-3.3293710280163316	2.147257409889791	-2.598366092197878
-4.354839879405031	1.2907834866469203	-2.026816231912313
-5.199978025733543	2.9264132478543865	-1.4493237993745014
-6.038889162148539	3.5011770049874342	-0.8065693265073905
-6.037774676141588	4.98123973535543	0.15765193886564294
-5.173393456242939	4.803808971120757	1.2115401175786846
-5.1305342447997475	6.408886928820044	1.962556914008189
-3.5662809449695	5.897908907741164	2.9603700379350495
-1.676059891916919	5.406530288714837	3.3343092023354504
-0.12594837995199204	5.652027319047282	3.8042178079521887
1.3349461103248952	4.9237312884763655	3.2506434518572687
1.9621393864555743	4.782006027892093	3.3469662960724955
3.1542392919768467	5.672099032769127	3.3949348475081287
4.4052255980079975	5.814825341604584	2.337863192580959
6.0890649717664	4.284115749731417	2.812314153702574
6.196666249076707	3.18640695305845	2.6048364849635433
6.1864223845223725	2.1794091934879813	2.1143854545394607
5.870120781455912	1.0605783343265565	1.37811929884838
4.364454057365122	0.7194064316965509	0.8849211395079255
4.674993696451092	-1.4012614853398984	0.41129731170839173
3.612276343910424	-3.0910163060750393	-0.9366177863965445
3.790565051594764	-3.282199198468522	-1.3616749617635122
3.588981909821865	-5.2190945217912486	-1.5595336696186586
2.064911137438866	-5.558639506038287	-0.9606853814392582
1.1136077658025196	-6.041653534111755	-1.09546261906701
-0.8524416773988238	-6.0109138928449815	-1.5025743101423847
-1.2597576246069333	-6.90192097071597	-1.2826324677743761
-2.1316994327059477	-5.581227025753093	-0.5514395446052046
-2.6576335858547973	-4.469520575307774	-0.2828194389259391
-4.142147332705509	-2.9987139991692673	0.15291293856294735
-4.443697300498947	-2.199282264250134	0.2278294308299621
-4.337782478975154	-1.509975923414057	0.8517499526408405
-4.463999239151821	0.2218694939928602	0.4257436610858093
-4.312700181431953	0.8453748773536482	0.22153803876145362
-2.905188299257671	2.9432482500792836	-0.5190409934734819
-2.19966340351	3.827525938229841	-0.5986986315697922
-0.4144536820798401	4.601480102965306	-0.5971282798035558
0.8707004362619413	5.77304662147298	-0.11914192321214268
1.3361752944262064	6.6191042887704485	1.1342738743795016
1.849631761480443	7.506203838844291	1.139702791590976
2.6878479244346374	9.450144971600158	1.5837633747610278
