3.3352062091023926	-8.735101207635056	0.6759727190890757
2.975436235981031	-8.286318984783762	1.0146363936802496
2.8689039321809773	-8.493097714077061	2.1203085661842533
2.0403156278418817	-7.7414908666697455	1.8802826248516795
2.583554896366798	-8.076321083449617	1.5375854639597701
0.7605207370817841	-7.2339722777952975	2.8544299059771365
0.6777334032224909	-7.015276729227057	3.0077503306041176
1.042408494925452	-6.127771336323544	2.8280511517155187
0.5979338292614824	-5.2818288748137405	2.4498928537135622
0.967872119926725	-4.988851935492362	2.3435134715035946
0.4446607260899729	-4.153443457076797	2.942310966111389
-0.0640198342202781	-3.3652543435232083	2.771277237964868
0.9606699014104939	-2.626210782754851	2.369451871233456
1.0196859137868217	-1.8805784823597806	3.055377383612611
1.1848959655948057	-1.2700531513398707	2.643591672230026
1.1201779595782035	0.08293065567601032	1.9848011312962746
1.6457640652029715	-0.478449104923919	1.9687216682414432
1.730133087174016	1.388599947912981	1.4063276314759696
2.162687827668614	1.4888858918971595	1.1690227745366832
2.610285832568178	1.4537452794485215	1.296463330827922
3.0195089271668194	2.8367447784669957	0.3981335650786624
2.537225327136615	2.699750016626256	0.35763510669959375
2.9302148442800724	3.37807867101985	0.030432807297013365
3.6288160227555895	4.3597265269143435	-0.5011346546354976
3.1863313690369948	4.454199597971954	-1.365179978471005
2.3388120546704996	5.203004645082471	-1.4531418450198619
2.2621096248239687	5.871729712017243	-0.9281424946045771
2.0760021763037635	6.513858547340437	-1.6001568222043643
1.927804145553427	6.965192995763974	-1.6002573029767317
0.7502731399617864	7.157669191940842	-1.9937701670777328
-0.052956850791510746	7.757246907324571	-1.562562958540584
-0.312433487263839	7.602940517751122	-1.027703447976886
-1.144946993486094	7.109060429748531	-1.7583466003844128
-1.1959880920575685	6.956364463897227	-1.3314494640601628
-1.8155027725264592	6.8210043006347725	-0.32437066724137964
-2.763471268999642	6.100491887201499	-0.017697194174451092
-2.7786957549009457	6.078224701022494	0.6360014144385308
-2.3627401966000097	4.700771075163954	1.398223089698371
-2.4776207495722544	5.00299192918017	0.9353470014023073
-2.4978265993929547	3.9301959837890714	2.1077861804964417
-1.938595702988846	2.527127872568632	2.4425535805705048
-0.9611485866968534	2.0518138777407806	1.6034757257850658
-1.9912030157276264	1.4008272165246791	2.189922392752356
-1.5529605099485282	0.6183397101840703	1.3318598696042092
-1.203762045126418	-0.10690408325203515	1.1950584039349814
-1.343053565447219	-0.1273390921467129	0.7393159055040511
-0.37483737080670987	-0.3948463691975965	0.09575491758628618
-0.6381822050031758	-0.8832546706091434	-0.9686959984738686
-0.42678168294542584	-1.2769113059799144	-1.2833438679274893
-0.09165038804973485	-2.257905497041064	-1.3888680100949204
1.5439165216122026	-3.124562437224346	-1.5828531552375051
0.9506760702508068	-3.0334257141572376	-0.16549680096725972
1.5364650919279461	-3.789530036943754	-0.5321294436556694
2.30894042357704	-3.3750590267314626	0.22576972184266708
2.348906966565609	-3.2765595174396522	0.13173128814754867
2.9414005264323766	-3.3042552565600354	0.9133848626612124
3.982331887756495	-3.411757133447228	1.750979322618886
4.876487993942626	-3.567889186911328	1.5937244213301303
4.940869624771933	-3.3363282142517874	1.7712718272152062
5.878767741946871	-3.7448212855898104	2.2307434536386013
6.625293062076748	-3.017753115613334	1.5491481022169977
7.739499085664986	-2.8864589451679192	0.7314638063588712
7.333159076129393	-2.097120032657378	1.0192970609798273
7.741995120563295	-1.3942098389216973	0.059714912829343714
7.2030099865801605	-1.079822898304645	-0.586734122809005
7.108012222186545	-0.5930799485859855	-1.2890102281326328
5.965762540019577	0.8128032232328248	-1.6095351581351296
5.104901354551417	-0.015980075671173072	-1.8383006980245988
4.781605556291118	0.400043402704539	-2.1576990035506642
3.8510488276317547	1.28748320565138	-2.7825242411094426
3.3146465633755215	1.5527341037694733	-2.209332892467949
2.193345349891696	0.8352677216350864	-2.3072753085590474
1.397563221943479	1.9621096321288376	-3.0777612735096604
1.0289970460980569	0.7797372976916895	-2.5769959864476943
-0.038495259602613574	1.2827257993633245	-2.9972808533769295
-0.5642342937410542	1.8472535383904374	-3.3051413394105604
-1.3326287913491108	1.3601573257665676	-3.0413233053311775
-2.691572197696648	0.8781613182639667	-2.0031708736922385
-3.1007969414987135	1.7180721998162087	-2.6652012766716178
-3.7630818837989173	1.3182038947900132	-2.8459512132824103
-4.770907432808508	2.0373675444681343	-2.909829856981069
-5.513756013280003	2.688959110866217	-2.2461138912259666
-6.1780378341393565	3.132457986150174	-1.623234255350637
-5.764342097114077	2.8526263318408	-1.551496754083542
-6.175378267734437	3.889895299423629	-0.8295944953014592
-6.701353237900159	3.538274915774859	0.317672694336013
-6.75731423630585	4.431260107910409	0.40872156645012153
-6.265130346682049	4.425386441642949	1.5294453410699447
-5.742519564396993	5.729384448220665	1.5438083341574775
-6.129507000214216	5.696407462948881	2.5826048176764687
-4.637344561035109	5.784998037988664	2.0717852322958876
-4.083184229539658	5.946708698345349	2.867666110667749
-3.5107725632860363	6.625429875859231	2.8852302143659987
-2.757865532708891	6.708473725938991	3.292235824944822
-1.8571709773312255	6.498016824718252	3.375248197593468
-1.2121247380834457	5.947726865134083	3.5414935530575335
-1.4015241432752208	5.318171712322597	4.586516759354894
0.1676384228217911	5.297290481602287	4.390156401940692
0.5783388055373203	5.633345745755351	4.285282297440832
1.2498522153313834	5.213375445988212	3.434053980468174
1.6202916226892363	4.656643959613332	4.369082496355065
2.3483093724409336	4.949974462911758	4.157247722183613
3.0968654984441657	5.204155843543448	2.7389929108943067
4.626531404204506	5.6897710174044445	2.7087666411275784
4.738906227663679	4.81051539630761	3.272803689679521
5.594587673528732	4.461249157059568	2.3994805153407768
6.003177730749976	5.263348080265613	2.189658430809881
6.009874914644683	4.019364960081745	2.0094915871498156
6.519621427041342	3.9178295569649366	1.5727601778641396
6.878706289188813	3.2490450220188647	2.1122808073441943
7.160972234221693	1.7847802697160668	1.7735218055089017
6.375132815181697	1.0380834463653548	2.240623958414202
6.992598258598047	0.6954168524005692	1.1399428874197117
5.681259432153763	0.3162603374949854	1.7422103315301989
5.7618469848183596	-0.07401606495631552	1.4826887945246543
5.650355019994169	-1.0583981544738743	0.7872221417306005
4.520636677965627	-1.0265142404482106	0.8016954616535243
5.657504482685638	-2.358857168381665	-0.20751232987190682
4.676330488967464	-2.906908128414206	-0.1717893465760294
4.421377582418527	-3.2665314089031092	-0.9957335713782809
5.195770989334858	-3.5608504886483683	-1.5684959192314514
4.226522414374971	-5.077117903659057	-1.426485240500674
4.498577557907822	-5.2874792134393385	-1.2709102547776674
3.6519629919223835	-5.424600951816492	-1.5388164937665914
2.797314043045742	-6.536310038110501	-1.5072143477593256
2.2723167689587114	-6.4410077094880815	-1.6783863030145878
1.2942890840556984	-6.833408669233424	-1.0992042067021233
1.2180114160578022	-7.199305805864018	-1.7689910745015922
-0.3405217023114378	-7.003906711447317	-1.330062171606639
-0.9925554624345511	-7.006164977161796	-0.6067415645023395
-1.0477464215412304	-6.593521237214872	-1.2952749672919943
-1.614601593027323	-7.120511695763748	-0.4503658607145209
-2.8886908858062346	-6.705398554524516	0.24858574950795287
-2.740449358538606	-6.053825335136743	-0.5670246613219907
-4.073852988434631	-5.48586594233586	0.1313902832602576
-3.1850920522858543	-4.872759447664705	-0.18026038981623566
-4.683812621546327	-4.3182513195546885	0.9995953232847548
-4.551701659055558	-3.440836669024227	0.23305214855705253
-4.7922546182776795	-3.0691978119304846	1.0935819076445357
-4.822021043097847	-1.7543955675291778	0.6464412987106026
-4.306485719681946	-1.2656634064231336	0.41373345911952825
-5.036344501119236	-0.2820367486143056	0.7495159188905799
-4.961332616419712	0.8370608924286771	0.7494131229104662
-4.377797220697939	0.6322779573656367	0.9129390188047417
-4.180464259270626	0.9003929611947822	0.18944568116199856
-3.8137055547924392	1.740493117345184	0.06528903064628022
-2.8437925698499837	2.7639747123555916	-0.27759395231780437
-2.635984340659397	3.674881671212947	-0.5832019146556111
-2.3994972440742517	3.7600425637424477	-1.231370641387006
-0.8949968478570756	3.4999423086305863	-0.6127847574179617
-0.48386600796051216	4.955104899131715	-0.48014647113247255
-0.31582902200161617	5.3254512526664435	0.43233564757182397
0.13626610358971603	5.654773379502476	0.7729385897089478
0.7687673965152882	6.218347935132492	0.18172507519575395
0.45401856251763617	6.9921143663953345	1.168006949917737
1.1561979970630367	7.32256502214218	1.1940973054029689
1.0974553103064346	8.328986576904938	1.9983484634084139
1.59754394901324	8.111131395942971	1.8146507228943363
2.7062536300631885	9.404738470792108	1.2853515299570164
