0.6524461997501727	-6.293194400695384	3.3733706360549123
-0.2630045877178864	-5.161654706390052	2.844898622262342
0.42134805342744985	-4.480773879053198	3.131305149063514
-1.0583725442285628	-2.969133989585861	3.529991128665052
-0.7048451253483883	-1.2463293247721443	3.394156204024789
-1.431748106518477	0.49439641235523757	3.192891937531405
-1.2338486095393544	1.1203443617199373	3.3432098334625477
-1.168374068429201	3.3314009692890507	2.3941382429866835
-1.1122661764562518	4.808888894031664	1.8163386212962547
-0.8355754142994267	5.501894222828299	1.2651986232614418
-1.7415087986276778	7.407519075862014	0.7671591701171304
-0.5396648374341093	7.85195478817488	-0.5140052822956229
0.23314488336891767	7.965005631533265	-1.8636750110060134
1.6671390241507744	8.142984918829953	-2.3214660153079842
2.238233202267299	7.844751579181508	-1.8502233398740477
3.1785097156691116	6.820656183481898	-1.842711444904669
3.6147751535070305	4.860148426858061	-1.688630936470959
4.069673233232681	4.073919401624204	0.061766163000734786
2.736478269449	2.93865904835483	1.500776376407687
0.06390545311341883	3.213477617533745	1.6456904403193182
-0.273657381292544	0.792520861650279	2.6816577423075367
1.0369754562023983	-1.4481030180697114	1.8725907090939158
0.8791615275662304	-1.5859812901046122	-0.13568575216386777
3.3427181932909633	-2.95911178576585	-1.2198808698829882
3.406461399696727	-2.6390519151882805	-1.7555237937126915
4.80257877185982	-2.8553251443237855	-2.442179150049182
6.191906543387763	-3.121993877413755	-2.271589526164603
8.257655845734394	-2.73064519292892	-1.4621943285821764
8.121363259519367	-1.7286695169647064	-0.017332523036079517
7.362318101229263	-1.4843015922385694	1.647232675752495
6.198067272924559	-0.07951127885144482	0.8619943026094605
4.931548501879081	-0.3350506691208577	1.3345759575549843
4.907653496172565	-0.2569096250969126	-0.5965160518018309
3.4161879388488003	0.637461290451715	-1.7628423214121378
2.2571646248358976	-0.14312012679718045	-2.6942820887001964
0.44950055525249555	-0.2229514068203974	-3.016146812684232
-1.3067106468895207	1.477969433621403	-3.1614383156918087
-3.881770464322801	1.5399926917990279	-2.8656279936905102
-4.14616393809221	1.7418349887677542	-2.1704551028877446
-5.586917345987562	1.8086689742714037	-2.072652448095194
-6.67317326455704	2.6249754567499317	0.11371560134099923
-6.566272667988924	3.9991507842851677	0.6628446848597633
-5.537466088725754	5.217534203294847	1.0271692700281907
-4.480517589493598	6.027658780955129	2.0283198904942292
-3.4408994575072276	6.17951634878612	2.878696664494262
-2.720268311452136	6.1562958312018194	3.7976159057388106
-2.623798263998891	6.320884822094693	4.852534040724861
-1.043225273157225	5.00977586217693	5.1900698899887585
0.9126502970391348	4.74078222251536	5.06460495107123
2.5726249822005283	4.544105498528725	4.361765800408807
3.7008760803977556	4.759828781167309	4.5905984611457
4.794383790185755	4.141830816158179	4.055150639519452
6.63352227389393	4.301884744253948	3.059944288790136
7.469926481310326	3.800158321575402	1.3394579537774898
7.890371119923619	3.1133326323494868	0.8177005153709782
7.135265266712977	2.9903939582684718	-0.8627293605332362
6.726867374222697	1.6802984934452336	-1.2832545082864915
6.833200840685319	-0.5777412155480901	-1.1941288510016157
5.938728254518965	-0.9775716325497892	-0.5044519509537286
4.826383674621791	-2.3973563939258438	-0.09039052915426277
4.804897624317989	-3.84150687679914	1.6015765642371178
4.375336717374434	-4.905097635557986	1.3710839341200498
3.3301552953788187	-5.881076968613778	-0.06569135504671564
2.903724033155798	-6.6366841306244355	-0.5197499808898922
1.2109793867001621	-6.3885431888995035	-0.1907109033569172
-0.6437077558771315	-4.946309207627756	-1.0601996413850854
-1.3536997746912285	-4.780045609158453	-1.1535640996768888
-2.415371648297867	-4.159435680469289	-0.6153452349488187
-3.794636170897307	-2.746080197494738	-0.06435592598141349
-4.179301336542182	-1.5349557146034019	-0.056592346806696614
-3.3930491191430083	-0.46466318041247723	0.11653643167082633
-3.2250497202943293	1.0034570655554964	0.23730060071895442
-2.9017132371354255	2.689402978561568	-0.6758169400621201
-2.3589707349995805	2.8641510248226307	-0.6466462388913882
-1.3712920302691178	4.4782876930067035	-1.572464057609841
0.2533116897472706	4.783903608079989	-0.5767034878286199
0.42480367586602097	5.580246449702986	-0.25680072484952354
1.6000963711584335	6.598241403039267	0.9572999012608161
2.1985589791001336	7.427017339886932	1.0875649588515583
3.162390207901337	8.082741140498552	2.3293413896722845
