3.395334996302793	-9.70931775525443	1.5019463469304002
3.5042017476664094	-9.159251053167642	1.535490040677613
2.384097671786719	-8.005551437047194	1.559798590633829
0.4789708917470395	-5.802679731743017	1.9517854090197313
0.797436289000327	-4.974993595412528	2.2195234240351467
0.36569949841493815	-3.7647401829232736	3.1028532375918116
1.3375178177206632	-2.4498304883817372	2.320294511177962
0.8330686740093902	-1.3649697979390434	2.946049387746096
1.4551664106926583	0.6283382586343428	1.984177240409443
2.3252839844165587	1.2487862013376247	2.2378232747504523
2.9549553481460435	2.7619218315544307	1.2865636222010128
2.860532035257916	3.7634246455305504	0.07183062874171509
2.870816900808231	4.520173588141631	-0.6066252605171806
2.358902804088651	6.192545492405408	-1.8177210165844966
1.3446038914590601	7.641709455396658	-1.6880187188425229
-0.09529736817798251	7.606187360211818	-2.0873197748957337
-1.456310154872447	7.9188199687954	-1.769078413975636
-2.113854807942423	7.648283783567283	-0.8639557380460849
-3.079122993435015	5.515055827198893	0.9695177495069128
-2.9931210750179957	4.061592678616782	1.5822568006490711
-1.1411083122528896	2.5079384604060384	1.624123698931884
-1.9239931041480276	1.3026038241167643	1.3800180493715495
-1.4012083964888273	0.6784448045487628	1.1976295225667206
-0.9678524791046006	-0.8420295472152951	-0.15667306669599879
-0.4978041981132337	-1.2760477264676038	-0.4839497327911887
1.4871668266373301	-2.857313377303959	-1.322557503852858
2.424214030442755	-3.5509839215833496	-0.27325442894297913
3.179641693582939	-3.7523198483757865	0.8278182792275821
3.838248982299527	-4.342496842513084	1.1670177067964063
5.263805776432557	-3.3946429495799144	1.5153495800094392
6.566951173065749	-2.1682321948057446	1.02397507732729
6.96774022197668	-2.1908185865288505	-0.06577085943040373
6.834340578063473	-1.2615871519136699	-1.350797701284753
6.230765664255626	0.07261370419547641	-1.0270536013568212
5.318455683245998	0.7100217660866657	-1.8534412717577105
3.384492665700266	1.5603463357017784	-2.598381060533239
2.3061137057823555	0.9848678350785844	-2.337347608337085
-0.3194059263090111	1.5392436715821276	-2.242168833929804
-1.371415409598454	1.0804289302735564	-2.125713793444068
-2.2688085087829837	1.0455215422876845	-3.345711127094847
-4.813601975265634	1.4363828154990954	-2.072008448758754
-6.311271969972937	3.0315522042179706	-1.4606527123674584
-6.731664427607478	3.544986652818665	-0.9242164936123367
-7.032817497120953	4.344856327129911	0.5705964403532526
-6.374017090073502	6.225035380906528	1.0781093569035416
-5.203764890903174	6.427037027137424	2.7662183190820913
-3.1860937395841464	5.771173724916241	2.884991895063005
-2.425003128380895	6.272856793222488	3.4945864525673067
-0.798988248197039	6.432422265839963	3.4278560588140916
1.2608781523087875	5.000133185129594	3.420931186883588
2.5886382940190975	4.982531073328654	3.135226550518194
3.1586469448578187	5.660381762300332	2.9734690430069928
4.461401836936416	5.731939729516702	2.955430178663131
5.911333316444292	4.331311864415619	1.7972853388366128
6.747490377599502	3.1607986811630244	2.286214827210847
7.218096508924391	2.127826485747161	2.2499885259944383
6.329302392017044	0.5333128947540831	2.23347218391167
5.061406228190028	-0.6173723406759435	0.672477414944096
4.616099853218266	-1.6907624089049231	-0.09556282966160956
5.026764604345698	-2.701859989588619	-0.28605986797989047
4.512105697832735	-4.343356472537767	-0.5989362878682472
4.543612718421527	-5.016882066075341	-1.9601713837207435
3.4951258349696803	-6.49633012055798	-1.7918184778883517
1.2430018753913554	-6.711496230546285	-1.7995610572062424
-0.01664984127570318	-7.078200846506991	-0.655415782238296
-0.9787573110790315	-7.020899081646877	-1.099419047642361
-2.25001632238647	-6.203756972204931	-0.570618900492176
-3.3142268237652432	-5.775032083662983	-0.2267939597360502
-4.010729185633576	-4.119003383084466	0.20455543207162533
-5.127883378296419	-3.146658011052894	0.31310153784872974
-4.1018957139588235	-1.5117955705076072	0.3491488323110858
-5.132436727291807	-0.4817602742254825	1.1638840034679674
-3.651320597070524	1.4355321416016098	-0.24988041057278526
-2.9780932765985235	2.630956521983235	-0.11840168419302377
-2.26834496684891	4.336495187567705	-0.7509433116245745
-0.5366475826120085	4.771718647660975	-0.16692139661461325
-0.009998730469429062	5.333654312662784	-0.22464528257746763
0.6117390896748288	6.449162552031163	0.6218533108573778
1.9875212322636024	8.104782345210268	1.3710776772758722
1.7258345521183445	8.869137121834612	2.5093391004872387
