3.089123273520704	-9.269356160316772	0.716935430433432
3.286715275530079	-8.880787617235303	1.600903962392523
1.680249380493105	-8.076545430327183	2.237973965502305
1.1733903151832603	-6.484664957674288	2.2978887602923015
-0.03465153763167472	-4.3619296163551375	2.904192351332111
-0.12682071228309394	-3.9204944966995545	2.850021219625794
0.743322723627279	-1.8390834854983749	2.4155631730774045
1.3034830714163919	-1.4065328131273154	2.5997824707856587
1.871269626394645	0.5986709337179975	2.0283567398144546
2.368637034017236	1.0470915380685146	2.229450208481729
2.806989519856292	2.2209490808598242	0.9912851662960112
2.6344263421006944	4.025281453794902	0.19509811550198136
2.6419122212546506	4.519010845846122	-1.1010260554253333
1.5958045733564954	5.850344495060998	-1.509700541673428
0.5058177579677532	6.523675433812947	-1.8455606390997334
-0.5051608390898822	6.140049444674855	-2.0776162731226235
-1.469406556915141	6.8976730404403845	-0.8404382645558932
-2.078922123649823	6.683378723870248	-0.03540982473800813
-2.9076515812923094	6.3412266463931655	0.0975587622128484
-2.5958109181218485	4.021748592094195	1.0611330234433667
-1.4663923548863784	2.874328763932975	1.5917226514352114
-1.04952149246613	1.9385466891275418	1.3083957546632878
0.6860147477179332	0.4955014519616329	0.3393770804036983
-0.145582101515153	-0.0899380332616031	-0.8789214766189459
0.17363854352423297	-1.2326425158891232	-1.1769474587710902
0.9011669918301662	-2.204031948842154	-1.226173896917545
2.3578415639830457	-3.3612403262810484	-0.8627216988982578
2.4617810272747023	-4.131783132944282	0.8523331743417026
4.088438610764438	-3.8977752743204195	1.0048404777786615
5.637139529788842	-3.192844543393332	1.5200538588601986
6.642283972959681	-3.416545646269844	0.9661230048327614
8.385133160560176	-2.3536303086282024	-0.08675469131378821
7.149003852290981	-0.8528665772189075	-0.39633617427350676
6.4561625962854565	-0.339691703945436	-2.105746080759164
4.987464149141926	0.765681363250347	-1.4225851173640085
4.238550908424549	1.506658065208769	-2.929410656061467
2.3910885449436146	2.388106766919701	-3.272433415978528
0.5456514896132961	1.199968844823499	-2.536786328840095
-0.8966077998631636	1.2097685884381928	-2.9345916777504057
-2.844656260522508	1.7533608457013679	-3.0338789806355555
-4.5420772275855015	1.6733522863635477	-2.8583757668086553
-5.307010877467242	3.2631117404234944	-1.6484721337298174
-6.441781980843786	3.031009597597077	-0.5791659135073073
-6.063609313236445	4.457909239456767	0.30384447524018604
-5.849244036432713	5.163100919987169	0.7850992223261584
-4.63257520899645	5.491695569865737	1.866437116132235
-3.0050974937815838	5.8969964877483205	2.5785525929301065
-1.9240259334188743	5.886751394291623	3.113458566817921
-1.07378091206346	6.372199628234495	3.8452606292531684
0.9154311116621395	5.36903095274563	4.304730105439488
1.7484066653866879	5.253944413203296	3.727156898951141
3.711105028613917	5.659526881301682	2.7008110764292974
4.989820084469428	5.516094372835281	2.851533730314563
5.35200470353881	4.650730511908178	2.9033913178894553
6.670907141429968	3.701291768812272	2.264406560126004
5.996695627548681	2.624419950235916	2.2942028692078744
5.154654017663239	0.8945906894835437	2.4033141155745428
4.459415301926381	0.2710722201870466	1.9618698990842707
4.163434674208867	-0.9052721865579132	0.2544352334858499
3.5925833823910116	-2.8998289760225275	-0.7104005820378698
4.370469367540359	-4.142005866464772	-0.8161945055339883
3.8206485084332558	-4.916724065030973	-1.4347868358640594
1.7312667800178292	-5.139605687833329	-2.0535858040407797
1.1784454180232509	-5.684775437365993	-1.809240619839329
-0.13420235440999462	-6.92316313103574	-1.2973994156879223
-1.4637030831466278	-6.153581074717645	-1.4494609235749145
-2.0561461100653813	-6.081044119026816	-0.30584077087936734
-3.2912001980866643	-5.20647077429068	-0.48831802078992464
-3.941793068863566	-3.6632751632001765	-0.20661466996425842
-4.1401029052220535	-2.511901164166082	0.16730688852844616
-4.667558391993246	-0.8842742362810979	0.5309356572660352
-5.024782606816111	-0.30157722839636963	0.9828893772170504
-4.397621422541089	1.4155463186367487	0.5142045163264629
-2.626061556935916	2.211085094650058	-0.33360305656047917
-2.2843862491623765	4.109071676058071	-0.9713371306650691
-0.3755394071678624	4.609917385632745	-0.09828110997071304
0.69124938261764	5.6358198076538075	0.06637017767092546
1.698820458620128	6.462102581882074	0.49152904470656417
1.3648253508710253	7.707299505185958	1.9690518420182295
2.469050469551909	9.635477084626354	1.7664947433555378
