0.3890095874599849	-6.837048295392715	3.419650348475074
0.13821981395023125	-6.536153326862398	3.9225425852546887
0.17131998656619857	-6.325067345805159	3.2011825489129633
-0.13808595843529642	-5.2695121998008	2.951717399463602
-0.34038145576741013	-5.577257773326361	3.4276826123898103
-0.6121299668043462	-3.723217949583647	2.7170239453112885
-0.013501534203784527	-3.6667607264803657	2.795370097616076
-0.5425156348402496	-4.264259677367605	3.0920463829814357
-0.47919487780784764	-2.9102813132297034	3.1094634404329273
-0.5466942326855443	-2.3805302048843116	3.0488788659867394
-1.0287475806440072	-2.2986032799579768	3.0669813937433497
-1.1865218943333362	-2.272187004486789	3.908775306651174
-0.4646648406996998	-1.7079023920114713	2.6417234093834754
-0.6339633175845671	-1.447300689581598	3.280930270338498
-0.8520093601274918	-0.8069221750732235	2.4781331961760484
-1.4794404785333821	-0.10906046670814129	2.9811067147180665
-1.5168638888348633	0.0870571835147505	3.007529608782086
-1.0204830552068425	1.373596461868642	2.4417512362662253
-1.4127109779160898	2.1453165434380077	2.5556037067298623
-1.410419059352959	2.0323069720061944	3.2160906794563955
-1.8347319133950337	2.572216333769612	2.4472284236591184
-1.8296965362409494	2.5119279903071585	2.860071215540815
-1.8880939617488302	3.812406207415447	2.7836122703078265
-1.3385225369874316	3.71960657637575	2.314637403477678
-2.008626181308688	5.150301085093835	1.6912867223544077
-1.7679531078123134	4.705168680010128	2.4581607000722903
-1.7747066499868756	5.833214074865754	1.3755979498786
-2.0411376880907492	6.275905721548336	1.2715616362120103
-1.3495106329484956	5.563742329264957	1.7078515548272182
-1.055850651744845	6.437883961135122	0.6452138237034558
-1.5552591982670418	7.4210650837079	0.003739403962790641
-1.4311262567525733	6.7314504445500845	0.1628704652563302
-1.057573551170094	7.223283857219605	0.2925827278870563
-0.25961128063466976	7.342829640113318	-0.4527085003443456
-0.331884245779704	7.903696017970016	-0.7830458236638247
0.02518582820080495	7.800106282557404	-1.111954560487928
0.8077200322316919	8.00481273971879	-1.2866754131681373
0.972945309520698	7.807314624508338	-0.8564833395446689
0.9172434844522955	8.789659995022834	-1.7867669472413075
2.0718927860218876	7.6347153803860195	-2.1773063459890456
2.7617312837289765	7.972491691197423	-2.397064219289278
2.045104779359588	8.504467816215348	-2.1998835521210514
2.3527312421160587	8.057884873561049	-2.419578509360054
2.8581609495881137	7.414367546301771	-2.505900382560689
3.0284906929188513	6.220433308609558	-2.252737214207018
3.3704057542442967	6.3750919461633595	-1.4296687627115614
3.925105631243075	6.0194712401823285	-1.9405916386511368
4.482145230561834	5.271740393588681	-1.8501551829737952
3.5112231506196716	5.084126034102908	-1.6312273793512009
3.9171138059976953	5.0674992019088645	-0.5432145042615846
3.364595387984549	4.938901705706959	-0.7606462159342267
3.8064355544372734	4.207530029077249	0.32398891214212144
3.417810383528381	4.598383701891098	-0.220370739841386
2.95888374813405	3.774576072711916	0.8226974497190328
3.5438481881882704	3.2111882155409646	0.8543442490734171
2.5765099317169584	2.7175588076782615	0.5078757198792969
2.1022462129360586	2.502386904273039	1.6527465145886728
2.012753121890173	1.5828663100174551	1.0600849939049055
2.5648302057349825	1.4320989419386487	1.8038283820905243
2.098762070097887	0.6080244697027712	1.1656403425543722
1.6226522948773388	1.233509241624454	0.8892478020032142
2.3660337820829263	0.12094336933250949	1.4701480166807674
1.821728679609713	-0.6867958347091363	0.6836423024009471
1.78287444525085	-0.8051302404197254	0.14662211958429838
1.782326094857772	-0.1408496348043804	-0.13598175242446572
1.6787546691491801	-1.711796009204345	0.9116702372007217
2.2206809088952246	-1.9382681610942614	-0.1841399920729122
2.0766609098306414	-1.1557940207652597	-0.7458050839408761
1.9973352276920944	-1.594477479257051	-0.8143275667443997
3.021455408690718	-2.236844222512395	-1.6173325451794305
2.55697557490469	-3.069279757106486	-1.0981575494854743
3.7406984137845565	-3.3038015054529044	-2.0023981937210866
3.5011509961413463	-2.4221438144575114	-2.3457677258316467
4.021465833482831	-3.6799550045899734	-2.5045795103596196
4.526009059238441	-2.8705173817691607	-2.063593438595728
4.9072654633088355	-3.821352735383824	-1.8298377567191422
5.263972783053666	-2.6728468243801564	-1.9542574428994866
5.703071476907947	-3.3713203255924182	-1.7244897456447088
6.136544085879852	-3.843133040723409	-1.9951360096170474
6.4970070235888695	-3.1970366787563957	-0.7681516844281426
7.08631372352021	-2.430774331088035	-1.4537704690574513
7.735091470921914	-3.000670914286895	-1.1624841270276103
8.234361246852487	-3.122960844461604	-0.08885773335120128
7.547488832658452	-1.606705042698377	-0.2448921997375892
7.47538061635161	-1.9877268937713255	-0.008720057201042075
7.808484446006213	-2.1936076078359603	1.0449171639700616
8.299451758334286	-1.6941080074615542	0.3236837736076285
6.936119743933724	-1.1455359231865785	0.5345240426306013
6.7183305873867205	-0.17787651175119512	0.680547351242554
6.394025492492635	-0.6261138095658851	1.7077866484019304
6.93167093815291	-0.10616552203505275	0.7618793951465886
5.698070748636882	-0.28696859153983095	0.8805424720822481
5.39665203713266	0.37957997151576306	0.7720002390069584
4.95802849369988	0.7245909227662513	0.5142389008913911
4.201158908991047	0.5838748732737028	0.8405480000336609
4.878428788131826	0.6271394240872901	-0.5455846110893134
3.9932402300701515	1.327564778801542	-0.7419560092785304
3.3341943182305727	0.9243064428256228	-1.182793014343025
2.6209064645239515	0.5647394703437598	-1.469630418556243
2.370495298663291	1.6913283447963523	-1.8379020639812005
3.0609735513185656	0.5037167564311784	-2.118854050752057
1.2936860477095897	1.134468804658439	-1.8156086106173834
1.6040928497052782	0.9131127937687298	-2.882853428638405
0.44758409567190616	0.8138219647793876	-2.242468042878088
-0.1541987563863017	1.3548941561686854	-3.033688852390495
0.34186576430276483	1.4783249448171083	-3.2175414344494184
-0.012897827126272965	1.1543243332790534	-2.9483282499113717
-1.33524333454911	1.4267853993995123	-3.123314024459333
-0.7772274465543223	0.9324736347597058	-3.5144153678939825
-2.34581584261222	0.7912187759089611	-2.3234024196481453
-2.0782843916588902	1.8225683444108027	-3.373886206022371
-3.372990415926677	1.1204543518524623	-2.4617648294474073
-3.459281213694124	2.1980376834228355	-2.612033856802887
-4.031493565014704	1.62710462048741	-2.521038607839998
-4.3274811628379855	2.177428256013545	-2.2559452205821104
-5.074937269476091	2.118961079890691	-1.953199300658356
-5.36888030150653	2.080144813568465	-2.8014351877291843
-5.4760213166626714	2.7857505699000327	-1.2758676124542372
-5.833658346022627	2.7352843237529694	-1.5748821875282943
-5.978414620638991	3.569981342841882	-1.301474219459596
-6.346757118206876	3.242791670358692	-0.41452388991162503
-6.3691369283612635	3.3897578637169734	-0.10590984015409877
-6.6444385991967705	4.528805685371977	-0.45009733874684854
-5.909298996862201	4.1921633172649	0.651575203186775
-6.180766596667897	4.580933018338685	0.28560592587964656
-6.3004847800725985	5.081037655637546	0.9479781163781157
-5.186556436259152	4.941955806833421	1.2907162518496804
-5.697460727299002	5.1162367576337875	1.783794807579466
-5.342674905871745	5.349907519219341	1.7175532866191319
-5.447037254322027	6.49047649580064	2.393631862438294
-4.620855914098179	5.889322520930138	3.1428950779035736
-4.155197239526757	6.396883970425559	3.117464109463702
-4.481884800287039	5.7664234547837125	3.7409486129231166
-3.8056500169365926	6.955280433092442	3.379177757546004
-3.36719333473329	6.063821775486665	3.785294691836103
-3.454635103175383	5.892271380639012	4.597684389778063
-2.1805747824139607	6.73649396684479	3.812785220779653
-1.7932825826014671	5.946469553075148	5.012088608475156
-0.9056828892061544	5.879047469189307	4.133814149626314
-1.5154579978526137	6.616814582179979	4.110859899482137
-1.0440211822483823	6.526171874919731	5.063744315562864
-0.7556444882549401	6.258661218716487	4.665185799498893
0.5118340156668577	5.49092878511827	4.4319242260133445
0.45274124916133585	6.042073972546952	5.079802326145804
1.3169169471023414	5.148549993479895	4.7112541896048175
1.3791152098100388	5.590803265423915	4.448476771388278
2.16110180380402	5.8263608247814815	4.569553489517866
2.0963350856768255	5.688272884708775	4.3161867751728105
2.5439458806129696	4.914689569948973	4.860181391803556
3.059055140539927	5.6356480265516	4.207549067371481
3.837309325021694	5.008809552346046	4.699016090431604
4.263556168583037	4.9076905320563915	3.4926653510573074
4.7495221867304185	4.803607463594712	3.688025186754227
5.238788542635248	4.127301846878511	3.5786090696164505
5.655657820205404	4.738527982965664	2.9960230738805906
5.400451060509917	3.8856233078119287	2.45218740762893
6.360219219135782	4.358550472161061	2.9357401364989073
6.418437901026414	4.311972883893459	2.7584061882765147
7.332556420920389	4.269680759945928	1.764787453174512
7.478479325460369	4.375765922667064	1.2569362963896995
7.480783991209629	3.247458207382498	1.0195790416170425
7.39833406015358	3.794022652572117	0.41096475151861994
7.624597380409246	3.416544377604065	0.4424784656222731
7.810498484556726	3.3866582224255275	-0.1726282512538283
7.231597311052195	2.4716818514793095	-0.2920455515343212
7.672284922690084	2.870032305767598	-0.8611712348950774
7.270624174412049	1.3545721382227496	-0.4261607543952146
7.889954031438385	1.3149371140748778	-1.448456531168924
6.777659963160302	0.663338645996789	-1.1174549782490266
6.916490731328539	1.0245551037675744	-1.0296370515216777
7.185941935781463	0.4285419671820672	-1.3877145055728022
6.230890533995481	-0.24552003260022026	-0.7982671530563832
6.260495685690403	-0.5947993110524079	-0.7120546348324417
5.989240872079267	-0.6595126191688346	-1.1327490878384838
6.123359469990948	-1.1530397909730234	-0.7174048432174343
5.760390487623894	-2.2936089982767136	-0.20629072330986187
5.058633414969015	-2.3606598648830928	-0.25760468446459267
5.063256897117388	-2.0869204315697556	0.5830780649497317
4.8678637540100835	-3.249067590942103	1.3429047871393436
5.221565308934199	-3.362232328250816	0.9345487783965851
5.6190867638112	-3.816178820606702	0.4419493793121898
5.088185081650021	-4.620417405734808	1.4037995796575535
5.101461156458491	-4.527929035877963	0.6275051389643505
4.219499416425784	-5.193230020353644	1.6205009599280493
3.888348613958623	-4.637904624241084	0.3687769927319745
3.8401983310193666	-5.0390911024769505	0.2720307228552003
3.984875484506088	-5.7024645760563395	0.13045835779767595
3.6398829150764165	-6.2959752510521625	-0.34417395267405154
2.390760373630946	-5.794908020418846	-0.1507683696332509
2.3197082606995654	-6.215225312689229	0.08056957847697721
1.169893490741643	-6.615139387531361	-0.08206369767277377
1.0030851879009823	-6.295074825967801	0.01667069827893708
1.4629699260040099	-6.493457598864212	-0.4334672766829186
0.03919918081980303	-5.9278204673452795	-0.1579923417612108
0.07984865401435537	-6.143707885171111	-0.8880370373443394
-0.32598288377791207	-5.1852059287590135	-1.542710934444942
-0.68762369306989	-5.806772098701922	-1.1748833578150468
-1.746179190916832	-5.22023905526089	-1.2513903783563667
-1.3522396953038953	-4.242672103626674	-1.3997374683046413
-1.6194998785572368	-4.320678645775802	-1.128721943555925
-2.5194658408861406	-4.665504503023587	0.1538447904451523
-2.440498115298227	-4.512888598997077	-0.24527786547517005
-3.465521361017496	-3.003214792102487	-0.45664270784551264
-3.5409135777562217	-3.3963407760772673	-0.33499268696729
-3.81324509311615	-2.3892483528255037	-0.03966628856504362
-3.556373218940454	-2.5510113690926186	-0.5411295724691488
-3.9468552789626976	-1.8422004704359767	-0.5058008562792841
-4.180748034052007	-1.827875414669236	0.3476343224043751
-4.370308176247683	-0.4004195462504112	-0.18990922580995218
-4.427406045517365	-0.10414728237210613	-0.2412599564425924
-3.556982815344555	-0.6706057595029677	0.41006665451272056
-3.1018502712244476	-0.24801665022429226	0.27005165494368155
-3.2949291972274315	0.411481406698271	0.6158267905302894
-3.795082609858854	0.5490859424585707	0.2879415763941443
-3.385495390037894	1.3445080327337444	0.08385381132390396
-2.473157497965296	1.5593110608422982	-0.34487821581077005
-3.440629225539038	2.9514655050563543	-0.5780828220233641
-2.5977045808470076	2.740828663831124	-0.768979572959269
-1.9272028437993058	3.0551978407536566	-0.8037386327486429
-2.1997899839701627	2.5926831670374195	-0.8316306255897358
-1.5770858584527845	3.5621382588107027	-0.6636354337129675
-0.698109513309493	3.3902409552471195	-1.3045618317797667
-0.8466155594874711	4.006051076109765	-0.5792056248212545
-0.5961121698568068	4.86524306303617	-1.092006034259143
-0.7762916215485924	5.107766695969127	-0.5690114196681251
-0.14537673305050813	5.261769234816189	-0.8252080751109047
0.16704064920446124	5.625582203725793	-0.5694265482359575
1.023132172614293	5.446101963399294	-0.5047987972666155
0.49501862122507484	5.247400684500097	-0.36850160790094133
0.8983173179337094	6.548555039021198	-0.32370335024673497
2.0676338365037616	6.312115572216131	0.06821890535632008
1.7199957335216376	6.347872934405314	1.173553251959355
1.9873356321588995	6.586335851751174	0.6083610312320218
2.807217262461087	7.147657352532661	1.1254695584017014
2.989463700995408	6.912304415636918	1.048025531609031
2.394155799188655	7.679112311444795	2.2092991849968913
3.58905250173203	7.787433195015413	1.3684708855472518
2.5872133778234008	8.480536566962321	2.3593466365475293
