4.740497444836806	-8.925098953490751	-0.22220539962966834
3.997408680763435	-8.629698450343236	-0.6752144138758267
4.078038579353947	-8.228043933590898	-0.33940151958801357
3.637499640792959	-8.713100769567385	0.0954379833550727
4.175384458924406	-9.110559353349558	-0.6684024949395055
2.576560116812864	-8.33453789477252	-0.25566193499541345
2.2962590919985804	-7.542688790563663	-0.8002977700825542
2.2151092273501574	-7.989530930597468	-0.9563169353823799
1.9543024162131353	-7.588806072493776	-1.0241835926260732
1.9697254118855492	-7.259881689469072	-1.2970137423862242
1.8804374297777136	-6.642194658665542	-1.2491089755217146
0.7521197929579246	-6.8866360343482205	-0.8483748729318594
0.8623994754002771	-6.9993997938756	-1.6000243787978738
1.0547806535931337	-6.187259666493892	-1.2920700750360696
0.9338958513516529	-5.282757942821498	-1.1187962105678364
0.671454843442617	-5.178098692714864	-1.1785522217412934
1.0692493604726498	-5.205987522446728	-1.0943561953016414
-0.033311824939629614	-4.939448576762191	-0.3636556105995299
0.09960322499344021	-4.51926940490891	-0.4337434827307409
0.40318187769179925	-4.0983511024371095	-0.8949805843515274
0.1966254749588826	-3.3087978052535165	-1.205476905859741
0.15662903007184975	-2.748036410170918	-0.8140884009582492
0.10561710260367085	-2.8324987112780895	-1.1859212334750058
0.5815614247841951	-2.074011797455542	-1.166353201083062
-0.1004732854649969	-2.1867301345444	-1.2425174737887228
0.30388058489168807	-2.08505836977328	-0.5738410220226657
0.5943294347111552	-1.7164762318114288	-1.2658100325602188
-0.06810584320862073	-1.1245195082380914	-0.9627129576722058
0.6089381656801738	-0.03380973596443393	-1.4621932142110023
0.3987884497494236	-0.3938116454853256	-1.2854969761231798
0.3432509767123548	0.3146080948108174	-1.9099935659964857
-0.2795034268003793	0.9125342563521823	-1.226153041112518
0.10511871534007378	0.818191949101349	-0.6558808128679758
-0.056067678878913785	1.3707387219737963	-1.1874815331943223
0.20578932547979129	1.7261104756962258	-0.1550066672579995
-0.04837987588186582	2.6044942428679807	-0.08497201104169039
0.3170992209793642	2.7794019836283934	-0.7445752015718934
0.022726011991909212	2.9257701259293305	-0.49473656708828523
-0.08883600885510728	3.341729907961588	0.06473684548978909
0.05703628314165082	3.7268004761435947	0.27065133397643565
0.3060226187172527	3.971722085514778	0.43750878467182797
0.7709326868528419	4.56467292143869	0.5090909125550143
0.06246110299621896	5.794467534450373	1.323695000901649
0.4030929404862441	5.779701122110977	0.7875689257379394
0.8829405490220352	5.510176341228783	1.4318098398568075
1.7121590800063	5.947880913389058	1.516767185330108
1.2743435833050278	5.585233344692079	1.987617598048175
2.017399125492905	6.720443125912878	1.95625445896497
1.8160059380546547	5.943202617404987	2.2351941317069066
3.51069898763821	5.748633708105927	2.1958107172455343
2.987671259651843	5.88821709672019	2.0632625288484383
4.208721850784732	5.466499453677851	1.969998658867504
4.096409327535904	5.5204673474285535	2.784431175156694
4.172578136798434	5.290029348147389	2.0393584515201186
4.3636933758545045	5.581485067591372	2.244194590092573
4.646459364499875	4.605485913394018	2.4569780655830074
4.437903479091732	4.824836418673672	2.436258020784315
5.1830019755354595	4.587227872649962	1.7040948091066122
5.8375769227685925	3.7367635010853855	1.3785682040548686
5.533407629990597	3.1456621890278886	1.7944303326661675
4.91195615740866	3.284121069263448	1.4356765627707453
5.571391525289203	3.0783344810073956	0.7752847102846168
5.704955499914808	1.7386306064676158	0.8029097638075828
6.015997627350881	1.3004700972701413	0.36655926733235356
5.702127930298901	1.5208963259141637	0.17231812540352245
4.946448614954279	1.0648471969653122	-0.046873830195049815
4.557977795411905	0.4227564749927825	0.8412308024937912
5.328892834333217	0.6107332640956284	-0.1567157483297894
4.931199680287438	0.09567128523048385	-0.06587337440837959
4.257550094819593	-0.45260978386735806	-0.6811160963694157
4.844246767111156	-0.4559199598602234	-0.6003911288473541
4.495112405762781	-0.5520050435771111	-0.48556457882455706
3.7919879131770706	-0.8504214974807651	-0.5142931976589828
3.9082041001299093	-1.3743079537897998	-0.1503848377182253
3.3756929894366063	-1.211692420189695	-0.4861041497073666
4.113386124106549	-2.2214066645568606	-1.090595414624039
3.482013885778813	-3.00076340045775	-0.7311512819757342
3.5148589672158006	-2.967509151957999	-0.41662232591541015
3.753118398312842	-2.8086074832482923	-0.766727263835054
3.5901029875295674	-3.751315610917642	-0.9158123623987268
3.8203290051196124	-3.718899901776095	-0.16575291246684176
3.5601226142187907	-4.573351844996996	-0.900118519509451
4.003503133086367	-4.434408363612565	-0.48302538154892305
4.467934816748578	-4.012420626317086	-1.4354764030004152
4.610249318895703	-5.204843657042719	-0.40906989523617177
5.723042530405674	-4.862989400284152	-1.0729506718933957
5.674966223653015	-5.108892945056772	-0.8573766728982142
5.8188300876501335	-4.107777897567088	-1.7982790397879846
6.465225786821713	-4.795781555139076	-1.1094255662026684
6.77868624562977	-4.631805096953992	-1.5464150414252311
6.309683420750642	-3.589947486271009	-1.9144247566167971
6.973022306172911	-3.1072564698237413	-1.251475247009838
6.955536948593488	-3.8076639482650805	-0.806896307946402
7.253362250000777	-3.2183968282048765	-1.7098907216836912
7.6181452490314285	-2.7467556115186005	-0.8175485151059029
7.41425254465418	-2.298712029870435	-0.3517726802457044
8.366954672602482	-1.7222362626665684	-1.2548435396638518
8.219635429546388	-1.4784566492534401	-0.8911116208282777
7.801639180000244	-0.8527292092433933	-0.9193351845644703
7.950517043130198	-0.4822645799452767	-1.0293486594668808
8.382416236119228	-0.2851035287552308	-1.2246878459350956
8.02750497075551	0.5521004615485143	-0.5055835540680209
7.614305165669794	1.344552786966355	-1.4070812703593656
7.6437546437686015	0.6489400539663613	-1.5093159825428593
7.2558928781339915	1.494109029867206	-0.9153275965812522
8.18699457016527	1.0851797536094718	-1.8363190506711111
6.738272758431465	1.6308564304596667	-0.8791898851925182
6.434686516731561	2.2157328422372684	-0.985775102891254
6.366691002606349	2.2256180084408275	-1.7123877287002958
6.728822532361802	2.191369884754503	-1.6623409169340841
6.0398428818065835	2.9941951549136583	-2.460602195669475
5.321390072353144	3.2966009769138855	-2.1900096388900017
5.002586440435331	2.944341096573349	-1.9293816323641972
4.325457049902252	3.5896677410138738	-2.1165125547807477
4.057020781957021	2.827168569699152	-1.9406645866742802
3.267437260466914	2.9023113986769706	-2.4614173221873887
2.7111164657251767	4.015863931029997	-2.1183557118552816
2.364704142907331	3.2111538239279453	-1.723106157797361
2.0461887911462573	3.795354243956532	-1.863533395077762
1.213970411870394	3.5758744483853335	-1.744034935104711
1.4352877230778112	4.128539878076911	-2.6331399977037444
1.0610590793927765	3.3938072873830487	-1.9090930834519384
-0.08880231518588705	3.460712814074992	-2.102119447608456
-0.6420335026738481	4.144003909514389	-1.6912736804752802
-0.4257844804752938	3.412633582460186	-1.365342952689562
-1.6139850247369247	4.0536078466534455	-1.4413967825088174
-1.9075858742122591	3.545210597544385	-0.8278481855146811
-1.421232106628708	3.3143939236154774	-1.402855854938823
-2.687740251268672	3.073876468543874	-0.7966390301972381
-2.961103886419781	3.574865910166657	-0.5049071255053383
-2.9549871273081534	3.0673657113891215	0.4507796298884891
-3.519186094916856	2.7526043391297734	0.5078302808415497
-3.23670412521803	2.4825399465445273	0.9843072182335353
-3.729952840891812	2.0387947341725416	1.8759101108554583
-2.7470913173310745	1.6672485570169002	1.759970926329559
-2.6138230302840983	1.0766617013185236	1.686245134717982
-2.666064876106333	1.1877047228520825	1.8289968464384732
-2.7265591783118435	0.3113731316871399	1.9798452916970406
-3.0577714716213764	0.26269700510178406	2.1175455116139674
-2.0519508956109247	0.5870902632589972	2.8411481422411358
-2.0024298664398836	-0.27643290401070997	2.9876929851899714
-1.6104560069853897	-0.6412030391290313	2.9630077797161642
-0.7428119637859574	-0.8556288853092825	3.050045865169318
-1.3296229919533435	-0.6442288756413395	3.4902487121390946
-1.259768935016584	-1.1862945590546152	3.0659492715920917
-0.2623478576198779	-1.2599902675147188	3.4207930803072637
-0.1659497255112775	-0.539010449219465	2.7905477471419107
0.2956051506312506	-0.8231234975662609	2.592810105649784
1.1513505763327985	-0.6774314341227851	3.2977574057809087
1.4575559911518952	-0.4002449420675509	3.14315095382129
1.4780166568810986	-0.8092787696477992	3.2484007904784558
2.7953474169670507	-0.6845306667446648	2.7634523106575624
2.392319507678336	-0.19183201691154883	2.597022635054926
3.2791550352325336	-0.8920940002100848	2.429835412210615
3.3431240398174773	0.11649870198726431	2.5916516018298585
3.826706866265069	-0.5543029309897777	3.162591060133783
4.450405984974838	-0.37787328421582533	2.465471399956818
4.495521439067294	-0.46639966323628335	2.3955317823288493
4.903339125550683	-1.0065661811993147	3.1977762724794774
4.678607574733608	-1.425654559072453	3.502126332723944
5.098803694305377	-0.9042816132281362	2.433385575028896
5.549756645363992	-1.8642733621562226	2.4645841508879442
6.530914717601124	-1.287915314059449	2.4410237754859674
6.752160261049381	-1.7766964819949493	2.5600320831794185
6.14438960822265	-2.3629153448332265	3.2877174171089747
6.432168804240702	-2.457202455443717	2.4752352724865716
6.553198495885211	-2.958393305130906	3.003893827655193
6.7689217550368665	-2.8339043561719777	2.502415824826304
6.260085395761553	-3.072364842394478	2.3701685492139726
6.662122945491857	-4.153994944829657	2.142965351593679
6.325960688974395	-4.366486140016965	3.038097860758735
6.138332521582517	-4.435328236917614	2.3751846048986294
5.999923799637594	-5.638918338617156	3.2107990618356146
5.525963218555684	-5.889215170311462	2.7485406985072753
5.734203900372973	-5.732467160884845	2.6469396506028757
4.903242502314757	-6.18203052667843	2.728551768785082
4.484460988558277	-6.405449919014111	2.539067687119423
4.78473563925686	-6.0014030220687395	2.3070965209546013
3.595216723938087	-5.945424721133867	3.2295391382060954
3.300955655221534	-6.363138184308799	2.724234867666355
2.647177767755242	-6.143395631302908	2.1209299180797387
2.717644478448502	-6.829725148614785	2.989560144856001
2.3385936455474967	-6.768246006183391	2.9313083412257885
1.638213994574119	-6.933174165494477	2.3112952001674056
2.087991802192939	-6.941392712724393	2.703154200215801
0.7132584742369432	-6.140629125980987	2.7906153659183426
0.14548706569186615	-6.927050052552826	3.127662436101719
0.5838992116432236	-6.418308063386387	1.6892869337825747
-0.7133200748410977	-7.0427645038274465	3.027220712867096
-0.9629687050240272	-7.034987336862851	2.9117705570471335
-0.5862122010254407	-6.654673459662179	2.1938186461419904
-1.2623957789399716	-6.35624667643278	1.4105774188800655
-1.8947691880938748	-6.4944159240388615	2.355383432088426
-1.8775995972489743	-6.184275786747541	1.2794565149373982
-1.9666579544250717	-6.03232802795203	0.9506328658567602
-2.705526440686623	-5.884528700517006	0.7003300737767828
-2.4170813113172085	-4.962515909994031	0.8723159728667027
-3.5479331838600814	-4.730416609573557	0.6170866461502569
-2.466719589359617	-4.669501655599957	0.14592463137504877
-3.580069630750298	-4.618192259398367	1.0105170601772375
-3.5580859140595504	-4.4510591238195465	0.7106483605098981
-3.496849775603957	-3.1524842225402225	0.21267228166565624
-3.6228512348465247	-3.51767084590118	0.33882742214244926
-3.6235231708289564	-2.5686591984393217	0.6934198188224072
-3.281944173484198	-2.212153679356165	-0.37675851476198324
-3.175164663024699	-2.3352101614131353	0.07016759819403906
-3.181059739456922	-1.743872054034669	0.3329166320193581
-2.8659033029250485	-1.3765483602060113	0.9243633159915217
-1.6299083826323584	-1.3979831731981254	-0.07499879219556443
-1.4035988012070737	-0.9987576236752477	0.5620182020816307
-1.6773537141173818	0.16304883601125453	0.4655659742004121
-2.0433356139699494	0.1305517465100111	0.9767035993485533
-1.5455210491423435	-0.28484750179919033	0.7585087568616047
-0.9531887273261772	0.9614084218106035	1.0963251417165845
-0.06423014634590585	0.9556697575867872	0.749075451856194
0.09597850902184968	1.5419373384575006	0.982406688722093
0.6140802266126231	0.9083718629451953	1.8754858896594362
0.575837810131029	1.8499486413544741	1.508045323410635
0.3169726711019264	1.9087671627547944	1.878017984250209
1.2219131864679567	2.305363385395946	1.9877446150451819
1.4002369569910553	2.712350425402791	1.2085478709813444
2.1283798155998372	2.2866963193812238	1.5896546139279026
1.554864664151919	3.8687089517323443	0.849949809773493
1.8327431336792022	4.202601687543361	0.6780287276537986
2.1576518645621956	3.7859862155589337	1.2196775862323497
3.0217972852443173	4.54119861154757	0.23096268937132508
2.5357739622853335	4.4378376703862354	0.9477514360023815
2.885038593230042	5.395897445915699	-0.18039172839696793
3.103238542698923	5.544024702085931	-0.2656716103089051
3.8522690902552963	5.665375074103591	0.08018127383947882
4.095888497513327	5.177083503796037	-0.6692482384711481
4.652785162976243	5.496028468214342	-0.12530389822872845
4.4803388723932365	6.465931953797204	-0.9726048188779375
4.775620189412341	6.2337848654938295	0.11691550377967408
4.882656492924541	7.326174936339554	-0.06929946654308505
4.784182785503172	7.675675192409449	-0.34941017239837846
5.7822849130596765	7.535679843436883	-0.5040048775185118
5.705286235428258	7.600712150275422	-0.9370437590264915
