4.438342746966572	-8.644158386651295	0.00265019222830698
4.300023677977748	-8.870571457075146	-0.5008809959064401
2.6867285497063067	-8.75180877542008	-0.9844180861509324
2.0131393600958365	-7.445716434707854	-1.3335334499702742
1.050044922251049	-6.843827051447613	-0.5411237038738355
0.4765345955433234	-5.126465870406814	-1.249104045139812
0.32005221444606186	-4.35788022076422	-1.2577658912116676
0.5494119359155567	-3.5163475684018843	-0.7774509493733106
0.07237405888768383	-1.387272987368599	-1.4782091489739206
0.39593449916862916	-1.0480021328672355	-1.8124673290369806
0.6165567618464751	0.5148715764605515	-1.0571910173684473
-0.008404669078490912	2.2606770395431584	-1.383839990322763
0.3230929064426697	2.8289720667784026	-0.16354794290629882
0.09583003768808279	4.428620164515034	0.8202868805790403
0.8719354203747919	4.657563369432973	1.0325546690745235
2.133324376265325	5.5681570282757855	1.2291881096440882
2.5506750280502537	5.605612495385763	2.220161305918811
3.0678452939545573	5.6344656731229765	2.729642715056978
4.214042679281631	5.79213751315069	1.9430729875941555
5.604110542633711	3.6637949612781178	1.873957235668546
5.077565183124364	3.132892336497785	1.998224318693449
5.040851498813569	1.5776979203415367	0.2061206915054373
4.833261017793345	0.7637315767046984	-0.24721444917750174
4.873136788677525	0.025840481093830414	-0.9696794704717132
3.5153752610701754	-1.5120146354433337	-1.1275327756232922
3.5879608946893717	-2.6246092431623356	-0.21376699021549883
3.2634181377897873	-3.3133277576316926	-0.25012452285991205
3.481917163326661	-4.059491763677979	-1.0690348459178272
5.170596474441237	-4.2274425092751695	-1.6256036402441336
5.2948121937916435	-5.094191179735852	-1.9039691075907326
6.26834052657309	-4.178211206370557	-1.1195861074981217
7.1326836752766445	-2.9150913600758876	-1.687506164691016
7.690138994346385	-1.7086344964658493	-0.5717327369957421
7.818757539411645	-0.4381262204062686	-0.231459960462004
8.327926631410255	0.6638749125150212	-0.8279308288651035
7.0794212023281045	1.611533266466493	-1.633366639728523
6.369019870785108	2.6069497450966805	-1.9304941221945187
5.531247029225057	2.999066377519395	-1.716349526870313
3.9109909969173673	3.3397011438980466	-2.012050134257681
2.0536923275756753	3.0950737847058276	-1.9112563393654962
1.6372634452405803	3.6008213437432666	-2.9371827650356863
-0.1147331314679445	3.7241723828316857	-1.7411033710643045
-2.114764089935501	4.309405658429888	-1.540546281159204
-2.298350550043654	3.013412176020351	-0.24944397495617832
-3.4193549791881015	2.6765176044077705	0.32138883086221237
-3.679112906710605	1.1661068395701908	2.1017022667478455
-3.2008297874340093	0.5762453575377775	2.4049530925166724
-2.4235806387138443	-0.04492791000839358	2.871657001065631
-1.0807381705592847	-0.6419768121746263	2.8884682630523213
0.4404711451196267	-0.45210567673095525	3.0820689193748323
2.167883529465742	-0.24952370483041397	2.5985275986415033
2.4536457351661474	-0.006065465231121392	2.515421810217312
3.6137711312153176	-0.48785456336830835	2.366566768410062
5.50159803749106	-0.996246272943392	2.9995963737011904
5.5932834493086006	-2.004463472495574	2.667054884617028
7.419854107012594	-2.8629171875082653	2.6823460994010064
7.094189738097816	-4.014633185844513	2.854303071689931
6.542653608820913	-4.74240626632032	2.691401273190645
5.749780639159934	-6.1012080560779935	3.037104529446826
4.614753869387354	-5.933281137774586	2.9483382369702995
3.8099686030886115	-6.766008394639636	2.688008685225733
1.8044958879064148	-6.8827696487106	2.1843925320435793
1.1986370683741232	-6.861973603162556	2.2794316425290457
-0.8817128644489229	-6.659333533516027	1.8086312091904753
-1.966159457281533	-6.556300925398999	1.2551395091249986
-3.1103856368446454	-4.957004663814276	0.5896928006822555
-2.8615775049430363	-4.505817116660212	0.14941059528942977
-3.186509231923759	-3.1401008693819645	0.29656552093454447
-2.6954599864275366	-2.4853383603687083	-0.3286160473630363
-3.126980020654559	-1.355190493442905	0.8156869287532704
-1.848575285980612	-0.6253692124718062	1.1783728481513454
-1.2349702337750288	1.0578468878039191	0.6713311178472782
-0.010852248057402702	0.9896679957143732	1.5769222497345714
0.5952133771968795	2.762172285430512	1.3544653113446485
1.7265044444147901	2.6354446669706153	1.8152125134559465
2.342974397823126	3.7051435158018133	0.15153752543430704
3.645259727033798	5.200533972667603	-0.3419508011816116
4.35021972563865	6.4096625115501595	-0.2461355069717287
4.938979985000266	6.576340920959449	-0.4310165981517504
6.029082761943067	7.537822815530389	-0.013189849497665884
