4.889580478987384	-9.38803623376273	-0.21416664742184677
3.289266676237027	-9.040029555340048	-0.5462477295177394
3.1954310786829114	-8.2167306742069	-1.1353227633704308
3.411086927863547	-6.735976280378219	-1.164752507011647
0.8967920387361585	-6.496372181009779	-1.11344438948229
1.2837971835387472	-6.071969859307122	-1.4676716125317926
0.17214307512040783	-4.246284017610494	-0.7005205323353934
0.734786689191478	-3.0737456608905367	-1.4373800158849828
1.0296541014229614	-2.447106461978982	-1.3914325589875318
0.4409116794352291	-0.9443268676968508	-0.8183558975156955
-0.12851777690133348	0.43689745154723186	-1.2379134575715796
-0.19356253141754043	1.5713854674349323	-0.9311776391086841
-1.814550820446888	1.849699628794254	0.14045719359136077
-1.280937144085118	4.311275200393267	-0.04388901451330766
-0.37678269809924203	5.884966863131356	0.6855796410197406
1.7741771838789544	6.789995604809951	1.9467311823477298
2.321378880555957	6.803790817680586	2.072768236548369
3.678606044886239	6.510655760971873	2.6524028238620945
4.140697663958072	5.5902626711100645	2.1855326739581935
5.703965505591922	3.9546459075117593	2.5233475234578764
5.796084015253978	2.667354180098089	1.968617262969171
6.062945678700999	0.3206399263787062	0.5045963042652024
5.9669056518754	0.12089939129893379	0.0690814775184998
4.526110865476221	-0.649699762674831	0.011536042575501781
3.412254907477706	-0.5228592819838942	-0.9253844844768759
3.2680211910377097	-2.8277032830251994	-0.6493216262778465
2.506284587524848	-3.6317160412638865	0.23159465989971562
3.578609567783506	-3.8567936330819057	-1.0777509570965984
4.928947217031174	-4.804065998007883	-1.3216349026273437
6.009521557717	-4.895898239383364	-1.2391765041398668
7.307402917926201	-3.915488983733077	-1.8186326746198118
7.189941509422781	-3.3000980189563425	-1.0647023559810787
7.775360495939694	-1.7525135120072663	-0.9912631895065798
8.172581664396935	-0.8588963702278516	-0.754621222253353
7.7036715237999465	1.1798796797005082	-0.863421078450398
8.104282224747475	1.2604107173935928	-1.6979575208616624
7.3381811770777405	2.519060001464023	-1.5876756315569807
6.146949741320396	2.560424765284078	-2.1990803197320385
3.958173155077321	3.6631122469389537	-2.370047321637637
3.191811239189917	2.3313969361834705	-2.334234389879816
1.4124281589175836	1.9698648410337152	-2.2380232307863137
-0.8216465949445378	2.057790855929013	-1.4020467350881238
-1.7280626912739376	2.4121379899070607	-1.1742425134702856
-2.5114354851387897	2.9925930934874545	-0.6263503169689033
-2.98297056431184	1.9959084820797712	0.3417328218384835
-3.6187773557172034	1.469070372621523	2.1338994902279116
-2.4090650836071794	1.0537641283786687	2.162207067579463
-2.4461053569301234	-0.5609722406859041	3.731474580567221
-0.7879696131689067	-0.3665035126749665	3.470178229710067
0.5938628305086651	-0.2267958888031789	2.7507207494738113
1.431732901871517	-0.4831597037752965	3.1095320650514813
2.6521599417158557	-0.7059097449867227	3.636181449172878
4.054398499670097	-1.1075847213066425	3.3580780933052123
5.278395911957297	-1.1626905354204626	3.640372196224983
5.896931558050627	-2.223395033004078	3.2725022378393973
7.332255637329217	-2.9184874945667203	2.155277216146074
6.629340483628813	-3.4316205648353972	2.898198278241825
6.990429803816592	-4.881659016799741	2.0926188475528593
5.22725422660376	-5.190402657010121	2.8749854441111236
4.679096095920589	-5.865856463527809	2.2350491206077168
4.057405362111979	-5.1387650312984245	2.3237343837974094
2.74375000294811	-5.48555577201548	2.7268288045267006
1.5932704959368489	-4.75190990090955	1.998535942286867
1.2513554284671324	-5.6881449848047065	2.3869092466179396
-0.571241968353398	-4.50969193428407	1.320086062063423
-1.029788944725474	-4.800441719237967	0.9168088533128534
-1.4077900409718804	-4.335866018707439	0.7289663768855398
-1.4146916244082213	-3.3973029236344394	0.10267967597536976
-1.7461155387788745	-2.235870416521684	-0.4425854844881197
-1.7156704043230953	-0.6675689959471325	0.10978674278205819
-1.498962555230442	-0.24420622338845677	0.5607212123452863
0.027331658567528727	0.4163125151483526	0.656393001465827
0.680102928544204	1.1089081999710417	1.847280370241947
1.35242639709789	1.702661291773019	2.2261225738137638
1.6749412481899328	2.5955016252988425	0.9216121133896437
2.959699555466319	4.380831089405261	0.08005468764302709
3.2975421065381223	5.431676057384738	0.061748583161648996
4.295706649229366	5.505330993917477	-0.16110273979917022
4.75215814257616	6.613960663616279	-0.3190047997766954
5.417426711574388	7.867669363851077	-0.3430653602146284
