5.157280068852891	-9.219105039872248	-0.19386940335498015
4.938354020216043	-9.353877314824155	-0.8564028319155346
4.3635598849131805	-9.212164466071691	-1.02382749234463
3.2423416195750336	-8.382648407162117	-1.1778112573236386
2.7107686056851006	-7.613116142932325	-0.843468917889872
2.1156372433453856	-6.917649169682688	-1.0001662220044567
2.9642856087335874	-6.570907587675295	-1.4565478345591414
1.9866049088967386	-6.706286188594062	-0.8252192227836512
1.4864277446986853	-7.142331736652636	-1.6902927535641536
0.3057418092432168	-5.458013741005187	-1.3907779311236255
0.7373975698276563	-5.6191852193754865	-1.6384253474644863
1.2290353590236303	-5.4537267491297	-1.4062633989413569
-0.29806050464435546	-4.690741008619413	-0.22449020716821266
-0.11171383661231116	-3.6834434056578953	-1.0238609299169932
0.6862322231553464	-3.693913352935696	-0.6372145123591597
-0.4086796332090839	-2.0017002126812056	-1.7117576952840112
0.3783001366234346	-2.1912752725956532	-1.2584433943723357
0.02401937337932669	-0.7804655516339845	-1.588881163895675
-0.07463743984892218	-0.5638988316001279	-1.1955120003954418
0.18570257466507195	-0.29929885899946423	-1.3007689727630747
0.8339631136066039	0.0029369005552486865	-1.8402697581148162
-0.44177392845037766	1.1248463615531168	-1.0454724798104817
-0.34032719917511045	2.077603091050015	-0.7793240206386494
-0.6793886010173443	1.342209648164037	-0.6970150662471899
-1.6028226467055986	3.0222231040914393	-0.3094594110488298
-1.5022971639737972	3.2294523619639346	0.8394896321241293
-1.9972646219780563	4.9850632223362235	0.02645792453629344
-1.030334168852876	5.463802354506489	0.6739025165816703
-0.32866758295702025	6.671015998741542	1.2189229468916816
0.4983035996947208	7.103620363386212	0.8808397497369249
1.7492787504513463	6.72830233151848	1.2006290630465157
1.5559866705050411	6.888683038543663	2.303295349542493
2.8473243814061013	6.827520090411694	2.260358976784793
3.3202618799308117	6.258042675567851	2.4973601863931485
3.6825966284160927	5.698097044484728	1.959698065159155
4.372502297258092	5.347734872049859	2.6771219672621935
4.481569266137414	5.607956704999381	1.8799204328384387
5.219378342685056	4.519396377350304	2.127398713212802
5.068035638854761	4.5255511865741616	2.5059715093836124
5.814297933554587	4.106782100400803	1.2168786101370368
6.12404422343019	2.955719649915274	1.2407769468972925
6.136034121368252	1.6071596821198204	1.0638727503167276
6.100628924815596	0.8277648045949546	1.2319109385006082
6.396311419268438	0.3779123828451368	0.6285110655026906
5.743459038870346	-0.47767296063771747	-0.39656738504595684
5.703043797920913	-0.24697843263286878	0.10362312654233252
4.511361588868918	-0.4979740952227118	-0.9695551503155324
4.349843632543338	-1.1069692425027173	-0.5169552855198287
3.5536827218917733	-0.8064358278758561	-0.6930753362289075
3.731132468188701	-2.173245055222387	-0.4176498166140281
3.533626805080328	-2.917066198999051	-0.4508218730112876
2.762915013677606	-3.534331339864955	-0.8712506021217405
3.117927237879183	-2.901487371453621	-0.6281800975135776
4.049866359850123	-4.397799194775529	-1.040161069264415
4.444260519575257	-5.079586931034032	-0.7574735569601971
4.14989873964568	-4.120693015529147	-1.295830474809511
5.336060827800422	-5.32470517781309	-1.221853700320882
5.078958005692081	-4.407885160493779	-1.2960172989976169
6.148937108215215	-4.259016013066537	-1.7090125429744267
6.678007379022888	-4.366730590571052	-0.9556826768223159
7.33244994777913	-4.432499350144002	-1.9618171343788124
7.589780048466921	-3.7686842996944856	-0.9443847669206549
7.847742550603186	-3.537153418834765	-0.9351857637590388
7.727538283399609	-2.770824338669976	-0.754586621470172
8.251040007983693	-2.4334423871919597	-0.9531372182055595
8.144761382740091	-0.5199303337054577	-1.3343528250175374
8.278785588873946	-0.9719342100464321	-0.704185551067736
8.422578881398861	-0.20811839805514754	-0.6801842538094847
8.607925110251351	0.4341133036375572	-0.9327047429132886
8.396010771114238	0.9930476147548936	-1.4749500667836417
7.131967128653031	2.183852012669872	-1.0906294978002045
7.095993424825551	2.7729933600436207	-1.5761192387320613
7.360395889825089	3.1976691917355216	-2.177290591697465
7.202275954655011	3.0950060348018584	-2.338010132791605
5.497721439033082	3.1723007210680003	-1.8818309453095938
5.602932612391351	2.9198929022757514	-2.427302962572439
3.920581528714524	3.2199630459705473	-1.8043097170908164
3.375925024940625	3.1436405522951807	-2.923654527767926
3.4312794226425547	2.3455560361882792	-2.8007086178614693
2.423688834786709	2.4347503055826145	-2.838033801568188
1.160456253796703	2.518786867088613	-2.0770850258857356
0.9360822137448667	2.0508080803499174	-2.7054618801774826
-0.5692316052431441	2.1372661667862043	-1.7987358706203072
-0.7568707481433588	2.2195382150428355	-1.443888008380957
-1.3518837459462196	2.5898934000982146	-1.2762952586408356
-1.891608998691325	2.3748587240447554	-0.6127144225322153
-3.139160536829507	3.620283352640647	-0.2606463006795774
-2.7030608401422884	2.825882166427711	0.1542758884976662
-3.693446806586268	2.213921893681507	0.7978850629048148
-3.3349197643135873	1.856967900138997	1.9693004086363677
-3.327904936477766	1.6623771284094992	1.9361930485133731
-2.5933574834052577	1.2159209608399413	2.2096698160311594
-3.0383597203623216	0.9468787629018329	2.895554147540757
-2.2925678885039034	0.09319805156242433	2.528215461293852
-1.655099823523297	-0.7907750138987707	3.576319778104307
-0.9059994945948379	-0.4249484920758071	2.9196369382480936
-1.1505930560470268	-1.025651891145766	4.073234630010175
-0.6391987975603027	-0.8470377930046453	3.905661255131705
1.1121012697622359	-0.7202760708192737	2.5983612552843804
1.4427717687017751	-0.8791211842484885	3.217688362813531
1.5688507783466954	-0.7584241273217543	2.6798660098621223
2.256878480452023	-0.029256248019285502	2.400029403320282
3.553964072610043	-1.132266097733926	3.1618369371127732
3.486061925911042	-1.3994551956643915	2.4483631869957767
4.03898874119908	-0.5157813358871983	2.9551318925642387
4.716176699726054	-1.4920062183333433	3.6569509471415675
5.533410399829083	-0.5013969194873036	2.6828274616589254
6.158169815408412	-1.2793107498410352	2.845903085972079
5.59599621760153	-1.6806472499949123	2.395364319346613
5.8541476770791645	-2.5096832416972923	2.1936962628481695
6.678448641557103	-2.0912289424225454	2.3233923405831636
6.48799050288709	-3.6657335948345935	3.302993901100333
6.285135653051558	-4.069193601818511	2.232235646056412
6.407996299160802	-3.7871518556522803	2.533103125674118
6.184020997821883	-5.087859847657242	3.0522743960227645
5.582451083630509	-5.454920291277717	2.2699115113612818
5.089272787736361	-5.452240641010017	2.140841489468805
5.1015041052132775	-5.024931779568959	2.3067799091325356
4.957725097700016	-5.231755109896987	2.1015762010930756
4.5936361738619675	-5.555575531737479	3.270944180898311
4.6211657323433	-4.901003784829947	2.266224382617684
3.4636507402710883	-4.9326688540430865	2.275070069929375
3.7769731781022435	-5.791808090117363	2.0580519417359993
2.1412605132079507	-4.763821749132779	2.0601098619897993
2.2344209517930045	-5.4558106520999825	2.655607651591084
1.8423210026271764	-5.730297921406539	2.213137955345429
0.45333142042170665	-5.243869049373183	1.6190825170828866
-0.16118637733779964	-5.556644264087765	1.587471075491541
0.4422449844007127	-5.827569139126053	1.3279316333761995
-0.6158015729688013	-5.606770693837254	0.7721833494382814
-1.2244960939507825	-4.9086596920418755	1.6561248935955433
-0.6371742927704718	-4.330917922469955	0.49838212653776326
-0.5971672565048218	-4.4654969607312935	1.120079814682002
-1.628526859758282	-3.94976389407637	0.24918786521698255
-1.318669597378578	-3.5772659662171438	0.04190389843581521
-2.1332480804853624	-2.9140385696820053	-0.29797243585342564
-2.5027960375185816	-2.598507982196574	0.0005125974710976089
-1.874876130340582	-1.9695191595886385	0.10088800788915547
-1.4829976855273233	-1.3623538934349737	0.18318073440557375
-1.2535003433173033	-0.8687983276849226	0.5601451930626573
-0.6606644560319721	-1.03820679906241	0.10560137743489689
-0.27382353230974754	-0.15961158980666168	0.34421420789503465
0.015853863070165786	-0.23487970035888256	1.2983185565245192
0.22044182603516976	0.2651174800768895	1.5045775496265303
0.5434946713495974	1.901607404237667	0.941240437847635
1.7347374474304331	0.8758646351185688	1.5079808235004517
2.4753175130946756	1.6483675162382574	1.2300006196848676
1.6710142698966923	2.7217874187773274	1.698548897525069
2.026803167011807	2.4889053709758735	2.1297000456781436
3.00214185185904	2.956651878802113	1.254976306640775
3.139905873572178	3.6577099805487134	0.9326623350292211
3.59820896731653	4.6992919920933005	-0.29097236009979677
3.8624904401930804	5.052580534414584	-0.3417569848168976
3.3774327193247213	6.248075315952815	-0.33396312735606487
3.647665586946388	6.899992889130505	-0.9405361605798851
4.7408450797435	6.4727217927229885	-0.006464092485120032
5.43442338098396	7.299841645215998	-0.7622489341989063
4.849765415101982	7.189692701118739	-0.34987089851809183
5.579365879834295	8.000175569706615	0.09141059010943375
