5.2421065925572865	-8.973035908257442	-0.29189735930780353
4.759630031126853	-9.175075801158755	-0.517902018216269
3.516523755916143	-8.949603064669384	-0.9284842773872104
3.2526145789646077	-9.237244530347555	-0.09229153312418448
3.815498553790024	-9.125854912126337	-0.2872389310666732
3.1707690617796724	-8.935916226176662	-0.9565624679209344
2.5124799039659567	-8.371997277899172	-0.22495208956655977
2.566392458155325	-8.135470469884844	-1.3596975281340997
2.323132259396053	-7.811032168678695	-1.4492498214965885
2.4614094111863656	-7.901955391227663	-1.3898401359772432
1.643184130734888	-7.610671061741055	-0.8025255098242647
1.0792649640630652	-6.313135525269648	-1.459218286798691
1.4849983308062316	-6.445796651651406	-1.094037265879262
0.335144235106548	-6.664265797621911	-0.8768227292453106
0.18012048206662215	-5.923127329800597	-1.4601893730838573
0.49658581730207546	-5.826066390872041	-1.4060607461538879
0.24101492575569983	-4.709176631490978	-1.0303615273931404
0.6474647616104363	-4.639480923506882	-0.640604226774498
1.0210152993292043	-4.798584449535654	-1.2891661004873585
0.6806998010039166	-3.9182575323776336	-1.2505790932142264
0.3273496056238395	-3.9112731789694104	-0.9715111694548932
-0.13622867851629372	-3.4185136505512284	-0.7477718982610866
-0.32111572385897863	-2.008787262019	-1.673945311201595
0.16302102430296977	-1.9334047135566952	-1.0047637790592177
0.5918294888360969	-2.396494391680248	-1.0457401881767412
-0.05836292633908846	-1.8783993484009451	-0.8466567862313492
-0.30657395895699635	-0.5075933096732024	-1.7801883006789152
-0.3111811892934637	-1.2467963050174022	-1.4501495506951234
0.7332631777252485	-0.6283200654122341	-1.8606413113084692
0.21784929627368432	0.05137355395760457	-1.2302144028404545
0.17406838290378734	0.5713909273097094	-0.9503761251959901
0.7327236841580292	0.7886961123640768	-1.6262543792271549
-0.3181610472182413	2.0668009495232154	-1.405079743422716
0.7175805841563749	1.530374493765082	-0.5732350694855378
0.09989717075995613	1.7905698749541332	-0.7532309949429918
0.2159636591323013	2.539828627371541	-0.7829818047563804
-0.2787034505457732	3.3659429083825794	-0.6067857939009471
0.01057179035840261	3.0207759865658206	0.1262306192582895
0.4456796677860686	3.2422540414733687	0.4043787106825678
0.5305837695326203	4.604103323135628	0.008466627748049349
0.9369537827100822	4.222898882514437	0.7388718507078916
0.5387385086480794	5.023443394933623	1.1583054265253085
0.3782573533501411	5.24356859502534	1.2346367101477769
0.12741567617377997	5.437091215170057	1.160326360540168
1.5234315867057788	5.31085860629598	1.8503201040276325
0.890421297530297	5.574436352096541	2.1049583736524315
2.168938262702169	5.755334028102041	1.4806679610828244
1.7981676408126022	6.3332444686437785	1.5850954363995677
2.100029957925307	6.09621626975074	2.642823257053239
3.0452518487364686	6.457337108272598	1.8768410491761573
3.405810042776843	5.373262680667434	2.212258373308552
3.36083743082417	5.290434586669665	3.3341629378547353
3.9977364726348075	4.933506217437849	2.196513829881301
3.7613673019009193	5.115980046823834	1.9820042239788114
4.15078976181025	4.73313042303501	3.027551727730017
4.757097278896606	4.278382449894641	1.7546977400827728
4.410190797049397	4.82448151919743	2.0765777013047066
5.139108328274654	3.4124961915323757	2.785434887107311
5.460777219843435	3.5263077455827174	1.8769498739197545
5.053115562988217	2.8319067462197673	2.079268033036607
5.229527453559806	2.9558755689463396	1.4162174845285178
5.572617746442297	2.286009570467665	1.3676633243973892
5.098009856005846	1.7248457492269065	1.5412854192126886
5.26180288965952	1.2683524247836748	0.7259875162967655
4.565420911235293	2.0112252412807017	0.7185656675121449
5.125256418445128	1.3614808146429611	0.17971077728952278
4.991413340261209	0.9195134650179426	0.13745195856924075
4.27675557130742	0.6854400063324982	0.4340675336044675
4.72242664225371	0.2886349716039145	-0.23044156850683195
4.275451923625325	-0.0734621288131716	-0.6753671976103499
3.7811927653403603	0.28459825384244175	-0.9390993885159153
3.9384375502085236	-1.130071167217879	-0.9496664413477842
3.638420390429479	-0.765582507346427	-0.7067674368578718
4.485068870836386	-1.587306742888253	-0.6796343453457703
3.4378189665133077	-1.1087906580998366	-0.49758709427039205
3.1034610837102	-2.3487333291062003	-0.8594204022922609
2.9785513073174266	-2.2265684312564415	-0.4338822642273732
3.3231552956090096	-2.4559872485885155	-0.5719767959180069
2.9033853801871503	-3.2092374929734016	-0.8344489238017416
3.4794505428087183	-3.90136387052413	-0.039650798707376866
3.809135172981457	-3.546884430516985	-0.8446184720983945
4.037864878313416	-4.65872740701909	-1.2833557462630587
3.8313256848414756	-4.530270760553401	-0.9852657907815304
4.725892981388594	-5.121835615851434	-0.5376663026070305
4.325432106807395	-3.953482545385337	-1.3626752732370822
4.914366113096438	-4.782843364884887	-0.7307854189398828
5.886891271328671	-5.047472608493009	-1.692006378161169
5.9500377842703775	-4.428219744409075	-1.923201938033507
5.9395367123813605	-4.855406721659804	-1.2902801484506061
7.052144285184343	-4.223894438451404	-1.4466323655976872
7.016965207621857	-4.315958112310355	-1.1150508854510324
6.826470027997632	-3.5772836535735384	-1.8586648282092566
7.191976664111435	-2.853710454946892	-1.467066779118017
7.444560285609452	-3.03797468615687	-1.5652136422082243
8.200305244450092	-2.7558786320028252	-1.2141527485054604
7.576408986473012	-1.8467438251352468	-1.527532653026361
8.228954628355496	-1.709599575915166	-1.0943771763068557
8.7119335557483	-1.9252980014804895	-1.2779488526022487
8.232671595158077	-0.5954515787690275	-0.6862710984293586
8.852214228982794	-0.8212538096151663	-0.9459828036588291
7.894755330551401	0.2139423796702934	-1.4572502118772133
7.891253405688303	0.22859137113908762	-1.4398188837111476
8.452755810351327	-0.0358960774656957	-0.358885588944611
7.362033560635106	0.29928632811360256	-1.4977259836819397
7.719230512558441	0.8304399581597435	-1.107051464051227
8.257397178013068	1.032357970205407	-1.397253869420752
7.467169063207747	2.3769811569781014	-1.3819976876245952
6.687312724781708	2.6795108266507928	-1.5264776045994444
6.752270419866578	2.0676399001321153	-1.3753818627058316
5.923604885485338	3.2756304063748556	-2.34585549684234
6.285525939460947	2.573332201318201	-1.8727054827440772
5.161603099324307	2.7594863375307077	-2.258480225859666
4.56464533394585	3.4757715300104195	-1.9564953396111617
3.989078524859279	3.4533229982343543	-2.347985322491036
4.341644653629006	2.943243905512521	-2.072626887882357
3.3171808172739117	3.0387254379596067	-2.542857781578105
2.9193790406756226	3.5265100123689215	-2.627236500211946
2.808051417863348	3.679556363074475	-2.492943358586504
2.1067944858708048	4.131069953756349	-2.5116116587109465
1.2364595734085626	3.777686132349066	-2.975551835741127
0.7543913907334888	3.625076239771606	-2.560256192633418
0.8045414546415024	4.0198714284058585	-2.4779584344366383
-0.3808984715621396	3.5029128450646447	-1.8003232160026506
-0.6692167663032916	3.488463716472028	-2.4201439095170234
-0.7871058666385963	3.534879820425027	-2.1573128575801706
-1.1590824197967076	3.1213936569044076	-1.2467621276580265
-1.5736157975242469	4.056324235026736	-1.4343566160805103
-1.880905185702369	3.065228987358956	-0.7508225756817599
-2.3813108301501344	3.6367316178488758	-0.8135687411276038
-2.5823611689581663	2.5196270776733254	-0.8085358270449409
-2.6624508599967833	3.2463464104042794	-0.05792040587931979
-2.266274805259944	2.2788709616857936	-0.12394573457635669
-3.487686287069187	2.5771347809407747	1.055138240249412
-3.7091709217240405	2.0062157607409414	1.2952041104303675
-3.4082476579694663	2.247259254407508	1.199522872636158
-2.92055047989518	1.1130357656216983	1.9442457225334382
-3.3786894135090138	2.0000178363434276	1.698867522727897
-3.158168097588897	1.7168337936189588	1.8874970322558893
-2.3862118715608	0.12551410268070348	2.770209051203957
-2.6744122290278636	-0.2373910314818785	2.945120768661957
-2.6442059603191232	0.6303712286283835	3.1602380047401195
-2.096618135098348	-0.5782392786197623	2.597281465127301
-1.9547572280125372	-0.290617760824996	3.328203288998994
-1.1917974651582963	-0.45935741458008783	3.2348713952288737
-0.36579839350761856	-0.7939033324030375	3.031265463044872
-0.5581710774751657	-0.4087663950230964	2.774029300939473
0.5368695291927292	-1.3286442911634366	3.2679097467623426
1.0345220384104317	-0.812294953124006	3.04722168673063
0.5192962416955083	-0.28470245062190824	2.946203048266594
1.0810759676963033	-1.0816827240858309	3.792447979845517
1.2892613735398564	-0.933425239688348	2.401795750991725
2.063022629419634	-0.8422480199885433	2.6381102516855166
2.288368026983805	-1.1175578852654362	2.9950242566250442
2.8655018692994982	-0.21730867617523275	3.1438750704593605
2.754768931776633	-0.5377378778631265	2.720555123907047
3.4079844923859794	-0.9958746571671159	2.4863719032438727
4.170445457316287	-1.0499729411283185	2.6002867611127094
3.913716242879399	0.03629336130455463	2.523936505096695
5.323498811613268	-0.5254810685217377	2.4226097054813014
4.825449572182961	-1.2845065417149844	2.6728592867055307
5.5987712789535	-0.733100704903118	2.5611280602871878
5.975830069541069	-1.3139374873435261	2.5703153926834377
6.49669896534227	-2.2228073960428776	3.0937889778400303
6.70315394913691	-1.6772912837780767	2.4318237963866323
6.868442054554941	-2.748117386473256	2.997536460419145
6.6995676042558845	-3.1059788176170167	2.2114193244771423
6.734500804264469	-3.6030078552368408	2.3653285850992654
6.862822885929453	-3.658257080203221	2.1293908240079666
7.217434432637529	-4.03611434755253	2.8007685585232105
6.2970738264494175	-3.9280523595251795	2.3989041372745286
7.036253589056566	-4.138368320916765	2.118222907809598
6.547166040488088	-5.007543462499605	2.007119864207846
6.251439263902828	-5.301269535163252	2.666597581361178
5.501695094813147	-5.326188947840517	2.1698643730740286
4.923589501648134	-5.935120227839814	3.1825173014081285
5.713563701119012	-5.900371375508655	2.7171723592439787
4.859940378410419	-6.034611081275144	2.8636797550672513
3.763775420879769	-5.548268594010532	2.8683193295888803
4.074974653431028	-6.194251322536439	2.7631922060771172
3.421472342623309	-5.494607463815185	2.338134909981246
3.594441863712858	-6.543919489311785	2.305684728763585
2.404356478869601	-6.642181170243289	3.1320278721432313
2.166682689038292	-5.786521525051556	2.219938624368545
1.45904672915139	-6.201707927603721	2.75558592937801
1.221345076636299	-7.160025961142082	2.6148416745550014
0.791372106414701	-6.878446308143309	2.846257587824036
0.5507653230254256	-6.471375990309981	2.6416162894522235
-0.26013887834105853	-7.129990612332474	2.227514637949552
-0.33035208492407275	-6.547266473026024	1.6063663520262883
-1.0565702935239276	-6.443980779547846	2.0596252549114076
-0.32752804135859215	-6.43107621686571	1.418886270577687
-0.8140647659555171	-6.986696319052106	1.9668996741394889
-1.1247093400407828	-6.506658337943134	1.2778712421012635
-1.6454225135138265	-5.882172157561429	1.2857670949156352
-2.5357855633849136	-5.845641375031402	1.3829383476429795
-2.7408655003598796	-6.087181449969239	1.2017914216978136
-2.9816032449270367	-5.816159305602603	0.7756135580098842
-2.5948939643135107	-5.215355283525326	1.1585370593375868
-3.4385256194688067	-4.915512160081649	0.245297968797713
-3.203503369729857	-4.773183866246408	0.6376751183184461
-3.634953416648625	-3.3885736280478302	-0.07963173149944666
-3.630485462297847	-2.875602739006938	0.38970969656976784
-3.296411903212921	-2.849705691532468	0.31328377487966824
-3.716314552869281	-2.832638703246452	0.8322059032280222
-3.3856694785110477	-2.4823453172069865	-0.36864154148481953
-3.5842989683374777	-1.9946082020614493	0.7192361516790658
-2.8761053761722786	-1.8803177458657887	0.043393199699859775
-3.1810260907251533	-1.7195550979085845	0.9076971334977448
-2.5013879744470717	-0.5677151675721093	-0.1500726871852709
-2.508486558787041	-0.8348177999169439	0.13833732395199222
-1.9627540984342189	0.04085705305150411	0.3822543636074514
-2.0524419054491005	-0.34340883181422227	1.2702674576291832
-1.2872975116083594	-0.07403521628288778	1.1110698189819268
-0.9388680940262047	0.452230628645897	1.4177845590642224
-0.08210891030270151	0.6388334396468875	1.1138960304368526
-0.3159425966236089	0.7984436899564835	1.8162968525175605
0.35868518536209537	1.9526395195495347	1.3927604686902484
-0.11511211976907129	1.5968642792670034	1.7289315123635025
0.5293156141073081	1.9748182995103352	2.020285859884135
0.9594035520122189	2.3173355139047898	2.2374892600493625
1.135560877763511	2.255398227312918	1.3150037255442815
1.862535806997219	3.500343541669988	1.1934516511723938
1.7939263468292523	2.7644690655946267	0.9409355637954948
2.8515101014073805	3.482521186118315	0.5290186738809296
2.1978648560293745	3.1669798185416993	0.5273451784516048
2.5047961376245707	3.602702616750546	1.3709442337527846
2.843870656351939	4.521893142840139	0.309247926369621
2.9767033764489166	5.183695446314227	-0.3222039097134485
3.4239775626192452	5.113687430382703	0.5045230496420583
3.918120466108557	5.699224875260691	0.11205472104293135
3.9709115681319695	6.051584056819113	-0.5653096667246581
3.6663496259110415	6.515738678248072	-0.8095854939605075
4.89207204300731	6.043946072470386	-0.5546462879444836
4.874058462177488	6.620251230404008	-0.20903449696996668
4.614312793478876	7.083136736377098	0.08173517434580835
4.870430758546706	6.804217836644946	0.3909491404230232
6.090024907078646	7.401697917253992	-0.36508801458141593
6.141100305591237	7.926081748593273	-0.5125541175616645
