5.097678589995568	-9.33860975747476	-0.49289545641997023
4.675316177235291	-9.117014780851623	-0.4090036162626765
3.4207169718314487	-8.90571977210555	-0.16625566882586562
2.7803854736487	-8.860758566743392	-0.2947587606904569
3.1346838530023313	-8.22152016432133	-0.6541269870225683
1.9962588136692452	-8.441411260217796	-0.10882658844272264
1.239250104221637	-8.040415382143584	-1.3237880623858467
2.3060299231668444	-7.3749103753897565	-1.5656509320922334
1.444964567052528	-7.1169671806245365	-0.8579875077635706
1.130690521251851	-6.3203844234952555	-1.1636575351071876
1.4033135575863198	-5.973758936441963	-1.2733371136611298
0.13552083799432887	-5.364516671409817	-1.4814133835360155
0.9532665664224667	-4.618568325443027	-0.8702184008315823
0.22708841449821626	-3.9044430496841147	-0.7062527489724895
-0.2108006338124861	-2.619854781752055	-0.6541552153365007
0.27643826808222627	-2.3846144455735105	-0.8747089446983911
-0.2381811809201837	-2.062948533868082	-0.9003993557043085
-0.04506517513165825	-1.5025750567254623	-1.6914805633096508
0.16076045464195882	-0.21377055459858263	-1.5134936961838776
0.8273780683035565	-0.2597673968851378	-1.6339014578882725
-0.06409231041779595	1.0096166115465617	-1.8433989717485937
0.09605199561071143	0.9879504577876694	-0.5582511978642561
0.5047338383540831	1.257809220930317	-0.7180732082582079
-0.01217418564576006	2.615764704852759	-0.02048810103742582
-0.38520446276223114	3.193942994757462	0.42034321230533433
0.4042346576955264	3.230527303283812	0.04140955948449776
0.5036826873039508	4.596000991417572	0.31407549221288117
-0.1012832269752606	5.087930089463731	0.6504665573941233
0.14069648485364475	5.765862503134299	0.8683746718177787
1.692349736371687	5.204896014525716	0.8801256885488358
1.7414361443635469	5.727185680357116	1.2410656111045377
1.3022799008861992	6.41316094454621	2.056532770863786
2.7561316076444267	5.582248567697149	2.1527153736842695
2.5490285106814827	5.841966043380429	3.087488797793238
4.04809323737775	5.381582849854151	2.3846831263585906
3.826346013287584	4.780057656330947	1.9441514154196262
4.30322953708432	4.8668915505741	3.223504721231045
5.019778356692441	4.446606115870869	2.2536901631123554
4.802870043641026	3.3492401685433446	2.7541128305912603
4.7081405910073775	2.914473681557474	2.271149927583953
5.949072439752346	2.778213073966705	1.3002196499060015
5.074828562149849	2.2057579242972905	1.7831519106900058
4.812558242948338	2.359167279310434	0.748360606981454
5.180719109568843	1.1410414416169792	0.03910308508954882
4.783256458684194	1.3724765243474997	0.2566153454407991
4.999151087016279	0.9102777309200494	-0.8060039941980746
4.33299402223984	-0.18235541197343746	-0.4221704315340604
3.9857033515277793	-0.7589587828887374	-0.04257384625092131
3.653598858985094	-0.21346893395694688	-1.1893450543260036
3.220827868710936	-0.8004973151286354	-0.6905788544236977
3.1467377754299966	-2.2232267718140495	-0.5972029301648138
3.3403933844050604	-2.1378939431436126	-0.5182573572692817
3.800675344913649	-3.29968629638495	-0.03449175162108786
3.6251946556173866	-3.4866230021243734	-0.48615333618844425
3.425838931292969	-4.5375066661764665	-1.1167515917229716
4.127779707190848	-4.5891108882678635	-0.7194727111652096
4.291783464430684	-4.276752923704704	-0.7523182988673333
5.6823704112051665	-4.671324493852455	-1.4969596353399388
5.4093022041224055	-5.1387538534471915	-1.8273785990302307
6.206650446112716	-4.428155071386482	-1.2467053632674636
6.593908954737973	-3.841779559783214	-1.5183140453052018
6.636242344774776	-2.538582194997221	-1.8539803536143433
7.003197605088972	-3.3063668991107935	-1.034519362639234
7.812495458375225	-2.7794644296355866	-1.2895011349247651
8.354613004884824	-2.335132844661935	-0.6144556799941379
7.804192910711717	-0.7578486774589206	-1.202336677733959
7.990296693213393	-1.2514913069146085	-1.3549696522440162
7.861556916604912	-0.47866333414712015	-0.447422981788556
8.196368812250828	0.43129803446585047	-1.2181900399024088
7.728674114790835	0.6949474430994094	-1.456482191896192
8.167263448753829	1.6490782291871537	-1.602328639486758
6.5697189040823805	1.890436027450471	-1.5286304698209958
6.03352048389646	2.360923487747821	-1.2212441076995937
6.378458301481173	2.9952752396316793	-2.28120581301711
5.751174313400821	2.8772494929733545	-2.534765545130807
4.588054575660124	3.419624970941892	-2.573200386180412
4.1729681760817545	2.7420744680986786	-2.5806815641478535
3.962565497754831	3.6036386831026364	-2.717555449220649
3.248339577864776	3.239629327901808	-3.016005500753999
2.3047696977181813	3.407883648744134	-2.543141362892377
1.1396322647832466	3.9166800103788804	-1.8498108660284571
0.880323748234189	3.5296594743262903	-2.6744884324709792
-0.7585649498322479	3.287973117196823	-1.8968388164750918
-1.5194233963775066	3.4731449745316167	-1.7521715767579495
-1.7998636147070823	3.4585912111660586	-1.1610436270741846
-2.28711393850349	2.941327263129398	-0.3615010473530609
-2.4947278634572525	2.560154673033741	-0.7422178964384899
-3.426911024462107	2.2464909361577927	0.9321938924847555
-3.210622795222715	3.019223992965051	0.8166643556303361
-3.2600575792356135	2.270513955026337	0.8708245073556588
-2.6191310278127524	1.3990529891161572	1.6817144129847301
-2.4047881049337354	0.6878213773342843	1.7834740715340816
-2.8805554668702427	0.06725844635328679	2.5872979607992868
-2.68511258726273	0.01968612071263487	3.1936452246356994
-2.2891758560034563	-0.20167293378514317	3.2458726646623237
-1.0071837511893826	-0.39972198665239456	2.6817070071174407
-1.1189704854397413	-0.8632664081322354	2.9884187896342387
0.017716118098080824	-0.2926697254129589	3.0505596078359365
0.41042928429811004	-1.2012827859493869	3.2599924362739108
1.759641121687506	-1.1413983886133083	2.758394412740655
1.2391014699368836	-0.27439505699640354	2.508945212397677
2.6394379380614716	-0.4911998561883518	2.855505342428951
3.03535194253583	-0.9282587993498441	2.8780771094398254
3.4537110440109005	-1.0631607356141064	3.4925720929670168
4.1268729739572985	-0.30168396445625345	2.896372622995629
4.193667626956341	0.06704985550871445	2.7906303802907115
4.654407865307472	-0.4484699395459999	2.7929907549444835
5.608498382506287	-1.4599610889059211	2.9318829267720545
5.82600911075672	-1.8931867028743201	2.848600240128383
6.667071646937382	-1.748336576857688	2.856292236438378
6.436156627211873	-2.8481356884954323	2.8160701282902387
6.918298481326139	-3.6357507046426667	2.162694155279246
7.103099886182772	-3.8048509633791383	3.0816857177293713
7.033754539909136	-4.8742038003963675	3.050839435599335
6.845677919684959	-4.9968088482830595	2.681486660051074
5.748939413007645	-5.270479034127902	2.6265159484195872
5.1896524181171735	-5.322867652296413	3.003672575725551
4.359620049528728	-6.301394206356707	3.1714786468761744
5.0996586465902425	-6.60264034472866	2.156501988447962
4.148400225548543	-6.697040552891329	2.1946946470687982
3.1397774663586913	-6.147651642311057	2.980435621221955
1.9949222845462264	-6.91787927170468	2.6770973519838632
1.931400225769647	-6.631317183972808	1.984240193530842
1.755562979333635	-7.047672129298162	2.4300125791729488
0.7669645566454247	-7.240499616885916	2.3846645185544344
0.49086926314398704	-6.3503558301905345	1.7388915485478715
-0.5311790399125715	-7.110139220778419	2.6491949285931975
-0.6721542505483107	-7.025647045187566	1.2767507461878833
-2.159680774940779	-5.870238123798785	1.0917567202212999
-1.6574262056588402	-6.363453971808912	1.2818677328220502
-1.9305731787100031	-5.985617522582651	1.0232314794168806
-2.547910415307771	-5.686042121024058	0.696642070294653
-3.278540938015989	-4.28428919529506	1.0286461662546746
-3.1757486752481787	-4.5310447262379645	0.7832785902436552
-3.2804692466667325	-3.5263618630139795	-0.09179190461130252
-3.1117228802241668	-3.117137556550552	0.8229104960168887
-2.7097208970407376	-2.8155085976369545	0.09040038686831242
-3.195496422280166	-1.1778606265774996	0.2764580633638877
-3.2205327365352225	-0.7303285465365401	-0.05544154593084838
-2.199195898608461	-0.4363415738959098	0.7568952923469754
-1.5557953531318442	-0.5464049063888503	0.7424908615796459
-1.4232027992891985	0.3048990464528991	0.4012456359181757
-0.8067794962460417	0.5339994465130012	0.6950841500353305
-0.09191793944230975	1.5188830750995006	1.0698789888134101
-0.489963451398568	1.2387839505780773	1.9304435901860661
0.21145366008518293	2.3933359526379405	1.6939458539550265
0.8425267701651067	2.59944527007944	1.2182577403200268
1.9052777671388825	2.8795282510441975	0.9618650243386939
1.9047687606606858	3.6375621550549453	1.2693814548021414
2.5313447462054457	3.4377594027934033	1.5619939419540891
2.28147331945877	3.7014579585028837	1.1152752327933109
3.393268802699319	4.361627172889325	-0.15978032919075535
3.3259990654612155	5.2997795772678336	0.12175705912050816
4.480480224911554	5.206595103661135	-0.3660973477133783
4.004830837973717	6.074335052651431	-0.5024422670782976
4.548862670584918	6.739027672720594	-0.7429197935053766
4.641169667060286	6.74237540324546	0.07344993986025394
5.0960818122111196	7.3041447575459735	-0.340810098962416
5.635108647093818	7.864139670066779	-0.7610607150112421
