5.150595029644657	-8.839110497831419	-0.3189923984685698
3.8919958729535424	-8.989224911518885	-0.5401096485059028
3.5935359204608623	-8.832328684284203	-0.6487722411651239
2.850719235839244	-7.685321852764115	-0.873835672310464
2.208147571149213	-8.760914624611127	0.0472966794984071
2.718718647590027	-7.739858349635773	-0.8077687661054969
1.67522418453323	-7.788923240183003	-0.6330200094248217
1.734972216689925	-7.4267639143716515	-1.1154909827816912
1.6972659187031254	-7.0083462130112055	-0.9980913898138076
0.42060152668181144	-5.514471764608162	-1.0256281690391038
0.8454836833783674	-4.940893043843127	-1.3560098109949854
0.041843016901236235	-5.034992222872449	-0.8019869580292716
0.59797340019093	-4.872464343258512	-0.8498047154277457
-0.19475059380824083	-3.9426054178953973	-1.095852362789834
-0.37787237051077566	-2.8076452848972444	-1.490685579188798
0.22098166224740912	-2.5759266328576587	-0.8432600265714127
-0.28105514877569376	-1.1988722104422398	-1.2528827558431885
0.2850863002567084	-1.340898692968031	-1.9122166271997605
-0.14152404489892745	-1.0563256321427128	-1.184909533506204
-0.2570864314577356	-0.22988681819107853	-1.2152265594127423
-0.2093544573154858	0.5409055210865802	-1.9441319669718957
0.43120386423118795	1.391054605344197	-0.9803635982669707
0.1990437072680239	1.8317322603644872	-1.3687011286417952
0.8336894817962266	2.545679788703829	-0.9801227368936332
0.1270668480260025	2.8737498671543564	-0.2404995995034287
-0.23574480411122373	3.0966354485740633	0.08405587715759799
-0.29671377475149147	4.657904498759528	0.616509937830015
-0.2631291088622355	5.448011905432764	0.5717773786844462
0.7087045169164511	5.06694790274874	1.0610121493825235
0.44351362987743004	5.548414303995261	1.8673302728364203
1.575801309119964	5.36794523059135	1.9670704679572308
1.8669018634541459	5.509699582125319	2.268293380711554
2.820755506760153	6.0997600060638275	1.9527686153378436
3.1455528353636923	5.671377887583478	2.4922236341197403
4.0887362098737245	5.41678629631742	2.0293482432774863
4.154541021215752	5.719831969424739	2.715004125875994
4.495915234230901	5.302000534905541	2.604856508839791
5.162731784225847	4.3389780703086	2.476803908214233
5.423496234906566	3.436109994509447	2.6503980741692525
5.444936175301981	3.39083061977916	1.917812550514847
5.938120485388733	2.7550284701705627	1.5574427955032875
5.595287414786094	1.866368407480794	1.3278427145602612
5.520181927714967	1.6438017031844723	0.9291935614405307
4.953125611745999	1.3807767701104732	0.30034763087432903
5.429702271128077	1.2022053758806739	-0.18629328395622669
4.44111749604994	0.8671496788006763	0.11386942557811763
4.373618593097072	-0.4850572751048524	-0.8279144261116351
3.668280813904269	-0.8109353084120201	-0.5622399891182939
3.5398063164841265	-1.5746490963297257	-0.7431477073438852
3.690833193428297	-2.0652738067276357	-0.007519973221588261
3.4132816942499478	-2.3190146012554584	-0.9311852744099303
3.9201924799010657	-2.3662142579750283	-0.7996477454580222
3.290578309607255	-2.593719469578377	-0.6187063478652696
3.9530145699243504	-3.3415179921842766	-0.7976394137098595
3.9842403573391674	-4.60678064679915	-0.7042651250208278
5.157592091838936	-4.961121453368248	-1.1048256823498541
4.582743891119552	-4.9493400844358355	-1.63052908284992
5.243330270574375	-4.666314569529658	-1.017707081610979
5.3309404287580175	-4.497221225119545	-1.091048181562393
5.819742540509942	-4.562275072051899	-1.8996047648808538
6.935107030640814	-3.911393185109575	-0.9106707432514212
7.137934513842833	-3.9775057120724124	-1.5848099598273158
8.341145981551989	-3.5702478996473266	-1.7346246064066604
7.297461571455367	-2.6579531617591377	-1.3730199799974576
7.817063067184174	-1.5540805853946333	-0.821041199916263
8.309190084870938	-1.6841854572579864	-1.371651800538407
7.9799700170822065	-0.6144656502567813	-1.2675416043480583
8.52789667295005	0.06433192797426113	-0.6748209888084828
8.519519871435264	0.6863545034072019	-1.1906132517490613
8.122539030442745	1.3472772908344643	-1.1458130485773226
7.749459577014567	1.7356467425886142	-1.188261350647302
7.145880476705607	1.9542202850190549	-1.3378308352154924
6.420839302410991	3.128351124161752	-1.8991117712382461
5.572280781592048	3.506076168280714	-2.159672576209046
5.076907858598713	3.239457851110349	-2.472929364620504
5.319314233170438	2.729796105086818	-2.1870722608041984
4.1644241317766575	3.0832696020041728	-2.74628362093166
3.805211265267018	3.070231060397852	-2.4365602817318908
2.1446536407588215	3.399931730428802	-1.8795730859065447
2.2101998702890433	3.288532320028433	-2.2336180927100644
1.5056144453672058	3.5752325932811586	-2.3017468890305137
0.6332401009529949	3.821166885863115	-2.053162046320882
-0.30938816048990514	4.566065792159326	-2.525979288600965
-1.155708618965912	3.8737660208536537	-2.2986281451293835
-1.9516138546595858	4.001566186622639	-1.608574810283711
-2.4582487562252178	3.275099105121124	-1.101614053245208
-2.255481482476081	2.816801101258628	-0.3738061170775472
-2.9095216314022316	2.4836181317974617	0.09951923745696356
-3.129481356847145	1.8667955104239442	1.346733858191318
-3.066555595153903	2.0152934098002087	1.1838471125440662
-2.9685800955560433	1.1515364964535257	2.1271103201141996
-3.1521088243047206	0.9132570491440908	2.8479500128050796
-2.8939239018985368	0.5078399516328178	2.712666824489234
-2.288217695717851	0.5431511204195246	3.222903343842612
-2.253531971047103	0.20605417297728457	3.547260332066186
-1.2429393044466612	-0.3011708545464449	3.419710767059905
-0.40753867740959804	-0.9032966433893652	2.7814982859070834
-0.3028184927635779	-1.3854934868182243	3.5138595917935875
0.6236581224904266	-0.6271518610292597	3.1675036623037602
1.5704136680435448	-1.0444144871019823	3.0615140485461954
1.8283421045551351	-0.3579102953261616	2.958007360561399
2.644851246552342	-0.7193789645274241	2.6198941438196948
3.188682685983701	-0.9032494321010953	3.328893481510592
3.532829831091935	-0.1583174155663578	3.2380154420785203
3.7393001624590516	-0.5985902738958941	3.4670952663472985
4.141639349475411	-0.29098022866369466	2.442349254472424
4.912351707506112	-1.3603471265062266	3.522581635220348
5.473265426702585	-1.397733808377181	3.4531364057859064
5.943778938500682	-1.4338510263296969	3.34181413842058
6.163744448064777	-1.896112636082948	2.5415022107507097
7.134089886756901	-2.873625141359982	2.9930888173244146
6.341018669762778	-2.893111665134819	3.086492503657597
6.295494514166956	-4.168928112968777	2.4780640276330557
6.363532277123005	-4.793584379665467	2.694277843776077
5.96817412710119	-5.050314039880107	2.084609158645135
6.3130205278891705	-5.665830834406434	2.7150512155545634
5.1247298901459475	-4.781101605167728	2.178006152238121
5.226988291021132	-6.301489472934319	2.756308090618621
3.9697695080870083	-6.233970613606356	2.71181847130987
3.29186819198045	-6.415719256958456	2.7663957171061897
2.9271876634754626	-5.731371161352829	2.3269666620746534
2.2757607879799533	-6.180247375076347	2.2847797783604142
2.1952176055224317	-6.2758568593167325	2.080760161060581
0.9351421251818486	-6.966051221819277	3.270333712235164
0.8611274373788571	-6.563148790596166	1.901949742141786
-0.04391013371183805	-6.255928390699361	1.840643474675827
-0.7623389539211897	-6.8617464933147865	1.6515015275052827
-1.1607984063180294	-6.56991307062314	2.2040860375380227
-2.152233540631956	-6.205772939212894	2.2285069860465025
-2.235550649690576	-5.791429207286764	1.1214125427020967
-2.4362558632762585	-6.159470967864471	0.8484132398892408
-2.459115293479498	-5.354229540683463	0.905987342647921
-2.7854004834976385	-4.397143679430453	0.1532467109649597
-2.4902268080141936	-4.438075002773757	0.19923098484263252
-3.8166504551924345	-3.0273343781295443	0.40168767414591267
-3.329260469583353	-3.3496901761367144	0.6950385860166859
-2.782850580691697	-2.10973682243337	-0.10927473474193289
-2.7879815595811683	-2.0296432495620667	0.07282644903252355
-2.7412474180621373	-1.6208889389498833	0.5135198526844846
-2.1709384835469208	-0.551768557539335	0.5413827144705678
-1.948758639002182	-0.7064982977062347	0.4122658337283184
-1.1740972638760558	0.10331579000573843	0.5027057202092964
-1.1767634437688739	1.0025211816726647	0.6481832425537801
-0.9636655914539886	1.1842661735453182	1.8860261815346382
-0.20995587671312016	1.5165550874584932	2.1153652140058883
0.17315055118622422	2.2736482234097766	2.088027293348156
0.9436654545856393	2.1315756727330326	2.064879658289953
1.4742757502137374	2.905407870992615	1.7838611613624535
2.1189107721915477	2.6973261594883815	1.2855886936221923
2.9575100046768443	3.387394268537987	0.6637043125874069
3.367269633934151	3.722546051766432	0.07996472065446941
2.9174892113880113	4.251295043026998	0.48046515795129957
3.376552725709692	4.614343232263231	0.3545493589480798
4.037671313832041	5.194602502710539	-0.3572980482561644
4.621352643440709	6.078940831942528	-0.23615147914687729
4.555386279336555	6.109484305364062	0.036872218108621846
4.610682051138165	7.1675147588642645	-0.7568570492543314
5.833793167172621	6.799438014900529	-0.4790298521277312
5.591706846918271	7.436595563466934	0.0588693760471759
