4.970347174527555	-9.209470966744078	-0.601715027303664
3.2519781605522686	-8.606235247138825	-0.26172569825182546
2.288108283695417	-7.643826867939202	-1.2245818849627952
2.340948385843789	-6.5457624677579975	-0.49448686924354024
1.0770635799173582	-7.039901879372175	-0.6223081778037411
0.1713535441494539	-6.028865822243459	-0.3723665820295772
0.6204336970645379	-4.8197711057050885	-1.31467864211975
0.315935428612159	-2.8232937339102975	-1.5740248268899972
-0.2823540088239108	-1.5043272489291741	-1.3966713077876967
0.16944533924206812	-1.0055417451026958	-1.41002959722673
-0.22468413423889533	0.780404697846195	-1.857215690282123
0.03645480225475972	1.8439259470153133	-0.6091240078268503
-1.5674964003513716	1.7806502125109076	0.6766198290346576
-1.9119206570709086	4.9608205761729	0.4633658903462443
0.07327992593646293	6.4196245769862115	0.9913958814220394
0.8428558064601235	6.978345583888739	1.7149459937630083
2.8983705455304323	6.821041723275668	2.1284730832531564
3.3810901617620766	6.027559574777827	2.762832123421983
4.073830298309474	5.457277591461258	1.9257287814869548
5.712372391118993	4.10647293135414	2.232995800676709
6.1486124107175	2.4463100168761813	2.1238901893475792
5.819764088852869	0.6106671686681387	0.6139744024601003
6.371396369242476	-0.5674337763707655	0.42177021760134803
5.528045154664123	-0.6843659591432123	-0.9372281952784874
4.574664052381602	-1.104952722189728	-1.1018622413468127
3.382562185898693	-2.060871549335576	-0.8796884400952569
3.299194068062373	-3.126216444155455	-0.37466092654688743
3.4703061125637293	-4.016894206242732	-0.9166804886819011
4.986956513765433	-4.714453246954619	-1.4660505826939587
5.43456018310691	-3.811584754589206	-1.8293873844954809
7.246231754711476	-4.126855727848311	-1.4157389735107337
7.248727171411285	-2.9345299477074684	-0.8972508989202441
7.84776340741117	-2.151790453319479	-0.9893117966991583
7.7828284404600945	-0.34347822304745756	-1.143615429235107
8.404928761756311	0.3390724305355799	-0.5136973091320691
8.20434533283893	1.304342461840845	-1.6001108499181231
7.548120368017113	2.3141171888700063	-1.8022270019100672
6.505934371473621	3.5786817698769893	-2.604214279864234
4.085323465091535	3.214730984803367	-1.6512210000449685
3.485235309617732	2.6188174588266175	-2.978276189061538
0.5757000562615151	2.470391052555352	-2.389036671715
-1.069334678190937	2.673791436814778	-2.7254976215132194
-1.5154409363447998	2.4751007248283865	-1.7976356627922356
-2.639738706243909	2.6338441232645673	-0.14341588928521376
-3.170503205559404	2.1824938697298544	0.7454891029682931
-3.1743156230075895	2.198089494171928	1.574461368413949
-2.928956619883253	0.7067828682788464	2.8179729061923995
-1.9429402423412816	-0.5651556648232078	2.7707680763357403
-0.8035900842536554	-0.21269385611466274	3.2239698078981665
0.02172129020628771	-0.6750789010614844	2.7367815301018092
2.2565712510631633	-0.5541159095785382	2.833585261468857
3.425172301811781	-1.2640917724664742	3.0929100953804625
4.722585046402544	-1.587018137596769	2.8287536281215013
4.960109294576008	-1.2321443245517782	3.3527780375462894
6.668920331131547	-2.158846141006861	2.6613466355124076
7.280001773499243	-2.347915283017311	2.421953662607858
6.62208277211487	-3.695885186421654	2.289487887791182
5.771515799884514	-4.059397948138117	2.121166150528534
6.037226850552891	-5.508914987560807	2.0700186089017616
4.64148797221655	-4.81660145642884	2.152198052408271
4.313722347510055	-5.230728887674628	2.6746602834148314
3.422657965756369	-5.1080985389241	2.2387630203030215
1.947895010289438	-5.883499369831621	2.5644706189047657
1.3132190814808777	-5.659817125717536	1.4976947404827694
-0.6377119320598414	-5.601983900078356	2.0556001694051216
-0.5091204223839856	-5.140863939012002	0.9461046434473077
-0.9203578732263642	-3.740208015051734	0.820147898363835
-1.6613844552871904	-3.011887753737869	0.6727400149504821
-2.64888453707157	-2.459263207571848	0.9465255039951566
-0.9088234265329	-1.880728805550045	0.19425026474856327
-0.5655467366352538	-1.133078623501119	0.22043692955070587
-0.44313820526468845	-0.08585150304608713	1.4981228410952618
0.501346331614066	1.4019893891589568	1.7889443454307052
1.7911463770182907	1.7122165755261296	2.1542370726792166
2.4028128568002147	2.608514365110928	1.2024681834773532
3.05078824570155	4.6577560052368465	0.0022139296847244506
3.3921063920491332	4.680069032049939	-0.5302880437042357
4.564403632465538	5.475773783067964	-0.935593020127793
4.640919270710662	6.756358138075816	0.35035204904054673
5.8815046046523465	7.337207730757013	-0.7640183092691576
