4.369835049543	-9.425390389072623	-0.08331510910475659
4.075986720831697	-8.88328184802217	-0.1108886156329556
3.7754840199438604	-8.840410439278422	-0.43776414540712527
3.522422506232166	-8.568998537564216	-0.772810516203055
3.81715558503306	-9.047440594032386	-0.9767463500722721
2.7580923014610628	-7.632647583552977	-0.8819086043878284
3.131788725515684	-7.9220784545104594	-0.9453183881637572
2.725181284785647	-6.993425793626443	-1.0602606473645806
2.8025471997724813	-7.27088788883318	-0.6758297882927576
2.4861842421660936	-6.494464200769384	-0.8419540850842643
2.15976246845955	-6.885602156356335	-1.2303290763619312
2.0817629375588793	-6.874903927150299	-1.1402706409719168
1.26459651405449	-6.543145150197503	-1.5985054414045066
0.48201356709533494	-5.826787159631203	-1.1165212249426408
0.20993108574920202	-6.3920860742447685	-0.5373543394626341
0.9274187685465677	-5.02192341835776	-1.3691417469522391
0.6139908081241962	-5.269960244795091	-1.3930579385468023
-0.021091952700599298	-4.612684868556738	-0.8401672320908679
0.49921452829628205	-4.575901898324582	-1.0826139656772746
-0.24021895697499168	-3.1593239447930586	-1.5413858086944217
0.40791683304417814	-4.018786869740644	-1.3789200116688796
-0.1710803387383119	-2.4390195715101526	-1.034353420546569
0.7809865754688342	-3.2757062642076162	-1.065550805626187
0.7319553133246068	-2.4867507766463954	-1.409988404596104
0.3205845114203611	-2.070941864092573	-1.3068423539585041
0.6903098551985676	-1.7499694988558787	-0.9325464079951222
-0.2576338183273124	-1.7066372951735826	-1.4430886465437835
0.6292046925599433	-0.8035459988263987	-1.9525766733548129
0.0990715194500505	-0.3737439472627797	-0.8835449147971435
0.4333175224123932	0.2484677038848232	-1.7230669118846311
0.4975382699017781	0.7162186585252248	-1.2567711030369033
0.6678784674126523	1.0895034330209425	-1.7844110309941832
0.41163086484958533	1.3225004594659062	-1.4544273213475598
-0.4057094706192757	1.284994604266266	-0.6658214934108598
0.00873793114600363	1.8207385219879368	-0.5773163401863812
-1.2793176810754034	1.5341772005730703	0.236253014190121
-1.4264611499999835	2.269146158185311	-0.3184419872390846
-1.86869790056106	3.552809974673578	0.16588571211509817
-1.299057096693799	3.6911044494606418	0.5907924412582292
-1.5872905162453876	4.559808339249669	0.37093958133657645
-1.5452146490033647	5.407897255124449	0.6001311383968422
-1.300167805821664	5.289968464608134	0.3381655453414848
-0.5131656678600245	5.903842273782325	0.7746283914891797
0.8266041385692575	6.19485050591481	1.0927389592330443
0.30697381102786647	7.234173599646043	1.5495893264118223
1.2794118772879837	6.5634985315140995	1.1440566949520823
2.06560261578481	6.19295020655709	1.29927797474122
2.4384756653089106	6.23889804452572	1.6562563320657737
2.2394725269362	7.398908930235602	2.1004784991082097
2.787947931732531	6.553369787536971	2.3946927460488587
3.721667155985442	5.655183956980361	2.097750188783042
3.5953213658057805	5.976344781526043	2.9167053594206607
4.059079757332151	5.671640737043228	2.236410126004337
3.9831586935196697	5.197957646624224	2.3202503389681963
4.191501234136857	5.754764050285033	2.1434680229687295
4.950146744568435	4.392363750060087	1.8588166954932588
5.168340280565643	4.441545675374073	2.613765935075307
6.137522657315342	3.4739581198090432	1.5625686396169374
5.996247110572596	3.909145146958977	2.087877173234414
6.174818029781287	3.6015818814778084	1.0770478419733014
6.979935983696082	2.4242735441161507	1.2126598288002177
6.646592250834287	2.016829458959644	1.556936710317019
5.837098072834907	1.0764208570519884	1.6125749517695207
6.748600952542137	0.5640614005971148	0.908932947860039
5.666262740771191	0.8113414797555509	0.6093989993336026
5.771065253083091	-0.30923965938214526	0.6715123135271455
6.236865563148589	-0.03149760633982479	0.25203889056133644
5.173695852588737	-0.15434374232538517	0.047487245306061854
5.409186311179089	-0.5118952088013071	-0.14748001872724414
4.539969377296785	0.30615227410840384	-1.1664230261765303
4.703600163791513	-0.10702305249907917	-1.0147486795643519
4.111247222710933	-0.9663583739664703	-1.0018929912195873
3.483231443396729	-1.4837751427686268	-0.16137103782160644
3.056831300354481	-1.490980874629799	-0.4833224357765431
3.6607995416892884	-2.384853444026603	-0.6183090370197933
3.18755021217968	-2.8373794488482074	-0.19128216334921766
2.962600740747482	-2.706638933219331	-0.39679445881950814
2.6358364161709273	-3.441289142048587	-0.6317430706119449
3.6938077387631263	-3.8941612246886446	-0.3144076597305844
3.4322946266146745	-3.8141023632717737	-0.19628984572627572
3.0240870971923766	-4.451171621736761	0.23152351208953648
4.3441986969169015	-4.524938575632137	-0.9365954296548951
3.5364043122316886	-4.434661746598439	-1.1820319170245392
5.218103978807116	-4.911334804015921	-1.4773637246388702
4.640723851152275	-5.421556061060638	-0.4188267998676074
5.620776324440925	-4.652935418816883	-1.057306851470725
5.4704119639199025	-4.090391236720376	-1.5414919626474317
6.213184700224283	-4.947753144293707	-1.674391631225825
6.121298064412686	-3.9356338103088047	-1.9488724737428509
6.2643983515484365	-4.6695851399650214	-0.6493867733056689
6.93122524902261	-3.3935743882092373	-1.6043154469108991
6.928700195587249	-3.24744981019375	-1.559066075293709
6.875593901149059	-3.4810976693516507	-1.8210816606128337
8.104009291171232	-3.0180277247281952	-1.7252510285262919
7.6224975073722225	-2.7728374550413672	-1.1696467470507388
7.643744105610316	-2.0739723967168597	-0.8113440216392627
7.660789803338234	-2.409824542709609	-0.4331610249074953
8.766024965563224	-1.6332959830267826	-0.9126355162476344
8.145389506179788	-1.6607768645347811	-0.9150939598208909
8.568058069727126	-0.18364872205204352	-1.2319795827762134
8.773932895330393	-0.3175296490634546	-0.8791017835508561
8.308126421106133	-0.4188382575495111	-1.2699813549007621
8.397502767011808	0.5184025657416771	-1.424150402890934
8.148589627574415	0.42850835133321014	-1.2943714375678272
7.539511364297706	1.1337269768151463	-1.0045123331269692
7.234720752350345	1.2918336496010934	-0.7715768289781377
6.9400891054054705	2.1516863300450035	-0.7527884495742636
7.011426295300692	1.709812056600092	-1.2628353808220834
7.2624257882370955	3.0411591980450625	-2.229397783528348
6.448570991683836	2.6453282827304214	-2.342028019923508
6.51730274053535	2.9967676835377857	-1.8554222017447737
5.817718307776894	2.9061114917426796	-1.308385982088446
5.315009049732318	3.1303973213933345	-2.4954932867856487
4.435917222397611	3.763177538776058	-2.416918203784423
3.6343227004855025	3.1736327538911557	-2.6976848579886274
3.7898805678742575	3.0586923778483213	-2.536927787912807
2.9106034048148115	3.2777059679656664	-2.215336390087164
2.1243927977665376	2.0956219293473435	-3.0150204802448717
2.6734126959543216	2.4269447483693245	-2.5960932840341835
1.8448948163174332	2.1366547641305167	-2.851247733388046
1.0244318248500066	2.0308360621508355	-2.34057922377578
0.10367504520374779	2.6657337240206607	-2.2700500452678822
-0.3637869939031401	2.0924753598561336	-2.2558349078634556
-0.48725942117274235	2.014462666991216	-2.6995244452922105
-1.476426742235804	2.4238243434697946	-1.3947795383375041
-1.3549941462282598	2.222864061729652	-1.8271283013221393
-1.789672739404706	3.5924645463172773	-1.830853942389334
-2.577307297830067	2.4340327089029565	-1.036831982544546
-2.728139399375068	3.319687231494676	-1.288978575228652
-2.9286339924611937	2.681109911498705	-0.735499945575752
-2.668011557675988	2.856732226824006	-0.4998406955345736
-3.3767586979935436	3.0369993610559143	0.47227725177422586
-3.6073065800257926	3.2481589014615753	0.42548256547623603
-3.2566942642607977	2.3490414315820853	1.5990448611067092
-3.0926745804667357	2.3234563409926468	1.4436600346508612
-2.971461169334803	1.7351860203818887	1.728445275944559
-2.9671895137421167	0.730443156520583	1.5993360389421845
-2.79891235833857	0.7342092085223921	2.689273201959132
-3.0364343674950827	0.39522362867418964	2.3671159173122174
-2.759000958927878	-0.21342522652650353	2.6323029644010156
-2.4021564785668845	0.12665324879081008	3.0789653910513657
-1.5581887533779106	-0.804625328476969	3.0108497784194506
-1.1502349090496238	-0.2256455858156612	2.671678164240614
-0.5991619185714765	-0.4534502941312236	3.002173823822981
0.025304849940946728	-1.2593790846801594	3.137611818402195
0.1924414384228359	-0.7151346261904357	3.3096063899167176
-0.18682016111753924	-0.22922742594886714	3.2392102316337237
0.30705073616183315	-1.0911101617657335	3.813926690411151
0.8585441474568436	-1.38010339630725	2.872343865415056
1.0224008487528538	-1.1236953632299658	3.4375370026631544
1.366528242340348	-0.3061496080148294	2.4536200647940913
1.6958170679713744	0.03589127217775334	2.89272749457592
2.8100780256238638	-1.076236498925634	3.4541446107565315
2.675226245900282	-1.2288842412004592	2.9477245144784994
3.142244372158266	-0.056079664099019766	2.53893514966009
3.3189907857867005	-0.7988216480016406	2.876451635631475
4.103761175155803	-1.3574855219084596	2.361806279785721
4.295997803633149	-1.0443299118459926	3.4089570612720674
4.417071846488704	-0.7568215130291065	2.7241560126947677
4.99498915832387	-1.3443760861358884	2.7634822658612146
5.997555121491713	-0.8640105508334559	2.3301146745340535
6.519468912837353	-1.6042070853807564	2.3819120480901796
6.204719048693098	-1.4466173196732917	2.244538644423772
6.795681836553557	-2.336501652645896	2.2351837463215434
6.827402536365788	-1.9647813561622491	2.919917669891964
6.227832008629242	-2.7424316993877174	3.446285238552022
7.278232084429472	-3.229145577638679	2.316797707662451
6.841085054017299	-3.5341729123922274	2.511865940660469
6.246464186448992	-4.111022341208764	3.0758173129122772
6.144733426784862	-3.9541906229204207	3.0287194133221953
6.5812092443766055	-4.906598423263566	2.9946474240349956
6.571324130565708	-4.7632909521585045	2.2042211250722294
6.360424450793652	-5.313739965647084	3.028246020268326
5.199983742334509	-5.8457742764353355	3.3543591565757973
5.427018946567891	-5.391579424900552	2.9985189686182716
5.197223436694899	-6.036386884756252	2.97515487429295
4.6025554888908475	-5.479355297178668	2.963741314014109
4.519679337155333	-4.865387382077371	2.232796871350203
5.09830245550763	-5.861707668873797	2.129867621053813
4.179369645694788	-4.763791210894542	2.4635205525684167
4.284960208221669	-5.914590600352295	2.327027920595441
3.336833996825636	-5.381258303414609	3.1445920656826694
3.4698664657374962	-4.993931669217887	2.789692358297134
3.04698855048028	-5.180307393973842	2.6674022937193373
3.122434532727598	-5.78016257099152	2.512685094351332
2.6091778093457796	-5.8493903829939935	2.892417606459853
2.571697422723493	-5.389421196235053	1.886030692555478
1.187895348944074	-5.81105207297781	2.9502433729983326
1.4766575026813347	-5.507335969325892	2.0909258289614465
0.5012354289657304	-5.56608362734966	2.5508147275553
0.17884216700156008	-4.882603957946135	1.9638336944143728
0.5720163584753708	-5.920585681773894	1.7996325375043334
-0.086415923946357	-5.807961053347905	1.8406891307495803
-0.7085348083051202	-5.409719375637603	2.0703143467942775
-1.0573471483854802	-4.974621526084054	1.8579970866556872
-0.732256429617362	-4.768549049220308	0.91173088317211
-0.8996367430265113	-5.063792074646487	1.1915548482598042
-0.417649770574247	-4.767274273470859	1.1483223886918554
-0.7976041488552239	-4.681105154635456	1.2514148922865105
-1.1640968378749161	-3.7972364934293	0.8230032583352666
-1.6267919940840512	-3.5786607131215837	0.5025635169030508
-0.8735220503376053	-3.613524183767783	0.0723287793141405
-1.5581716834341972	-2.5840003031424743	0.3675887802679408
-2.105280041893918	-2.8868200723972497	0.45259540335353915
-2.539836874100611	-1.3659444201258002	-0.044115786710866134
-2.446176227013519	-1.8217971747221329	-0.07354958528285815
-1.5727518787170274	-1.1506118060429988	0.05598788326117243
-1.8683994229976062	-1.250672472467624	0.39296438930195515
-1.5834301242249742	-0.5044481612754639	-0.2834528851026088
-1.402053606329702	-1.3670262869604248	0.10329328876518151
-1.4326824369535116	-0.9467223146205266	-0.06856822189896228
-0.7631021018079773	0.10226724178577551	0.5841307174527053
-0.36542622703355643	-0.4750420580207398	1.006435783910585
0.21302316891150597	-0.22709422135455148	1.564672916616437
0.05436031573136557	1.2107948356590525	0.917133471530745
0.3588867032843542	0.5111964871118684	1.6847245506547472
0.6706737512557368	0.8235051204282693	1.3232570250909457
0.6813326187859392	1.9031306567070252	1.51749295481144
1.2139453981337192	1.972703409098365	1.902737203423745
1.9107741864482817	1.7708099172850784	1.3380742162933703
1.451455104828409	2.779252286233417	1.3900648067954966
1.8666404346251344	3.1935560784369317	1.2531510317161323
2.2797326566800953	2.9736869917216664	1.160523565103519
3.0999172815345233	3.3304545430786443	0.7254376544368573
2.451584701296399	4.06846530828587	0.7285186522487717
2.80415234195258	3.5002285950751553	0.16745494628451568
3.1508242618784874	3.9485485235637916	-0.17541488597840932
3.172111380931352	5.119852956671648	-0.12880266513149813
3.28912820953109	4.508776117682283	0.5981627910129366
3.6835040758888837	5.192038105170671	-0.34643030384969076
4.730561571936963	5.434263369703209	-0.8679313706029825
4.000769052458338	5.47487954031489	0.27243983851251063
4.214800389963807	6.119969851933083	-0.7242224849470684
4.701136428452041	6.810613475317348	-0.13346721051797172
5.07101956847586	7.496310455490846	-0.7734959174887985
5.441143432198299	7.339526994273188	-0.36497010034898936
4.951406176741441	8.1066933242125	-0.22663814971274898
5.355252269970013	7.836952146801294	-0.4500905794778677
