4.999701030620209	-9.400544106275326	-0.720829384203627
4.078537875130377	-9.00868654976124	-0.4631177380448963
3.550392729203792	-9.29405337513856	0.07977008275656328
3.0537731935135572	-8.894356766241005	-0.9544993930699153
2.719548102024085	-7.7489254920338215	-1.3064460721696953
2.3951963399401874	-7.811851396544614	-0.6757624725065529
2.9663363858857625	-6.149206461390224	-0.9620353903728391
1.9739349413841354	-6.505965431358035	-1.5449800951693984
1.0205574105280388	-6.741181594103911	-0.8961899720945382
0.37933845748168704	-5.936396384960596	-1.0910032919715729
0.46036541757426325	-5.729503588199582	-0.7216144571096242
0.15104805627753778	-5.2847952990043705	-1.4367685697106118
-0.18278857985975033	-4.798670060602984	-1.0663054975801558
0.207581609295313	-3.989694409480401	-1.5369436165817436
0.4335563016941201	-3.2188575118209988	-1.015304440364717
-0.3861858405213922	-2.040397761181611	-0.7137894307067463
0.4313881706623148	-2.0234979606272687	-1.3986152853270282
0.13316216973263334	-1.1463786212468576	-1.1774036098582976
0.22935537607181083	-0.3676596107962655	-1.2765646292890733
0.8384643123654554	-0.05773369970630593	-1.9201566823998315
0.2421816406988183	0.12267050502172931	-1.62799952915027
0.5029957118884334	0.5611602163454756	-1.2332730341587768
-0.6411855169708938	1.853462386372534	-1.1664081445156038
-0.6546664775634576	1.749033920999884	-0.5507727427632514
-0.7260947327632183	1.9004388290632943	-0.2169370634892337
-1.4974701237038461	3.1738242174288955	0.06045957093441434
-1.8351485262892786	4.597325038622513	0.34007670486944847
-0.5853259883083843	5.322422314047477	0.8580287671087639
-0.6135799399780459	6.437700884433246	1.5989811452196538
0.9418564486127744	6.45190911435616	1.3653397118823989
0.8695999133499686	6.361292942443387	1.8445509177948183
1.8001237194929485	7.207122297504642	1.3985279010007312
2.3130372270140156	7.015014472969896	2.0106459869713316
3.1668677726993195	6.47558029587684	2.5310799388014056
3.501655731087325	5.935319548043015	2.929805918085438
3.7627430788142395	5.567897164031423	2.7432093350768483
5.106841902444795	4.658813530716109	1.895974003198586
4.627075981677792	4.038247355373998	2.3046575442521435
5.070875343835164	4.784204883040934	1.6947308777644898
5.777616731582282	2.83067296813534	1.4644486451633114
5.636211844891346	3.343794452949271	1.3250197980688385
5.887327679262972	2.3867102459026515	1.0279202257371476
6.699217391848871	0.6358742979177417	1.0362211220933124
5.722459674859247	-0.06479356868236646	-0.0236712024772478
5.784971100139221	-0.40610484633584154	0.07810365452848478
5.124063032868374	-0.5481140798366193	-0.8286056866599176
5.144071463674455	-0.38183605670602516	-0.5438322268017034
3.9302453362393623	-0.5972602737715853	-0.8454679187767591
4.648200948452431	-1.3972239191009523	-0.8864180224840279
3.1474332264973897	-1.632105800441189	-0.33154791021808383
2.680643532090542	-2.6707517511063714	-1.0739084874595677
2.4407345965913656	-3.375636159014968	0.2887964733520374
3.5730573581039415	-3.432802915145263	-0.5158120938617143
3.0233071398677556	-3.4691938567761778	-0.42622289579821737
3.687577418588405	-4.581684938231992	-0.512673273720513
3.9163763907351608	-5.195142647517961	-0.22867556765139074
4.544743826547637	-4.263335203522652	-1.5972421596694897
4.909762155629611	-4.291211197048282	-1.7146842899917285
6.335306451950698	-5.076247814511602	-1.0838191310281782
6.418204807653845	-4.7374218532839	-1.4750884734561927
7.059459697104333	-3.6860765851227217	-1.3899889973756616
6.683954069235705	-3.6767571090694102	-1.535773627656849
7.148388165641482	-2.6755968372309082	-1.573615170506196
7.74616713678633	-2.682541584341939	-1.5048704803430488
7.5799762379968225	-2.3911171140712844	-0.32810329143905115
7.7001449385160115	-1.1524149242649206	-0.3127213375861917
8.029293987686826	-0.5596649432806656	-1.0966217641390283
7.677677647320959	-0.003368125650583753	-0.4919227188954214
7.585819720824569	0.06860067320994553	-0.11284225361719291
8.071726624827184	1.5386689724344313	-1.077151118115568
7.762555927081211	1.7330186983670308	-1.065308192101831
7.386549596409608	1.974720381747726	-0.8537698361821557
7.058998511709236	2.059326793526929	-2.2678152204867894
7.084665863065755	2.9539356897346742	-2.48031531888627
6.157017003631067	3.622222079834761	-2.4262746667759925
5.079729204079483	2.8590080310985364	-2.697619592959643
3.7263719888109397	3.5642523365450653	-1.9741234758485506
3.435216774192477	3.123648847641578	-2.378227609413974
2.304371257977501	3.1298517087598525	-3.0871332659002384
1.2523456519973872	2.845412597268995	-2.939172176449581
1.0861244909675256	3.04350302882312	-2.9576435766913463
0.26401874007364234	2.0012532381034407	-2.698829507045108
-0.7317324330910533	2.840918751629901	-2.47866621123156
-0.47179576931552947	2.1712637582828687	-2.1281861562629776
-1.5288190600529208	2.4871864430026784	-1.7312822613683898
-1.7609401365762325	2.401374801320763	-1.286878974826182
-2.4543527537686316	3.125258386483999	-0.6911459995136365
-2.2516707661504487	2.5948995456616104	0.253134254400943
-3.342891807281624	3.084136732812685	0.4540522995754996
-2.3383878829411517	1.3679838657456775	1.0866346431580123
-3.627135749415092	1.9712836101020303	1.7249734871250006
-2.7303213146055234	1.5142432157000936	2.315605203972857
-3.2637153633408253	0.9857122847095169	2.52259580072778
-2.263021723728373	-0.2894328803584143	2.402929630750823
-1.8582311372044613	-0.16550631843332242	2.9331075175351926
-1.2197013068582092	-0.6797503678385728	2.9673590267983387
-0.9489308654315947	-0.9556633648671926	3.5724988229838965
0.09413384565975991	-1.058264772111725	2.6603496308535663
0.4590980319291989	-0.7209823016028167	3.3662212665022717
0.6129520107441082	-0.9562333476150273	3.5112307279553967
1.8200153895849336	-1.007238046770781	2.8766487415388946
1.8579680285504898	-0.35261203189062695	2.892458717895635
3.4801479270456745	-0.34371738058348855	2.5201588677315887
3.8239358636851	-1.075717987547711	3.053512147833399
4.061982151240621	-1.481946042785403	2.8176804942085076
4.525637399279579	-1.2697371435531295	2.9969903566694924
4.903717157505534	-0.8311712042742716	3.609537706620617
5.819522300935687	-1.358331594959148	2.468401538781113
5.595973547389852	-1.7206266913508876	3.1505318558826114
5.865392483261843	-2.5917595793585213	2.313977566582639
6.440718826834832	-2.5099663705479336	2.7176381283562647
6.790331020174372	-3.035669640328661	2.7345327354168765
6.7088626598132075	-3.230529686616056	2.5645284455136137
6.921284835814863	-4.606516447901814	2.570232329437864
6.051150535534412	-4.236795618732063	2.113091552029398
6.216187052177491	-5.3740697655470395	2.140183352701288
4.875998212968838	-5.216954581573724	3.05601993764274
5.08405534030528	-6.13858156973884	3.0482618527491585
4.432289797864958	-6.1851315278829	2.2229010236154627
5.024549704472262	-5.176875493656942	2.4332719802087706
4.124677325493381	-4.956687789925098	3.127714071002509
3.4978713069073804	-5.641148134622106	2.911032403986799
2.779263687552343	-5.580059231403798	2.348415494324529
2.8390040477377614	-5.134252644746615	2.4494365456331253
1.3985115264641714	-4.861387736532183	2.1564230444437817
1.3778144580351017	-5.537253190961929	2.1510848338574418
0.8260025270596232	-5.664226091052628	2.43442942378935
0.038708767002916505	-5.186887296844856	1.4838087971901122
0.16216666139771385	-5.342624969357708	1.325876178233553
-0.9951550364792644	-5.311527849849075	1.6668094404690468
-0.4080755195992112	-5.516473374273919	1.1617819746468618
-0.2945691989754695	-4.578930045577342	0.4933659451881324
-0.9199678846103664	-4.334861363530547	0.6264250985171964
-1.2380519240151293	-3.40356102553636	0.6104241422355295
-2.152481782364119	-3.7131879368422354	0.4800569725528072
-2.042131312547901	-2.9313554886942392	-0.2455781800293267
-2.00454879051907	-2.4492506047057	-0.019543353691106546
-1.4761770766857942	-1.568885771917567	0.21785685843033137
-2.065555217691105	-1.771143893490013	0.3130756510725216
-0.7920960028223505	-1.3687414359377756	0.3964662098401331
-1.0944805478580537	-1.2278539206848489	0.43174235790964427
-0.066766337138642	-0.3134220835099386	0.8551150506490421
0.36225020442855693	-0.39818956181497944	1.205894140926836
0.0070635713770074715	1.1263704669632282	0.6797856429849463
0.4541947138259913	0.7344939608021455	1.5196319046525675
1.2148735681077862	1.8365653852839467	1.2649016005017413
1.534999637579562	1.8907494027601062	1.2868391914857822
2.2874589759963637	2.306193809271353	1.5121643544567402
2.3586679605909278	2.7457591799897045	0.9324061966337016
3.19161751865618	3.320504217538799	0.8370293442426286
2.9743690695202996	3.9828272418783004	0.7669213429569846
3.301249603904979	5.155751252930303	-0.12758863812139776
3.2285477970484258	4.8960257936580085	0.30174542893200273
3.8944002633125856	5.704479389145999	-0.21465050781583472
4.532022127604624	5.9227618202084145	-0.29263121524117797
4.526341064502435	6.124974980772721	-0.6755226513347947
5.082005521054211	7.526652315931343	-1.050909990804815
5.770747914595969	6.960167066424983	-0.9212648250243449
5.1981774018674525	8.192792964224303	-0.8541420045615992
