5.108234020249962	-9.135783313130103	-0.357301481547598
3.2385868397469615	-8.794602461694765	-0.6230481709354698
3.152033319200194	-8.786380401584172	-0.9175273037585412
1.7160416384181354	-6.977353199479408	-0.96173780132862
0.9892825431382697	-6.748384979891156	-0.614107019392093
1.15924662696392	-6.024285810432217	-1.1637760867700424
0.2396681483474971	-4.753863636598966	-0.24902437936776223
-0.075933115372247	-3.4944426597453875	-0.8124615777907376
-0.2224843137058698	-2.317720704505019	-1.3252757888024438
-0.16317083332400373	-1.0558414972719499	-0.7540405517082871
-0.1612831909999417	0.6254145558594998	-1.3068370184449454
0.33839879549836127	1.6992682903803278	-0.35178439050441446
-0.23321133521712673	2.7308868829340223	0.5296037802564604
-0.3415106185091877	4.867126101858027	0.22580224501189333
0.6767687986375491	5.033703615276176	1.5576291040449382
1.702011254872842	5.42545437017584	1.9094790519109597
1.8010521767176302	6.860776470483288	1.9382217612862442
4.00546852039577	5.329250542268213	2.484310106931135
4.212978693550053	5.227563048445019	2.840759259470746
4.878338193139716	4.043899375905994	1.8106874755550626
5.777279247021953	3.197111487647513	1.009213822299724
5.590347336813728	1.63789201828765	0.6560345341222938
5.133701659627553	0.9902960901978146	-0.06449641005203449
4.824825354407741	-0.11070109459489885	-0.4315319933480034
4.085690636470063	-0.6977627690354334	-0.7960703731027035
3.3648202485584346	-2.046104236080631	-1.0468356946417103
3.159544702234124	-3.650820003146395	-0.5253548115587707
3.439623061370395	-4.123053142143026	-0.6620303913722796
4.319537824554935	-3.9858209431714804	-1.2465129678489832
5.592435314699045	-4.324795350075522	-1.3378449270094985
6.517209045798624	-3.360620619747679	-1.7790968210170404
8.175179542423999	-3.0220993169170347	-1.7414066928658731
8.359877789534433	-2.2355837129129514	-0.5305514362249713
8.061911200798015	-0.30676476689658516	-0.7076023224576949
8.175432431913887	0.3527201041468788	-0.7788027509793765
7.502419113073182	1.9276676107888866	-1.5804267697220347
7.094964998684805	2.6481487173233695	-1.8443667966889328
4.901061718119068	3.0217343633597933	-1.7966291899014872
3.5559451416441306	2.9019437178506102	-2.1923811432698095
2.0398070464760307	4.031123680747715	-2.3046882874123735
0.8926962819378741	3.3198854592165064	-2.09510676805139
-0.19842386889813168	4.105996217994001	-1.9490811444403415
-0.9564171343858763	3.2701170435621894	-1.6019659543148757
-3.163936150771626	3.2992489478534424	0.3063468319637439
-2.8339433362665747	2.7226081993742968	0.8057659154747174
-3.0148400300073073	1.8660746502888625	1.920192498034149
-2.312801891570102	0.6363978024633831	2.3550793507959398
-1.8895750762155683	0.17963013595251665	2.6450750266704106
-0.6626343182007187	-0.8876542217874632	2.84578113281794
1.0998667505305613	-1.2609200823051825	2.8032328094785606
1.4878813986561146	-1.2821253408931848	2.6146755493392346
2.5833018443708076	-0.9420260248027227	3.137262185573642
4.186562886327767	-0.7382649901643246	3.352530426581273
4.737524547078203	-0.6312616970252967	2.717092317010932
5.628430941402965	-0.9582889878461469	2.3361501382840713
6.232790892279602	-3.191363037668023	2.6936772555374375
6.543792143840343	-4.020222751366124	2.4682721548525977
5.929340926527633	-4.609539803320741	2.3843925384718045
5.163768087292094	-5.1267778304649365	2.9914340487975357
3.7570380224610798	-6.538702232740655	3.230220791872178
2.989023903102952	-6.21445610864696	2.941106593677202
2.562440837993888	-7.1118425431367704	2.34518150450298
0.2691256891035193	-6.722196783459942	1.940874884856405
-0.28207434096464423	-6.276987869916976	1.5904910937264198
-2.203982204183879	-6.643637200383727	2.099686906249903
-2.615998107185809	-5.852150612065	1.3145870124226828
-2.964632893892621	-5.144813795578663	1.0667248184536398
-3.1979404319109976	-3.056376155060641	-0.16972125685801778
-3.2867213466814316	-2.2513943614048664	-0.29410118836466886
-2.5348691153149936	-0.8567989856113598	-0.050984389364727656
-2.315383044453851	-0.6690612854188692	0.7523892618102852
-0.9433165415614271	0.058324885208325246	0.612108208572079
0.11932242639648494	1.436996905159707	1.8963445840896176
1.4320715863758564	2.2621695702125777	2.157127624523302
1.5211294857060602	2.940910483439621	0.7413006595025582
2.288915593186903	4.0087939049768035	1.0208937341232824
3.956201472171352	4.507816652636107	0.09958977051917395
3.766055141770652	5.505408515083894	-0.7206685407530627
5.350726156025158	6.984774860300984	-0.4849003042245702
6.470988310117561	7.241156430413222	-0.374554833118532
