4.600740171492591	-8.850668409687868	0.17757166521506063
3.1648886828076335	-7.960077365383699	-0.5664833578432956
2.73842860145439	-7.852762155185443	-0.5285760496837343
2.8869131864476385	-6.324952130163952	-1.4863422763295047
1.2865046424129523	-6.873579473447373	-0.8643660033194542
1.4105815612203667	-5.673348122831559	-1.4896809689617256
0.7267280225167885	-4.467919931727507	-1.2773189073868085
0.6591335413348363	-3.2371367092003482	-0.8846361798036597
0.2421795673874409	-2.1248722082675497	-1.0714256682480459
0.5568645529261786	-0.879715680468116	-1.7180506672855134
-0.11836181506093374	0.11521906776685968	-0.7646224878241357
0.2286356723911579	1.136225239653016	-0.30527933266106655
-1.322456100713345	2.6134242945795743	-0.2461049153312757
-2.3542728500653025	4.088314832426938	1.0779318837265357
-0.5596376166676355	6.390462950930365	0.8067269547710576
2.081522624881682	6.650028885576182	1.2051817111437075
2.202744101774417	7.176722306841932	1.9383521130142456
4.180718044989804	5.51669225018816	2.758145838334245
4.438915549814645	4.931467822243482	3.0632576144632377
5.216579470423872	4.3999803892215725	2.4457576587728704
6.1899777527238955	2.240838495327011	1.3377119691073895
6.839410188893174	0.4245131136036997	0.4332580866760549
6.629489169065594	-0.5314579894255462	-0.5321239591330298
4.626426867864809	-0.8273108741154503	-1.010716150702074
4.423448931089046	-0.7601513614217443	-0.7689956669970136
2.6288515555172953	-2.5683530501368335	-0.8453809545260038
2.572535076840603	-3.7641460538836187	-0.2627244897614207
3.621795188828987	-4.847316204044242	-0.018494474962480467
4.419770000311602	-4.33480424736068	-0.94363897579731
6.092216076904447	-4.293183017004952	-1.58353246666499
7.033568012402135	-3.4930242407397367	-1.5029212059006838
7.604713718220292	-2.5938740837220666	-0.9003379866952381
8.717595321300188	-2.2111356503015624	-1.380374170181878
7.8777738887174396	-0.24083452259327132	-0.4322949483288443
7.986064821456284	0.310393341784689	-1.3583041076210725
7.0869656110529	1.2148409186809033	-1.5355016687835934
7.22049130216835	3.0933337730257646	-2.190294595865471
5.6007078256087475	3.2890648835621974	-2.2485178605556406
3.8046092251694423	2.8695180251062293	-2.002519166978427
2.305195614031687	2.60581099969854	-1.9968157749074407
0.6862833884264912	2.0229375082566996	-2.576550822107014
-1.0538359292972952	2.0227250584170537	-1.4947542269578706
-2.2420547766565013	2.600977047690819	-0.7395596182129398
-2.1309024281732265	3.2099907729076955	-0.7807453980162078
-3.4496737155813944	2.5498914627004314	0.25819680379245985
-2.6921527282189675	1.7607543390327445	1.6704666301279718
-3.149958910635327	0.1361205915228644	2.219421500217108
-2.0218530400313575	-0.7098072935117974	3.9770896260757196
-0.9031388717335251	-0.8604840861265523	3.8688280837891496
0.07185203168036602	-0.7083544653396635	3.27381484850136
2.621280029809748	-1.2179636233968725	2.6034986205462456
3.1708691876080892	-0.836975509650769	2.3563191522169102
5.052319181248332	-1.3859936637687293	2.7658790675627625
5.015088004713395	-0.7929232589365162	3.548121835396418
5.626937173460929	-1.1151395801980524	2.9222505493653634
7.048964841176473	-2.696328609473941	2.775964338781308
6.681105578098538	-3.596090379540919	3.182875300429214
6.735303088964514	-4.7357500905148076	2.47063064342315
5.071659447441454	-5.863387758422655	2.782635867053978
4.848702224747423	-5.848689638377516	2.674553548604601
3.9305934565372116	-5.270118240739313	2.103469025077063
3.756791414228971	-5.798227969875135	2.405419632899454
2.4978323088021863	-5.695227283109603	2.3408867931885076
1.240096411984359	-5.882524887574097	2.2012597608527393
-0.3908758563665231	-5.86811053154159	1.96118953639726
-1.3961969179561595	-4.859681891862379	0.973381038669592
-0.9042476273902527	-3.443896136287587	0.17817402064381466
-1.0772321365921993	-3.360571639422061	0.08953658534156039
-2.39776672706394	-1.7086433509710763	-0.13568334888730965
-1.2274636317894305	-1.8182439512559125	-0.3996213413132304
-0.9552418393110992	-0.0683136907932107	0.31835913638523733
-0.20337246978195306	0.4997219464212385	0.9448118451812355
1.3403217307937343	1.3981731183303374	1.288029320933679
1.644516861040346	2.2437403907441342	1.9229865629499037
1.8128682415349944	2.9927072540365147	1.0752871939879065
2.6301067130609153	4.07584873514028	0.14993256645858133
3.9265062847984042	4.872768825777785	-0.42611059558055037
4.0871886797005885	5.621867678296367	-0.2579932846073003
5.749543371860554	6.803890884669527	-1.04952759111017
6.409131954551178	7.239862492138482	-0.3656335146883758
