4.496475572490573	-8.622643317041803	0.0922976481194504
3.1645611558547726	-9.095693014082993	-0.2068192667761759
2.3423225961351393	-7.823274885954964	-0.6779036004245631
1.958963309246875	-8.028486416679115	-1.0292291141081407
0.9562949030339264	-6.529473514432126	-1.618858666645459
0.5471599374408352	-5.510929185260409	-1.5116383226181025
0.2838944360495577	-3.6533877013290894	-1.1362505340634166
0.6541203749078046	-2.8024485642468413	-1.2379493598938267
0.6827624095895022	-1.7288340507031554	-1.195572048552393
-0.3090744509051213	-0.6277425276188711	-0.804567735363418
0.5457619487750178	0.611447016046076	-1.0921181655906729
0.08678620660955877	1.6603726960210097	-1.2386592102017688
-0.36036740273483064	2.6245427302943254	-0.3258187841758439
0.8898933847956063	3.8283264227728644	0.3041979935028444
0.9852979472308244	4.961889841063725	1.340043306412172
1.4995243841009236	6.188550232980459	1.6627017249070668
1.989862691336433	5.881457841266416	2.1706521465261694
4.175382972315562	5.547029601105682	2.524619295996953
4.7447010735311475	5.026621865750807	2.2202105319860435
4.842315276526651	3.7932855388358586	2.789414533397985
5.678540965485975	2.7566983655334236	1.039922457037505
6.0649258859080675	1.3459361569868378	0.41427579853869967
4.618972460852492	0.4541322499361182	0.7632002112874395
4.867394737871702	-0.6166662304059021	-0.9773126917676542
3.8209737319354553	-1.5476902948159144	-1.2677044024303303
3.9703335131345465	-2.241742372194457	-0.42620722012415235
3.3962308703609994	-3.205042027315994	-0.599540036606641
4.4132769805607746	-4.649223603550828	-1.2437382162225294
4.498973660810892	-4.29508540649717	-1.228104837223449
6.143808715181779	-4.502549302764229	-1.037516682640956
6.534169899253635	-4.153874908121586	-0.6772750434557067
7.44734500385065	-2.187140041283129	-1.5509546665680605
8.01379000860405	-1.9181965182916745	-1.0030782821525044
7.833492722712982	-0.27853935938702046	-0.6219502310098931
7.656342466456391	0.11031728412610467	-1.0676098356389834
7.786984854236264	1.1182205062903785	-1.2519660506943118
7.299639458075202	1.847638347039241	-2.0359286888264725
5.4364067140037085	3.2093652622060103	-2.2234002019886225
4.189201089715319	3.2079101894198123	-2.4592042065368807
2.4795476557949248	4.249758652212323	-2.752159784218932
0.6185730922795232	3.669019184504916	-2.326753435964531
-0.617843845803367	3.7835085365242476	-1.658505730173545
-1.6929132738636095	3.779011628079668	-1.1477592266968295
-2.624727244716775	2.7571965005700987	-0.8800122950901039
-2.9221839510592447	2.0256123941357185	0.3053455192732425
-3.6821141149020993	1.1482596097813145	1.2732227828259557
-2.7943200423610817	0.3930104370050107	2.8410038650985974
-1.2215684127742703	-0.6030568074114075	2.751742008324223
-1.0327355982288893	-0.5882069091126346	3.5988356627753992
0.41209205160997175	-0.8727635254164194	2.852093247428016
1.8899062682777468	-1.1432336862983383	2.5051876674447504
3.0386753876636696	-0.8584948079722445	3.3142457492949173
4.178222442295576	-0.28219565715982264	3.325581416979023
5.021914640709923	-1.0266057806627835	3.4006522986386987
5.859992137167362	-2.148416656242487	3.5873590432012534
6.50300200422718	-3.1744758578088605	2.993553635984034
6.755494133170347	-4.081853953491022	3.212662977899405
6.529792645648885	-4.546730419418568	2.72929571301234
4.989995636304297	-5.028756228828244	2.919417645606916
4.73909416030196	-5.928478350293205	2.4163870911714245
2.822980251105484	-5.763300622170758	2.649277852138947
1.623680571145609	-6.378576207779614	2.3978307166384636
0.5287399331362777	-6.343857074704429	1.9453705765883957
-0.2173828767429853	-6.348426103217131	2.0264800390031077
-1.3824960880885206	-6.245125614865745	1.6145565583387635
-2.367247298026189	-5.684108017196136	0.5658684254799529
-3.4995569590212403	-4.6214848942359055	1.3418614513430684
-3.66083528983188	-3.302187899989854	0.0641827014669096
-3.350107274890322	-2.8419044388214987	0.4831342015352541
-2.883957609765378	-1.1644393501170993	0.6767880586803539
-1.935707242319704	-0.0721402438084644	0.6681253366953424
-1.018947217888401	1.0363341666844403	0.7432563266546164
-0.06507736752787091	0.9332211149478989	1.346414816518346
1.0207339662148973	2.3078373560185494	2.261251254833227
2.9414349538202202	2.7225965039502626	0.8728919916941826
2.65680196016128	3.646782817419295	0.9567958756816135
3.2125131272797	5.029067114303722	-0.03676965617196126
4.56743383851875	6.0332203212131885	-0.627464593659894
4.456680616732817	7.223695351158891	-0.27265918855912386
6.255344247513996	7.460771579660692	-0.6681724313594002
