4.356748170987367	-8.693335466351316	0.3640843990824264
4.039436505448333	-8.250777063724556	-0.5334837214925859
3.2477278365753524	-8.63330592244718	-1.3263302470889082
2.434859901350335	-6.907042703031634	-1.1196259144046965
1.1510057108395253	-6.742557926079838	-0.8166757595829977
0.3643262941651731	-4.938094332912555	-1.3988020423580196
0.3411414102247455	-4.843327700638167	-0.43151047849306035
0.18160668624415427	-3.3764567083757706	-0.681022798980685
0.3879529716054308	-2.1481365822761695	-1.3923612604716737
-0.09881415867774213	-1.3069052564915273	-1.6437718958082903
0.18804139283333177	0.48746080061730684	-0.7077479603966561
0.6782604532042354	1.375334014927561	-1.3481001322687005
-1.0946293286747086	2.65875883275777	-0.42443045502283167
-1.5892268302996395	4.1226930166366795	0.21471138369460716
-0.5961639896234581	6.172515158410053	1.1099322561821858
1.2796579224399132	6.6953869542235065	1.5369754434929654
2.1632161728496904	6.377583496980657	2.9182218579625046
3.1208973668908815	6.070980989266641	2.146124382979866
4.34762285408506	4.9233989859248	2.1015323348074313
5.495649499777775	4.109056597649018	2.0527538655103252
6.009039569462768	3.2481234236947203	1.5707470590185193
6.367130263568737	0.5549008800981119	0.3122513681931286
6.0073517273658625	-0.11904825300105126	0.043801935543199
4.58692953343473	0.2857906648636809	-0.989412819519697
3.5610173616870076	-0.6171183008380134	-0.6121583578923073
3.0923849067765747	-2.1937941010963526	-0.4162135064053336
2.8219661688407562	-3.6677040970513763	-0.38941067731078916
3.606924958977213	-4.226923446913402	-0.8485609891403076
4.190006574679372	-5.372161780944048	-0.7418309406692767
6.783332932816681	-5.083990059553397	-1.869825223365402
6.596332491742566	-4.262301692643465	-1.0930526419227244
8.088760978556824	-2.9965023158844923	-1.682742521495699
8.432942652529348	-1.8914327993520623	-0.8100850415414681
8.42290973349866	-0.3817171044754173	-0.5346995085939306
8.407173178496715	0.16365973615478616	-0.6741167062645295
8.190887129691724	1.1316110701027062	-1.3629344407377018
6.876691867373	2.1606883948273135	-1.0306562232704537
5.518691424250902	3.2481035161047624	-2.3811130876912965
4.577411642338541	3.1958682681812878	-2.4821752093712584
2.2691263189203785	2.594331462286342	-1.8646259132910625
0.5597722191647527	1.8529036898801465	-2.806544152787329
-0.26750078829894575	2.1031871543307754	-2.7222833034648883
-2.270005396543401	3.2325958709895346	-1.2703773893032526
-2.4916608036869925	2.5681101487410687	0.32509982309634444
-3.615536142935177	2.708335120461383	0.8900724670019166
-3.5526035136203973	1.8754457470922934	2.249105590212847
-3.152537993834474	0.3114635144321245	2.512025808012707
-2.4472475001201652	0.49238375245867905	2.598139697738307
-0.7861935785012217	-0.7367433004338453	3.207021233983605
0.011886958655850762	-0.11851969669591766	2.705987462225913
2.4430442767925595	-0.9455264282815699	2.5313968696388955
2.514389844544506	-0.049352392181869265	2.76860801146593
3.837179061118138	-1.4851664778853773	2.564400188155505
5.426633412291639	-1.3533132325171546	3.4155006800825602
5.705216301811322	-1.392848983595036	3.381932409714962
7.378192468114165	-2.648107902884032	2.3414249919426826
6.987698022803425	-3.40039365779724	2.784884543920244
6.707802605570112	-5.252801696247671	2.037386180726331
5.0060320498681605	-5.206873522453541	3.0229451357854504
4.8288465313428715	-5.075228725706301	2.348107261603686
3.797969593110406	-5.6846047694762625	3.1923171656954725
2.9622126063659255	-5.671649285889089	3.1926569816979042
2.3144478676433726	-5.623307103135839	2.755729839866338
1.3025600081665132	-5.810140311329232	1.8071667066561652
-0.3904780710223937	-5.505650379460554	1.1679869182680689
-1.4669474790190833	-5.408348681962499	1.6962380985962493
-0.6878759662280636	-4.6840776325649705	0.4092591522465636
-0.8104137812379191	-3.617063233606998	-0.2534590594157433
-2.586278581477292	-2.1280042654162523	0.396835169183411
-1.0039373093031134	-1.6101703551771958	0.1123275100885473
-0.7234328092328661	-0.18712880203804305	-0.03864685534126178
-0.6050779757319247	-0.041648143390847825	1.0631628803973727
1.098268558290585	0.9516377057947538	1.8689495751399219
1.564654077830644	2.637696302218096	1.1015301592515074
2.5506189297325323	2.560317327008588	1.6084994189550605
3.2681607169267197	4.023951731355745	0.2728119673563893
3.7491270195383857	4.802164406231185	0.21355034960814
4.921506087386372	5.839426145691651	-0.4544198663769605
4.695171324650139	6.918110619959977	-0.9111834289221512
6.026061257317865	7.955869761236546	-0.8944118227049902
