4.4381910607890935	-9.258863148470105	-0.4230333754101206
4.206193035971378	-8.77911780476255	-0.007141845609394792
3.220724824366564	-7.854323024561016	-1.0335066208974368
3.626175926771917	-8.560075221398263	-0.584315721607735
3.452658314224883	-8.572426002991158	-0.8602456745366235
2.0384329258316947	-7.956922244272016	-1.0768581317640804
1.6645574434750847	-7.9624319686587155	-1.2841759282443288
1.5299892444610261	-7.058414588691543	-1.1501056745681302
0.6184660262552674	-6.479823679321192	-0.7303299002256654
0.24885940797284517	-5.589063376175142	-0.769496525839251
0.6572678304820284	-5.628050214973542	-0.7551431143580698
0.13250753569893967	-5.051514542757962	-1.3887942788064107
-0.24057249467900627	-4.677788443638246	-1.132892053310235
-0.272077694695464	-3.7527912039715994	-1.4563096695294757
0.12241432365666244	-3.7164383539415464	-0.9769551701717121
0.5539349420219762	-2.3103279123878124	-1.5830616002241047
0.4278077236893351	-2.4182143401756138	-0.8482352936233415
-0.18311402962007778	-1.4653321537277297	-1.551601052622155
0.45350129995329974	-1.2922603922274607	-1.0907942429038828
-0.2592315166015971	0.12156248853497453	-1.4843694946301207
0.8580100472425254	0.7071792485939541	-1.7973623796100564
0.7030353771441731	0.5393222800726634	-1.240876666389839
0.21257966330269928	1.7798999400164914	-1.2731386821926922
0.22360562901389547	2.1261117946437538	-0.9159711064553917
-0.39927802797091083	2.506884980094009	0.1840867809132598
-0.18414178314054946	4.2083726442874365	-0.014304635710308988
0.8371422334485881	4.169132263902172	-0.07740855817233294
0.5383522985986733	4.679158927710927	0.5068924423162946
1.2063166973197015	5.02734918756435	0.5896080461452247
0.5672285659209084	5.918840893153389	1.694259768644225
2.075034945516338	5.555944894733757	1.295495097201786
1.4401098564583814	6.494414365649572	1.9330622352410798
2.7497807390291826	5.626597333303229	2.3102679278316716
2.4061924750336647	6.425298409170269	2.6835769218667487
3.0253955025735455	5.8445007127191335	2.9982248098315174
3.7338555121279184	5.667502784140421	2.9050334663219957
4.002541236228924	5.763242774768378	2.3404114129928875
5.231968153743414	4.687285452941386	2.1881598051544535
4.779675915364224	4.1340672420129145	1.8533203495961288
4.700665303913639	3.5265856966543145	2.2502356995211317
6.16862223852533	2.298769553657612	1.426912114263164
5.201132348932882	2.479151333979255	0.7790913477057613
5.042981316602999	2.264907491568964	0.8414552252255877
5.498961584183919	1.6278338581543002	0.1170542437508085
5.020585313923716	1.26971597518504	-0.02986776962122406
5.060312203374538	-0.019974012489443443	-0.6398250010571225
4.830163357699948	0.03569745109756628	-0.4645396053316455
4.17952368206265	-0.7530498555731624	-1.1405188591527624
3.7553251347377015	-0.613656794405266	-1.1332875832773346
3.4042503442094443	-0.7764610744234399	-0.982215958035794
3.1087528579200288	-1.821392894091289	-0.87888605062481
3.0105440531676555	-2.0076454243228747	-0.4843045941961599
3.098078334307424	-2.9325743441933407	-0.8813855819894474
4.403093329354993	-4.138914796976348	-0.9253976020545762
4.386461083008209	-4.798777501895469	-0.7503471807982941
4.3787943081123295	-4.390033109022491	-0.9572172354103108
4.6447162832860815	-4.860455929562917	-1.1683447685890354
5.0372442417512024	-5.074710055198386	-1.342251955105381
5.795199530735288	-4.495389000450203	-1.717983533717278
5.9800088580667365	-3.468622293874195	-1.8050654898666392
7.066464401203131	-3.4626807383182614	-1.3814339360284558
7.111184943734778	-3.4360461399899114	-0.7446833069446435
7.393468298639252	-2.6591010804331	-0.9228816240090976
7.646898764842682	-2.2542371866441773	-0.8246877157591839
7.988236675599269	-1.1644007145754998	-1.1802811620246842
8.876560528979127	-1.472336819320093	-1.2270393384678853
8.928335499778312	-0.6440879615614068	-1.0388687643939807
8.016165550582038	-0.028732456497694958	-0.35579812868718785
8.357526725766787	0.16616165717520878	-0.7917605029503996
7.966638796677104	0.5562377602738944	-0.7767094616117469
8.131265452861008	1.8410898648961258	-1.8029748783466992
6.61951539184862	1.6957288122713157	-1.0442680257810626
6.142072919748747	1.883603441989187	-2.116142347369409
6.284639925001728	2.5829327375033646	-2.4406294308046887
4.931267075232375	2.5409064281426232	-1.576295909625169
4.999837401594223	3.2715109270141496	-2.4772876517850233
3.686243671300539	3.0446634080437285	-1.679326277196203
3.185912994379104	3.7808671499111957	-2.5668510407715917
3.032926291743791	3.5583183867129002	-2.1231494944728766
1.8620157119117915	3.1528623935652385	-2.568966462698896
1.099166588619966	3.866111392706685	-1.9618243154878017
-0.1498731428105469	3.637770485199206	-2.324943018416494
-0.6865071861334829	4.023439821589498	-1.9660607930555523
-1.2372206252417093	3.829855492543711	-2.005877469648701
-1.9175207691725562	3.3948968398352797	-1.2709397638376065
-2.1066560607863662	2.899095520862622	-0.1495975414979882
-2.9114828999629103	3.754969489401757	-0.9036418888881481
-2.7427551238810253	3.0790096658885266	0.10972685000882099
-2.985975532529241	1.9141834219910676	1.1887118019361904
-3.0581202996097714	2.6332790526483225	0.9851959207558743
-3.5305138369239857	1.4876590384340251	1.7929033696837684
-2.8991102683685996	1.0535603063479022	2.7455176508591252
-2.0606583001245737	0.33344932683215056	2.2427383354001638
-2.5781243583725675	0.6192209162872832	2.854999388335556
-2.3999347180272816	0.09433861375476837	3.626336434970708
-1.5883543843497305	-0.0626730651752252	2.9249837553115587
-0.7163249665392828	-0.39567790577650186	3.54547164189876
-0.4239928452285085	-1.04250466908287	2.769471284379241
0.19103940744775327	-0.8070865562552607	2.7410610400488564
1.3867104964391883	-0.4584860615782881	3.229660282665988
1.8499894900324043	-0.8322029325015965	2.7589652321510387
2.333520055972991	-1.1435587675920513	3.26631082929941
3.2951903835529217	-1.023061213245692	3.1177865894641332
3.352481175538695	-0.8713350703748758	3.508679367951978
4.019626880720282	-0.42181717863109913	3.580795877473283
4.955072770326215	-0.9182956465120219	3.446253072270869
4.661132376226533	-1.205122575423113	3.3854047005787735
6.151306243755638	-1.5412863227016262	2.8183315681216006
5.963845584011408	-1.202024256284322	2.2975832232854128
7.100643473217842	-2.5561230225210374	2.817578333246929
6.734382950418253	-3.1931923721020254	2.8198978920276527
6.310392176536688	-3.4651837324871875	2.562492622830057
7.381237145121256	-3.9937521888421523	2.125941174688651
6.33001104306298	-4.214839106565127	3.2847649926882396
6.369324459156583	-4.257789752656711	2.029541129093149
5.673327062915789	-5.791122904888051	2.9825568758404577
5.2105373556	-5.599751388750191	2.902211984252428
5.306341376974818	-5.885188844813221	2.63827221090374
4.504788393668095	-6.498564314435681	2.383491454422064
3.5262829231646995	-6.695858911341314	2.368096688986169
3.0400789112532918	-6.742158057349684	2.1423758796429277
2.9466476164847473	-6.1777444421830525	2.040247613266821
1.8987727090527047	-6.510126437279709	2.322804543796659
1.0940481615218864	-6.8271702403482095	3.1029718901875465
0.5967131641275275	-5.9345625001386075	2.1163942299328435
-0.43354426923245576	-6.8708930715113805	2.9424883546744365
-0.805594292124516	-6.899489910222342	2.302840812266255
-0.591809525830908	-6.640206177135212	1.3588216708147514
-1.5774840037810747	-6.382813259383737	1.6285321578936713
-2.2503743033860624	-6.48814265421159	1.3262237170337663
-2.733468031421432	-6.174609753543634	1.4743639029966988
-3.4289350025722185	-4.7855038529316465	1.3716939634812704
-3.080574567904379	-4.89042442450683	0.45913765611647495
-3.05339248717733	-4.2756205845807695	0.25962545712847995
-3.0769803105277216	-3.084740727400338	0.1752437601631586
-3.886425855438436	-3.199413210584411	-0.0025657016778253827
-3.433441194677731	-2.421442596254339	0.2370101551526389
-2.568635938353968	-1.8306409614836594	0.6082754281283661
-3.231478303724138	-0.8947565902305296	0.25158341292690173
-2.658712423854783	-0.08301042017215754	0.3106808245053166
-2.2928502250739164	-0.1781046972636684	0.6692501206138115
-0.7717451949670628	0.056021505968468	0.3737543619868667
-1.2422555749688797	0.9369573788227451	1.1015557986022644
-0.758666335806331	1.7855647282810945	0.9149203454584318
0.20450702813989452	2.1591820812751172	1.1482443279494186
0.3849548927096994	2.2174183107869787	1.674466542068016
1.0586670758446017	1.7017735552181734	1.2637536522746817
1.5685915653353106	2.7313086662496247	1.780146073025763
2.405721505333667	2.960838726299033	1.45742460474789
2.3423878533187388	3.3554315864601008	1.653164517182371
3.5171886705064983	3.805041910273912	0.4772323191644754
3.0268604520604185	3.9736721019220833	-0.21089089503921304
3.277856979883582	5.41314324283151	-0.277854623251147
4.05689989287255	6.127368418591642	-0.46621507241159327
4.103571975224686	6.005079920429793	-0.8622840708412134
4.7950376343376355	6.674953909830968	-0.1412751757343964
4.8259593424088125	7.211637381519243	0.05326074027817995
4.980846776579193	7.001291926632661	-0.032108119210210395
6.245978781918274	7.7952516309601085	-0.58155396558525
