4.917437489016072	-9.481882871016854	-0.4375604887435922
4.004849189253433	-8.815796004381076	-0.7327314863795936
2.6078012916376108	-8.282540729250524	-0.23112607207927338
1.880032184279436	-7.349798552002392	-0.672797230541375
0.9325403294011068	-5.809478813189143	-1.5510919835326007
0.26182650063869983	-5.1156045549503455	-1.5714102589504897
0.06817268409551003	-4.89861190335948	-1.518379439783158
0.6570766001281425	-3.4519919788520452	-0.6875027641470755
0.8124793413605234	-2.289172210955717	-1.002785488933325
0.22710567017356326	-0.10365510360453811	-1.8750503717058828
-0.2146311819784067	0.34501750887970534	-0.9111598351892092
0.8984467097719009	1.4296416635311269	-1.1804381823307009
0.7404862842333566	2.6857512187800205	-0.5916133752086736
0.06089302779155009	3.635584582661242	0.292139985298348
0.3016114936476113	5.369489811691498	1.0076675517987554
0.9765141239373365	5.557106451782655	1.298555770411446
2.612961201468612	5.698139697386526	2.7834265216438947
3.3154260923835994	6.1610803874775915	2.0451383212936407
4.558613147211974	4.973055694436595	2.391148720650709
5.592112991299456	4.061507682680817	2.1762797889703567
5.226951899461124	3.2794766399332924	1.3690221018788735
5.6794329420488605	1.9437207400693628	0.5474144086234268
5.496485937258237	0.8418568545575351	-0.22778904144850082
4.942928810308876	0.03214366346417896	-0.458831686237402
3.5057267156004532	-1.115974550107603	-0.779055583098927
3.158441673733234	-2.6055729102750886	0.2936374403667261
3.998621374342987	-3.73430066339627	-0.11780304787365203
4.233007253058344	-4.759801661257632	-1.1038929770957502
4.686293996531408	-4.638234867941622	-1.1462452574024842
5.595653945847189	-4.028904881121124	-1.8013325847740043
6.268587196178688	-3.970406891405127	-1.8283376739738086
7.870154912669042	-2.7971677371622334	-1.10771364190879
8.024156103904101	-1.4611505585386064	-0.6426901230808577
8.212436534542729	-0.3781339994810742	-0.7831262583145526
7.842064662436896	0.9989208599038685	-0.5617252490259519
7.582655697779524	1.5210352990553302	-0.7987816177005314
6.7655106994019985	2.0041667406426145	-1.6114743792816135
5.511860646299819	2.5278659930443848	-1.707276783358394
4.057044962415167	2.8289239680209777	-2.4786082446433744
2.1401122575686697	4.052013720821917	-2.7980329681063765
1.872466307707745	3.5602146622195066	-2.860727466777918
-0.014660468213145705	3.885833649343791	-2.6322517225189053
-1.1035272574311454	3.1774976218072557	-1.1236662104842892
-2.078948909143767	2.998261634075517	-0.21720241482973868
-3.380318843113759	2.01500459502038	0.6183139137768832
-2.714496398224087	1.7566179339784735	1.4497383522744327
-2.6972330027586677	0.40328112086438783	2.411185150746311
-1.667110171758148	-0.7554661525984984	2.796728268073249
-0.8327644443766858	-0.23298771299021737	2.8401698593065703
0.18618980440538008	-1.3387843956247973	3.6912404688135005
1.65692444860983	0.027337046750110172	2.418550202654127
3.4100481586864975	-0.40716398589776437	2.4676238422476926
4.21268160427978	-0.618925307716562	2.9853694831120334
5.60463978257475	-1.3488070457939232	2.3895849466060204
5.771375753094529	-1.5124753397836337	2.7548974072148624
6.252784872557868	-2.7655374633364627	2.7799295853810166
6.513759781350768	-3.3006951887952245	2.839284455337421
5.869615906311001	-5.2257025558616075	3.0649619054426873
5.224239573702451	-5.527143956228027	2.9296457533291833
4.879669217242315	-6.6072941090769275	2.96141113849248
2.5769068921730214	-6.171411985514536	2.9329783495349497
2.149306650841097	-6.451519224830124	2.4900654718603663
0.09583563638340555	-7.032006247740387	3.2372352051444113
-0.7547666717403738	-7.164285328640595	2.46802206636059
-1.3745423704145536	-6.313015892929807	1.0856872504233805
-2.670253584835703	-5.8593516299126875	1.468618823293144
-2.4781338767475622	-4.944622289934537	0.24537783302001379
-2.656939277584302	-3.949910406406917	0.3246050429374864
-2.7520003327259523	-2.8570270134578832	-0.11700079528596047
-2.108189245081822	-1.6760084105877746	0.054681025489317414
-1.6174325805961225	-0.6595460242652381	0.47214507187170185
-0.8451489632756657	0.3739807891461514	0.5193320421771637
0.5489011798573726	1.4649317206481627	1.849382610827
1.1127016083587706	1.694659785754337	1.662684181142342
2.2502857954349427	2.8170575178175	1.1208768626570549
3.7044794272393213	3.6688023357972277	0.012511912418945063
3.8598802038243916	4.7646976919178945	-0.059296405598231794
3.743641854002055	6.438455174917658	-0.5546940315611253
4.476108002013982	7.66269265854226	-0.9798328538810765
5.237591174718345	7.523784932279206	-0.21185018216054563
