4.597997542607823	-9.33430973885973	-0.17108546819802928
3.5212620262811236	-8.398684920974027	-0.4279807240400174
3.164234836351488	-8.508900782270352	-0.9709860636944567
2.0250799353059263	-6.893755874126577	-1.2384203170355552
0.7148334656550694	-6.2258738542269985	-1.5680204746318156
0.35805417860575384	-5.760445026212337	-0.6158255650514031
-0.09414152976214163	-4.40624977109668	-0.5914126895658854
0.11403435163865788	-3.255413631206361	-0.6126146808968267
0.615363147665082	-1.6439161408096683	-1.6783610950075467
0.7830397613110989	-1.1642315260486638	-1.8816693084693326
0.39787707918651993	0.10010353310980295	-0.7118328554859852
0.7560379465585034	1.5661639184918874	-0.6692890202528914
0.16970073074001263	3.183852827557351	-0.781230011373103
0.25633950961710666	3.8598082003624996	1.1201297883568104
-0.0327290323912349	5.612777567643201	0.8767717296956071
1.961586207351799	5.96057829576096	1.1284414240072267
1.9906193370743852	6.252300449637313	2.644198752937049
2.9881168391247384	5.154363085073156	3.0552317995681166
4.274202352886348	4.650577546523189	2.0611720585918123
4.709497401550696	3.410786599824974	1.516147795984405
5.248360837839396	3.4946718902680014	1.1700110248565823
5.780655043992613	1.3371388571566445	0.20991691490096273
4.710671303675353	1.2243043284086061	0.5299690509512806
4.899506133232278	-0.35525903364311057	-0.1927705636819218
3.5836964745180357	-0.5723221631612292	-1.1691064241968843
3.9139097721846836	-2.5277016822221654	-0.27749966977107665
3.807928211992064	-3.252193588204844	-0.2640217890707829
3.840721850939794	-3.916266739210111	-0.8363343607901117
5.222009035789599	-5.044198553026028	-0.9074380152254543
6.03579597178468	-4.284211462436302	-1.1092061447775194
6.771968239562367	-3.988039632023508	-0.8206066848122067
7.489134647931774	-2.3853148837695004	-1.074406677883177
7.767968656769748	-1.6141880559507278	-0.5649878139289154
8.737621134822781	-0.9206317007553342	-0.8109957463135249
8.276120347420838	0.07048732287231377	-0.9362844827893588
7.614100133996819	1.6113672925435112	-1.6095947311365761
6.427431199040207	2.3704632620284727	-1.0407035214903289
5.2610303849539735	2.8120820385845064	-2.4650797868319243
4.030630304989529	3.3657617114871115	-1.8068078732386532
3.0327292649010746	3.267357441268806	-2.94505558404213
1.1413023840512175	4.449273295177204	-2.3909425570315217
-0.6073031309998068	4.4140161615393865	-2.6600714482776535
-1.8524484548464897	3.8685507414984315	-1.1387155880493562
-2.4338429630409033	2.9046897503945015	-0.22814037176796442
-2.784546390280477	1.9261960975050068	0.4922318837464537
-3.3060241018357557	1.7446605028591513	1.8932075418467782
-3.3138817905275078	0.13411309511039218	2.3882153114903835
-1.3243392631154927	-0.06608278421267777	3.078308628006299
-0.5237446283153154	-0.3328910194164305	3.304355908197423
0.22299873170554713	-0.9866382751565541	3.3715058198510874
1.9116338623173421	-0.6238496867506632	2.4238985506369537
3.4388752114956347	-0.5497832380226566	2.889140711446332
3.7625102687266807	-0.7726212881938115	3.7820492231770797
5.051088975828341	-0.8576360834120552	3.056045767599153
6.13926999854106	-1.5173356245618044	3.2152347234658727
6.579733555184092	-2.6937991015263814	2.916449236106867
6.522139743440589	-3.6884667901518013	2.500170347046566
6.5266752485014266	-4.987375144664445	2.2211864086199458
5.409107414895404	-5.891447499651552	2.660428926414631
4.7407494204133815	-6.629844685539122	2.71845799138388
2.921150783220211	-6.849692298753275	2.365556787594128
2.2044240407137448	-6.8835613891805965	2.4832001388083897
0.12405878706561703	-6.769964383505632	2.192486614859285
-0.16889871521498456	-6.844070138600459	2.362292871208669
-1.637396299961404	-6.329201758351844	2.0732646260449257
-3.036368713158897	-5.844920372709033	1.7569861778362292
-3.139524439765491	-5.022561741893716	0.4785271174846961
-3.2050106112715326	-3.7949848202490166	0.4138231402267446
-3.3698617997629867	-2.531096962973522	0.10785493555920933
-2.2809691560647374	-1.0754990524915982	-0.13353507733228848
-1.8197570672772927	-0.04645190990735415	0.7344085679200034
-1.254672848342957	0.0481013929741927	1.2668359663079876
0.5955022569261395	1.6586101382355118	1.420622575346349
0.6254455659301674	1.8231389200347377	2.5900479792603153
1.6091906634820368	2.838721043412285	1.7427228516116384
2.791934932023916	3.978639221560998	0.5625664342657779
3.062227911325626	5.545216451497533	0.3203177397156306
3.810731472916461	6.454835158377031	0.018694246754682675
4.861132114024003	6.778403366842617	-0.08485779828726892
5.47838247843911	7.59969287721192	0.3680964022072162
