4.071657318350094	-8.917298678186127	0.4149858494973594
4.33743185538742	-8.75466854680644	-0.11676028095489555
4.060646205494793	-8.797162828400271	-0.8038705650587066
2.806427260387886	-8.614421017143695	0.2269349306336006
2.450977769176139	-8.01188967589908	-0.34384863299080415
2.1501336056532683	-7.373865516236454	-0.8923905703013244
2.7380040492157693	-6.392735427487382	-0.7843184441436459
1.4420426057469033	-6.95226870965648	-0.3705386149931367
0.6916243273823346	-6.605531149072644	-1.3771086066039924
0.23427091453871324	-5.9123433279172435	-0.9273069807252192
0.7238940711169943	-5.9043813160129694	-0.8782678282633174
0.6511231698451285	-4.632863132576552	-1.0927898498908375
0.05577106438674362	-3.8039430894714226	-1.5451712098243808
-0.3280361128785859	-3.812618659589627	-0.9598523143073805
0.6905918048353594	-3.4638745573240595	-0.8037461315041876
-0.3456887348339128	-1.9023627180652873	-1.4725722145977778
0.27768206356735353	-2.258820416713539	-1.8305171286597652
-0.25088414560443056	-1.8723657901253403	-1.6321167960194713
0.551094841175338	-1.0350809381679524	-2.013690065246839
-0.02888625498000147	-0.04463214885292277	-0.8473514652348133
0.7706729720337544	-0.011289000291404519	-1.4388960003229991
0.16706808424671477	0.861034085142858	-1.1736693944748178
-0.08157560348672022	1.6759203782022674	-0.717055053563286
-1.235345429571995	2.2347400868387166	-0.6801983520736982
-1.7319677288929758	2.7562843126026495	-0.24790002364381425
-1.3227766820172315	3.096088267812348	0.20824797275128581
-1.710276401918584	4.394002937207439	0.7617439138544345
-1.3126365942832248	4.9474835589908635	1.0468015219624307
-0.15429679966700283	6.9227285324818055	0.7547136965821708
-0.08341263791890405	7.127669018400783	1.327056764056279
1.416195872067521	6.712420558657278	1.3510284831440713
2.198714400044821	6.785456679388412	2.1650098864512186
2.850521895647427	6.447009508458683	2.2486395528826155
3.5695520999876735	6.473628013494404	2.283859209798861
4.363699541656254	5.629735689495675	2.168455237886525
3.914984751775798	5.231465546820162	1.9205371384688597
4.153236214918009	5.381128335556847	2.0114367046981085
5.4912337830590765	4.4572110578230015	2.44625925068718
5.678175971037788	3.9468906407616466	2.1387269649693668
5.379131110089986	3.3751921187260763	1.319129738091297
6.435485415252925	2.8980168647625946	1.6416401767099862
5.719590791951895	1.9913190576093183	1.1664000514528503
6.108684431455774	1.0619218747085941	1.3169403055575633
5.91300786749816	0.5759582054780248	0.3589293457945732
6.3232576871328225	-0.1581664024666961	-0.2108730266216366
5.5658951791357785	-0.6553208903264862	-0.6107701033146893
4.5216917533166	-0.6108600706648881	0.1921233820357624
4.533467820745106	-0.827823401069467	-1.202481848112565
4.028464258757102	-1.4363047431413387	-0.015017076345236413
3.5155642398349114	-1.7144908192498467	-1.2405220198717166
3.1445873507722877	-2.4673495914435315	-1.0795432701252001
3.3447522236317337	-3.4192042699430774	-0.7404382839253213
2.5435329146530594	-3.910720198370908	-0.8351289460759563
2.8703089007110516	-4.593891994851479	-0.035946223466803096
4.253745727502576	-4.747879278586187	-1.1256618167185128
4.575376166140787	-4.5458768522518564	-1.4873385466595441
5.09500659025741	-4.509965208642429	-1.5834428454749006
4.898455105049461	-4.649746630276079	-1.758037597142498
5.98847766344801	-4.485928339016823	-1.623598322861724
5.862542083763866	-4.281625772971663	-1.5939065093128104
6.31225920990632	-4.081852965896222	-0.9249256163762705
7.487467757734749	-3.677303242561182	-1.2886509266067192
7.57580971521061	-2.353124938652513	-1.688310794299717
8.151320982547961	-2.7902286087501587	-0.6406212658947428
8.281644210012859	-2.111793093303242	-0.7015210045811735
7.690303849789007	-1.8539046901782479	-0.2690459822268221
8.211130631392644	-0.23778343460876328	-0.6608515546086347
7.9816612402616505	-0.4879344097167944	-0.4616723505837228
8.166444129224434	0.17496443201157266	-1.3972068491630538
7.780718536800872	1.420972694062878	-0.6819651179274548
7.423321075521178	1.1692259533254858	-1.2153236351177585
8.005953325564592	1.5281350526915536	-1.6430006259711127
7.98967900021383	2.3569204990193535	-1.9540936287163555
6.395073898462363	3.538532395317647	-2.3530143416653204
5.995880175937981	2.6493400794847988	-1.7595243311954185
4.503137497626679	3.0012539279298656	-2.4575177762282614
3.5862035629313174	2.999977777477846	-1.932475371840986
3.0918251731479387	2.7054343978036726	-2.0863668660809616
2.92146563129569	2.2632296023124656	-2.115922287750797
1.2766009500509896	3.260036611455941	-2.874087007518494
0.8735963197574799	1.9434624762540365	-2.0680093986671286
-0.35777206862176947	2.5428610006844936	-1.6756288345541106
-1.1127368126255333	2.26310787061034	-2.0466778909364054
-1.7501062419244318	2.672459968748817	-1.613991435630624
-1.468007099487337	2.9586162616787552	-1.701052233130784
-2.450056753655626	2.7659520496668866	-0.6762935180353422
-2.82423655249602	3.1493048668382526	-0.5766823702292917
-2.243221969808216	2.8043751443577056	-0.1382601214316581
-3.4495755362011167	2.3096732269789384	1.5295596939855363
-3.1945161485540443	1.4050471004400893	1.5457561931912622
-3.7047313414512306	2.1525951487481536	1.8605113164989144
-3.4460285337564422	0.634824163712897	3.0084612522152847
-3.3184882762525514	0.4678204009955976	2.6651056641430073
-1.689309942841251	-0.27008959438970587	2.3593150866676766
-2.2499198686724675	-0.5992157072240772	3.9365823196659155
-1.1555820730578923	-0.4821943096402914	2.6956020758498704
-1.1294322150724212	-0.809965125395232	2.7126620294544486
-0.4087536781427663	-1.3810693016423998	3.716702911708998
0.2635043905688936	-0.12836327934877856	2.9997867039374206
1.6590581868481524	-0.5184150890127849	2.8536500277963577
2.1287424396499923	-0.7608167940691436	2.4122401772676905
2.531373853675737	-0.8091837120705894	2.9435729029054287
2.5622988456717226	-1.173257938463269	3.2171236808035553
3.2765345587621804	-1.519649734332467	2.9511570583610007
4.1869362134048105	-1.2927721145590703	2.718499756970316
4.950244876312745	-1.1017593016058111	2.635805053871606
4.777680298076444	-0.7507002828898639	3.2862827266421437
5.627024113961185	-0.8551243211038899	2.7675247899585007
6.760615745302692	-1.8422150897980816	2.820723308612175
5.863485193146882	-2.1373200389226277	2.389322039985348
7.033265931305352	-2.7339081547049506	3.063196494291989
7.509833265345368	-3.2572026932631752	2.134665305567592
6.6430249308897595	-3.7995828519923838	2.3907292698215734
6.2142144632862975	-4.171967872122903	2.3944425000118748
6.764782078597842	-4.417342601268009	2.0854842425346307
5.590156766587439	-5.211855127596326	2.0199033378610025
4.856627819087367	-5.780524910360542	2.192870911707105
4.797908803420578	-5.825384086301745	3.023529775408769
4.569316026539309	-6.107684118550816	2.9056659887209877
4.368274656967415	-5.97917538724133	3.4725032157564497
5.14623020292353	-5.588677773690299	2.071198029095754
3.156558635024441	-5.240436312639664	2.705832600991237
2.944358150023617	-5.908770729238123	2.534733819805182
2.047200186658834	-5.78996733428096	2.1007361823239497
1.8682615501115434	-5.090171495164709	2.4022425082583845
1.350387041726413	-5.665060326216949	1.7839102698821188
0.49957768341510106	-5.654675142578535	2.5472351937636883
0.5577836356068003	-5.425826381596308	1.8387092721946292
-0.10521571870371405	-5.555366713771151	1.2695331786734467
-0.9118484009049899	-5.637547147818953	1.4905492998754113
-0.6189951035726673	-5.256439624656338	0.5025322874244684
-0.8543992805019762	-5.04296090632549	1.530091963989606
-1.3482661581482445	-4.097610039863156	1.2016522775282388
-1.0973739058543583	-3.212240735763304	0.5724621056724708
-1.9872569177196198	-3.420647894012929	0.9962168943474923
-1.497023485713938	-2.8459836267520666	0.32902945770870057
-1.7551846411316434	-2.623665202405633	-0.04288747371583762
-1.3827936727856518	-1.8349907388873166	-0.21570630143976888
-1.839122566881851	-1.8523604955990127	0.7357270095389778
-1.4541701365392605	-0.9826158039051234	0.47811401419008176
-0.45585434128670466	-0.4066563525257332	-0.10542760701027615
-0.07550447186437137	-0.4773335663268336	1.0015506621446528
0.4697182957071393	0.15288040963344834	0.723753535872945
0.2722461947872012	0.08955968968923472	1.139424859779051
0.7383177364035658	1.1464728092273093	1.7879680716427542
1.5166585306947111	1.856702002191553	1.4551387186888247
1.7798061423282159	2.121017163041337	2.0446585994965014
1.8564376655116133	2.395361304343703	1.8617813545937447
1.858465286358796	3.0738227637151354	1.7238722097447459
2.9065652211672903	4.033062810330444	0.5846261976476835
3.0871613299853213	4.463886601856973	0.0005659745289237662
3.4710961931488375	4.494584513537595	0.5768397852139622
3.055371809048169	4.497500443644653	-0.22100777850306885
3.8686043503866596	5.185106860149733	0.43510073085294143
4.90884904678653	6.140563380797165	-0.868853195285164
4.624595908944758	6.099704459296147	-0.6113325494886905
4.8250032786621615	7.162936843195922	-0.9723661258223022
4.943707676467353	7.663030013338033	-0.460772614907208
5.3222250684725445	7.259921468615328	-0.405834138414373
