4.743003613353433	-9.089597694193051	-0.5163269270968055
4.120280175304822	-9.499688664953545	0.22023799025852653
3.4998536335315786	-8.737246608566108	0.017061110900698395
3.3713513434142732	-9.19169394064718	-0.6955223191330908
3.282738676921041	-8.681994402849497	-1.0455422430736792
3.8223268467820883	-8.549825106787727	-0.9509032050683834
2.2666152031413755	-8.486374047124714	-0.17924319449967774
2.384316909193501	-7.581810051354278	-1.2723480160593224
1.5807643700325922	-7.111481044035898	-0.9654823153779648
1.5159507550582236	-7.806117878156231	-0.5016474424522648
1.0989684119029792	-7.648856230073214	-0.20567681265766802
1.37731605439515	-6.646940945179088	-1.276840484766332
1.019105618948882	-6.777443860320151	-1.1740660010702726
0.6009802241329585	-6.7220102349140936	-1.228915787345805
0.3017328914180991	-5.758893569529418	-1.6149650917066602
0.5165868067900481	-5.153082033437812	-1.3441663790145155
0.07290894977574697	-4.836269993433227	-0.5565753677481329
0.3183143609771626	-4.660267446797472	-1.271946800094249
0.9972661305575761	-4.7678352743829935	-1.2116483451004971
-0.03650355398535021	-3.7318421656236023	-1.3733569419850649
0.04772049440964987	-3.1198736116122827	-1.03503620853814
0.151657804820083	-3.255791043649229	-1.053252624600209
-0.33431873705677695	-2.537949204763983	-0.4764150805926126
0.42140714538850804	-2.2312401358025835	-0.8167495201853581
0.9277603553129665	-2.0975593811772337	-1.6753156192288254
0.1801751381697831	-1.1912713154039476	-1.0380911129436907
-0.14954745846265388	-1.5294884345646236	-0.7063705948121843
-0.27082242995972816	-1.0131370643937847	-1.9618740037324534
-0.30353894160006745	-0.8594776092854831	-1.3460236115597692
0.8265113905431225	0.0927278548237136	-1.8311749100036654
0.45168807710844705	0.7076902811726427	-1.062786983717762
0.25909641014799834	1.5383135920515518	-1.1976513236600477
0.5985827407107206	1.0699111491218438	-0.9521623032533937
0.2538794659530179	1.4412868253579256	-1.2258244621656709
0.2765435967824951	2.550220395736372	-1.1123591316915578
-0.18270287488153208	3.10495128329152	-0.19502666501434585
0.16547942487916129	3.503453983084935	-0.3855234008283703
-0.4577079105043022	2.9645865832708758	0.1893620236005954
0.231576917066326	3.8636837875626977	0.3413242370344838
0.10910190134984737	3.8627617780048666	1.1662852787271183
-0.24538023818112314	3.996817129716422	1.1503092315977068
0.03705057710420273	4.736389746297476	1.225073560019858
-0.14186592902150527	5.406239693763393	0.7524461637660835
0.7344613121013085	5.78501911273271	1.3073761845332934
0.9735202328412251	5.559841957263536	2.1722591141509637
1.0678860059333213	5.7576990158432855	2.1258011518232722
1.6882745984783685	6.045472127101823	1.461637310554246
2.0168048316579474	5.754513140962576	2.770922723845588
2.67846171512746	6.590909587822221	1.7780507177129876
2.2673543820183912	6.10184147729913	2.334521480157549
3.4006050031695447	6.108280383549335	2.5368414277731235
3.579020168962008	5.271892530951968	2.831351439598725
3.378309409446457	5.220273844314938	3.13304887517592
4.739738045735793	5.044661109574287	2.1717012082301013
4.2085905451912975	5.798424559996073	2.0699127890454676
5.240173395267805	4.6507872159832475	2.2526908763045412
5.378602967506769	3.957776016776741	2.2785456019010666
4.6079955097156455	3.6602019421670744	1.9224169419816537
5.438567557333314	3.981393832660412	1.986393454342117
5.475171487120202	3.3117963103848953	1.6573875014237136
5.667026497424521	2.6193299247909123	1.9085471283259523
5.399496911922613	2.3543825086607346	1.5617264792267762
5.040773618331992	2.6934756693804536	0.7997118179753437
5.150400409772658	1.565190788144943	1.2060377294314022
4.575523875013541	1.2534521883925305	0.12055277738231204
5.57427037893336	0.6279876278725645	0.5359846964933959
4.749961488732452	1.208745198767831	0.030656487166074275
4.471002353610288	0.2433390278946506	-0.5900019268385542
4.170270399136198	0.6080834912790128	-0.08316868377194353
4.048382755739217	-0.33647009787731463	-0.11864286186371675
4.742023320841177	-0.6683417084176437	-0.5298771926920953
3.7977332271695796	-0.8138935043146069	-0.24626191491137317
4.024607351658748	-1.066208571751055	-1.2535856516332577
3.545975461233294	-1.6043268360977692	-0.8937034791930025
3.6602131911926223	-2.3479617827048562	-0.11917030239397808
3.8908394481397477	-1.9928861582087345	-0.9414649550487781
4.176872195218893	-2.2576204728999603	-0.8734500083676656
4.263281040356775	-3.2277904412176768	-0.5700095435366896
3.1439477665955367	-2.3622485688997523	-0.9900529909128202
4.218295389733889	-4.071542782065653	-0.667352274621194
3.6261262051157748	-3.6481252968694555	-0.11928332179819345
3.776262295641381	-3.5387424402210286	-0.7889064502450563
4.179223175332709	-4.7715654983853435	-0.4698491456925795
4.746116863401759	-5.1083075640092455	-0.7575696944933445
4.233363613884978	-4.1418380303219795	-1.1301127373834494
5.321200183963956	-5.256917332713065	-0.6483495206291259
5.247418337704598	-3.884112140018142	-1.7929600125223861
6.100985041908929	-4.272310157507074	-1.4332648318443808
5.8716989632022365	-4.469993373833193	-1.9041238227595914
6.017047590052784	-4.0152955402334864	-1.4320002506670555
7.002974867302709	-4.175760276047645	-1.5906824576591752
6.78459902652891	-3.7324136486706707	-1.7627895999316794
7.17230460561005	-3.1741447658970623	-1.8122167379721985
7.29982622665047	-2.652015716884974	-0.806220993849192
7.419853796941273	-2.615219321194359	-0.6475155533710919
8.296787179706381	-2.725944430699096	-1.4895377051924652
8.049300228790969	-1.9479581719665944	-1.1348708953025954
8.257133740211225	-1.2497461454763612	-0.9609958832847975
7.859250815015078	-0.8891188769799798	-0.944070774993687
8.0208575074213	-0.5036217538040287	-0.6994922874704806
8.843590291692308	-0.4020602911885306	-1.1553829107232252
7.981965192399493	-0.2638716382086505	-1.1533183489740126
8.241971116830271	0.024845858641965063	-0.8968781584240293
7.372348794416063	0.7265934573536283	-0.7531949492140583
7.703086866742734	0.6599683538232932	-1.6510189605821057
7.210698504871875	1.7163749437368718	-0.9356949998343522
8.01365724584289	1.5665106396298218	-1.8723507831015498
7.25408752717686	2.5924511390113407	-1.9118892865073236
6.737761125747665	2.1896680115691534	-2.1425713928697685
5.7697652357025655	2.530790499983728	-1.659168981222567
6.153050738982448	2.656590564857932	-1.7615762753182984
6.087271877950158	2.470194271107343	-2.4858486916976252
5.670746498500843	2.8667860587322855	-2.6243376486994667
4.357397568875094	2.639648149886455	-1.7747249304019657
4.469702345347951	3.373665462452256	-2.3650126727332332
3.1001692980859383	3.9444999000556873	-2.0258433713320674
3.018288493456338	3.6259357584401175	-2.405052052056692
2.6166389156058565	3.3108379771483665	-2.1134135467685713
1.5034259731761577	4.001795577495914	-2.0573462014356245
1.8846226646052173	3.2930081406064153	-2.2776816934518243
0.7503513339848742	3.271675729664927	-1.7582852638333768
1.0510936883882256	3.3946665491773094	-2.7239286226329216
0.301571137206023	3.7119395896428564	-2.2965627174526935
-0.36529384379480745	3.490191619016492	-2.3843628553780865
-1.1580131794850113	3.4837210726667163	-1.5983089137018462
-1.7846771688594587	3.8732541451840015	-1.063422880165048
-1.1475791408451457	3.7317927286747046	-1.3552753266074502
-2.04184889156595	3.4598855429603965	-1.3270330955223508
-2.752014431414281	3.3071509337167524	-0.13070022328121556
-2.7536262455933462	2.6997734633118355	-0.38085431316774176
-3.2681980290017316	2.632092983868205	0.7159752969042977
-3.003014180138508	3.315882204178011	0.20693834406907477
-3.1111228009381655	2.6896638154651518	0.2799479689865568
-3.209367056902564	1.5200898348944494	0.8956227468976783
-2.6239689127811108	1.3502659438682745	1.5311670904168446
-2.8715027683277845	1.5402329535134678	2.1300347820788037
-2.9772997017146663	1.6947801560637634	1.877942810904829
-3.3237568814948393	0.369053486633359	2.1859242594549517
-2.3417110592907338	0.7888306020070506	2.653249254126891
-1.835489498450695	0.5508982308587043	2.28110195515053
-1.5914207164181988	0.2192830312413303	2.8385704040300084
-2.1974851581672237	0.49883128699257695	2.690672395263002
-1.5676880502751456	-0.4767466709028916	3.335397190072393
-1.3756182381928468	-0.6050531447543331	3.6691064047108037
-0.7293341758840942	-1.29037355903621	3.450056437852989
-0.5497930327756223	-0.8410727487239074	2.891426702448806
-0.37214474299423783	-0.8845281511680388	3.1000307203244017
0.3147030390425561	-0.9454138324655106	3.671995652391213
0.5200173088761112	-1.191755396013849	3.6874154474188185
1.1586772292978815	-0.6860680929365434	3.4059406807040644
1.7703715911375728	-1.1529750541604709	3.3107845746359685
2.485643881153882	-1.1342329704275165	3.0631536654554896
2.9211359724705552	-0.35095198972145636	2.7785192064417803
2.8775595197354664	-0.22385517857957016	2.5918528489167554
4.017231572516027	-0.31898294778373937	2.3380388392013685
3.2625982351904685	0.20395917998762192	2.3739505530646237
4.000509690949341	-0.7703465307773303	2.7702271449489384
4.14817287803647	-0.19808399195104465	3.238382307191368
4.822718865000544	-1.0354644019174672	2.3978431293693547
5.359251911382048	-1.3438524337511866	3.5547060840707143
5.20758095824295	-0.6631422369514135	2.553839185858786
5.631398132094365	-1.4972335980047178	3.13920741183373
6.922650789101743	-2.182409630873658	2.668634330353313
6.420475087812587	-2.3463696785519956	2.4176754293384843
6.377440176864036	-2.49004001692156	3.474351046431485
6.329124853178972	-3.109579229209577	3.057907757831635
6.234609553348517	-2.952356304345258	3.4216222768003246
7.219361052170989	-3.303576536400431	2.513533471657801
6.5797954302746575	-3.8636483841181244	2.700058672374659
7.203387441511124	-4.2354441390960185	2.254683054216273
6.8253639509370405	-4.7877630079695885	2.9024907265702087
6.798756560807724	-5.176655985660203	2.320265557463195
5.670995176345452	-5.32800942973497	2.0073266248494432
5.521618907023548	-5.605311189808522	2.7328130743382997
5.5534287048530855	-5.417696598183282	2.375368708249838
4.898893426393025	-6.0209904213920975	2.361230035475552
5.208274606978808	-6.175365770373085	2.291843651133207
4.113272863947053	-6.632483925412374	3.41652166761933
4.1524710718684315	-6.00823619707877	2.6869534534395245
2.9627773548467355	-5.819491948857863	2.609787833413971
3.1040431760056393	-6.901478484316577	2.5414855428288448
2.813324151916831	-6.214586950979288	2.6730178708859977
1.7163965126869105	-6.644585495760963	3.341634420723315
2.3003944511755368	-6.850863452215725	2.9466341396352305
1.7106497480690286	-6.962820672987596	2.0717391984442086
1.414365306281574	-6.95479897281237	2.003459008007567
0.4615030488294356	-7.054175081505821	2.338307213432778
0.7938849917589768	-7.154451669003923	1.761640245397166
-0.18511672272200097	-7.122285286473761	1.8457668461742682
-0.14402656340380104	-6.704797112036134	2.1291501629441596
-0.8833187797804911	-6.625258001381756	2.5425410357941134
-1.1924775562556904	-6.218010890085942	1.2120012431561105
-2.0646219708027242	-6.046182762329561	1.137371206282713
-2.5260927708306005	-6.6051036973427	1.4724620810009856
-2.7217656506319137	-5.376809708517692	0.85340105479323
-3.0806722188916944	-6.071356143300388	0.6530238442942351
-3.090231114799572	-5.457295074842602	0.994413331410661
-2.880346493829554	-5.498816733417467	1.2792785620370988
-3.1535318257196296	-4.585942376865498	0.7566740781549466
-3.6241203271770397	-3.6104458047056083	0.3217798638855024
-3.54345677384167	-3.7085411105185804	0.9981473425089937
-3.3967510779545225	-3.3872260623911874	0.23470612432814222
-3.491722930592384	-2.586636276217976	0.12079566152556515
-3.581342600139206	-2.8516831860619023	-0.05289315502611425
-3.7251611778564833	-2.311405363374637	-0.1970384616841248
-2.8839614737916848	-2.1353783023133737	-0.053537324330099445
-2.907642277479717	-1.316549386033058	0.08679603954936987
-2.6581468709780234	-0.5181135180457037	-0.30996235227636315
-2.447760591827823	-0.41599162116345045	-0.1778682964192016
-2.6758043922092876	-0.48541578022454757	0.11972697959561729
-1.9010152749659874	0.28089306517414103	0.5251686243874277
-0.8427471722535544	0.18243279606245844	0.12299891498636663
-1.4519157240186005	-0.1386588789058965	1.6249100407737385
-1.3383269309995196	1.1143190086190657	0.5599254202013048
-0.2918989450333478	0.6422496933288937	1.1143541039065568
-0.10867497090728073	0.6216941935023914	1.4567605136690518
0.17864690005773476	1.4791120844870216	1.5291766154844741
-0.10986605407044239	1.6657812414207416	2.045741080495033
0.20312242759101115	2.1207500045259047	1.24830411871796
1.1038996063010442	1.7613494511260326	1.3111522092532588
1.4889085680786276	2.6110310489962867	1.8716326244042647
1.8790514497531734	3.1571117470991448	1.7716015574366586
2.371128223572878	2.9956711807348197	0.9497040188298222
2.624055902225363	3.1760787610313086	0.623483993929338
2.58201530252971	3.586953402131609	0.3906673291355489
2.9819621850852	3.895853303750152	0.4741894452111786
3.55663457118923	4.001449046775876	0.651910962091683
3.0914848496297354	4.288746388432759	0.6786725252775614
3.1507920163693517	5.488838160110218	0.38619226816687524
3.5332066870098076	5.087876802808539	0.050179140326468086
4.279357358502779	5.776427733731774	-0.16937192749445495
3.6616327565401585	6.652377839016488	-0.9544873047524756
4.952550353208605	6.453033649696833	-0.8953286430239304
4.320725784002189	6.1456363049855005	-0.9729348984356638
5.566057480465869	6.738132193693923	-0.2606705594904295
4.881012361944516	7.213598988412453	-0.24455197150373165
5.926516688206993	6.896463251554475	-0.5231490529200622
5.703517211877218	7.414929190544194	-0.4195911653568297
