4.395697533162722	-9.599071736918514	-0.3481024557383604
4.091680503151822	-9.413132155300442	-0.28390703560477526
4.0222629551235904	-8.607767661824859	-0.9220349174630321
3.2335601726769805	-8.001629515706862	-0.43981596675314494
2.873124161481114	-7.717785476425394	-0.824499655597464
1.8577430128746872	-7.320099765938961	-1.178526537837864
1.499758768478828	-7.115174326611668	-1.0828431115707269
1.2760217175190018	-7.0955675568944105	-1.6153238825429748
0.6587200724708459	-7.120832387840316	-0.8310342592308156
1.169284118003433	-5.772337712384646	-1.6336669834606143
0.5565302017297162	-5.6366697549349505	-1.253285961845532
1.1120243648481738	-4.73119010039788	-1.5889387342432013
0.9243205630454925	-4.884135076746928	-0.8223441450338902
-0.06881540623002852	-4.128482157012716	-1.3904857810077815
0.4000195787432738	-3.499848290222254	-1.3613078204224163
0.6975602878003954	-3.115802030738604	-1.693685583801253
-0.21742213545336492	-1.9409031855891834	-1.2227274738213296
0.8278564309061363	-1.7072011122011759	-1.1973640145493891
0.764481626967856	-1.073343522052899	-1.6678306023987992
0.7448602614556703	-0.5586445226707561	-1.714309996832133
0.43040801219643443	0.9484994121311191	-1.2484480288104964
-0.229824384602977	0.7229042276344402	-1.2333763387422936
0.6926348694693913	1.989684911190765	-1.025510087564192
-0.34229553113945593	2.4430822331241693	-0.8437124282781059
0.6553232476102313	2.4906531440330673	-0.07694387206984477
0.5932958274650233	3.2243248993795484	-0.43856148171493725
0.09342768135669793	4.905455566536745	0.24749018760940633
-0.28530526763295944	5.206916758472989	0.8985474786802305
0.5549971581952292	4.9247471840186305	0.8532350866394449
0.9595737296117057	5.351504670732728	1.3815272137411296
1.6441577305445079	6.0999158031255245	1.2089127554636976
1.5181878476476007	5.897623422051731	1.9830806755802453
2.0937285124090446	6.730593628607645	2.1366686006998856
3.415094995312652	5.8031843906337075	1.8373102491634001
3.543631891347486	5.382265003635789	2.8541842965765403
4.1340961875243805	5.712876645898038	2.6495460050759023
4.286211583012051	5.582595690440039	2.166533077834312
4.782258748966278	4.650031036839742	2.639202995601903
5.240801847374314	4.302703230178438	1.9261410233694527
5.117860287752469	3.726023986119561	1.5668264420008007
5.389815115673279	2.8073408948301464	0.9986268035126232
5.3134653752919	2.3536369138167608	1.5012934310924795
5.2815291808937035	1.3412849677922465	0.7196432674128392
5.143718632841791	1.0439593438872588	0.3375735194414654
5.275587249385798	1.0029900173036155	-0.05734680798397118
4.351186487247634	0.3186787662071404	-0.2573563240986374
4.6408703053128395	0.48764457916868675	-0.8476822136189617
4.410934950346483	-0.3354677542428326	-0.6246323104168243
4.461408576345822	-1.4189313187170371	-0.7393356053807543
3.716351157885234	-1.7707639344670956	-0.6269228128456875
3.913841188658833	-2.554085957329858	-0.6073503545022694
3.0248972021824647	-2.943157414914175	0.18896114891692384
2.8984351177322436	-3.2140453329937273	-0.7889072805705192
3.254621479360252	-3.719396100011509	-0.13273470699668444
3.632494883802446	-4.183064737606571	-0.14364580965751816
5.0335968969918	-4.973395126902143	-1.2381384631832753
4.236867693866538	-4.692045823225269	-1.0940153697929578
5.505421085130593	-4.5800645604898875	-1.4698015686784425
5.992665449622998	-4.594979932548367	-1.6703733441237925
5.9692153002150645	-4.416666468168648	-1.8478862595977834
7.036921058603292	-4.098843804128708	-0.7961293825458933
6.847026389246827	-3.3434659965910685	-0.6018692552867961
7.103801258279816	-3.5697475911796186	-0.8995789970688789
8.160440431074576	-2.939197464593784	-0.99690777440859
8.27730759567034	-1.4021621512804137	-1.3530501611939405
7.798823368098766	-1.3158687234242294	-1.3708735554465676
8.205275126447662	-0.3500667622309226	-0.5608118134171575
7.9335733425135055	0.5935326418914473	-1.3881291216025606
7.798441946509445	1.2869703612502037	-1.3621216280856085
7.625276517995479	1.087049345582062	-0.7140248945472131
7.321309835878633	1.679780290662015	-1.8274959666201334
7.51443974466684	1.4907381721504245	-2.05799131608615
6.928434014704735	2.2292702322595552	-1.4031465144999529
5.932471918880541	2.152627946214804	-1.1381976143818773
5.727508870172109	2.7105204170179165	-2.1495954599380234
4.535557237003689	3.393998881743874	-2.0107266747887502
3.524924583258783	3.026656570845619	-2.639205950580939
4.0689561755477754	3.089464952573386	-2.621349310940705
2.920709095505136	2.988790232959147	-2.217747150185996
1.8503837503430007	4.071124457765897	-2.2940896936753528
0.5362451804217495	4.10298740748738	-2.964212688394346
-0.08878328446822162	4.497692287897701	-2.5693455323581147
-0.1595033222198473	4.068069053817739	-2.0969728877559013
-1.4786347861560938	3.669323701244867	-1.4074255639342472
-1.9090670593382852	3.571499461252354	-1.1577427090613763
-2.2847931661327516	3.518715604610952	-0.8237992933685696
-2.368609744147307	3.2156917821925592	-0.7743948585637948
-3.1098866703135912	3.358151157099108	-0.1990814911608148
-3.546574313720608	2.9950879286357273	0.2865024833562983
-2.6514158383896316	1.3828042108026135	1.6798915768662908
-3.613196840326185	2.2374712188883983	1.6454591039933715
-2.854768739282963	0.9119929714816112	2.0201544589067746
-3.361141870034716	0.021195668578431838	2.140764597090448
-2.722727939321225	-0.03292667015325362	3.6925427307375203
-1.1527195736529579	-0.6781620850055956	2.745293689802682
-1.1639305134327937	-0.8219978309372942	3.1253475645581785
-0.7401752843518992	-1.354546702684458	3.863589480266559
0.14038012028154212	-1.0655890042081861	3.5583397944070563
0.6892259407533966	-1.0852190472920813	2.724385793368963
1.3525802988246687	-0.7718448663901788	3.5332546820317523
1.8367516294922186	-0.5831230289362113	2.943521289591633
1.777120168425653	-0.792241334319677	2.667739190035304
3.2763879740294337	-0.5468895992245129	2.521462040101033
4.270579981731169	-0.6185263640947067	2.5742012715309293
4.758255466005333	-0.5828547846663013	2.4895052075244064
5.234881730220168	-0.5050437598694029	2.7716706488587732
5.223866333143138	-0.7042423236642514	3.334885915146564
5.453459169509633	-0.7818141205044293	2.4073551862731444
5.7721904797378665	-1.4812630460682281	2.5188735374816167
6.43561585471963	-1.9312641091779041	2.9061411738862013
6.777639965505408	-3.1990221638780096	2.473688456555319
7.143077330583935	-3.644412908030214	2.415029016104093
6.756417849938297	-4.111882482929212	2.6067739466958146
7.159580011520684	-4.528450532286296	2.3594028098674564
6.0340928762627835	-5.005783856780595	2.649125430204385
5.962694465476136	-4.719468511815924	2.617547540126653
5.519797421053773	-5.037567316511164	2.4057945459841323
5.305882642114617	-5.924509140319676	2.9155628771493642
4.437871456059943	-6.202019261284944	2.6687390001914304
4.158949625538233	-6.735740704320028	2.598161452782684
2.7922496660283156	-6.514816734818953	2.156436977195513
2.371683061226965	-5.975329820543406	2.7843644545474375
1.3660942421357833	-6.273280025082104	2.2483940815242556
1.191614184295804	-7.071439892694372	2.7150210231306504
1.225693623221944	-7.128053555343121	2.2541091078185564
-0.16790753509417433	-5.947020024185607	1.662806618221329
-0.9644446847740924	-7.173140339585595	1.7668273767556697
-1.0838891949616971	-6.202966085212165	1.7484924409527318
-1.5878759674152643	-6.320738539543862	1.0710841695395632
-1.7630370227784602	-5.555551016302061	1.0987956068554894
-2.617923097836263	-5.098946007798796	1.1483232916731607
-2.968631216372061	-4.859127978715176	1.129003188701355
-3.5482528698490756	-4.635183148752613	0.5728899666361948
-3.0889386216725616	-4.55860243551553	0.6445812144945348
-3.2517688786653243	-4.126721189838365	0.30778200223452745
-3.029785773093405	-3.179287903176931	-0.0014528685725237467
-2.9977939397204985	-1.879618994031179	-0.2511491453782279
-2.543273284227534	-2.000077294423935	0.11678132031937727
-2.9838999476112984	-1.0112745145262128	-0.0528510567685076
-2.5771146242968106	-0.08820123334478613	0.44687607638711563
-1.9494053908981344	-0.450114139629349	1.2603517151522299
-1.4446085017847363	-0.22226975447870423	0.9840761070350843
-0.5629460305728299	0.42679292568811883	1.0898229342742363
-0.09593014471563244	1.259984783600089	1.2918753163668073
0.44319845342762854	1.592594453123153	1.5216509308809578
0.991979069688921	1.9788894966643724	1.1145206328439872
0.7536434230503299	2.6931749862806935	1.7101216565169934
1.6605056482679796	2.879204114671701	1.0423523194150672
2.1329470043874257	3.3628210873632876	0.7559683056922939
2.168597491266617	3.997278341866305	1.027207739527348
2.4244062480477826	3.5478069419871066	0.35755628361275654
3.0670072843762712	4.782502434141115	0.29799612448984975
3.4384344310443424	4.825094735931166	0.11310242441726182
3.853694444377215	5.840672009317179	0.23483607500799308
4.162898735481192	5.710688899172316	-0.39753259555480236
4.1149373353760055	5.942925619889195	-0.677650850020523
5.056589593842487	7.137834570840208	-0.841151015870842
5.973186065792635	7.586781720488847	-0.9890201427669427
5.941352969305154	7.172806491583634	-0.9178751325677406
