4.541195408393829	-8.583233203148975	-0.10233117336376141
3.7994558367558375	-8.47968045132175	-0.25062832449611583
3.228110014398529	-8.635766227476935	-0.2427299281950439
2.6917619185195667	-8.733316996786067	-1.0534987645464167
2.640250741324783	-7.9494648721516645	-0.29359449233699597
2.2668069175347147	-7.41114720751424	-0.2029201182105671
2.8749916167233387	-6.710055229767109	-0.42955943855817913
2.3632288425079935	-6.942874075630817	-1.2944442834703522
0.9963201347888702	-6.8212370724081035	-1.295344528021177
0.25738874123766053	-5.464468481082015	-0.8574104420542003
0.031086101557520545	-6.059625804176928	-0.28675973055811466
-0.12602474790114157	-5.489052820536263	-0.6504428143135368
0.8941410544646866	-4.887333282102841	-0.820399306895212
-0.33955513215030303	-4.191575914259616	-1.3082115711933298
-0.35810886034618344	-3.030062215526838	-1.4033585638186223
0.6580747167232271	-2.4449066831194366	-1.7210378415718897
0.8931202746377587	-2.1712854997230835	-1.697157774254324
0.04617437070526964	-0.7346292717302294	-1.482099154592888
-0.3268078379252591	-0.6024073139436061	-1.0103615324128745
0.1052668125782848	0.2998425582684928	-1.2614992641959095
0.062358239001702176	0.9627335551675008	-1.7784120405845842
0.4590399911496155	0.6442137415999458	-0.9580864092902739
-0.6118057503229151	1.620206929902024	-1.4458032137652612
-0.14679967447685827	1.5765471771050887	-0.3215214747721613
-0.9860274403135945	2.3699568841491825	-0.3453823041552769
-2.1023436834450537	3.133640872213101	0.6502623425800483
-2.18618331651851	4.225958224886387	1.3069877789710285
-1.456141354797357	5.042120493497231	0.4713634660531615
-1.1077046727482016	7.0977887708693626	1.1242406745409372
0.3476035176275143	6.371442959119629	1.1220954297852959
1.9921648874320983	6.211063358296533	1.6535778898249158
2.5307322626013544	6.475159711057579	2.070188243962333
2.1943286141357725	6.472849268457322	2.5795674754474756
3.0497806946369588	6.8788276649445335	2.0968462937052976
3.7479301836467727	6.472271990944142	2.3091193589303867
3.668509350786663	5.014724236008982	2.3371286895593464
5.028110376449191	5.211059543251636	2.0235349295321456
5.028660923642248	3.9491858290973774	1.7444786140265411
5.647573755785223	4.6178596512532	1.9011258655136214
5.612252716883246	3.014875860873022	1.6617937047622038
5.799854562488657	3.355399368574997	0.8830547084615481
5.789232333227196	1.8674412012051127	1.7979752439689938
6.324069317360327	0.9358797205095198	0.3462449605181256
5.9808364811643955	0.7193783895837369	-0.07210106424220158
5.555741201439697	0.5722792941463917	-0.4885345504525615
5.063148951828311	0.5449989507822546	-0.8774178501240036
4.757786626095065	-0.24043844373460166	-0.15185222284850908
4.7879346845204696	-0.5146808230982495	-0.96720608154408
4.030690666064639	-0.7762101703059008	-1.0242143399656969
3.336471986852035	-1.2459259765855863	-1.0994998967310616
3.348267299527599	-2.011891288461029	-1.0080469635619804
2.482734405672444	-2.128205262769171	-1.024946656502471
3.016519247374566	-3.6104342811515333	0.021763385318237516
3.151008287605915	-4.39641915951525	-0.26072251066012353
4.149230305475633	-4.788821643641432	-0.9452098082580531
4.9348557507042425	-5.122231760971357	-1.3524608082075362
5.178348878983344	-4.693098729562768	-1.4179360646746542
5.766173373282518	-5.050456561986233	-1.0642670569206218
5.4270261989531905	-4.466363113594698	-1.5813826172484906
7.051747146456407	-4.515864383237225	-1.343815398213629
6.633396004635626	-3.734752853664344	-1.2984635298071328
6.883222775246215	-3.019705727138004	-1.045729323580217
7.1846509946873836	-2.993293814770438	-1.2671499670005484
8.507976129221635	-2.4655839774563555	-1.335467074438486
8.385484179137126	-1.6206279139780149	-1.2819595395724948
8.291629632652711	-1.672578397921606	-1.1785831876322652
7.709472127456484	-0.3315549127619051	-1.1017237644798985
8.308301622119538	-0.018965970663352927	-0.6595940539441381
7.658363295195855	0.045497217172002585	-1.2635312896721569
8.424061282816295	0.8163973818768402	-1.1536789005184973
7.894571900420449	2.0493760740469327	-1.4944524800339596
6.90980207259719	1.598341764261798	-1.0792621434643244
6.886506002436313	2.702489266834734	-2.0991669118573726
6.460723213548524	3.553745642784495	-2.3314270112895805
6.333238146928733	2.916053814277392	-2.4234669415916477
5.533036268956189	3.418935035879026	-2.3569045981499177
3.7836986776392445	3.482100676102351	-1.7677417592301143
3.412786605497167	2.721435471138425	-1.6826947705410464
2.9832827999283213	2.384579493085789	-2.3139799485162595
1.8170846818789639	2.954042028686605	-2.7633470175919026
0.5849409190117612	2.1608678269950645	-3.0312296504561775
-0.20925517124723675	2.9406777526774803	-2.8963770055844105
-0.3903598028129702	2.3825273725292386	-1.7447629993987075
-1.1627315818980597	2.4337373653143985	-1.0966237329189725
-2.1398191669838185	2.8539163483383576	-1.2433099304143245
-1.7854742057716888	2.5519401840294225	-0.5500414132090687
-2.9238186648305033	2.722248826198043	0.0733180050131621
-3.184202140818277	3.459704585060482	0.01339110093929713
-3.3725944142953597	2.490616987503654	1.1264182691246234
-3.539586707584211	2.4999052788165317	1.2294983417120176
-2.785402257664317	1.6202441491530624	1.4904839450166247
-3.233242742208763	1.3565349025543374	2.011139216933004
-2.688606621876759	0.25110652402693945	2.5034499276024964
-2.494171994786383	0.6926036869267395	3.234300188599282
-2.3808298480823815	-0.45596272562398105	3.3917791851444643
-1.0765406089742955	-0.14755870182436104	2.638204581265249
-0.4461228746864625	-0.26140159887245407	3.0394500988715305
-0.44148088618602227	-1.2423502274287421	3.999135549101607
0.3068392598612876	-1.344774586869245	3.530206310530638
0.6019475725273132	-0.7589799317663277	3.719590965805659
1.8935713056422472	-1.2801722270973344	3.458061631829467
2.227455211365433	-0.22181719169032021	3.0737141591535457
2.679862592346486	-0.17089734447897298	3.2185361994794763
3.2905653988264367	-1.492513289692689	2.3975497146231244
4.771745670637991	-1.3873864512013292	2.5487590351216105
5.209655610885368	-1.3399860948058222	2.557764240506182
5.55623267900003	-1.4193617288862737	3.322422359838299
5.416935393064712	-0.8875263458104206	2.9282620522024665
6.321176787211918	-1.812449681400829	3.1464058801621357
6.187954306957112	-2.351558427564333	2.7407145042918906
7.342860333993463	-3.0292727662933046	2.5784846538957913
6.336306331346657	-2.636726684237253	2.4830955491585596
6.719787992153594	-4.053749488679009	2.0564156444472137
6.8317306388451815	-4.888029423205992	3.1633384090759464
6.999692120107539	-4.809983208115375	2.3906447215467
5.921391714510758	-5.071354309758229	2.3706381861979167
5.9957276120255205	-5.956382190324257	2.481606810225281
5.631238198296955	-5.25248656839551	2.1411623833089273
5.138834728913335	-6.144877125429856	3.2681297980527213
4.737366604092194	-6.024907753754634	2.8799776329358626
4.280377528220646	-4.940888826670838	2.1034618814162602
4.296708589824145	-5.843281000753061	2.8488164005497074
2.90385655844741	-5.804572575453294	2.828522951424291
2.1213576765130924	-5.556294391314801	1.9896880590692372
2.119567202529448	-4.689063074335273	1.9590838695932444
1.3818571885624138	-5.3479751458276725	2.051519077223792
0.9291733598828074	-5.673322997508934	2.3023700946291195
0.7658637166752899	-5.573355917069353	2.146600401653546
0.019654945296827542	-5.330944179417882	0.994326214685061
-0.2850457587798547	-5.394358525751631	1.843401904364196
-1.2332013733106206	-5.704402195123215	1.4464789591900533
-1.3074112935577924	-4.2766019554964565	0.5075470651290876
-0.819001925407342	-3.6682780171620726	0.03954935404591619
-0.4005562868656518	-4.251000128798592	-0.07223761785972033
-2.1117770393743456	-2.6909776119768996	-0.004724140480153849
-1.330364596337358	-3.077619624170937	-0.1333729673270186
-2.5983201582516795	-1.9718900132549966	0.6498035473853498
-2.434395929193914	-0.89780923141205	-0.13145272993977208
-1.6112483258152674	-0.7959569306182717	0.08524938632921736
-1.3593612453801605	-0.9445410942162618	0.6722567525649397
-1.2689900796347402	-0.23522829958552238	0.7280116953554772
-0.9379090743466197	-0.242549782777	1.0928796081098242
-0.13755288713198188	0.036643395562795666	1.046854396134028
0.15496848531218876	1.1121697208085797	1.2220313541549261
0.7567753604487553	0.9649930354956371	1.2142257753062133
2.192045814583918	1.0410814490012175	1.0844133635482525
1.7457871997390513	2.176858666227645	1.7491956267605075
1.8629298669080951	2.5179727900276863	1.9448720637842027
2.2556736948349796	2.4972552349969392	1.2369502437320656
2.677593472984903	3.3565671381738444	1.2300639572447158
2.885617731397849	3.935140691652178	0.10515453691362753
3.5506558918271085	4.925791077728983	-0.2504966652202918
3.2773480378493103	5.6289021200630565	0.17449817425850356
3.7274966169649537	5.660624768576691	0.045996693205962225
4.3056990060579565	5.618712971584881	-0.17153822258275098
4.122731007045425	7.214164103711651	-0.6325951378963074
4.987534701171948	7.0449215484198255	-0.47489310567934173
6.077430488011439	6.815015079057107	-0.4591684572704313
5.6015009961709294	8.03459150356466	-0.8541435950181756
