4.318353266646567	-8.766474637352097	-0.012188817750217962
4.809476892908668	-9.345261919588806	0.08287585630429528
3.7924747633231988	-8.247893527119231	-0.10893183561456099
3.908768115054038	-8.521546421860752	-0.3705253863491428
3.6872317793536085	-8.181880652999467	-1.1150080529729782
3.058861534211741	-8.338527007133765	-0.8698280432879124
2.5778849545766493	-8.246394644130742	-0.954991985082488
3.4186061816705418	-8.09701106589958	-0.7067337336942718
2.24177208166739	-6.622785775612776	-1.1065545039144835
2.5202879623267624	-6.08452953352598	-1.244418230472449
2.381531787034605	-6.914076721926285	-0.4422671846497479
1.4253106807635778	-6.232561627642968	-1.4296075493328768
0.8539076121306939	-7.028568848844449	-1.2226817725532346
1.15367943562889	-5.823614394447983	-1.469205027805182
0.5495192098096525	-5.468058112753968	-0.9932310994567355
0.7440745512684352	-5.7539330881615705	-0.6098360602950741
0.5759737678076295	-5.1761481042855015	-1.5021631346757176
0.742468684353534	-5.2237985099879705	-1.040178380208253
0.32882176606882224	-4.686975294087701	-0.472802563171963
0.31370278678937435	-4.157464013443049	-0.48093907314517725
0.19525774764915027	-3.4489836553775888	-1.3770652748886305
-0.29824756787298	-3.354434005840168	-0.46371544564812917
0.23375275458326217	-2.6145177474642756	-1.3326852674988596
-0.06351632032350246	-2.4400955004945684	-1.1552395188898354
0.3168943476787694	-2.407579785465552	-1.6526862303568173
0.18137278645460125	-1.3995735785130123	-1.8322491078912395
0.1777072242195406	-1.5882726747685374	-1.280298755397901
-0.2734544804680552	-1.2887193926089724	-1.7726809900223568
0.6398039547142609	-0.8144054955625033	-0.86696782696183
0.5666654594421623	-0.2768320245169862	-0.9662347650189618
-0.1244685405820874	0.3738660838261385	-0.8213223953837232
0.4949815173073238	0.8816572898339476	-1.5100095375003715
-0.3938445129980565	1.402793482183044	-1.23856427775948
-0.3388799813329419	1.7384964633813187	-1.4200664814437551
-0.7972374385658537	1.8694652809131809	-0.5146330877333161
-0.5334910098804843	1.4767636504879988	-0.09374355283126745
-1.6906147956198234	1.9783443202921138	-0.631585976083001
-1.8578185419054973	2.886677085414502	0.8307536084242927
-1.801361692136119	3.5581039851861664	0.113112619778926
-1.8533528598803493	4.5510709801485145	0.1987718828153792
-1.085863214930349	4.672090969329148	0.6010587372352767
-1.1161981157860696	6.001786975978574	1.3659844733518065
-0.5868925769025974	6.177174788803772	0.9692225357731036
0.058089713320109704	6.658489514755801	1.5790012675758187
1.230879787290319	6.342631539681038	1.3866801776089628
1.1275194523420449	6.278190979129519	2.3810617124516176
1.9342768679612035	6.156223352619312	2.0173944823157663
2.1112806223105336	6.2944452493459355	2.656492502034979
1.848003757787406	7.106683771646649	1.7503884612160172
3.1100423324268407	6.611397688230993	2.2777193701700633
2.7895408398077306	6.412423728705951	2.843984399324283
3.0476832169236325	6.088186149980775	3.0158434816764537
4.620961718496504	5.1028628259398845	2.1783172404940068
3.8500102842012875	5.41677531924369	1.9629127763503402
4.650635603606911	4.837213522902908	3.0995043675929095
5.367094483267364	4.858991074412394	2.151017412660272
5.470986975891849	4.192972077165721	2.5561629906089856
5.2108834572047	4.026076809753663	2.4666608760664825
5.754608238289201	3.5500490265299347	2.1564957084992353
5.673527159523947	3.367534718672641	1.51242034075159
5.801206036457892	2.7656676445563426	2.151452629834996
5.968240159511652	1.5014069357408582	0.8461694254769375
7.061401766336816	1.073855286110942	0.7249542893041654
6.406925881498228	0.6291378265943245	0.26617420107005485
6.011417999407038	0.2705083619109885	0.2681549033271182
6.565670164022166	0.5521704912690548	0.013415468249200091
6.530986592979633	0.35504580488869264	-0.543624689414638
5.96555069616184	-0.6826009726437925	-0.344586139679371
5.174262622778076	-0.5001342742456202	-0.7742818342147828
5.327181338474527	-0.5836455438878774	-0.7298095770813307
4.901475247962192	-0.9774242740871916	-0.5821830425050396
4.543586930367365	-0.7752697324645603	-1.2832837847040168
4.023934740250089	-0.9038303087434183	-0.6984997880559007
4.473999966792695	-2.0333440974720713	-1.1382206293063521
2.7819409581484025	-1.7934287594272298	0.008539168823390897
2.9326148154744143	-1.8748269394678498	-0.47281127247137267
3.0125036477818714	-2.3791106184604516	-0.9846971293411052
2.903163248983926	-3.505588507875467	-0.8532751748820957
3.4649511478717807	-3.9251092124494984	-0.8313068092137591
3.36007004988001	-4.3944221949488425	-0.14280822735553023
2.9307108258441312	-4.269018230027806	-0.47570662970252053
4.390697151809392	-4.593274841789295	-0.7515104444580973
4.166803237882594	-4.268392488636421	-1.0273247442166447
4.578467317138857	-4.861947716169842	-1.3940695205780063
4.634584401919783	-5.2473354902936125	-0.8877657563461752
5.5662264414826454	-4.854304411816438	-1.640696052929175
6.194281546666761	-5.178526349842991	-1.8349573499820124
5.585995341800148	-4.813897751218763	-0.8995024980582838
5.619575256636776	-3.9764638347704153	-1.3058051951013654
6.42930218302404	-4.68179469588689	-0.9599472349400302
6.494741145934245	-4.432031288793471	-1.6491114835653504
7.047637000146827	-2.901823732110811	-1.574231205787152
6.910240314260282	-3.341099858222474	-0.9186984169821402
7.186390105090661	-2.9139958070965397	-0.7950621688613633
7.274499259498584	-3.15245888937535	-1.5038201800163429
8.184606805558122	-2.7029914902644627	-0.560235756180695
8.10586224431526	-2.1485219287480435	-1.3854579767667552
7.8414640107754465	-1.2964247432083336	-0.8862573840751202
8.032000183171325	-1.0560917283245126	-0.5346696464065941
8.50845854223322	-0.3868534191819395	-0.9386479406219569
8.046099869647444	0.21266510524052384	-1.0070725148374013
8.355036511869155	-0.2959708461988942	-0.3816413155781835
8.464441108930691	0.3909339752492462	-1.362450705705555
7.490744770685194	1.235834908014147	-1.1261362861097235
7.948896635282201	1.009070934063884	-1.2908049715877634
7.456203533672754	1.8009394860176458	-1.68054626983239
7.112226482655847	2.392882421308295	-1.9203564943157456
7.114801958037728	2.126714665947418	-1.9002720179941452
7.484557940183218	2.7287459152426132	-1.6257478817945548
6.845078532951197	2.794901443429467	-1.5095803222664486
5.937240860406754	2.7478419193431582	-2.5605823924683584
6.101577699686657	3.623840755388649	-2.370379905503486
5.808883689782382	2.8732665041893175	-2.4047459924360988
4.877381493872646	3.2380363882441308	-2.436122671568537
3.660329095398365	3.2301304194863847	-2.4054209127607677
3.478104196920328	2.8592723968749554	-2.889687868403228
2.59981094560338	2.353723850582558	-2.937815625020369
2.448828826556383	2.6751761495211834	-2.551510926676558
2.2862449073427946	2.367303450748108	-1.9366518801729997
1.9142221536017503	1.9546153419241687	-2.592212651596645
1.3991494046373871	2.070678483691851	-2.3260108279946365
0.4566945123047066	2.901343594269843	-2.2886488155965417
-0.7168295973122396	2.685477652467437	-2.824377836399361
0.1863850028870493	2.0005721102510745	-2.7401317322637917
-1.4563084731888845	2.549427659934194	-2.3402330866165606
-0.6627616811792783	2.2761328102376033	-1.6931865733932054
-1.2792054740709995	2.7140692373664708	-1.743794523660549
-2.2624049528667194	2.414383851716007	-1.1446104995870978
-2.505635977865036	2.5033180377758364	-0.4538650262584032
-2.6872103683355824	2.7611868808462736	-0.8430694093732156
-2.731605342386469	2.7841536080063873	0.46481217168349
-3.02965574427804	2.6406877240221003	0.36510825381555034
-3.580538305164457	1.9401669610464187	1.537753246155727
-3.681158773454203	2.784154393612266	0.5608505269101391
-3.2229965234282254	1.569910566214542	1.2738937662698167
-3.5244685465274066	1.4770868642673287	2.2125766770026445
-3.5923316397528744	1.3290185138034356	2.627239153939408
-2.8315123099657002	0.38313948107863083	1.9196940456936795
-3.239703968245581	1.1291883773863252	2.9065621628049834
-2.7401304382259424	-0.24922435890665579	3.6775191210484586
-2.6663649450331546	0.8241542081661838	2.936249007170054
-1.7422794208324124	-0.22068303290562474	3.3020415482803362
-2.0120980687837706	-0.3321495953078377	3.8394248185532964
-1.5210116963595732	0.11985343383741243	2.6942043516908223
-0.23253554132781828	-0.9688211126509712	2.8823883002815203
0.5010494650964168	-1.3924672699214575	2.9511716212216
0.5054070813325235	-0.8377013763074188	3.0482577850459522
1.2869368700710302	-1.042124478960287	2.997082186085402
0.5576011983366755	-0.8053393334305462	3.714902381516552
2.2400155875865684	-1.3114969412215545	2.4979450431273458
1.702698961684733	-0.9144929671145752	3.4160802340742125
2.2844557155868053	-1.1565969754160608	3.525549447755695
3.2056621311286047	-0.8483196146097114	2.5188636947475653
2.668197544863427	0.017088057561160275	2.6734263438099917
3.1483785641263338	-1.352917522575736	3.425968259697976
3.902937812264579	-0.6224506257520042	2.830854253867518
4.934876686302579	-1.179751673696387	2.4583925186111917
4.771874702256298	-1.063253708831708	2.6671460396042477
5.293192665706012	-1.4540126147127934	2.4911890885789374
5.333880221880779	-0.8903752632844772	2.819891575101646
5.713486469726834	-0.6202340453777682	2.8126084909648306
5.3322214511990556	-1.896599427138502	3.028839369343405
6.887542273572703	-1.8754314150927385	2.7887177817184527
6.05370545703371	-2.1239113214744707	2.7051746405991564
6.073667182610599	-2.1778535719319514	2.639980138517841
6.477159714564017	-2.525890599625982	3.1927070934150183
6.3625710318627196	-2.99221528733121	2.135331674776104
6.944850700549793	-3.665556662681296	2.1598075957283873
6.460658064881176	-3.2964663443361	2.9313529311168995
7.160918065117971	-4.3839696902099465	2.1189273862948186
7.076221938348243	-5.0638025932836594	2.4630360770197126
6.560724840575801	-4.724131709026063	2.594396611075578
5.809688976608561	-5.656091540554672	2.9230384297454455
6.082571300687065	-4.882401760793664	2.0795327454540717
5.358178043697702	-5.711832559201099	2.742687957359191
5.16759961678116	-5.299905063954331	2.8163479417259456
4.56642106657771	-5.13285784543784	2.2821483374911837
4.500823152545448	-5.578295319416222	2.073417145067805
5.134833654991176	-6.071719662021232	2.771441591307947
4.654857915858379	-6.004500766864167	3.233441046765962
3.9131909591488414	-5.893280333939747	2.186000940487419
4.64437551208551	-5.49857768238696	2.3061214131434107
3.029159107321133	-5.3938768774741375	2.1665515261590733
3.409045423189376	-5.6654146302486055	2.580922994842697
2.5556346715163745	-5.048222946937344	2.248611434416716
2.545152672881967	-5.033124244581523	2.562155799487066
1.5681632405028487	-5.73659341773973	1.8369478418294862
1.403503149661244	-5.1563551037659625	2.2266287136423584
1.070298904161827	-5.673480375246239	2.47989663614171
0.2910630475620474	-4.950273169542462	1.6002653900266446
0.20549591780518034	-5.524173809055201	1.5393973321852223
-0.3225781164218606	-5.308842198829572	1.8639885246467107
0.143942787859474	-5.589614956374477	1.1465635583587244
-0.5801661153677105	-5.032107053794078	1.8981045280677078
-0.312745300891899	-4.952473388371341	1.2532160591103896
-1.0047350469872156	-4.775988188203376	1.16934047768046
-1.1945608447800493	-4.481205678181267	1.3110379797613136
-0.5405112281419875	-4.301859615720648	0.31354510188674667
-1.393246682305731	-4.054382453949081	0.4869166231339285
-1.5021001815206931	-3.6240916950680084	0.4140000195816493
-1.4387848918505874	-3.5084097057437695	0.3085662531005282
-1.1016342292606272	-2.8039575867572566	-0.3124101911232139
-1.8693082514385502	-3.3368945013266433	0.6853872143338531
-2.1767392217875767	-3.072676492255863	0.4377572498247599
-2.0856808961627085	-2.482881619679566	0.7756316513401358
-2.0253972179359736	-2.411691501473907	0.10464961325712158
-1.4550962705657626	-1.1082758858015707	-0.32269111309694376
-1.6134035665145243	-1.3255609791616614	0.44746505481577553
-1.2219667576331072	-0.7118246867928815	-0.28695951536366276
-1.1273988863037454	-0.6523952713474133	-0.011672597352728464
-0.25781691747772184	-1.0150822529761458	0.0076678030417355325
-0.23078516969869178	-0.557450575062238	0.5139278243049867
-0.4517027496625296	-0.2308997271876354	1.3862331514177617
0.027697028188085837	0.12498310892085723	0.9631922717135577
0.23719968271052233	0.6311783655961019	1.462841063976334
0.07793003619552612	0.781326027112037	1.348186072258593
0.8435814144898988	1.4243071311559126	1.852450121445694
1.039575496528905	2.09726525710028	1.1310366934008416
1.3383309242725927	1.303122156156014	1.355879792214485
1.9948227755698413	1.5847764619734783	1.9224054301141575
2.3933753896458994	2.1523769196439804	1.7312472192493935
2.3761837681301055	2.1343104968385656	1.7608904436627428
2.2567014348359375	2.7932064002358805	1.9682776978047338
2.2354064229690827	3.425077923920587	1.1391503098440992
2.0836762423822965	3.5129556316758714	0.3817927152372774
3.029359102319117	3.5449646463396784	0.9146721456652335
2.8048620840696494	4.9295785684834605	0.4277148919606512
3.5282318188668054	4.621525230565551	0.5199311504109545
3.016277317348233	5.569025278831074	0.002187244018316603
3.344896629598449	5.883932570122083	-0.3353156326469773
3.5860192748512345	5.468384600527844	0.4729008404355681
3.7148797141006002	6.144687666857955	-0.6012820283568121
4.680625049293933	6.001015578894045	0.006574160300042209
4.709065704137374	6.394898970851695	0.13366205176658563
5.427408695089981	6.863021611697651	-0.33419531348527953
5.545075646532429	7.241221672180228	-0.6250591918217077
5.764209132638853	7.619352056188626	-0.18168542743399485
5.242483199210184	7.341264609320994	-0.9047905453257504
