4.505285461981696	-8.663823415921973	-0.14450963459218624
4.244540253703452	-9.03507634165695	-0.1300096475564011
4.34566486891983	-9.035438044571107	-0.435713281468579
4.168726125859541	-9.220488914848286	-0.7660574518700417
3.078535939046302	-7.947687683196061	-0.30345450992940526
2.7155171933392666	-8.899898918687427	-0.9312030310311535
2.9887185508737364	-8.503155042001353	-0.6017011530579128
2.182045109362685	-7.138249071084331	-0.7505050386179708
2.407885907885575	-6.68397330045155	-0.9627423631960967
2.0939686856238318	-6.754517752332789	-0.41440735309785803
2.3685668630606886	-5.961145924198755	-1.2341847432578998
1.8507347331708148	-6.013239832595008	-1.380212791827329
1.6750914111000734	-6.972780574382164	-1.4940706438141977
1.3893581136686286	-6.076159550875102	-1.2068492905301302
0.4457258633635748	-6.0115875197975415	-0.6126309212571757
0.06113913556730298	-5.52305738025287	-1.2259634525251821
0.3709639267331813	-4.804783676122061	-1.2682250883593262
0.3075986803547699	-4.9391272177570755	-0.2373338721973799
0.3309020494754759	-4.725611962544356	-0.9230318510306303
0.029128836686552362	-3.817052457661739	-0.4507792074421666
-0.05719636528055316	-2.985196741542396	-0.9035162304879063
0.3193733201505416	-3.388486227130506	-1.0116386073960357
0.6815680748980938	-2.948089229719908	-1.001376235490253
-0.28823145256080973	-2.5181423381949752	-1.14214025075246
0.14935243877855114	-1.9123833402261434	-1.7100085364186015
0.2733294090425971	-1.3894410929806391	-1.5597758564378306
0.652828758205668	-1.5230364909646847	-0.8894866131938473
0.0047489766781279585	0.009772866686202253	-1.683280078668448
-0.15437393335689198	-0.839110899180894	-0.6973222401772841
0.23522522810417246	-0.08121826770171531	-0.7512920362355993
-0.08426113469859886	-0.05066854049929932	-1.5154798598867412
0.3698305891623585	1.0134777092193301	-1.5384790484092938
0.49447763244668874	1.388340412414494	-1.229230625351975
-0.5845138002088297	0.9924760563469923	-0.6019821818713809
-0.40546268287124765	1.5332865671947136	-1.1571539259166168
-1.4730057564472676	2.1470619199301453	-0.42159690994362076
-1.2845496722723335	1.7927845854986693	-0.17048413661485073
-0.6874331068347372	2.6206055751855626	-0.3109669501486803
-1.9365587840644407	4.575708816116393	-0.033898298549347616
-1.6442546448154973	3.9983565651656408	0.7928743357466614
-0.60919933569009	4.64817377901163	0.39237232061692534
-0.6351472129847442	5.338162212878153	0.36843275376363754
-1.0772730158203707	6.538526012527606	1.3276156032020052
0.8871941210095611	6.025638056545556	1.0827879033437273
0.30939693946177177	6.860557759735588	1.762054896783742
1.2627501932837724	6.619791104786702	2.3341989680743325
2.115649873508512	7.0305991583584575	1.435248853710319
2.4234774977816116	6.273924532091725	2.327875500327832
2.049776863404065	6.434643254116083	2.8112435082386398
2.538353183430274	5.995655620893881	3.1270828984150727
2.80124007998943	5.740664663513073	2.5072085224346146
3.5553039107689894	5.770416143436269	3.040883239323632
4.007069319291679	5.538319143691115	2.549065399709369
3.892204613910572	5.714440711061803	1.9141005513462896
5.247791408897743	4.889426691893126	2.143821025027722
5.5000982257421525	4.51575954973617	1.8495665108946397
5.048914731748127	4.886546074114706	1.776045344167567
5.216893864357475	4.849915511325349	1.8481844068262037
5.423726278472746	3.5189221986395354	1.5151531936749343
5.966250214886691	2.8355037324094576	1.7147756111065187
6.5096520872292665	2.8533865984887816	1.1915270912114542
6.780441784962407	2.188850169128848	0.7923272493085507
6.6353072919255665	1.8174839624859422	0.7744126146194557
6.464823282515452	1.3679917777624515	0.6495318762284515
5.9355657036741585	0.12381369197535785	0.6820088882167274
5.560799310271154	0.26769029239388004	0.8169593124442911
5.545464721151835	-0.4891213015275899	0.32687074633382796
6.2032361470402435	-0.6379230949849435	-0.7043074738859414
5.041761571187326	-0.4782591475775767	0.33769731806522274
4.825167827208155	0.23037489636684894	-1.0617189066274721
4.9179395322889805	-0.550998618570818	-1.133303943351914
4.170267239716772	-0.9843887732334904	-0.5902961891021454
4.039708733146708	-1.258727657800425	-0.9130799247657846
3.416707475187402	-1.4594366095740878	-0.8169151373822876
3.248576110225116	-2.2165052367659346	-0.734618066847619
2.7716773919564446	-1.6593048155861796	-0.9319357445116653
3.5703603449039067	-3.0462015634908237	-0.507121910175951
3.5004684560004495	-3.4830689653955376	-1.0765118348697056
3.0145897614885966	-3.0141918297943517	-0.7636229570615128
2.788319082861543	-3.509396517159546	-0.9247294323630606
3.2655598367222294	-4.609931560442237	-0.015033444875217183
4.243987541680117	-4.884703614525885	-0.6551365471509007
4.622822842792336	-4.349777384541044	-1.261925085251772
3.90294097845329	-4.037633429795563	-1.2484690976991595
4.647538520617846	-4.856789154688439	-1.164552815518298
5.522323825630412	-4.360188216037436	-1.3529166785612756
5.257525557241947	-5.217941414714433	-0.6464610829344599
5.387622978498213	-4.229639372052925	-1.7333547203129935
6.314208641146576	-4.739495825816893	-1.708740836911697
6.893830500710122	-4.229343795538652	-1.2094914285819596
7.11993780776852	-3.7416008110737615	-1.2227421975444606
7.043707091543482	-3.2101149587377127	-1.5119982261132714
6.903587150918896	-2.698815725720422	-1.823924131961019
6.991719137389061	-2.9333204363540366	-1.594558939512323
8.019263061034687	-2.7126468569534006	-1.1203564964202866
7.651189852222667	-2.1173702322838244	-1.1768760779394225
7.73400589617369	-2.3919308118012244	-0.692277679836568
7.669561883390267	-2.081634907191478	-0.61212030941677
7.998033589655595	-0.7008964901495798	-1.3759668063878077
8.311203645248817	-1.285700347428309	-1.2815013501651666
8.933954147646025	-0.5530341542748806	-1.389794594012518
8.40776040966764	-0.18887785621262315	-0.7577890304397068
8.114584246374148	1.1455596081784734	-1.14750897066329
7.85200155783008	0.907525831468543	-0.44262479941898647
7.25234088624082	2.0055099987099734	-1.541120590234959
7.167108506533666	1.2686433607832694	-1.4295289962637336
6.962674950322528	1.9775907998495832	-1.923588887358667
7.945612269540487	1.7877506952059867	-1.462775791257275
7.2120616016993075	2.77376793818652	-2.1006657471452175
6.8107747103435	2.7325742045621615	-2.1438964973202124
6.355465324903959	3.4870467454043768	-2.433399525930132
6.538372867888419	3.419462241795083	-2.1187335231147206
6.006935094381526	3.149009639631889	-2.128990698087973
5.180962412270299	3.0906727403877334	-1.902302836432118
3.66188396769255	3.233043736945515	-2.3130410200125127
4.006707189482569	3.2692092583241106	-2.6372433246485887
3.141844559844746	2.6452830928927384	-2.6979129739254786
2.5734761845314416	2.3882218484544238	-2.5397540160576146
1.5314146021058634	3.023788253247133	-2.9299658367503714
1.915097847335696	2.1644500697929394	-2.911122564958926
1.5066729465110673	2.3071924546403118	-2.792114742966409
1.172267820891996	2.1468733780521028	-2.5291974886527604
0.153961024804098	2.3891580526426455	-2.0709534442008515
-0.3321384621458866	2.6445662821559788	-2.0259382055960673
-1.056701121236486	3.4145768411489894	-2.4902002817923363
-1.347555735434137	3.3825325402844806	-1.8839925975649567
-1.805788526773993	2.9279418567364437	-1.6043321607650016
-2.161245477673793	2.971235095458012	-1.5626026884069866
-1.9890601519299502	2.9547888888182765	-0.49083909135378523
-2.9140952600595167	2.8284208791062233	-0.8948521989701359
-3.205311515437587	3.415618851000162	-0.32423878867394673
-3.4915340653461127	3.3288346524144745	-0.12695235255877793
-3.5144258325337887	1.8001962389472737	0.738907808661645
-3.0449065684406493	2.2463155294373633	1.1898607058001762
-3.7375952170674207	2.181462808929008	1.5332607913002907
-3.5402224546094683	1.3237729028666823	2.1540610745722666
-3.5322458580047353	1.0480817882996067	2.4181887274565708
-2.4693307093614294	1.3350094850633398	1.9336402702025683
-2.7996394907860713	0.06515045160728714	2.8012205311744456
-2.1868834250463305	-0.03606804999224672	3.3832073583060587
-1.4947628910863304	0.18252839366421336	2.4496265069388867
-1.382107017006088	-0.7046750641405071	3.4069395026798395
-1.2771033087855788	-0.48429535625216724	3.5344708021777316
-1.4340536538873383	0.04518033999708004	2.9394314597865887
-1.208986608321534	-1.3341432800935322	2.8830391977403735
-0.5975417470645594	-0.35723742120525936	2.951840091318494
-0.27217260765367335	-0.8362557375077377	2.9339923515123205
0.12688376792686723	-1.3249899321762606	3.0087511928094157
0.8501434596863008	-0.6349671014649495	3.332536084017897
1.325466460632602	-1.0837594354800113	3.493604578489032
1.5379749689594169	-0.7851674256659121	3.5846113896344463
1.6586101368363373	-0.6600458364209891	3.1382633351297073
2.5109579813775844	-1.0378006543672713	2.6862216676397273
2.767914660958835	-0.16770598390180957	2.92826193974739
3.600569604311244	-1.0417567912868022	3.088272738271156
3.432905674804455	-1.2900739440835085	2.426574804444978
3.793633823265035	-1.185238631389868	2.372737722771754
4.755821611438496	-0.9583236054872628	3.123814355783092
4.756909893104703	-1.2085351189119633	3.613949376109061
5.610835758006425	-0.7033085059373421	3.0124238616863144
5.677076126764685	-1.1284610667309067	2.520536749952778
5.342209211805184	-1.3307839930032848	3.4843208737399287
6.348865835084883	-1.9979967746336216	3.4507542212955653
5.814594793067733	-2.3923781075816293	2.900094581203179
6.381003239113322	-2.3585262092908117	2.9641224523034695
7.352668511622182	-2.9264633105253517	2.3857860192428904
6.411272257249051	-2.2135964080265444	2.510468650233971
6.588186472616727	-2.5948998424977434	2.158613878419792
7.0091376052018735	-4.321017587147602	3.1751545491426767
6.740995235732935	-4.678759965002215	2.269080467621197
7.259198320908866	-5.051365702013132	2.009218474057916
5.7600678385963	-4.142344218178232	2.6016093931283466
6.208125532150817	-5.038525088089294	2.012316304484849
5.186749046370283	-5.700041838861224	2.443104288297025
5.717479754068982	-5.2214794392701975	2.0828020647136705
5.388798065445918	-5.540400447687707	2.1309165404031654
5.554962558621819	-6.049086541297067	2.9018055268189573
4.409166482381322	-5.540177405659542	2.915158186598491
4.6486355911975075	-5.918065841005593	2.0621859516347096
4.487838904215209	-5.7734198202558495	3.347046207135953
3.9972706260381967	-4.642345060051018	2.452899098358923
3.7454059014801566	-5.249143604698268	2.2136292756453626
3.212806688948279	-5.1215559756719475	2.4044794139108645
3.4131387740935075	-5.154785246176957	2.427742707833589
2.4814585518527235	-5.825925129483052	2.986780183495841
2.2107392432115724	-5.874948036294733	2.059832638368101
1.4460949926771165	-5.2590035253222585	2.330649650424843
1.8192286872162815	-5.346045330523441	2.3957246588644123
1.9289876798619594	-5.4738820558898444	1.918978897408318
0.4706147113581966	-4.632568108683196	2.140903929682482
0.5461519338364895	-5.681978890659681	2.3571887461959706
0.2524286882392686	-5.143701576437067	1.3782056204234356
-0.48179108230551604	-5.485198012706967	2.228585901678998
-0.28752153505988587	-5.621500164469225	2.0993576732085564
-0.9145440439439279	-5.654298031592456	0.9243397370802325
-0.8145574055785063	-4.651563736051513	1.058542008941809
-0.4286778240859179	-4.862846688305643	1.1524532543612658
-0.8913327861263204	-3.9333100372715983	0.18029829478000262
-0.8860620994822256	-3.8052474894247523	0.6641991304342858
-0.800936728787935	-4.140034975268904	0.23551059186947232
-1.3315030929175513	-3.947665188083552	0.2761113084812348
-0.973604805232329	-3.2936885090584225	0.40077952623992086
-2.004675812204597	-3.055009214040628	0.3951581050264173
-1.8770291474784453	-1.875624354199963	-0.24272033705825252
-2.6821472468216903	-1.8256571290268835	-0.24789451016460384
-1.6561865491440984	-1.7286393758739909	-0.0449727941720906
-1.9216715614186188	-1.9844673138316602	0.8755139222698352
-1.5865368532638804	-1.5578359765874457	-0.11347118955035385
-1.344036509311492	-1.6364763394448398	0.8221479632352641
-1.5505772226764958	-0.8844908866604244	0.5810120601399305
-0.6312049629392	-0.611197106019493	0.5548867902790551
-1.0865978886236802	-0.6583442297006814	0.9667636946802665
-0.7160382648393094	-0.14882674527374518	0.5633221783457008
0.33585901987186084	0.233865373325371	1.1395446581986768
-0.26311145485220516	0.19922263061044157	1.549958735255222
0.549438308540517	0.25301021372767907	1.2591974886132598
0.7748235669694372	0.6480350907129818	1.1977307160847208
0.9890483237911392	1.6753793335277685	1.8409991976805573
1.7690230919117023	2.013680512946938	1.0314921346463761
1.6926986171943592	1.6955481315711223	1.951967923221252
2.2930413075883225	2.1011415479010673	1.3146500685998548
1.9392832064834369	2.954244290758793	1.6564324686554843
2.3434072212437616	2.680044041770696	1.2161722927186114
2.88045929753242	3.405762676844044	1.3174332842016154
2.3443831426586836	3.373391484077421	0.24597123970976228
3.117230378253243	3.5444119344329192	1.0132434144027223
2.5140103743433846	4.845239619694095	0.13331843112327468
3.4054821201314183	4.44301924860924	0.3206331215990122
4.159643796851526	4.768172364699268	-0.5501483487811313
4.273105719664285	5.280264084863852	-0.34002410369095304
4.511950028985009	5.99835555519415	-0.6891475289415074
4.151665916484294	5.467621329492843	-0.42422919567628015
4.592244635313944	6.0949152208075095	-0.6692043847910287
5.209953019130572	6.252021133823812	-0.7140130302525758
4.495772218729236	7.483139992264974	-0.5127066091155728
5.043947124884382	7.1209027433151135	-0.822370439848363
6.1525012341958725	7.544518961417596	-0.7578012636659097
5.594443849426373	7.419386065874297	-0.9396176585225839
