4.096475863298255	-8.691925790619027	-0.5770840649624176
4.643512118810701	-8.816102293734533	-0.0615993316639285
4.170822834424384	-8.295899768683311	-0.7915120022743183
3.812509070913391	-9.242393737582786	-0.5643408903035031
3.703726023602848	-8.644189650922927	-0.8117398846712194
2.4866558315423615	-7.655496089650082	-1.080354302897034
2.515634791300541	-8.748229075583795	-0.7223532369464334
2.379203127915721	-7.540604629295917	-1.1498232186675736
1.54198846469905	-8.28229554915336	-0.26109709570207573
1.6301310751152633	-8.025178390876873	-0.7193238199454615
1.6778836310639789	-7.438852181806601	-0.638198350111643
1.4609988725401855	-6.931194168800735	-0.8718371384518946
0.9864402719250698	-6.338775699359791	-0.8591489516162962
0.48604725345388644	-6.29831544442016	-1.2878925784441018
0.6447190810107436	-5.587609326920046	-1.2924765980985635
0.15726799033059027	-4.834597470581256	-1.5918681781429538
1.0626397224221196	-5.113266407414168	-0.9328654465045728
0.7094058649697785	-5.21103909150719	-1.5352291027672074
-0.16385803044175562	-3.4442932643627007	-1.3575769192932445
-0.35399641666937065	-4.21360180412806	-0.9908884928082318
0.9747553518616617	-3.7226271303819045	-1.2106932236163963
-0.07781442888006368	-3.3191910269647344	-0.7102498400829009
0.34729661850924864	-2.880797079152665	-1.0890060385115392
0.28001097648752354	-2.1723934006601464	-1.4955193367545285
-0.20926395369708267	-1.7111608237143467	-1.6509619799893427
0.18903720916175798	-2.0592979549890953	-1.0456435287239794
-0.2092295398652801	-0.8205666236580008	-1.13971666256402
0.2966513710534309	-0.7045094987704621	-1.8589539344616526
0.4073956218398244	-0.7445002920431032	-1.1047825394121347
-0.029642283828858806	0.006172375325800394	-1.8586811741766154
0.026247849302182436	1.0811827227578479	-1.3762537602173917
-0.0030746441252296752	0.8536532101005883	-1.457486834802883
-0.10624586933801783	0.8913082310779159	-0.724907290880907
0.0072503437519237934	1.6182103556302687	-0.2840853582278229
0.013173445614277468	1.8180657484890683	-0.5557722358014835
0.2951095843079862	2.153161887604773	0.091630642643866
0.5234733626597041	2.5033367315719444	-0.24344101736251877
0.7843547495462186	2.9981998572895994	0.046776970193007306
0.10839049304342896	3.379094061725511	0.37347990443655965
-0.2376051240163734	4.255976556212128	0.6179074113065817
1.0626827409161739	4.015591561824196	0.24457245268109495
0.46103171833857287	5.2323131712320485	0.6133866272349953
0.03436751867873897	5.090726251164032	1.3083489500216532
1.4553761794575988	5.2142505484996535	1.1165911230461176
0.41628691002563245	5.253424014750523	1.4038630030034787
1.0144211550843907	6.412139459663797	1.2305791053985735
1.6628083327062466	5.61886747665322	2.2526546935184317
2.2745318431740413	5.663541643232049	2.2535334754366985
2.0080913534582105	6.425388872216319	2.276558781000729
2.5776966027381163	5.577830739566024	2.1471090981360543
3.813993198109045	5.811375134040028	2.106440244191832
3.0483726626792924	6.13906517032237	2.797228660912326
3.4170833135106773	6.000111276479661	2.866889520429699
4.017379240086694	4.959569473089239	2.586814461830775
4.342581919634154	5.2045411329394	2.78361316957701
4.219150793025928	4.928715425215062	2.5845675230570713
4.3917959813547105	4.659257480139504	2.707522128869381
4.917556035097831	4.510012668161394	1.6637102025407806
5.263569850315699	3.049326963562599	1.7430977627898416
6.027628784517956	2.8843343360679072	1.2817236131795022
5.17924380046105	2.5943874377822422	1.3180524542860146
5.757245438145244	2.0713767468184443	1.6763189711081459
4.782717629340061	2.651370558103533	1.072415261444886
5.039805311079173	1.8383934921487448	0.4822521266697605
4.941578187060978	2.251583664018613	0.4973271635030756
5.275181368940955	1.2456253191737119	-0.300984455207928
5.093285103762552	0.3329946918114213	0.48324583145479905
4.754687883844063	1.2804031382049623	-0.4633194561845846
5.223772342762885	-0.2538835526865521	-0.4363128512062634
4.324736031474462	0.08468972624906024	-1.146559943832644
3.8670807038783725	-0.3432727449387747	-0.8311478531231052
4.132744903761097	-0.6636926211790424	-1.0152026403405454
3.8143157016486735	-1.14992875297382	-1.0150552534280881
4.251611535963066	-1.2234047015490972	-1.052030826767533
3.3199106400410834	-1.6784655030750937	-0.35700058589116823
3.6841520909831713	-2.393917773320996	-0.7656480527875118
3.6419273146358697	-2.8045487892145897	-1.0899382408744756
3.6479890345584716	-2.908453513197464	-0.11786932262165317
3.9119503633319543	-3.7989823996242458	-0.2836725553610282
3.25377884517959	-3.2745902514099656	0.01959443962823415
3.208380260025423	-3.3296870569313883	-1.0917594094697638
4.096603449572589	-4.145252318522401	-0.8594520720666274
3.824820711248944	-4.62477463797111	-0.7116902090329281
5.082173688365351	-4.576248764956421	-1.2682405076964836
4.818567085447645	-4.810625303074554	-0.8168254795050991
5.953467370916664	-5.21860527508845	-1.294423400708939
5.668209510230333	-4.463977224049022	-0.9497528111104744
6.618448790141139	-5.073944706897966	-1.5758450145392193
5.879407011727462	-3.6320064521057454	-1.738454231088357
6.142728843920702	-3.505189816539308	-1.7546416412292072
7.193380515943039	-3.950898683468928	-1.8052366137854245
6.490987332387184	-3.4598396867705903	-1.7102721427913443
6.914469065846446	-2.785323623320628	-0.9917276998708977
7.08598283310262	-2.8774596458897967	-0.6871183741903721
7.703222403977002	-2.7735794810848278	-0.7874411668751371
8.05012558899835	-2.1214817647036455	-1.280542609158254
8.236666147773876	-2.274727631324349	-1.280951637560847
8.338275592654751	-1.330201642478733	-1.244634409403605
7.959154106368155	-1.1488708080312633	-0.15478067206673618
7.994627305720308	-0.9783681851596081	-0.6014724370826601
8.434334386581014	-0.88681148822229	-0.8594164363087242
7.802670201076978	0.14062273135285613	-0.5348835423053927
8.525376644697781	0.1713455945104639	-1.482525868041994
7.951650968919123	0.9698218648118238	-1.4520748110837205
7.714160577270567	1.4914725948116279	-0.9404152406914705
7.182326662575517	1.3138379334904524	-0.6879464488141336
7.164572947243892	2.106052284742961	-1.2471298980813417
6.570177765224022	2.545237717676335	-1.1570918125956293
7.103518027342385	1.9420161711569008	-1.3780271692047694
6.741412300139454	2.817616224012184	-2.2057151222917533
6.278178509315401	2.5826616188154623	-1.9605501403532317
5.67042155166965	2.3734580019481797	-1.4779147457869057
5.714130338336611	2.854609353367403	-2.4433710458968596
5.014892613375288	2.727002264136257	-2.592103649352748
3.4861273269254927	2.887434247322853	-2.1308464466293318
2.9902808779100987	2.950157397346589	-2.6094628509853477
2.8443290397325387	3.7085585248665747	-2.718271515494128
2.291284194335677	3.778299616646862	-2.7851452404548747
1.9814424487506164	3.9640524722576784	-2.3845804519383416
1.4243309711551155	3.902369989987319	-2.572163308990013
1.1644517334528852	3.341753141889923	-1.7630982843925191
0.06804648356208713	3.6681820899489406	-2.435790120568941
0.6867687483115827	3.446299209375464	-2.6191292943275957
0.05731459771292635	3.948381423400309	-2.0002974611890645
-1.0203327701764189	3.7833159682221913	-2.0744016716191473
-1.8076246726534302	4.488447107061752	-1.9041508177447597
-1.5560712971461927	3.678930098308125	-1.9484077042243553
-2.336686054847522	3.3445645284898218	-0.2702906104068521
-2.661256834083444	3.1194823712128126	-0.04225025947225802
-2.960589209780937	3.171337929791581	-0.8518378250196623
-2.2030492835758126	2.4566798118635336	-0.4111330198045956
-3.2062162852332317	2.3223434245939174	0.7822047633555914
-3.5763983331164497	2.069317582108392	0.8207102898395068
-3.6848421561162006	1.8788604450159974	1.0558509696938025
-3.1522716391189323	2.491124137630594	1.3600736585729767
-3.1218626800081006	1.2152616088803665	1.586449332546127
-3.1354227813207203	0.9120625360624416	2.1194697013800354
-3.2657141631110744	1.4687776805407617	2.4200123271773997
-2.7886684212938393	0.3647371843204105	2.9929252425480084
-2.039809135847932	0.14029416940357553	2.7456541395514824
-2.195033884913534	-0.5602354227150481	3.036844268433228
-1.6131433776827457	-0.7262514570172447	2.8733929911629694
-1.0924184685373906	-0.6238850071413065	3.1308955065418047
-1.0008652771725552	-0.17892224405149948	2.9454160022848948
-0.005497270201636706	-0.8663530880731489	3.1075477988571363
-0.534985345011092	-0.7561439466210799	3.5689466984638125
-0.05378195298346644	-1.053073655055726	3.793240467562752
0.6388368033276673	-0.38998901862955626	2.8981012404451008
0.7065070877711501	-0.9263467785810806	3.7624402313210035
0.8463453781332967	-0.4380701906347375	2.449603481404314
1.9561444043348502	-0.8682662817500236	2.38575990629909
2.2132255789042454	-0.0260786649507605	2.5549761008029708
2.3052848907545704	-1.0250092095264633	3.5815084905609553
2.9554082817975242	-0.6584734290986982	2.831282190429043
2.766183216795902	-0.3969620710467141	3.116327866475735
4.115758977390488	-0.958116730807903	3.327272524404394
3.921813824090391	-0.4031084958257065	2.5445681462346452
3.941611139151409	-0.5517089501853985	3.588828162251195
4.323072990271297	-0.6527783922742936	3.388749883932672
5.158745527318123	-1.4827338738757558	3.1050116239394834
5.332070942934069	-1.2873860414865654	3.4053161728875985
6.235513355013496	-1.2438258302407468	2.4769220933781986
6.0490094948171755	-1.4411817020291982	2.317953158528164
6.4784476226088845	-2.1715657788569596	3.091338868176482
6.521794870491927	-1.825488007043652	2.533263371590826
6.255645449310482	-2.3900247417189258	3.3463739145413616
6.608241258644616	-2.4710396145251896	2.2452957956518196
6.449605955210908	-2.772936706989671	2.1615890490239815
6.8319692640943455	-3.490254113584386	2.336596202470102
7.453262931005841	-4.608991377280571	2.1617161388134147
7.200556221766084	-4.508090272772553	2.203413262208559
6.411824182710022	-4.989881244598615	2.3285728549009446
6.264057696330749	-4.822986270348003	2.499308642162621
5.650875702365685	-4.912135570654376	2.6047764260345403
5.870868504652058	-6.1062118180854945	2.992223278468023
4.631697083927752	-6.064164915389466	3.1226177273252587
4.240411761932085	-5.950026544240862	2.308618720099827
4.098749911836686	-5.578804626381839	2.714722402317826
3.4428829518673463	-6.574300914954474	3.1950365231536897
3.113751935676649	-5.516094724688353	2.631758283568657
3.3776884858173384	-6.772654768716252	2.4583711406307707
2.4842725971645825	-6.647370769187183	3.41931139580651
1.9151302554888545	-7.07575256728683	3.169098339299107
1.7083384114700837	-6.679571618742145	2.2162254132733032
1.5395312990644374	-6.982466353998202	2.536963815640532
0.7444860774888757	-6.611982411940627	2.715763696898134
0.2940370546551767	-6.637847242009927	2.513300717256767
-0.27875482479685815	-6.733073813018196	2.254527685177933
-0.11988658028743826	-7.150850906054589	1.7049656442078416
-1.0313706956784945	-6.5171081373464625	1.976158505574745
-0.4247813480876288	-7.034200225855376	1.8975248234179243
-1.6765444231711046	-5.8276000423242875	1.599458380039506
-1.7395863557172477	-6.528912691752991	1.065870388364658
-1.6521003626899207	-5.9095950110049085	1.1055661497809441
-2.364219569188671	-6.059511159382037	1.4033807552235231
-2.4171056516622045	-5.663914113715505	1.215250284366038
-3.190245698876845	-4.876370964416205	0.4303595068820199
-3.4917215968315816	-4.804220776670538	1.4070321118472289
-3.666723458236808	-5.193818126371673	1.0625307638393844
-3.2317089829402397	-4.325963688683399	0.720636875045699
-3.836940449933822	-3.35405631363714	0.2528529943100005
-2.9748769073471006	-3.684369845391427	0.5519374727289833
-3.1890395833632184	-3.5372397237527675	0.15035465655344943
-2.915531649001021	-3.219234899287638	0.7216080126854543
-2.4866926795943063	-2.435238150636769	-0.2561386059945464
-3.4653359888072233	-2.5854311249391255	-0.2947836674283446
-2.6919711767998087	-2.07876134034391	-0.2923313459087089
-2.4649616072906513	-1.6312490816860334	0.43437708354607946
-2.4230954500595563	-0.7640889949461652	-0.23080517214145235
-2.4582739317096527	-0.4759627775763232	0.1948614014683337
-1.8856361166764857	-0.5456545389478475	1.0683249824334557
-1.7378158137948925	-0.19020883133107247	0.34527762837055026
-0.8794705880285202	0.46899862256897995	0.8172847373208059
-0.3300939894080077	0.5087544957174616	0.6585882105303575
-0.9004650856664608	1.1566792569041404	1.6358987701970396
0.42140645173102986	0.7980637928941678	1.2022097138753864
0.6406811848016536	1.3516131586001983	1.24584447393234
0.7133554756079604	1.3165926935957013	1.7908153372398492
0.7275064041953025	2.0111555505542604	1.2786902527023019
0.6238784863537741	2.739945346856757	1.7728062494298695
0.9807914131847543	2.467251945142705	0.9984826228294033
2.0177953637055115	3.0341963506113183	1.767330401209625
2.0133653046788567	2.99813026934999	0.9526235981946164
2.21700006055896	3.875864002904162	1.140103092738541
2.6304998755756213	3.979206995256309	0.6926490501970332
2.4744780856938604	3.6395842811793138	1.1251849806004224
2.8067563762241816	4.0696439793642085	0.45862876917607637
2.8814765363294583	4.487191888375852	0.15867807184408994
3.691492562605346	5.44946951309188	-0.384911080752081
3.2308620539327335	5.164543617066288	0.3970755464393695
3.750342928196912	5.129252801826071	0.25995220051657486
4.413449878124603	5.996380178249115	-0.26449710793432946
4.163346039207248	6.90359119192296	-0.8886682842677873
4.995316371825812	6.761405399772948	-0.5166110217938673
4.6135147272855495	7.229561816873241	-0.4612981102070438
4.740286627698545	7.7848395151696534	-0.8229332564054261
5.72356871338006	8.08307195174538	-1.0118227159035762
6.28193823293235	7.225972863752953	-0.1681621164343592
