4.776564523341056	-8.564891278584387	-0.656260120278408
3.902471382413595	-8.794387013287476	0.2737682219301434
3.589237282892139	-8.011000801591608	-0.7821165955278065
4.58280896786692	-9.00506930908691	-0.9841268245205246
3.59371304706813	-9.095036009211208	-0.5346198695808672
3.107508732165771	-8.315634181394847	-1.1946922303954146
2.1280156205388	-8.598494103543334	-1.1925849653891496
2.3244665495549945	-7.8361119436688185	-0.7478772251779446
2.108238227317951	-8.052608000955479	-1.4215049744843684
2.0276320622188098	-8.031827241390745	-1.5044314133138035
1.4781028025867218	-6.9585438958550245	-0.5385164826879176
1.2089491589101735	-7.4265159155842975	-0.28017531539386153
1.1863857868149195	-6.351357905660384	-1.2013649848186916
0.8447646345612494	-5.76322575808328	-1.1874844876774118
0.8178628557230379	-5.831743958717183	-1.4147044171502763
1.0719226906579764	-5.808219161408466	-1.4969469584585298
0.6760924382185951	-4.889844181834827	-0.8655877107437635
1.1155457529368034	-5.071776998489091	-1.0543554702609923
0.5369332499577057	-4.468373283413192	-0.8630701278978088
0.43139446286830563	-4.456704583710162	-0.48903514692936056
0.010035694897264635	-3.4156983425856136	-0.5819261429415712
0.03826016884628314	-2.545769703754568	-1.4334841514694425
0.670910723238833	-2.8614241445288764	-1.6632160444365605
0.8013971039820953	-2.259288275445558	-1.3970394430289768
0.6997372298761979	-1.75788051915647	-1.6765506624998636
-0.1278665187956467	-0.8533583072567716	-1.619697595375268
0.06329704139872644	-1.29537731502983	-0.945850444842621
0.057326202745160704	-0.8935792915985596	-1.926542345856444
0.046992034361520996	-0.32993208765541804	-1.3150280246767878
0.2634484432254913	0.7976631283785317	-1.9397024454790643
0.3309430648416426	-0.013224308886360628	-0.6942849603147707
-0.27250963265599665	1.0448422424794293	-1.4445333672219602
0.9567790062103384	1.356624094542491	-1.2870182591385224
0.4327100755158422	1.7790447231483428	-1.3117597454605332
0.3831144461141737	1.978542185439053	-0.8263401710836487
0.5548595233724143	2.2742915239024195	-0.6210783376135287
-0.38999893557858084	2.8888854649002154	-0.4707364127739584
0.48902987777852863	3.102227301396606	-0.11250836168188255
0.22823029799515027	4.138209202935489	0.034206682329365246
0.35992600643609635	3.8939518258138914	0.9869687789223667
-0.22484073500965113	4.524677441886821	0.8636264336735794
-0.12019324393483072	5.201521847243948	1.4155149899426007
0.10191815193291962	5.360793663806686	1.1758038051425541
0.8439105367425409	5.15820836105888	1.1035821949445461
0.8817037930659917	6.256845615568659	1.4446755006974616
1.8346292685759502	5.389747320113757	1.25214255822117
2.0932564035171675	5.958298916171913	1.460080661172729
2.3916567138844846	5.70094999434939	1.4841172370076299
2.497818417813571	5.723870403894264	2.4686535430586174
3.203109623563416	6.046991923069215	2.3416700399728634
2.9679041424265447	5.631192872314117	2.833595859399534
4.1497919478538225	5.434496173454869	2.286447013408112
3.837518308389966	5.736383330654078	2.091834707450428
3.9098444319388665	4.654286453377966	2.5182046305464634
4.640299769000865	4.665298347160132	2.1746870325170122
5.179547296668487	4.024422654800148	2.72236842650834
5.541961769870173	3.8351898866020457	2.385905044632713
5.630019606960399	3.715007120105937	1.6694625755467418
5.495587460825069	3.9704178691277865	1.7461382097583988
4.955794163873821	3.4891902265926276	1.8951283999783226
5.435523503970461	2.7348699290822287	1.7056472709473929
4.847010666046818	2.9182755582179736	1.3074847897201858
5.301715379342435	2.2435327297359997	0.6654033346658804
5.625230046433072	1.6701418476446726	1.0328239287370835
5.015764569016699	1.487534219955724	0.5264051930285847
4.857711666518275	0.9810352185417364	0.11065347386778668
4.406994142246344	1.3626572455795092	0.01763834209179549
4.551546673973178	0.0521928030532672	0.520212905993326
4.5949636140079235	0.9007646096817025	-0.8796907693667553
4.241065652822596	-0.033301671386737675	-0.791006170998645
4.6692549857446775	-0.7244167193742239	-0.33636257272959025
4.478995624301459	-0.8112776334827665	-1.1263169801584567
3.742351092348788	-0.7532345054563219	-0.8758733552119988
4.400919095954603	-1.9778276657482916	-0.41774473468205287
3.7576634808849114	-1.999629493845452	-0.26646644273664566
3.138974588280857	-1.5892578560738828	-0.5648933841814134
4.3098469311909415	-3.0404194327471004	-0.7053934133339097
3.211962306162535	-2.919690119840368	-0.700482238332629
3.1920066657209643	-3.5369184462139662	0.09411057200334727
3.0580052714676045	-2.8924207179604147	-0.5426370482403065
3.346152863909607	-3.9110733311200656	-0.6557347308033712
4.336123677238447	-4.673592856104063	-0.6566344285464181
3.7530203766977026	-4.857598483707641	-1.280525347386468
4.043493466667509	-4.681349639570492	-0.19354129717293755
5.159030834593631	-4.333489176775526	-1.7060448894943108
5.328793622806823	-4.980739166962612	-1.053900874264131
5.695438293418443	-5.166410430151426	-1.0997821162426298
6.084017830521983	-4.7053240496758075	-1.1322526295662834
5.804162987546992	-4.20234716391476	-0.9907008597463784
6.240372086099242	-4.40841189773919	-1.1542545358715752
6.679497985137405	-4.020871661976302	-1.196805305690797
7.370919057349728	-3.179137454942548	-1.5717902062142164
7.366622132576412	-2.987188459343127	-1.2737577864254852
7.66899541846813	-3.3017497069772737	-1.2852204146775956
7.31626399309246	-2.718108725482413	-1.6569237194290447
7.37635306305788	-2.7721127251966746	-0.23859374856183924
7.991394914654148	-1.8335605944615885	-0.7461051857628761
7.870329577757018	-1.4342515108606988	-1.0651417960438332
8.048572983782947	-0.7909975664749866	-1.1452221036303745
8.332392049512373	-0.07940924608741962	-1.1652292018731936
7.683945805495364	-0.2307438254460833	-1.2959304707481571
8.689861399297586	-0.02897404459650038	-1.3906000116146893
8.12168342851852	1.0004199683425992	-1.0685354185374227
8.167504717927798	1.0076841057034	-1.5639653270856406
8.309660210437993	0.6907429167810675	-1.3492581667990784
7.413933956496356	2.0526556880502054	-1.2326350163027142
6.871889731329443	1.7387913785586921	-1.0147819519855312
6.506098285031399	2.198781591821079	-1.9845490619386976
6.286665916404814	2.20934068541463	-0.8798142351983032
6.49562894576637	2.0917758713839922	-2.272663917777197
5.258298195209077	3.395985638426469	-1.70228378257032
5.218561282645915	3.3775323655890213	-2.5231588120160318
4.829915676247179	3.4490106984619304	-2.222926162974881
4.196728003207741	3.4460192810081045	-2.5610843395324534
3.6258776843771496	2.7386499670681093	-2.0528427477612006
4.1050732570348645	2.859090900006453	-2.6076424756160494
2.6829316873491047	3.271279156824063	-2.0582627030199916
3.199011226076684	3.0998800429097932	-2.763090355355051
2.01745476171326	3.1626171958703773	-2.05691832183802
2.0033226870798924	3.336240498295296	-2.3877702178469953
1.119353721968538	3.8373373512005005	-2.592558255653954
0.733449782196	4.2241123769059525	-2.1655236237870725
-0.38938169035464004	3.8178013965530964	-1.4991262758238288
-0.18369074167567012	3.305636489436902	-1.7518399937516551
-0.4072071760086866	3.44515474603648	-1.9881995801340082
-0.8405692399386193	3.711846028584397	-1.935815192818851
-1.44720181776828	3.0112198917163187	-1.660829261530109
-1.65582967149186	3.649966642089592	-0.8384827331488662
-2.3695382165136483	3.785936889737929	-0.9172913352860772
-2.393790286425345	2.8236956830060436	-0.5324647343282292
-3.0753150102410363	2.2865679937513894	0.08490951826217474
-3.4375004302665157	2.6120087786745567	1.1695194544408156
-2.9617601143042314	2.3381464318065115	0.8312477360680656
-3.7003876537549747	1.883973764548713	1.4002896938067861
-3.195203254739173	2.396005170667676	0.9730475655282875
-3.6386753921263115	1.9373100204626044	1.9286679104711832
-3.043268383899507	1.509379690970867	1.8153667785247143
-3.408186586121952	1.2975035458928827	2.543636925565847
-3.2069026101483256	0.6557416109106544	3.2821896198585865
-2.714509417313314	-0.2813202890889444	2.7709644763988406
-2.3635064831972583	-0.2275024694613948	2.6293432261810556
-2.30405702283673	-0.08456198356216016	3.8261221529809344
-1.908119321127069	0.003531436141164246	3.649219991428599
-1.3418094617271337	-1.1930760195347019	2.6725757842796423
-1.0909737074826003	-0.019680449428420843	2.847718371905473
-0.8031207933247977	-1.1004928861329761	3.8437858989450713
-0.4328868706698949	-0.7106856706100427	3.7846788140267282
0.5173048553779892	-0.6816064521287575	2.579345958940789
0.39501327174455125	-0.8356028764093013	2.8581669039045376
1.1760931037406674	-0.9015316354958806	2.8006622268120593
1.3282375030569111	-1.2139134631425568	2.8749964506281236
2.827486746356812	-0.9753341868625139	2.6193765198753245
2.20611937380377	-0.9166890527586842	3.0504142842217004
3.722431340395352	-0.8725667852020361	2.718671658754661
3.4102748643115652	-1.058483877984866	3.224003815249527
3.6204101564169817	-0.3825233402119581	3.225529627036214
3.9068827080845634	-0.7564540532946891	2.7902947244924348
4.383520060949605	-1.1738870305341453	3.115603886572197
5.171464215337884	-1.0975081572718228	2.451255751045017
4.966467249422846	-1.0826102258838424	2.4617576701709107
5.308602854949225	-1.6117589298597506	2.4433294565501082
5.374353973229454	-1.2052804171084683	3.4314724892109005
6.610390755591839	-1.4173247093762464	2.8282875932678975
5.799993649705761	-1.9986317382088359	3.452607697525986
6.352524513643256	-2.1600792105407827	3.1544844736444375
6.985727320680183	-3.0246436538811885	3.153830623184212
6.385870015542485	-3.050405563406197	2.261471113750644
6.8757862499424425	-3.279884468772436	2.869778021191215
6.484023471737216	-3.469395843673453	2.4570821719399243
6.417329977267327	-4.528166256039415	3.305829080403023
6.122983899590806	-3.951520123844588	2.6433238270983823
6.676939722126443	-4.922829686614887	2.9236673730762934
5.545166307741601	-5.005980139097983	2.310846935485335
5.510143269656565	-5.759755926099788	2.5925716933054304
5.434158173482808	-5.345077146694801	2.0381809323652345
4.574520832027578	-6.182576627083716	2.3483343036742887
4.685917928150629	-5.377815103275747	2.6709335905545535
4.276871991158046	-6.272950244712949	2.616608277503887
3.7389841693112094	-6.1796221188943745	2.734542949008531
2.9907698590646317	-6.739552560193286	2.4080068805970463
2.963711772879199	-6.777575076447337	2.5335701272475077
2.538471531678097	-6.243672335045009	2.95252217107294
2.33603775177201	-7.046260129776993	2.2841732547767855
2.5910373171422076	-7.077662643697321	2.510506037607702
1.0877764268882046	-6.640937725735927	3.166613593322872
1.3315859097390887	-6.037934418210993	2.085710986640798
0.19664882161388336	-7.2346464796855114	2.50627391673742
-0.1127750121668944	-6.966269618375954	2.273000194711834
0.04102719709871183	-7.068781103114872	1.7242477449321558
-0.7863200657027196	-6.993297788998292	2.516251140326148
-0.43293227628674846	-7.075977304604576	2.314354577145787
-1.7786962019650654	-6.152456606433637	2.116336785876273
-1.381235332093853	-6.306084380094493	1.4441933880809545
-1.8609985933350497	-6.337025622363303	1.3198729449053117
-2.6038815340656813	-5.424692969585549	1.6556924969728932
-2.0448229973515364	-5.319526855822995	0.8925770075386594
-2.6712371183088086	-5.758625074777082	1.488260322040385
-2.4455795492875145	-4.926184614683047	0.9230772232969606
-3.578909052049233	-4.691024098080851	0.40017842409741355
-3.170589864491692	-4.12194492513523	0.8263756004858821
-3.183869958549398	-4.1764224660452625	0.11075166107372744
-3.7529047312540014	-4.140207388901164	0.6460689037535691
-2.9635987117001585	-3.2648292065584528	0.34460546971296374
-3.5164398530006937	-2.128037376660502	0.03134045981883704
-3.230357212444034	-2.6862923548321214	0.5178569426336189
-2.667568499886279	-2.576649417834168	-0.12175326954974042
-3.3082609406226107	-1.5921272495615444	0.2532518277299057
-2.2340885501223244	-1.0177536050818339	-0.13119539970143085
-2.793344421896373	-0.5183881391583549	0.42202411022463443
-1.6091203721405845	-0.6159437469328527	0.2919462471816175
-1.8138263254844822	0.18353147631216338	0.6876623666478334
-1.1987067936320979	-0.4351339283214249	0.9769067090459744
-1.5659015477821225	0.08350778538411874	0.9096807071493502
-0.7668363105175506	0.7013020448531148	0.6792904801090415
-0.41135825451898334	0.5322558237889972	1.4861575351895975
-0.6466876802166138	1.0965693045752742	1.1761723729503883
0.7515825738703421	1.2187881463884216	1.1627955836359485
1.2564453484863476	1.327254085463153	1.1588434401069752
0.5147953107270007	1.9149642463520813	2.083127869679859
0.7411734709656334	2.102990014044088	2.5428062876064605
1.1724917656070288	3.3046351668781777	0.9933484957838793
2.348727175112434	2.3452012887847697	0.886857056713444
2.49506146057976	2.9850478250682135	1.2949090890820854
2.956170473876362	3.335876698988924	0.7484811798051276
2.32478483796427	4.183772829364762	0.9798537521576305
2.2940718828785363	4.4114495551303	1.0684995825950911
3.7496755970203655	4.3740961932390325	0.22345993524753682
3.1408993951794235	4.387860795290023	-0.4067461493558931
3.2932816929720783	5.327901058643489	-0.5569056114222708
3.6991371871564094	5.495863467533692	0.41639274759813716
4.34525951728204	5.976644848349988	-0.6671154803716708
4.375661811738656	6.693825362952911	-0.7360098322048427
4.2860237708493	5.793606056457359	-0.7150214262102259
5.530396605745515	6.201850882540817	-0.49982274329867704
4.829118938619455	6.797300353042269	-0.06584880952940275
5.394519753209631	7.6990185585227175	-0.7819939924420609
5.5814432896263355	6.926496191491302	-0.7011273368242705
5.639180544486341	7.580490128231761	0.28379744579492083
