4.294767548866698	-8.824317314645757	-0.7128664324336231
4.210991017316381	-9.05518381298033	0.09479517355701383
3.9611514668298122	-8.315685634256162	-0.682461173633711
2.721062312647061	-8.17705397261889	-1.082398807849462
2.4265250600913078	-8.278547639169359	-0.8371509964452312
2.251780882487362	-6.94141249741381	-0.8931932302719994
2.4391379861161635	-5.654038697178008	-1.4177880781856196
1.328137861453977	-6.143757429353652	-1.580223721652093
1.1024683055209146	-6.325448931277737	-1.3351566022261512
0.6842787119312532	-6.609136496653848	-0.8429321578819342
0.2683966718082926	-5.343874932241084	-1.6104650528635678
0.49168830049129286	-4.507799409549106	-0.8645780813142996
0.16368622628597918	-4.597936149963381	-1.4388613908970418
0.07302263147183014	-4.260885012761329	-0.5619477469555225
0.5339730981042559	-3.201018586322903	-0.9061390312134319
0.2632065585114767	-1.9333428355843805	-1.2966927773371058
0.33758681811243857	-1.4600156742615527	-1.678528165104089
-0.022015745353068716	-1.8876081480161222	-1.3619219843884034
-0.2635603137402339	-1.234091253306866	-1.1592406498516248
0.09959721491263512	-0.13563348046400991	-1.4744893373603283
-0.21926223652791077	-0.011029849802656158	-0.5575663666755009
0.7332628493755433	0.8124946826873896	-1.6822945731124035
-0.05302461359604538	1.4603332063051027	-1.3052642281434688
-1.2476344095944685	2.1738225909370783	-0.8989639269225503
-1.5502572377243278	2.0442215360323197	-0.0007909664475135303
-1.8621663446307857	3.352889917725268	0.6262475737051431
-1.0480442085773833	4.05757765250503	0.1615112207799694
-1.0064856476882698	5.812584285983148	0.38944380481750385
-0.6493606527428043	6.454957139868286	0.9553012022428794
0.35816338160886463	6.412741155908905	1.4880857701167636
1.5945267193617365	6.958706635085151	1.843694035518401
1.9756187227780608	6.073590698249603	1.7526125297537065
2.69388896516804	6.403089848725151	2.404764544853894
3.3224587564659553	6.12830338069473	1.804976339620222
3.7035296120722028	6.07005230126889	2.8650206648435863
3.688443054307467	5.6387649663528405	2.0499348984080537
4.892053248926294	5.4226453021492125	2.1746242209158133
4.990625076103073	4.229114126469673	1.9905336621799021
6.115905351522441	4.295585474465363	2.081872640555856
6.490740471325538	3.4841832984865535	1.2967379111795223
6.291911840310639	2.988455737730067	1.6165793000377473
6.1013952820629695	2.069303724523379	0.6764064622094805
5.790889661070482	1.5158051655351352	0.4901376209585774
6.348575973950207	0.6164338386732584	0.27066785521839465
6.580499080968395	-0.6126130092840942	-0.5563573845224301
5.085672638739103	-0.6158764149066545	-0.6411292867413603
4.339528219586462	-0.8909441870434072	-0.5669977083828557
4.175249335928889	-0.762471278983896	-0.8143318666642749
3.4057757318059747	-1.3302835815566816	-0.8113779585630256
3.44669520182707	-1.5789576044518676	-0.5115829418188949
2.5187120892152253	-2.8361467437200867	-0.6447668669430715
2.4647076984543634	-3.372035307620871	-0.9066383768324924
3.400423976317457	-4.119070126594951	-0.2885885097438705
3.5393673942278494	-4.418457879221083	-0.9898696481364694
3.1583344090122543	-5.038187442441851	-0.31497121668378325
3.799780287775387	-3.9526880044684503	-0.908294028789701
5.039842173986747	-4.523287290496066	-1.468281297547609
5.363326437843743	-4.588318083317411	-0.9500204671384
5.8120173300940445	-4.171684846732933	-1.2605240145346313
6.091087679122058	-4.769916372236335	-1.080614761484572
6.655865931513553	-4.123700127007791	-1.8269812363384914
7.203223274989883	-3.2440918894799697	-0.9968361823643899
7.193231566071369	-3.524458399445353	-1.6456863493445937
7.546897151452426	-1.6122295612748725	-1.504411307955082
7.594779330962965	-2.150545800086522	-0.17007157339218293
8.025935102613163	-1.7025442952858558	-1.0428604846125558
8.776341559378784	-0.6459415697852628	-0.7171077457215229
8.0752152012237	-0.4648533540600341	-0.6119742213448849
8.124239378647053	0.6338872243681327	-0.34686688374899766
8.25014596796442	1.0181822765499378	-0.9045102191404809
7.068368584866204	2.4604087242644557	-1.566095595279542
7.723850977602928	1.8395514363929562	-1.8996256566375918
6.903874552777317	2.676422856592385	-1.6813385341739522
6.274120926693399	2.9727810087665874	-2.071830420882708
6.32289276032878	2.796143899501083	-2.538289236351635
4.837157246170995	3.509961885026721	-2.2675838444040886
4.02133775184771	3.397353892308617	-2.525842343230812
3.502029605442522	2.63983092998175	-2.105305918653224
3.1742163613891226	2.234240170620401	-2.2538064054032922
1.753843530768953	2.4525779372601693	-1.7869849372520108
1.03596635350016	2.0216758663774153	-2.712670750056099
0.16213571199633658	2.802186272630472	-2.748937741537183
-0.933242716623643	2.2953805080824377	-1.656718449964131
-1.0848348464243176	2.3909435415761795	-1.8651610476520566
-2.1565785778797344	3.2263301682275163	-0.988396677237239
-2.6270648358819604	2.8855994666050826	-1.384391999848527
-2.3092370008283156	2.9517039016450233	-0.8344766313245457
-2.7130113695537927	3.254864376948403	0.041663049694358134
-3.5950674968542686	3.0492209053804276	0.1827969422460068
-3.519933718233321	1.7944000308302295	1.99422013747632
-3.3472052955333864	1.2902608687201345	2.4709107716944887
-3.40584773036318	1.5854982161873574	1.997724057627964
-2.2366509304848448	0.6321091086880681	2.309634106954347
-1.967991785713174	-0.31530129266004314	2.59776951162202
-1.345575408272159	-0.5851987665543579	3.3519699289000835
-1.1519620861290802	-0.576154036349874	3.391277862025835
-0.2988051582781872	-0.5155216301246093	2.6797170456470116
0.2253731964874316	-0.4367870533919237	3.191049741873345
0.04601361550758165	-0.863669960441168	2.824242591181168
0.7454985710843689	-0.6811798567205647	3.6587145190856862
2.3300307737110417	-0.7486747056603633	2.8503937793094467
2.1351828668956356	-1.3033641550098256	3.575530733458311
3.1393198269326374	-0.48454219482551275	3.2069441571773414
3.223829013289342	-1.4088809258814394	2.9139893975456648
4.411183224832023	-1.3426315952303391	3.4502945228895845
4.810601343939215	-0.9406439489952161	3.450101868274276
5.580698315760344	-0.6934076590018864	3.0117962414342583
5.5499689464821635	-0.6988756532891836	2.4529486926217765
5.887877809159539	-2.161279609826845	2.742529311512272
7.128170336748337	-2.229167129359849	2.2347182698178734
6.43341804381342	-2.7063446677093816	2.201466248865958
7.426235048886974	-3.2429646547243207	2.21043025822496
6.848961696751061	-3.171313632906881	2.0502644176763685
7.156014570044194	-4.355543667812114	2.46857293535768
7.011398593705636	-5.272304136871436	2.6776660730260953
5.490202987778853	-5.358839476729915	2.9993652359143548
5.234234701732064	-5.253979769829233	2.1831656062114773
4.655350053290137	-5.703919471460644	2.5945861540111945
4.323186029748552	-6.191312222981291	3.226392177428886
4.596131776710051	-4.902937333585266	2.646314549572475
3.786909878458073	-4.917341180644456	2.6352138455303624
4.0960190297665795	-5.517345378509231	2.59792228038101
2.660564716354531	-5.802047964364486	3.4542141813550904
1.9385007302467852	-5.7643208903659175	2.758331734625304
1.9171782267719095	-5.7128981589495496	2.8045658125181596
1.182253879681591	-5.821832209259812	2.7844699485971702
0.26967166748460497	-5.340023072525406	2.3856311962289833
0.25500819704746214	-5.818415154462911	2.170247301257765
-0.49954833062253334	-5.100225943504137	1.3121075541865874
-0.9910665689599414	-5.4799212560324415	1.7846477119408806
-0.8092029667193428	-5.6158770393678115	1.162279615846551
-1.3523657967808893	-4.266593429023742	1.1554578757927254
-0.817110202624429	-4.024594762291151	0.1076551425110176
-1.6867483684278588	-3.8922089751972377	0.4414178099813165
-1.0720168106509902	-3.659422059451243	0.37051500930182635
-2.4626148647591615	-3.109366814011657	0.662443417701464
-2.196594566507734	-2.740569856914311	0.03494072146285976
-1.541246795936981	-1.8421538911969753	0.26586039276855794
-1.9427901870588022	-1.1380936588614334	0.4162081787692618
-1.8297852052677355	-1.0017656775980877	0.4799362328498898
-1.1160916635414706	-1.200263361885251	1.2679049440044348
-0.745571022979124	-0.2543710862947566	1.2191055134569533
0.3370471545260254	-0.4471447327949626	1.0760130782041157
-0.067453395105192	0.7799526639355632	0.9338049953505065
0.34173035899350584	0.6253784364973275	2.2814087158039484
1.497159044899842	1.0949331788864598	1.662613094710252
1.636324151301663	1.8039870249846797	2.0910252884345417
1.975352495910757	2.9769215789046557	1.552643321056056
1.9021222566251683	3.0861984093390853	1.2217598329620865
2.3711110363156	3.60930654018646	1.111371172822483
2.801298825930219	3.802769974872364	0.4187786648677048
2.777044592108809	4.2297647242779775	0.5343689206304991
3.2220294829977774	4.953543992150026	-0.12257422571995846
3.7566185115429027	5.601281919625956	0.38265798807905604
3.9441474457543477	6.011491383288501	0.011543100730198486
4.251828686193167	6.079757700109803	-0.1930376913984162
4.538034609258505	6.71450361286579	-0.0593978517149778
5.760713778491987	7.065762224432469	-0.1855933952453106
5.428727754823588	7.194657775549199	-0.056563078946347045
