4.257323455757879	-10.532555080871083	1.6134901273408135
4.568530245151563	-9.954376978737848	1.914575883763996
3.6422377432955266	-8.846325838564292	1.4173389530957503
3.210883072730959	-9.116219449750208	1.4364065960064334
3.153856696262171	-8.505948638779884	1.5425747363446027
2.627224257651558	-9.02084834480371	1.7329704031422932
2.306327532609748	-8.208710048445841	1.0953412808116425
2.007199493914485	-8.223916756858918	0.6801203374097118
1.7114039104716143	-7.738965577514971	1.4251173769522327
1.576769219024194	-6.664277087138167	0.6663222337130945
1.5077515609034249	-6.680390332376263	-0.2082687558666661
1.6148209210450208	-7.021780523460281	0.6497843662360879
1.744144884991053	-6.729345472063674	-0.9484871249835354
2.5013173619116467	-5.910470573999536	-0.7111169839793892
2.371775187175322	-5.761132452137968	-0.44433081734871327
3.3557763793257784	-5.55608114640939	-0.6961107793666926
2.9579580546663884	-5.173167752664278	-0.19581548067836252
2.7632689701302002	-3.8843146334360363	-1.0244212117140987
3.2337988855837767	-4.246444561082079	-0.763744753397567
3.194783129040057	-3.444877294543009	-0.271390790797937
2.2766507493792227	-3.324428302368995	0.38257823524686624
2.5054345861540437	-2.3771893082883766	0.19990411433366467
1.7217871941933638	-2.989189792322861	0.4387925197153858
1.0723875569333332	-2.1113176925159762	1.4173044954679046
0.5794003487535486	-2.8179987076906614	1.4084521789852649
0.3949543128877918	-1.5249778035095105	1.0782560942193862
0.02639138809583001	-0.9349813898536328	1.2469735837109237
0.7353462809657779	-0.629239512859089	1.7083955871476637
0.9217129833381973	-0.31623197226030264	0.41402412526716714
1.5024310098790754	-0.30282699894210047	0.3141913123570611
1.1551869338347407	0.005225020860173735	-0.3275222365687339
0.85624640798697	0.11210331141862759	-0.3980788636750423
1.002062933381107	0.6786108248323576	-1.254284202393933
1.1289748203136256	0.6267636085035936	-1.7327441904299254
0.4642669752206152	1.5368125674631385	-0.7889583606175683
0.8885413483703735	1.460505869954034	-0.9916105404024309
0.3311607691166107	2.167062567048736	-1.3463910362952232
0.07579046695208888	2.5041785878854026	-1.648041229561798
0.600339186745928	3.0823848719578293	-1.002741731490685
-0.4871420665110866	3.7548032974136265	-1.2732656589993934
-0.278944819869948	4.507606314189127	-0.5479917057296826
0.8525262554914461	3.8766651813733826	-0.6323460330644233
0.12985110098684827	5.073115130521018	-0.21892506939992606
0.5909474256635858	4.4529531993242	0.5960636926297824
0.0773361868830158	5.273219658545344	0.06958930727508736
0.03717701194096229	5.575854248067165	0.663989165698621
0.5734882501788467	5.508701921018377	1.058089894454206
1.8172677489174283	5.160904007323958	0.828240057148673
2.3480518008159708	5.3950607574115	1.065633592769565
1.4827300908772252	5.673768010361148	1.5368407651834644
2.064036003793022	6.7889851810958035	1.5316965209307705
3.4228895877378402	5.965800785208577	1.7974754689127388
3.2547197756899067	6.647619290901025	1.5511220773402856
3.319578171147375	5.647723056959816	2.3468924902005193
4.435096779577757	5.315888764497202	1.9122227343550096
4.26069971776041	5.604665110165222	1.7340578487683977
3.8005169068984035	4.690577013611274	2.5353799533319417
3.5939544034251294	5.312249211879852	2.6240158134967713
3.9967505770740184	4.111728220257035	2.436949521856784
4.182060279450927	4.281567934642373	2.1995319448169575
4.756440532567436	3.792968004441807	2.91695601549724
4.2644093234208675	4.351936105815671	1.9995603958600976
4.688117815165725	3.271138157511927	1.5559866783517498
4.911233641997233	2.5202089698658683	2.362634300729338
5.269508529048025	2.7311380202902056	1.2464796297012937
4.312327528959938	1.9849972546584915	1.1320250985663292
4.451501155233883	2.199736286519749	0.8514983768708451
4.385952200650635	1.8859028682430683	0.9359390347736353
4.5197409132584445	0.9981023600543344	-0.02617669792872207
3.537316962898841	1.603736998248973	-0.44874601995407076
3.3741419205069723	1.121081200482488	-0.9023964536054696
3.7986169158723087	0.8964362132868228	-0.7778289203578979
3.8686968217149627	0.5246012893839005	-1.3216117639017693
3.8287107656370463	-0.38203893999020744	-1.8719449943428046
3.0997107704516647	-0.4352257630247929	-1.247933666954177
3.2931813896476587	-0.916909110747522	-2.2428923155030414
2.002253609338557	-0.8445531159842103	-1.8004643489572936
1.750673498356064	-2.0601630729045803	-1.1195842448305175
2.1331442537985517	-2.2577510181689697	-2.1309978159359466
1.6321320992109283	-3.0073502846246036	-1.4424134789355445
1.0134214387118936	-2.9817516994132776	-1.6367810450905764
0.7375785692303489	-3.117492409429036	-0.6572444163154821
-0.15975402647847448	-3.9946262016868515	-0.2886948060547656
-0.13461194679813848	-4.228314159187966	-0.0038915191455831666
-0.09801590302059016	-4.48396950503713	0.43387729496145855
-0.10843567205408944	-4.022895751515507	0.35952716941569046
-0.5686266232261254	-5.597589349877678	0.8843319506344489
0.3643473693708613	-5.120583220656734	1.445880429520496
0.3596645880528844	-6.176436907054281	1.7291574032982977
0.9384008515777313	-5.858015262233454	1.8085354361966792
1.923677225222406	-6.56726215086548	2.163332474990371
1.86215303199673	-6.498923439655764	2.0078330589972464
3.0808210553117648	-5.398050009213797	1.9666858469917512
3.4377036017261293	-6.048396216164171	1.789483737832613
3.939720194967341	-6.01284718828901	2.138949476900399
5.032866164570075	-5.7463555825394375	1.898589613598125
5.33595662958273	-4.870906039161207	1.045116641891132
5.584822326017336	-5.208906140382861	2.0978998650803597
5.9648502903346845	-4.498039132297928	1.2398419866352803
6.768957054210366	-4.692272368208455	1.1817048814389717
6.855147277186183	-3.593716181892278	1.3015621586087434
6.7442657135360475	-3.6072467218518183	1.4932871101790623
7.144116662182282	-2.7485541693929343	0.720138951174681
6.17187367002836	-2.074088910577167	1.4921589739479986
5.366325666378462	-2.00153100747411	1.656165715887941
5.37664168421237	-1.0470352273696655	1.9168126764618474
4.152597714763853	-1.0444173436453306	2.7000801084795336
4.6743897004174615	-0.7086239295768701	2.4914170519130847
3.8411855693839	-0.24316526412207096	2.3511634139271247
3.3749993800175333	-0.001194863441451366	2.7932293411831948
3.3535891546750993	-0.9451538130039084	2.6373504451366716
2.663879104059065	-1.0165328252235883	2.653102388584685
2.0556980422383084	-0.08831559401932987	2.887780712254847
1.4359500004179948	-0.6701714195875004	2.830029053618881
0.7305198620734598	0.032229231339058195	3.1455064840188927
0.1392779637578725	0.12444902008445702	3.2778234908180846
0.4879389247840251	-0.5612507819640691	3.331191458302065
-0.9690355486258265	0.03945594055255475	2.9627448781050165
-1.844087628068764	-1.0533804114815917	3.4448313076704626
-2.0478883815131814	-0.8647685709676337	3.522839528952008
-3.256494415967758	-0.9094918816689519	3.2847709208978966
-3.6581393653724876	-0.29473391916815417	3.4077465504531013
-4.619613845375295	-0.521054520415244	2.4671266417758733
-4.7501339566851986	-0.18381820216338246	3.1624580348700433
-5.023475673082562	1.0460863374610745	2.0978307497935296
-6.26767758080718	0.9704148401279316	1.9385762680259406
-6.6246130400919725	0.8490150973134194	2.67191472198881
-6.446778082209957	2.4352981560733564	1.4927243792844163
-6.647461910066341	2.0573397455834854	2.4697238125993275
-6.371254964055764	3.014221798034359	0.8221893469794094
-5.4952953619894345	3.46471941130235	1.4278150161484375
-6.253249713470649	4.508705903147179	1.0590847521684448
-5.7504842852447515	5.4396404640594005	0.8616960609856964
-4.680439987783638	5.1318730717681715	0.18268533525556585
-4.631761545955016	5.912854562203278	0.9925866931447443
-3.744989535041227	6.79350512910573	0.45034054569821796
-3.7791314231802007	7.219244220342442	-0.7059871951989699
-3.0026982294723816	6.8477120308577994	-0.25289322610135234
-2.370235447625757	7.0630901531800365	-0.9685361469261522
-2.700269099279924	7.481331763292062	-1.2738572939096215
-1.321923005782542	6.7438434836134995	-1.0484054877480298
-1.6222539724821166	7.086495907425761	-1.402513253051605
-0.6588828436621115	7.154333695766932	-1.796634010987939
0.0022257686613669225	7.285834592089106	-2.5700865577027736
-0.3649207331448605	6.991540031128753	-2.6018739728902673
-0.1587761384234208	6.277380200744283	-1.5076385126545702
1.0898791519160813	5.955870006860929	-2.6810332027348602
0.6289068333410348	5.273518282785949	-2.7387898376509767
1.600976094601768	4.763653695947175	-2.212580633756113
2.069285963699405	4.035578756812956	-2.64727942243118
1.531573471153882	4.4428481080255295	-2.774706664415563
2.3386370662887344	3.803424798678329	-2.4416746498677435
2.735970315712195	3.5054109685880968	-2.0292135816136456
3.945253960433207	3.958394102766368	-2.644077624107286
3.8556887372964805	4.097730456727464	-2.7917373731169133
4.602958620733116	4.223042638957168	-2.762094859751016
5.282234107307194	3.6931295809730447	-2.1370564931169413
5.611957127219438	4.087994977827715	-2.502669246559982
6.120070633311903	3.4791227378493628	-1.4649528410976183
7.038248035345179	3.201967990392555	-2.2972034237811094
7.571185319891308	2.9976088201062607	-1.6240849263866433
7.325837844498496	3.0879699629351323	-1.4618628572233852
7.679432789900322	2.870404093095868	-0.8521501292936138
7.338164011544696	2.364199568421073	-1.4318304885572641
7.6258050884770565	1.7565702843370898	-0.7609286007723889
8.575960843225753	1.2059460503640242	-0.29528370401794435
7.95185655080774	0.7691882744167782	-0.3572853066188887
8.39401728074992	0.4225978764674364	0.35938234894972243
8.311780669133688	0.7369689024309619	-0.06362223654808341
9.156739251726048	-0.10916034366341776	0.17744010120456188
8.717626963800829	-0.7336345559248862	0.3753817688005259
8.756675990983231	-1.7347266440062143	0.7602051890270015
9.55702794543168	-1.9601784445281578	-0.31284024867234284
8.856882886476527	-2.4124455684970343	-0.2926773518253805
9.338681323710299	-2.2974424590859224	-0.3229143470603098
8.267342673451358	-2.5328284006632025	-0.22525003863635445
8.95996264558526	-3.6559537588083253	-0.3326112562608574
9.033651606166735	-4.418647007365289	0.11240345124653528
8.02819336105708	-5.11871369002794	-0.393666829886084
7.495322004516545	-5.407306892011306	0.3968630660859558
7.455113478454751	-5.868113367078071	0.1901353165454427
7.053679438235165	-6.188161309263821	-0.8664562788744168
7.0558669408232975	-5.75908430516149	-0.8645888753359645
6.163279134800552	-6.098079434517768	-0.6662366890334119
6.992773956146797	-7.074448547666003	-1.406254968108751
6.0673447765022	-7.477346757637187	-1.3903400581408079
4.977175283685358	-8.189553373875722	-0.46833941800866574
5.060009301591462	-7.885591270648027	-1.589814160732984
4.667206410929868	-8.601782110131325	-1.1038393831484647
4.344272595030258	-8.742309705457462	-1.336629053803212
3.83079829805231	-8.359328209673953	-1.6656687180474117
2.479673145882913	-8.77329366368548	-0.7985408389821611
2.132275954463671	-8.694133132639159	-2.015197100532877
1.705228752874765	-8.95590518497117	-0.9899445561053168
0.5546327869992536	-8.600320031398736	-1.9214687400881447
0.5311207141152421	-8.804492912788325	-0.9892365540973681
0.1587367226047044	-8.951679638072774	-0.4245528535638021
-0.5488971137671933	-8.61720434347268	-1.4311203272633064
-0.8772572889232934	-8.45186918776241	-0.9365643919995091
-1.3527311132122484	-8.195407355690271	-0.18709175916106724
-1.1537184898793347	-7.756803280030704	-0.8111721040095906
-2.7024296540135078	-7.10489523148847	0.12462968960686738
-2.8667453587024467	-6.381296239371739	-0.5222107581611994
-2.584245617294371	-6.428635017666467	-0.42813367621582593
-3.3186070566812447	-5.662281592737105	-0.049026797933366395
-2.831015114222344	-4.717542616653793	-0.47624395556226407
-3.218940835490621	-3.8864383472791095	-0.39081677841658824
-2.983599133952535	-4.188576179999375	-0.007549125706940885
-3.8702249254718404	-3.117428783595352	-0.24694393548968407
-3.48953681133565	-3.2131995020638833	-0.45311891656466124
-2.9478528092351306	-2.5433234778245692	-0.4386091700456515
-3.562901319085997	-1.874566601708471	0.5265009422810482
-3.683586765886253	-1.4628998851847645	-0.465266173868664
-2.8861648446093557	-1.406085242470042	-0.44940503772823076
-2.521732198237513	-1.0816862220391097	0.19295028430479233
-3.030254311176129	0.32464613064626413	0.5719066001641226
-2.7421287664482454	0.5028739330536216	0.9432639988410059
-2.0341702830294692	1.1498956046847284	0.6116046476313448
-1.3709235758596514	1.3345606654068658	0.8667867228210608
-0.9970764912374547	1.8521965713282782	1.0827667148309383
-0.5336309116144398	2.270817730038989	0.940980171064806
-0.2609189825451249	1.5611727497758352	1.6437447942525152
0.17056100234820087	2.1974159585895996	2.0608369501428214
0.39192910499883804	3.4051356307484313	0.8679295609183103
0.6295923120043516	3.2164270247578224	1.3230091996772622
0.8701356432227284	2.8906872075408927	1.2345428151054798
1.6204556391953187	4.160112741843438	0.5804344270372155
2.07126441551662	4.665248677675733	0.5405151471871954
2.8140282699360992	4.6414383036087425	0.1654453791119919
3.476214350461116	4.4390652417929815	0.06487192458984899
2.9114794683830705	5.636458559024098	0.017841286307291426
3.1878171156624835	5.130238785004937	0.07481046663492497
3.545696894132027	6.577863327958519	-0.6437178227115536
3.7913869096711847	7.082716319133873	-0.6353438328664881
4.564396407604573	6.623161286012111	-0.6618594897506443
5.203276150351279	6.46424587114478	-0.6390690802104626
5.550506319198639	7.581270544139123	-0.763207399752112
6.016490722855924	7.04714829841867	-0.9671701342527075
