3.66645899115355	-9.364223877132186	1.452667445933565
3.766800630289673	-9.99796631280199	2.465497769635844
3.525710452350765	-9.805279606542157	1.5707730519512055
2.5865311612979465	-8.628710080238468	1.195606416645323
2.189541368241822	-8.209798938659496	1.161277585432919
1.8805756463211158	-8.251431810852635	1.0428484549112926
2.6749250115119008	-7.689491246928966	0.3033772227336749
1.683177525208778	-6.909198857471011	0.42107125433027004
2.1682621325804754	-6.504521303167955	-0.8263202525559974
2.1233047633085853	-6.3025875314192765	-1.1348125771812436
3.0249370999941947	-5.363295179863213	-0.6256856719047998
2.812345883122441	-4.650328727744852	-0.7814413974365726
2.595300241729702	-4.162979229710945	0.10348762129539091
2.3502262034784827	-2.660337842968907	-0.2239023284713173
2.089343944211971	-2.2258091469683032	0.7866292140201663
1.7683301491331145	-2.5681131256259926	0.743117018602931
2.004765814441428	-2.188956772183091	1.5208647792399217
0.6502452047268288	-1.7156729815484313	0.6690671154816327
0.8626290925124138	-1.168965626564085	0.5312324768940644
0.424253851756354	-1.0778029272708407	-0.26008711692509506
0.8157089563751354	-0.7002011437687274	-0.7986359334782206
0.6631749457673728	-0.1630552310394503	-1.0153053373268708
-0.595594865302246	-0.0019075015164915221	-1.5436212265393339
-0.611759011141337	1.4927989076482941	-0.9870944457739844
-1.035008269704075	1.9606231663328058	-0.849775673198468
-0.7602151332360323	1.9995309760560827	-0.8118305542116064
-0.4937974160876015	2.956801988858518	-0.6387074825737082
-0.3297953960783748	3.7608745752041597	-0.6621749414679674
-1.397518272978985	4.587396235871221	0.5162211052522075
-0.8628473103986156	4.7994323536308485	0.9305583370877863
-1.0278053717720526	6.081540230024894	0.43776225757332937
-0.6129635130991038	5.829596554991266	1.2361349860002404
0.5736694261195348	6.641308373839162	1.384274070754475
0.7358412592857578	7.01754797173011	1.59994022219842
2.049018654606279	6.749961226293353	2.2784613552529294
1.8509395247678495	6.535701808870355	2.352137174934102
3.0057442534979093	6.823919468208029	1.8719637644925653
2.9674253518779707	7.038838271499024	2.751910616871596
4.081268737573434	6.023593987028168	3.2065306559162075
4.276804532723411	6.00482620607275	2.0261067338231746
4.921720753336068	5.491284320077024	2.3801788332000213
4.704905411422254	3.554770189118019	2.8625269625474026
5.773042575984631	3.1577609192260896	1.7137083029548703
5.424553271976471	2.274264677085315	0.805283848682218
5.7547364223752515	1.8549718406082336	0.4181083902900553
4.903937918322935	1.1855863703300298	0.0854592776795963
4.1761848316209225	0.9619328533714198	-0.5671004207232213
3.585700105531621	0.015234690537198076	-0.16887806986094334
4.228819712821246	-0.14159028007060454	-1.3942625310507197
3.405337423083546	-0.6614420076243301	-0.7845145593630352
3.569140964398931	-1.1775820844365266	-1.6943320905162407
2.454186018401315	-1.9791819167881173	-2.216671728965052
2.0870299993770822	-2.544508651089308	-1.4082955699794943
1.362140942667545	-2.708682555345775	-1.8807843435957265
0.3992138772757273	-3.5699850138542675	-1.2509476972778906
1.2893136048286367	-3.9870115451933352	-1.029414667741375
0.461489006053345	-4.34982758701578	0.8890124573517542
0.36287963511736904	-4.126989039024989	0.655632097646726
0.9187179490836805	-4.851569840904425	1.932493116687235
1.1935421255019756	-4.275931324165719	1.8118390414423098
2.8437006397359363	-5.742642467792258	1.857741284311215
2.6930381843861224	-5.32952961833546	2.3294099467724667
3.2264161009272456	-5.563222267778821	2.0413879690025287
4.495237012485542	-5.332154969524936	2.0715441507664587
4.540690248181615	-4.780023432191735	2.489965941740235
4.945726497256881	-3.8342069267339385	1.5901323297360095
5.507130923464449	-4.104992042500149	1.123419051150178
6.430352638304653	-3.7081001698723948	0.8062433047171695
6.025755088574986	-1.9574792464981885	0.8337388679316249
5.022411873960763	-1.0789230909401792	1.5680269216693765
4.92179919613582	-1.60981031017856	1.9957906492849369
4.034446880955297	-0.25849715074429835	2.062330569257055
3.525634162362216	-1.12429060553386	3.4746454823039907
3.4073409513151374	-0.5407934792255196	2.579688328083659
3.146842258692643	-0.6443211322661588	2.769077786492801
1.252343985480194	-0.043704520186580886	2.846932689658926
1.5399555929324036	-0.27056991468110103	3.140374689726862
0.9229857881362333	-0.23179872813257607	3.191455542875873
-0.8644240641448635	0.4189957786186693	4.158669814184034
-1.1342343608666585	0.2978749069280812	3.685659032691948
-2.547052632081515	0.7321624457458369	3.7616151626421934
-3.2013854837210247	0.22934135536261707	3.728580748181444
-3.928425612483255	1.4314839883268895	2.6208847734688843
-3.858777057222342	0.9948998036556674	2.8765501986536726
-4.920575835653827	1.6452329646578874	1.7470924959361491
-4.981037047779627	2.4886179508247133	0.9215861526059907
-5.011975977957465	2.387270169871765	0.778877079072575
-5.279219577936075	2.893732194460604	1.1902261126683127
-4.958038637520995	3.4934811601758025	0.802567288638901
-4.698377151176102	3.9373901697047287	-0.3012051193985787
-4.865167481118161	4.485998816707354	0.1686258323753589
-4.176404421052254	5.016001438047138	-0.018022678757931176
-3.9673267256045257	6.179675838743609	-0.7693250830014988
-2.905802674817935	5.587973378106663	-1.5666639605109995
-1.4722908826975862	5.712032416181263	-1.7183902158515734
-1.407095293571884	5.329975104364672	-2.1358669412291698
-0.5867820405715907	5.2286749689156	-2.493335969785393
0.02260577520961571	4.8133625734069945	-2.5654951121652343
0.2765122706251655	4.939141474669498	-2.5295140867074313
1.0020932331209726	4.666961784620147	-3.128858736872315
2.317157483004742	4.274533774789568	-2.8095905050459686
2.8211287861814975	4.206637773132917	-2.818954352555689
3.32290223760385	4.299583586856932	-2.0825507840896655
3.711348212379907	3.250434702608436	-2.099135864072916
4.721473870072955	3.7018421724879027	-1.9868497161365608
5.240695692508528	3.4899285226550365	-2.4191252001206243
6.4561243818457275	2.9451617664941305	-1.9514320795979045
6.917574625254427	3.6005855581003976	-1.7290753283559286
7.357771445277333	2.270131782060939	-0.8536584949708476
8.098684225071509	1.9115073734951602	-1.0214103773430796
8.021839367114403	1.7761812763324198	-0.021274009209601985
9.244686384514653	0.84495844688054	-0.18541012811895785
8.56285379925023	0.27458049857635214	-0.31114927843005796
8.350917310203945	-0.1944350110774251	-0.6252068545206056
9.100884227411962	-1.4116372339470098	0.47566146080916283
8.969939254231008	-1.6260429224137667	-0.44179855194767664
8.854483727159337	-2.745635395030398	-0.6358161715163477
8.296416263314436	-2.8481484688396534	-0.2400436885297581
7.933125900548703	-4.609267569158068	0.029376495805551572
8.120633953885953	-5.383953558430294	-0.08979742513514022
7.173495229982329	-5.710041381152221	0.2594275547674123
6.862174431445067	-5.4291702208091985	-0.5490821973288409
7.259713780838038	-7.168347514303279	-1.0207472227599776
6.136694468158768	-6.572338177851659	-1.5451357532234642
5.523011744982999	-7.725573653240798	-1.023008062954098
4.174335780080627	-8.338487353295626	-0.5765993084148655
3.454037253682876	-8.120335868091768	-1.2115116489393858
3.4226732500039967	-8.608596526267245	-1.412434714363601
1.9514422582321855	-9.049978991452335	-1.28926024499644
1.3443407733261497	-8.851068905545002	-1.5528122858282054
0.0977216693255945	-7.940490012310772	-1.2635800654242686
-0.727324183175813	-8.697722031874664	-1.297266218131658
-1.2883965409839628	-8.278664662805227	-1.305833908751259
-1.509270129477175	-7.395301184111144	-0.8232766278657203
-1.5974963461610883	-7.38638020851817	-0.09406799353444983
-2.2433095242195944	-6.6745606740258765	-0.8170981058067881
-3.0240052276920144	-5.936851083714616	-0.41938423858635526
-3.665213434565859	-4.397636694833899	-0.4298835742097842
-3.2530756978706012	-4.152086022707273	0.2838421130848453
-2.836738577657563	-3.8302914008772233	0.15200063077996528
-3.2359928107771845	-2.7868362040152768	0.5156550364454582
-3.3413443681478707	-1.889676813174075	0.09345019553019351
-3.076214489398203	-1.2338644740940778	-0.09550918869079594
-2.086853714479779	-0.25457591070846086	0.20981001439729424
-2.6589260392118677	0.39380209287719226	0.6891502832196492
-1.694695916489048	0.5442880310876789	0.3406177599539548
-1.187176015588829	1.696087800281361	1.4014748404651314
-0.28057444557470856	2.2759238196134435	0.8296390662723189
-0.28744499410168983	2.968728557438783	1.1740439877413638
1.0998172267606177	3.205140873582337	1.248735356244472
2.2608997515445752	3.2994429373608645	0.7162959069881616
1.5987651917386871	3.55194222200333	1.3701227991118563
2.876740529684992	4.455089444720986	0.6385162317949684
3.554223838092728	4.7961613760277615	0.12217671274116806
3.0329330254312916	5.243881100598747	0.7159457154063832
4.321598907873478	6.131478458457749	0.09651494855598275
4.841584035652208	6.960583956006427	-0.9496420621894059
4.856397774435723	7.104564362152797	-0.18666329413216254
5.369734131549625	8.080184599284804	-0.69737134043166
