5.790887206442903	-9.101456176866751	-0.18284513171849093
5.832442270779123	-8.743921106658195	-0.016152824382788998
4.798935744293846	-9.20856934084234	1.2196983707398075
4.332376486521764	-9.032792161671772	1.5113043553122356
3.4439294007385737	-8.02272150073723	1.6622728325056382
3.423163796023351	-7.454991404667824	1.212827265971702
2.2198820661951633	-7.880598144651848	2.0021765181108915
2.1808577053216616	-6.570657360431836	1.7987167151585806
2.338298616539584	-6.6898951074276605	1.7680604179753359
1.4678560020667444	-5.999137063518944	1.71395946736862
1.3293387584753464	-5.203969472572117	1.8648418287209023
1.087950838098062	-5.1708435995143605	1.6955773855425629
1.3027860560721436	-3.6355751633960467	1.791828805485616
2.755236981615654	-4.214022165229498	1.8617470213404907
2.609606491811707	-3.606284536499923	1.944863228799162
3.068764413884567	-2.8652880508079193	0.9199298147602624
3.0454068472051077	-2.87836196123826	1.3659825235798313
3.3046270430496953	-2.091313809717329	0.5595777374344933
3.0641803316741565	-1.7256870003616256	-0.8298447572017381
3.155753409015727	-0.7956731832766542	-1.0731757595614129
2.366797280187416	-0.7213415107773353	-1.1962570814631897
1.7463637823549056	-0.10151156571331144	-1.5290173819808424
2.3108506761222785	-0.5753170904391154	-1.6986689914541326
1.4099576252892638	-0.14835972082455456	-1.0024671737626956
0.2236961771107539	0.37445766028530103	-0.9420054757284855
-0.5803176156960306	1.109978922962617	-1.3206986886395438
-0.6668171991637115	0.5274832065317128	-1.215561493493696
-1.6537789798376796	1.2620012796112439	-1.0898524801787481
-2.8514188727012937	1.6034718342766836	-1.1672680407550862
-1.588337962340638	1.5186857712644894	-0.8744707858383738
-1.850972074215635	2.5110382098730946	-0.4178472080747931
-1.7429620107770698	3.5077841895934236	0.11413919714900556
-3.1027673775793163	3.9042205278012316	0.8589957697896109
-1.959555858671882	4.56130744808495	1.1832665619573506
-1.2072867886537297	5.390127948671251	1.9594604525319257
-0.2203260848803481	5.922977650783029	1.372474134080855
-0.5492094158309336	6.729227679808342	2.1328051431475155
1.3694453540643328	7.391343696563288	2.3131422263777295
2.130785597411591	8.459144161669368	1.4276897332526879
3.6444467095773456	7.674705939282631	1.6514192575118654
3.8242384787245394	6.7340286218799	2.506478551903877
5.291502248307177	6.780137060226576	1.8402296224223693
5.043194002956974	5.578401435867962	2.358567277573167
6.71951374486823	5.488933217558979	1.4825450929254844
6.413558495607044	5.749610527369922	1.266934702095317
6.932038312078159	4.851372357722931	0.6548454370180106
6.930708730279987	3.2633586913316712	0.7567127646140921
6.136302875724569	3.238187200742024	-0.33143166674307495
6.186689534621894	1.6738437939924644	-0.20843358733091744
4.730722297923957	1.394773564918862	-0.3248447103524954
4.606210480928142	0.5898851239204761	-0.0837197775570222
3.356042622095273	0.9571718128714679	0.8284548869471655
3.9620433871851057	-0.45653145954966295	0.5391020894965034
2.237118252366745	-0.9263759067500567	1.3433252322342988
2.310009775583401	-1.24783915920688	1.8131121975060798
1.4558238356318292	-1.0381370336161835	0.8892336080343481
1.14878161593697	-1.540589248300976	0.5381661371717875
0.6758928749471147	-2.2781404093186564	0.6160676090971464
0.07981790354191486	-2.8685508655364043	-0.5866069166619904
0.7687390860379208	-2.7712592928522444	-0.16945099185792967
1.1113139222804076	-3.991619219120544	-0.11576116192913743
2.309226898964802	-3.8843440747300537	-0.7775921848627385
3.276243390825866	-4.712456599119712	-1.3760914774381843
3.465343170120154	-4.69068198896408	-0.3549028322610561
3.752417011226523	-4.4305656472736015	-0.4744269452497094
4.057350545666996	-4.460313276141072	-0.35954484159695216
5.167773006909146	-4.523501797683233	0.640297821557734
5.7775151072916975	-3.409208496473409	0.3555379291594245
5.967928035134557	-2.849651628398852	1.5468480685412347
6.906393422022079	-3.312598329697468	2.0939404816660048
7.892758911996856	-2.0708221628018064	1.5088790609161902
8.439009113924344	-2.349654630421065	1.672216975701317
8.460595232996239	-1.333131273861265	1.936907634985404
8.380914541173416	-0.751022015587475	1.5155862842673895
8.76980583161351	-0.40339681504132924	1.4475519654656983
8.620093305098532	1.5278855419450392	0.5316129089060484
9.047145828185903	2.4248701411094973	-0.06126958643698248
8.82624157729095	1.8775392535152051	0.02074077981555683
7.986368169826679	3.1036535363072835	0.06854492203359697
7.601583662774868	3.8386674820965636	-0.042784099816054244
6.801771990312134	3.849900405374886	-0.15862111052648054
6.294263323733284	4.198780727667565	-0.47520368475903596
6.185286138251202	5.123121740496734	-1.7856746974522208
5.289541430053312	4.646448748713293	-1.9376936376402492
3.4490917582457086	4.780523961582086	-1.829722339742176
2.644501695653961	4.805586704925371	-1.5287921308969163
1.6024212909361817	5.617657432662426	-1.4897717137266522
0.9190332805983624	6.162674375436059	-1.9460376832590276
0.6076775329329089	6.217247174133991	-1.2815302835229292
-1.3241003730245762	5.836236541721576	-1.1215612356659115
-2.979515677861736	5.909088590470497	-0.7171225104400816
-3.8988825582566813	5.193621690059104	0.6649717733982234
-4.379202131048482	4.634377425407103	0.6431827466968358
-4.66001457495835	4.844043200759531	0.7026262174647722
-4.219671121685922	2.919426129783135	1.1952508230113248
-5.05229760769779	2.015406984605817	1.9372196201813807
-4.862734909970055	1.6355602814113919	2.3397926405664697
-3.533875744986254	0.5299818664083009	2.7432439680042355
-3.1043793447214156	0.5854626325851817	2.855150522484061
-1.5826190501917674	-0.2980584452601931	2.0707631900858416
-0.8756811500652192	0.592064143641546	2.290964130995121
-0.028426841138600834	-0.4997421967546974	3.0212730072120437
1.4116010608843688	-0.3965886941144689	2.095853008101791
1.3495703229756613	1.1522579208887656	2.429511103564622
2.1078063871713475	1.1734841368781943	2.093290526739363
2.2766636384147936	0.9363486081418984	2.6947161470873087
2.703751972595739	0.019918767891939443	2.4688384826722425
3.2590889507741787	0.027007008931501042	3.0693390310012356
4.662145166603637	-0.18974614630414233	2.1686451910981726
3.886465911442486	-0.2805944682884969	1.9511337195829865
5.416778997801261	-0.8379577602488738	1.7548525783590927
5.454354578676223	-0.1665901677872338	1.397066834220377
7.280230614753011	0.2823894963549838	0.1845183557485858
7.805428824240844	-0.3703374663021892	0.4031011460140942
7.431612738084218	-0.47304021109441297	0.08056412869674934
9.037792309310138	-1.0540568932145358	-1.496523070838431
8.912648793838637	-1.8794387699286024	-1.1106724873547793
8.374646543970615	-2.340886277117882	-1.6435092159998337
8.49778206850319	-3.0630436899136044	-1.371610183312065
8.388812211911876	-4.629477595567756	-0.3962734342782892
8.06094598978396	-5.048400603454336	-0.4642866268115391
6.3129888105683465	-5.770655113023004	-1.5927679809793327
5.1806281356849775	-6.722567804859482	-1.3756949289547316
4.311061588711406	-6.98204185784256	-0.8807908525697419
4.154814833900224	-6.992994642464065	-0.2901185201181855
3.5932696394935593	-6.719032574122426	-1.1520248975248022
2.86937574555722	-7.121289310736951	-0.9412067852245445
2.0099491780167607	-7.523259217665931	-0.5236104407114206
1.056828934082019	-7.3879187379110745	-0.6581282306877749
0.24853987865497518	-6.5870477173282165	-0.5267125731615714
-0.18551251147891834	-5.697692654965641	0.4239667518102195
-0.21940920510050654	-5.380228062768911	0.6393194029229544
-0.8724564435786071	-4.6693661133190245	-0.23908688930857563
-0.7523551341215358	-3.135048450461582	-0.05891371049692179
-0.39170264522793174	-3.5608689919681065	0.4557733663422493
-0.11016203078427766	-3.152653004515742	0.33659365257873985
-0.7931272059038175	-2.6006601490458716	0.15090272358595436
-1.4472525667582092	-2.301634539255776	0.06795996457959436
-2.621479679769496	-1.6605838109676823	0.9317258117161138
-2.810817044726816	-1.3499705442154089	-0.4574762290619132
-3.1504393192383304	-0.5301028975163626	-0.264566505862417
-3.3448223066929104	-0.08452183774119823	0.6909709811524964
-2.417159913921311	0.9424625337721324	0.18888120635095013
-2.8964748160515206	1.8652065962166584	0.04977464383436178
-1.0433234743160171	1.6937767232391534	0.17530632400389362
-1.4311339942532535	2.2034378964869132	1.2626807166280511
-1.2646205486821476	3.84620884569752	1.2770863373044663
-0.07146680904359948	2.995989999714923	1.3894193694026211
1.0414040476377329	3.560939021438754	2.142151946533701
1.3550140660360568	4.135151885709127	1.4774465355027093
2.3252456284903094	4.340038085595447	1.7112083622945007
2.088198844340393	5.195357942085938	1.8947531512840168
2.6905899021698785	5.213289122183521	1.3452197631937712
2.8055477834865656	5.779484093869882	0.3063975189919934
3.3175614172821697	7.082093100879302	0.37207551116251725
3.282117521885303	7.158614642596971	-0.7121595140342969
4.326751407747792	7.418656224815247	-0.4842367140180657
4.076206519570656	7.581170657060278	-0.09357774315987366
5.476493811256476	8.863308460858647	-1.064687278902914
