4.669324615095847	-10.018952271838787	1.991964216525689
4.051391403847047	-10.2955079935517	2.2414710568425353
2.99627014365622	-9.825789588754674	1.4527861601466818
2.890123798830922	-8.551323094360146	1.3332424466604476
2.4122628375183557	-8.769187366371115	1.7388758663147192
2.1031960059123076	-7.915238727031877	1.1449215351081947
1.8522939476621163	-7.510956173041113	1.2174040276867413
2.6116117540205606	-8.053746118504469	0.796809731135091
2.0031672015275275	-7.3521807717857754	0.4132047139742535
2.6917075675681668	-7.559289993892397	0.36428513358808773
1.5758590931241232	-6.970039706938772	0.1246527508941388
1.6379411778178032	-6.79097496205018	-0.6798689400847768
2.438957624923231	-6.393384386383272	-0.47026563999427606
1.7474285859848953	-6.2656880437542135	0.08165453420701874
3.047383662429062	-5.792408596374234	-1.0660500883810624
2.437703871224547	-5.429178778318854	-0.12631900253308115
2.5995326975905217	-4.657865127586758	-0.6471187240471641
2.523884049111302	-4.699831601457853	-0.6054735990972125
2.8676744011344395	-4.175794981270102	-0.6692364356088016
3.2046561910777673	-3.748051304974509	0.28621691237173286
2.3525867912947693	-3.1358547645327954	0.35971384988328675
2.849128611909377	-3.201198441824726	0.3254122895417688
2.217718016714524	-2.8853411887173643	1.226989391107837
1.3969597508235543	-2.042575601667929	1.623045148844683
1.2772961513391616	-2.3386149099446327	1.1994001751747279
1.12860035784678	-2.2058043161982743	1.6606403164177614
1.1772501938658615	-1.499133465575675	1.2838513265352791
0.9684162733891218	-1.3371129124575578	0.4800252440258035
0.7483360681091644	-0.5168755465076216	0.11557805444243596
1.0307099259204162	-1.0854960335375088	-0.16671298874354268
0.001477635986925574	-0.45532998997288876	-0.49287663817757676
0.3607284375557004	-0.34509369446821847	-0.14231398598968603
-0.5727652002797288	-0.3742281178417755	-1.101517117665709
0.45319084360374384	0.3661518216106422	-1.2201844407612095
-0.23960537820848204	1.408690951648507	-1.1978654986940216
0.20289912887624806	1.1881943956246206	-1.8351595351974208
-0.4846900802947465	1.5518507491861386	-1.8658086182267328
0.017316562755399723	1.7411956439490908	-1.592970407517815
-1.3418328100983388	2.934544849660968	-1.1266504683906402
-0.784399860919152	2.9884850323875347	-0.3826312040144093
-1.5728196431313053	4.121834490363989	-0.712043298301906
-1.1873620784372136	3.8089860412553405	0.2864045939212535
-1.5613479635535017	4.1417465410059915	0.31264871473464073
-0.7894908586992854	4.202283663425288	-0.053148275055459715
-0.0196979213217503	4.768050138001252	0.26580052796820736
-0.39021546006524543	5.730668621539182	0.8551600194615552
-0.2531579875215737	5.678044777109825	0.999453795143211
0.23187539327908901	5.680897244234304	1.2107688888232446
0.5548792055653982	6.937140831264978	1.193140954487343
0.33528794315268345	7.259083590204232	1.4473486029462712
0.6786968996612421	6.757596573727192	1.7804991499965093
1.051377221255149	7.669959167733649	2.1060630030313026
2.1501995436421577	6.945820700117481	2.1411908229832237
2.616259008679169	7.39086790030775	1.9166718915801535
3.0389863271072115	7.551696493269505	2.28578622730231
3.1703382729077507	7.293530594828074	2.4709714900554838
3.604709132174529	6.433571406544168	2.102914263454732
3.8042084059051744	5.8864235232414135	2.413120156522362
4.912279246392134	5.3122704195963255	2.3997507485298386
4.886798183713735	5.14148787724142	2.1028212639278494
4.947862381079069	4.344679736162834	2.856011380515074
4.6903829088636	5.12827697845696	2.1565427884928816
5.207366650768291	3.58836388903224	1.936594462273883
5.109650783173986	3.984109797095315	1.6154238970423362
5.758318746955551	3.047124445055009	1.4478607550147469
5.627200639675498	2.1523580011900187	1.1630767647225269
5.136126975321284	1.6737303736000912	0.9901352307148037
4.487434557577078	1.7482733191840247	1.077243371662236
4.245538467952205	1.14728397207945	-0.09641579699843134
4.34132261660767	0.7330672755233449	0.7061317269694869
4.1793833920706	0.9538231413112679	-0.14517654757799925
4.3534814952744725	0.4000594976542176	-1.2736143222169114
3.9065434198936186	-0.05176911656422056	-0.4406025084930585
4.032221307038921	-0.39457237716088617	-1.4299544179049735
3.236948001008903	-0.43712087951521705	-1.5398497372906232
3.503414703706839	-1.5174935319269618	-1.9138231429943076
2.4686531344967175	-1.4205339915144741	-1.5370747192619385
2.3380086339049435	-1.0570893746862497	-2.278285809065696
1.7736169582460026	-1.4935394647026685	-2.1587842180850583
1.3029175309518162	-2.579486404451888	-1.1593153992666354
0.9624139013687587	-3.3863952366203067	-1.4851470694942028
0.886088320885444	-3.2494557590953246	-0.6513248444159403
0.5821828307541888	-4.0870686592666825	-0.13675265478049248
0.06000858328377821	-3.8769483551537123	-0.5561661517927731
-0.10762300526634785	-4.115630052328914	0.9910337643700724
0.3328040518568429	-4.315050824488526	0.5248012699407109
0.7342850988489951	-5.130865208143036	0.6704409952216465
0.5414996092114515	-5.052587176086979	1.6516570339024637
1.879929879765904	-4.974271171351681	1.8544338560575544
2.058596887043544	-5.0922902848350065	2.059420533975385
2.458769165490951	-4.656229012074958	1.900657799804585
2.5333838189668736	-5.752987240692169	2.647140877788937
2.6480498445636953	-4.619560618526951	2.221555269096692
4.033985444872498	-5.445476625508881	1.8500892672418214
4.931557792947377	-5.635443891218174	2.0233527671797775
4.409884501127845	-4.582326496533836	1.8803076788329787
5.3567398716770445	-5.4724847918349795	1.9845076050708805
5.030943904069959	-4.694064196460773	1.7012377810735089
5.332499279736183	-3.6039615652344104	1.619013588375258
5.49069537530996	-4.37939307633002	1.78647163950503
5.104529438301882	-3.563033700782802	1.1469775684877894
5.269034846227112	-3.254646710345646	0.8897660788854239
5.838058643087738	-2.8851085818411764	1.7734619485360055
5.423836840249871	-1.4616647487977776	1.377498480283938
5.144613935358403	-2.0669848833178337	2.318253707537405
4.785872764291356	-1.8721170022516476	1.9613539253908527
4.495738420609607	-1.4750813784201031	2.715550048625504
4.299745220172643	-1.1322211270418694	2.83365320310188
3.3855031665981037	-1.1878656083495327	2.7829034420184904
2.8507934820702614	-0.569684847643753	2.6814015101912907
2.499792038839424	-0.535003702749764	3.600374582851173
2.1965266200789584	0.03466029697029194	3.3909205097840136
1.450391908978458	0.5960945562685873	3.039683471205566
2.187196375695464	-0.09682895655149076	3.437835032965971
0.8482843580384714	-0.39920137355683327	3.6807667116809046
0.952625575390332	0.2623464487156675	3.483287544024735
-0.13344450756135506	0.3257911752661006	3.648657729670896
-0.5263656140418064	-0.0696047041854535	3.0925068392451966
-1.0987781954190503	0.08853335552265179	4.0540894199813025
-1.5346402244541086	0.9003397653305107	3.0879180123546357
-2.6785261191998675	0.4463748840685797	4.046462393945487
-2.497041238982537	0.3386507002261393	3.4512812933598753
-3.6678899683122346	0.20989433014019443	2.900622189249782
-3.4591482914240705	0.38309943548625086	2.9409340723258244
-3.4605362264307153	1.2284550349880838	1.9493681726884016
-4.924034023562138	0.9336153509622229	1.7404667193573886
-4.154381935544461	1.1519875076185113	2.001076124165242
-4.582412206188277	1.9688794576385549	1.7225261626549384
-5.358608621502168	2.55516588040777	0.8385723925095502
-4.7411320106026835	2.6466840703512746	0.49746722106690244
-5.478797283505571	2.909101632048516	1.2920621843033446
-4.859234230256108	3.204945979609865	0.2186177852419773
-5.6755267556799645	4.215045477728962	0.23023708993772596
-4.509723871119961	3.828733365004468	0.4922926280053299
-4.8604933705703335	4.7103714315195635	-0.5100666687634978
-3.652954883082078	4.710679709606093	-0.9504460207143408
-4.419047929225607	5.135454778717147	-0.322050961381223
-3.50524265149401	5.229955361177292	-0.939432849030241
-3.5410460427931842	5.307091937243547	-0.5151830835298912
-3.175606977787408	5.753752964437188	-1.5030410825981138
-2.979121453421626	6.202983927610649	-1.8307460653006442
-1.6215630033142003	5.558913946470876	-2.439215457554278
-2.2303697378340623	6.201094325924215	-2.522394524458928
-1.500360654297477	5.193792193036145	-2.498632134657222
-0.7751639525539344	6.09293938503404	-2.6289448880761106
0.20168126208998616	5.05181974893481	-2.0961552805910184
0.03481799775669897	5.353077259600477	-2.3984829904061336
0.4038495006090036	4.857249427722137	-2.9715241409282696
0.8693211217058574	5.332005903802773	-2.826545777170881
2.286032588553543	4.191840576424422	-2.557723636347491
2.5124077023891997	4.097175862387374	-2.7161683031966066
3.3823954399699967	3.9417952893936112	-3.107655398692369
2.852588403010142	3.5587716420106457	-3.0679079631343225
3.184306372502236	3.4117169694895826	-1.7950418636702368
3.4787266733620004	3.91989019368189	-1.819732760040427
5.048212865696776	3.3690023119294423	-2.006540882587026
4.453205770758957	3.3110575646619367	-2.7800906821013123
4.991522434713772	3.6727417828929445	-2.395990727002428
5.746836759481365	3.9629881453931537	-1.9610540138394426
6.934915056254548	2.859810128421994	-1.5533082107600062
7.1356311043723375	3.4936500560420214	-2.1273429211837733
6.920928776499018	3.1540075319098246	-1.315963039323646
7.861684207866478	2.752272926221994	-1.0342106177204102
7.73250867190434	2.7828674152457022	-1.2522836518667917
8.30598042610836	1.513770440579251	-1.1150141523561823
8.773472995144335	1.6962396537741136	-0.2907816154544709
8.864975221273882	0.8342595971730995	-0.4842373248243548
8.631779032078631	0.3267081751394757	0.06079342220799744
9.001770381354605	-0.06569077338955193	-0.24714329441818367
8.31776057102077	0.20294452740036228	-0.05609868037340393
9.026725877500816	0.022842308332479133	-0.3750728363773285
8.723504738146822	-0.9626172351552296	0.018432864228625223
8.618290346858958	-1.7705057728941913	0.655061382072693
9.11387847243448	-2.434910982854862	0.43474974535807054
8.454201366126144	-2.967349798290978	-0.04733450593764754
8.881677453443181	-3.1179675570616427	0.14079373736156686
8.34015197444025	-4.2088776066048235	-0.2822431526811848
8.883793013710306	-4.622462760603819	-0.47620190332269186
7.823806178092502	-4.654482433206537	-0.8580952880086263
7.599854750541182	-5.258017306040736	0.35707034794134707
8.036947284434634	-5.5627288716418235	-0.24757751818865792
8.058046929421858	-6.370048798716447	-1.1264072933426723
7.1052966210468105	-6.1004455122786965	-0.9237896052893597
6.561257942416592	-7.14172939350471	-0.17382229498071733
6.408487373970603	-7.414198389790271	-0.5971368334674548
5.836133898134043	-7.534974301766535	-0.6066333584784578
4.9888275851684885	-7.088146645779162	-1.0242450172894484
4.943612795779305	-8.126815149593428	-1.5958049966188999
4.357599942308627	-7.657623995700087	-1.9285111964806005
3.269100882733491	-8.422257583438656	-1.8499678868816765
3.898922213844746	-8.959821028757215	-1.559376437566835
3.0595519104338402	-8.438228489297348	-1.7224720250578494
2.4675184510817285	-9.284596022369971	-1.0837220607757643
1.0759239055656806	-9.018365796892343	-0.9295321493605466
1.4604342302415616	-9.128047710884607	-1.1918923193608841
0.3435032618185476	-8.97617767164089	-1.4449713405716316
-0.23073682271246465	-8.49628925620518	-1.5528915077965753
-0.12630680873333122	-8.09194997457092	-0.734233683466731
-0.8001477629851939	-7.537747007416502	-0.9202262721224727
-1.077743934947487	-8.132607844914654	-0.946732281339686
-1.821605045580061	-7.060427498945112	-0.8763349129872318
-1.611482864462392	-6.937126914473065	-0.2595632237384261
-2.555196283039191	-6.705713984310006	0.3555478488366747
-2.825318494584913	-5.645349978650877	-0.023657373377216184
-3.3755259262390074	-5.343912050934992	0.2302299631611041
-3.43231621896457	-5.28037540277769	0.14932261216857468
-2.9398319385179166	-5.0278578751654655	-0.629605430819785
-3.6701312044186896	-4.503890369733243	0.1065810337526707
-3.867509302271082	-3.9333078863449695	-0.09791770144368328
-3.749025548077049	-2.901579004170309	0.170310886703126
-2.8326954022652346	-3.1398727720289505	-0.1971815945682026
-3.77465778713135	-2.074126362222205	0.655162020513857
-2.6987224748496934	-1.5448680814947244	-0.3755810205813984
-3.4868856936433494	-1.307369056203233	-0.3087172135848927
-2.3341989536463514	-0.3997419073065769	-0.11633828188751971
-2.5179471986941877	-0.3120244433576112	0.5491078225388843
-1.992332156474173	0.0033911959181969764	0.3368175067812091
-2.0176758644580404	0.6263166903395108	0.33783919851041233
-1.7133192823995442	1.4972939663623888	0.8664987353535492
-0.45743948617947083	1.102465908508429	0.9690244037681628
-0.652067208633548	2.380552040470244	1.2188992097939295
-0.06696755649022068	2.4958619934856046	1.1474031906696047
-0.3962344462388337	2.619747327368593	1.7767000252783036
0.1974613205276959	2.1890480987170924	1.2714023686907363
1.5836592317491718	3.153552495991772	0.9342331487705405
0.9809187914926922	3.6715723408256387	0.984675557929698
1.4293635110115606	3.2965780310116277	1.5941163493794832
1.925988801718697	4.409367918187929	0.45097816079055814
2.431425531470734	4.716425202968645	0.3993915958823945
2.8499874500719016	5.5834061470723615	0.10027821506877317
2.9313075399041493	4.999680574986218	0.06186442991298413
3.744192520591177	5.55140926991908	-0.4361933022694758
3.9577817694046504	6.17929005997212	-0.23333864791740716
4.457315594994041	5.848202513527521	-0.07485634030097732
4.027168477768091	6.206807768451887	0.275851647401803
4.556495896642409	6.502063365520643	-0.18141050433790984
5.304010780926736	6.871407519986645	0.1440567698923192
5.343228914026727	8.147899471832183	-1.0506858064858342
