4.290014933983835	-9.701323498525516	1.6520819740861437
2.7616856218385966	-9.828762641092014	2.5431288104232785
2.463897551160511	-8.643225483705818	1.2062571601332623
1.920623395866785	-6.755292741940844	0.3838275276797844
2.9700279155864404	-6.803397203034704	-1.038666345512576
2.168126649433822	-5.7548384594917295	-0.46835062518260506
2.843006176270664	-3.090354285391395	-0.8657763551070705
2.2071322938535345	-2.842543850364066	0.18849505444982428
1.3691509940820383	-2.377610008069339	2.0956569270413974
0.17796301275730325	-0.8791798005899834	0.7542972442707012
0.8399258682598398	-0.8687566359058779	-0.739011334256686
-0.3698451218195195	1.1192239131184656	-1.7304793155530185
-0.3802140058872774	1.7609208743268994	-1.5063038770649755
-1.3114379169609938	2.786254661440387	-0.8879180697304666
-0.6702899961998328	4.305407068743609	0.3369373712010426
-1.1103892312384136	6.358134962696485	0.3399149412962429
-0.020247451067094135	7.286054607164967	1.0735039585018502
1.449900326226337	6.655383602013883	2.5929078168300683
2.8706400261058014	6.8391480410617635	3.030617857532749
4.425867051073117	6.1420724871530545	2.2077673734532124
5.596021843541374	4.5573734921087095	1.8848750302091615
5.6443744753549145	3.775199817855989	1.4473146714305174
4.856222257462429	2.2186970441209484	1.0320519842350675
4.894230379048266	1.4791874036353443	-0.7070048870237342
3.729855610313544	-0.03644087708845095	-0.7932408717916131
2.79865886364786	-0.3162345843783789	-2.1825783572336417
2.432647496105284	-2.4111196423936168	-1.833037522629839
0.3619389108784675	-2.976588897262552	-0.8832317692673495
0.20187267576625548	-4.4097428212231495	0.6740486202393168
1.3967873273742197	-5.344450844959791	1.9909535525769222
2.5011143612132063	-5.765960204647455	2.411124171062838
3.1607055152455827	-4.8436373724708375	2.762646269932417
4.379847499905367	-5.063608498838749	2.230941171107121
5.373200382444769	-3.9219417023431253	2.0193386197201253
5.680068738649899	-2.652429582967766	1.844595884388799
5.374753862117697	-1.362665333400537	2.4429182895493544
4.626445566659029	-0.9278558460367436	2.3437483060957156
3.0164120639128176	-0.30054447084882696	3.1892857434912374
0.9295636275922334	0.22280129335804644	4.091966279926512
-0.6246609238564551	0.023494773842674177	3.8485961443699357
-1.799951048354964	-0.1837405300902028	3.2320076337551256
-3.302395764534153	0.4323751375615893	3.1292235415084413
-4.7130353783280965	2.24412953120751	1.7067178404791266
-4.829094215621189	2.843735171801822	0.962459693952613
-4.705452671741186	4.22421146931161	-0.02524810127504129
-4.099028499101458	5.2816345866216565	-0.5353809603525472
-3.250863816867447	5.391633251020928	-1.4915056602704515
-1.8031040507891705	5.87170019179162	-2.1721792958297197
-0.4690226258177752	5.520091226584346	-2.6725190072121525
0.3869265036855088	5.232412142018955	-2.027422485435172
1.9274344220066038	5.029273264313392	-2.9435747939817976
3.5429775531466268	3.7540710647684596	-2.4439443006012853
4.546518071208842	3.971894410154545	-2.170431330055923
5.963950969408452	4.123500839790458	-2.276811713816541
7.341648619562234	2.765673811607709	-1.5546602070159918
8.262907586515771	1.7490988812058266	-0.497008260916029
9.250060638553483	0.05081257893520702	0.260453433111009
8.99295824036207	-1.184475115434293	0.13961223824528768
9.718166281752142	-3.2279879021607165	-0.4683402112734272
8.166655775716213	-4.171283634298815	-0.4566304113985167
7.936323103047686	-5.678099053449406	-0.941638229807166
7.125700098830413	-7.049599651447417	-1.1599109261898763
5.511342249883311	-7.437852971275433	-1.355149874743662
3.7977052063056407	-8.781508983674739	-2.034069246164705
2.4254822329530055	-9.299123730212157	-1.070013279363002
0.9200115587086924	-8.771899836720676	-1.0129611769487175
-1.0616246176663682	-8.462145904853557	-0.8562129327442676
-2.3663940836650927	-7.102207451446582	0.05716364079938374
-2.332566710800597	-5.533778193205271	-0.24432109377982558
-3.6523058223559914	-4.218218339717936	-0.1212440118165583
-3.3280706980438834	-2.4144664494104333	-0.23893924088448049
-3.168372231574104	-0.761415767005647	0.4432289004499327
-2.2367763303204717	0.28851730775542084	0.4402910344100535
-0.6134062769346662	0.9178343453259662	0.9142320484573356
0.21774406006917152	2.0176084925273874	2.1475042324736258
1.9367335930084058	3.737013503721661	1.216271173717291
2.5542176486467105	4.378057812381246	0.12851334041726056
3.6507608556588353	5.473020222170249	0.39820798434809157
4.1327391133830265	6.000278305880401	-0.21296593805260733
5.860610653261979	7.287981326730968	-0.7366833222657136
