6.023752677099077	-8.855430957687078	-0.03555911453383559
4.799244470200357	-8.691224684809548	0.3722750260599041
4.165905147986607	-8.602385133441386	0.511684671428991
4.865594612569547	-9.160489047134353	0.934911565104037
4.157083149309986	-8.062742573044043	0.8703985897449962
2.871041576987163	-7.988658296658489	1.4874592869631593
2.7191555391093267	-7.786317463231905	1.5164273450632249
1.8250576515457024	-6.8332832618118085	2.0251720464411984
1.3825592882387208	-6.069131841213423	1.652441881894262
1.4633916805782772	-6.047634177576317	2.3103228849513924
1.7346278341432733	-5.775143980188393	1.312445347468194
1.6985409198060077	-5.087971539508831	2.6050155581781684
2.5551160572880285	-4.418062952638086	1.8340359012009744
1.7734218190839013	-4.03683512848384	1.9148158709090772
2.722917862459995	-2.817467383852189	1.6137192548058104
2.491168126713358	-2.8523197091217427	0.6666242269442713
3.4586893374185137	-2.352570509431401	-0.007392119063862605
3.6246726188537144	-2.401226720817531	-0.16974324185573653
3.2549275101659236	-0.9868034783019821	-1.0492127323800635
2.504989675532386	-1.2007209907144123	-1.4968778125809363
2.3194914918391962	-0.939921838427012	-0.7905959643034361
2.483676646824424	-0.11082044792606871	-1.6572497651582725
1.1986093213550868	-0.16349005427024255	-1.0694642927145246
1.6701121409137039	-0.34798651284599863	-1.9963283474351625
0.6000699117226664	1.1636790010160105	-1.8458384387428879
-0.3160538096403417	0.8395866558274319	-1.909338073669596
-0.2291205172782924	1.27077752895615	-1.5978438171050935
-0.7076704033807402	0.850285976832392	-1.8040701836418722
-2.5531829752944804	1.0773409718656661	-0.5338120729379887
-2.3780712574572633	2.451715112747559	-1.1306564560199046
-1.9958686916731039	2.6781138752131484	-0.5071436546296249
-2.8415777619224682	3.6499291853777893	0.3992261169930859
-3.172314379311647	3.9202262754670696	0.9307660204636548
-1.4021706058884391	5.005685087317262	1.0253462866216503
-1.9634481618233808	5.619896354004862	1.4855826535556904
-1.1267793067019447	6.325158481271904	1.8773830658827175
0.6586663778031763	6.809391653917004	1.3023217536872977
1.6843141044001326	7.071647087343246	1.7831735972935823
2.0011393198558483	8.498730640357946	1.4807580328334675
3.0197682393159133	7.699244613675902	1.8738691427400174
4.465848392499342	7.06765400454271	1.5104280849977236
4.592765877708421	6.390215237806405	1.6658003029195638
5.188433531542486	6.649808760705937	1.6882919605583675
6.672734368976943	6.076408753802478	1.097855335561885
6.447644934830735	5.81000486987259	1.2325751245081131
6.056808135118751	5.122006423884229	0.47765808071385696
5.948071408769596	3.9709380854972	0.5045933041194407
6.223489320774439	3.2134095163903043	0.22955673443290758
5.600653934489135	1.461089086720623	0.3040097974173622
4.8765891200402836	1.8230292905466303	-0.08315417000339997
4.977288251944886	0.6590081007852163	0.387644293780943
3.4054593414427936	0.667215149480199	0.4454424862903215
2.765095000566293	0.49459621750863125	0.3132286084544711
2.030634890455702	-0.8753681933628426	1.5583050837345402
2.373215562304889	-1.1906218665829116	1.5204973814347966
1.4144916670173848	-0.428959392580994	0.6348091743546521
1.2868891084163403	-1.5108265028772585	0.5108478756455017
0.5998044451461298	-1.422723614118414	0.4226776447830267
0.6042799036060932	-3.104251085250026	-0.1827832059603235
0.4748413522226734	-3.4100812314788462	-0.18679073757462095
1.5595451895995094	-4.019604675541346	-1.4474727536955454
1.6153123126142792	-3.4252517710253256	-1.0200558384928373
2.361026460303777	-4.253375724846573	-0.34848200996618517
3.3880989477190813	-4.265930082997064	-0.5134524364641453
3.5408464224948695	-3.55307182377377	-0.39315772580660036
4.869742350414349	-4.524429814873945	-0.551894631680764
4.730099449132153	-4.478018461728866	1.1365366447093384
5.401749124927307	-3.6023201945841903	0.40700236544889656
6.426576344424832	-3.8616520975436264	1.6678995807122996
7.23941800072082	-3.123149192211952	0.9982146910720096
7.737066208437242	-2.87451925531339	1.3233731840465022
7.705963867831481	-1.5938339911156838	1.9461183337195085
8.345071921300107	-1.2875229547121843	1.3868632861841053
9.147219255601037	-0.9711680052433509	0.8274260474057535
8.865560777017778	0.15257693124410665	1.591325348770818
9.31207779081288	0.5448142058218055	0.8597639701066349
9.464966738505174	1.848654957691526	0.5302691287498215
8.527390194585818	2.429585561291569	-0.3692884307291807
8.72127329020046	2.7646915380251653	-0.29877935045086573
7.964821392612757	3.8289463758378846	-0.17886288594097222
7.01200188686742	3.668482433420043	-1.0632736379985888
6.88540635795709	4.118291549209889	-0.5704364818098187
5.916717146560371	4.155633888543774	-0.7406705333816108
4.961161840453945	5.389079430680276	-1.3780454853710888
4.137007811726702	5.262761963869302	-1.875534998766804
2.4193977157787936	5.730244523810841	-1.574957652267333
1.8780286904408383	5.130068247862746	-0.9121780038400449
1.6762497900360986	5.5849446784316665	-1.521679576729741
-0.39319133470137674	6.087241604907914	-1.6578826071229782
-1.3413195191385083	5.648031115032241	-0.32143483223219027
-3.7727774710473665	5.377687743996902	-0.11522181716184088
-4.202828849702195	5.487913489017334	-0.3734974676201867
-4.832424962911349	4.8973422495022465	0.4673267500537964
-4.662381260915308	4.139659910970008	1.5574909795870897
-4.958824115852466	2.9212592963540542	1.8091269030216859
-4.050183190070429	2.602122770004068	1.7546314538840202
-4.8678834778793565	2.4602381969814644	1.8310188252678397
-4.269606704525864	1.6650198141791563	2.1574130537208567
-3.481831373741278	0.6457585260211329	2.9028256496154294
-2.3863875511431423	-0.12939135143467928	3.4169957320177247
-1.1285632931041032	-0.16444171234720545	2.1568186739967374
-0.2832299939973981	-0.16603595745139532	3.13461739160641
0.6025932956491777	-0.34037500712295293	2.6130526169842683
1.8409316864203231	-0.04700772782291257	2.651486341099214
2.1855060906440293	1.134072612567396	2.186379047086439
2.8436011003195683	0.20164535293809993	1.9810718299951329
3.393443232123561	0.4872341621944458	3.02083509753627
3.054016486344864	-0.2796576028304114	2.75794322230996
3.8327906980913053	-0.05723200749822621	2.4458151740854777
4.859589222157348	-0.056601555468953735	1.9609537521524012
4.338704838806147	-0.31691911420686925	1.6026000920214871
6.370286182787805	-0.2814622912475846	0.7212608025104552
6.710675231247774	-0.27482966104556983	0.018959685729055743
7.476843117306587	-0.3395668380290728	-0.15610435401294553
8.891277779686416	-0.652723325169791	-1.1152436531009664
8.046244949776892	-0.62591024427393	-0.3540773769112089
9.25751241687314	-1.9494568280004207	-1.0450558861717396
8.405407558441858	-2.564256892127321	-1.1037065898444491
9.271401404860852	-2.904435170054881	-1.696226610192493
9.232253707099915	-4.595091369554761	-1.312921203101288
7.824453611702903	-4.771985916129397	-1.1067016087803077
6.506766243798506	-5.200977740797594	-1.591199599502002
5.473062424495994	-5.504749854562544	-0.9686956659425994
4.534445118172463	-6.717972363493798	-0.6576664265941959
4.612469648685544	-7.083686660563538	-1.4153425602734462
3.3748274542349352	-7.049007095250465	-0.9180719301889078
2.410098137029191	-7.104286942409498	-0.985734987760932
1.5883954855102607	-7.024291674708007	-0.7432780529375355
0.3043847043098199	-6.79829091544346	-0.7466797596142531
0.11333684279156114	-6.463315409668931	-0.5053195831310693
0.25788987790048046	-6.262503128905684	-0.08313476624520122
-0.7190228282133746	-5.583760002067363	0.9401954609513811
-0.7778900635172128	-4.623273004106061	0.5829937802949299
-0.5085910691757027	-3.054891688945749	-0.22607133553715608
-0.7633584252130224	-3.1216105976613093	0.3643983924934704
-0.0118346221230623	-3.3093837981179846	-0.13098674987162318
-1.6270299356473774	-1.8704933115271392	0.04618246261454756
-1.7332206625104152	-1.5367743288954214	0.5603321252592273
-2.5190453634669003	-1.4922883216869638	-0.07689437001600091
-2.3742284862603995	-1.0958446304091942	-0.3893409006312595
-3.123150717252244	-0.5277423699479236	-0.3565372665881382
-3.011440350397571	0.06579891698538756	0.6929303269909441
-2.4452974414392155	0.5907775320343986	-0.08916219099439959
-2.7623741488854834	1.2230252997977895	0.7509135566303988
-2.0947364219923834	2.583927238453809	0.0900012064703606
-1.0320225525279594	3.2574636837498696	0.6046282966307119
-0.570685924107963	3.195415983121412	1.2657454568342004
0.06995252332446267	3.40556418549554	2.0646265665126187
0.21506957326448956	3.580493083748843	1.578145023755698
1.3289736462572037	4.300396489653008	1.4476813409757927
1.9621200831340024	4.06385552450435	1.308756095480968
2.021067819731589	5.115999151201612	1.2877348205034944
3.496631142511208	5.0336102981214434	0.6675558121340258
2.599179996299682	6.021204081334188	0.16805538027516476
2.8766578538208702	6.285547502296346	0.5333080799723094
3.594640822368104	6.7471292838101	0.3132242822319061
4.273255936853472	7.083321273975155	-0.9153206333004762
4.367810133919281	8.283679162221459	-0.03863372947495103
4.880791969233671	7.954706307468251	-1.113685664422034
