5.264020178554315	-8.832945667415474	0.5703957527228065
4.816675397361582	-8.623318870308834	0.9647096296529087
3.3248409202795126	-8.480590600825877	0.8067670203763523
3.1509110730511996	-7.342824393946837	1.7606663797039177
1.5313484395861816	-6.338760813352413	1.470053816511849
2.1488056837592695	-5.708398733823988	1.8011035513241422
1.4612158025598245	-4.154903889830162	1.9976324889304649
2.8373068171922196	-2.9483794502665877	1.2272715275512431
3.254313269644557	-2.1449534307802063	0.6843499426339845
3.8789591385643294	-2.0415354893833517	-0.9919990626511022
2.731425628115827	-1.0958361665510932	-1.6891790831209006
1.45409619594639	0.5997245300505168	-2.0975655576653898
0.7253006518967395	0.012705477234999894	-1.5404473019128306
-0.6415573301605002	1.996346628612759	-1.5313982558865444
-0.6170268232470459	2.459147883365017	-0.6238457758676064
-0.48795720717635543	4.186600053655995	-1.0655215930432407
-0.04440739187419562	4.8219006818419885	0.3056326585907168
0.6245628924648563	6.734902498813545	1.3491689486678302
1.223547958188167	8.126672337496014	1.6280455255013981
3.173894434025965	8.036626126477737	2.0955199942015765
4.51650634238122	6.849514644329522	1.985189202961643
5.42365873252525	6.407981555815658	2.1618163434071502
5.926641292443077	4.299868029754532	0.7887357759702638
4.97437923781302	3.114019189879799	1.2286868911256963
5.284737394823084	2.414000178172803	0.2473748197673119
4.538081787225062	0.8929234299308504	0.20418067981792726
2.856250113439993	-0.031884175238264034	1.5427131184462028
1.4720105932529084	0.04936840722100322	0.8390499650757586
1.0946923156714323	-1.4473430866304298	0.4373168347005204
0.2833130417985712	-3.0608569397147782	0.03666647041888982
1.0434459000964997	-3.5429671892495453	-0.2115104068696534
1.9217748344305654	-4.082744437226286	-0.9467800070149569
3.858048433231346	-4.583312441744478	-0.6176903718781857
4.63424085222894	-4.311328307848864	0.40185279602949786
6.2156214486191095	-3.3315009594649148	1.629006726051492
7.481873694797924	-1.7075662409037773	1.0379521056867613
8.235861002415774	-1.5236372251889914	1.0791507043292698
8.780482329921721	-0.1940678250617206	1.1750057250840995
9.34758199669015	1.2523530446953157	0.8407456406627021
8.275687868575858	2.7908518375428475	0.6001962973845326
7.250605751149169	4.1859571752706985	-0.30568478455512604
5.975830218572271	4.420578250702105	-1.33208888928167
3.385280154262329	5.467695707525076	-1.9439626397768013
2.7002028630631427	5.231265644399558	-2.1888053910088905
0.2444113099266511	5.64492662602033	-1.0259455411286205
-1.7733259147925418	6.121125921560196	-0.5100779299454222
-2.7760506198141672	5.1120332657355405	0.8136684333922073
-3.1286560836161588	3.6659607433652788	0.7784034343936419
-2.7297239450393205	2.6637112663381775	1.5344008323459395
-2.2473147357966448	1.1878111496521793	2.391490725530528
-0.48287395148366397	0.5884696924355555	2.3881932324121093
-0.04776561915100161	0.9297306871899786	2.081756308997104
2.091292429164734	1.3316266637921124	2.078294393640976
2.9864175461959777	1.1227680469817662	2.902151894829344
4.865149813901022	0.9937281863704734	2.1877172925165316
5.62911902456714	1.0355857271759732	1.8215511152478172
6.084786139168444	-0.483314330626086	1.3118210906840093
7.516864801788133	-0.7771783753962349	-1.0112520127533238
7.275415332648549	-1.7822563168428585	-1.440000516962971
7.905953948880709	-4.465274050298143	-1.1924729764961117
6.571745316027036	-5.656066435510861	-0.41796190850359727
5.130584152970116	-5.931060209044569	-0.5265880479557372
4.529946341286854	-6.689715013242029	-1.4180672247145805
3.152908692630099	-7.572377410240968	-1.2948604019314107
0.35933562848306577	-6.383732192448559	-0.3721364038941939
-1.1116272954603112	-6.572028388987869	-0.4178883235653201
-1.6876410776722832	-6.244692871604451	0.9550823790681785
-3.4252276748719863	-3.8564127642034203	0.462661390094988
-2.782753389111389	-3.396845334742764	0.17826588352648237
-3.372028195686383	-1.5024407379538398	0.11604207322334437
-3.952793000346249	0.19289886396389533	0.44825229557187285
-2.553505773158059	0.7170788118981692	-0.25076323376751547
-1.0553359645630753	2.1052606946973142	0.1310292392822212
-0.8591268225928341	3.1247878663024373	1.2635125811218837
-0.03958968255177066	4.033773270415064	1.4211188122546465
2.027199062387176	4.710517910069833	1.792776076362094
3.0013578356852033	4.9364590787962594	0.7735607776499606
3.127054735755227	6.485385200642202	0.2220076773088938
3.6668099086870662	7.051287480958922	0.3067493762069402
4.953193988022827	8.817972970608656	-0.2680420733386122
