4.222836880146338	-10.150833712081196	2.3721639719114984
4.071552415079885	-10.160889569669326	2.35320668428767
2.6047441963157247	-8.453816363642462	1.3468628794825002
2.495944216649334	-9.079696960920316	1.1296890926746828
1.8844357264948675	-8.150820247025706	1.4579502525757502
1.6182337283899146	-7.9413526489697945	1.3083444805907165
1.8921444644546042	-7.676011125726527	1.1292199402992644
1.7218080486770044	-6.041358741108631	-0.463892566712756
2.61969561484024	-6.233925666022927	-0.6300335868929213
2.7010985920813804	-5.4339835075307565	-0.632928819560142
2.7361144211799564	-5.479552742808157	-1.1899072122962944
2.857350912379548	-4.724728503887568	-0.7324397956546456
2.917170256334018	-3.8826725225421477	0.1216749107723275
2.4448606980474845	-3.986520971334518	-0.3047618624526283
2.9101767216883236	-3.2968859646361843	0.7472140149561819
1.6309342524605177	-2.644034273425948	0.7742434686033783
0.6312095883267124	-2.7684764516208604	1.8864453131639054
0.8398665764155697	-1.7082359722496496	0.9403279562997329
0.3146840791753418	-0.7485784958825145	0.6862423150525918
0.8063665843865091	-0.2226277838193903	0.761504144849156
1.4744300676302111	-0.10643504669357717	0.16049506647575185
0.39070560272776167	0.7742040584856764	-0.4166405396277282
1.0971817914167838	0.7949209747810274	-1.7353693342305816
0.5235203624000692	2.0298482787820458	-1.548383739967555
0.7822120058424419	2.539646178449781	-1.818079329784216
0.5753551662704479	3.0015868500382585	-1.6893067439130651
-0.4075701455765255	3.8083259227225597	-0.685151541877405
0.015259064409318457	4.476174657122395	-0.09495276917752937
-0.16642827031586283	4.020516919202462	-0.10571282814156674
-0.1710500835803171	5.235321535368014	0.9040413245666343
-0.29683719254245605	5.274430148853789	0.7887083315705358
0.8268240870478444	5.352370272839341	0.5882943693089691
1.3701898200943672	5.249252472315208	0.7851750741447765
2.133023515079613	6.464617129539243	1.3473984409122775
3.391317052433936	5.747288281890119	1.5363376927557706
2.952637832426501	5.6022123718158685	2.6229297921034638
3.9597351072784917	5.380215492253548	2.771667997208705
3.708123814884355	5.070931908256128	2.729140511839338
4.406775028821694	4.5033352697008695	2.118923769086254
4.105764921607668	5.060099307172724	2.2134559577918647
4.82921158079864	4.567427327796704	2.0542355950818303
4.849178964445744	3.4329971081024024	1.9962753858454523
4.276647454047309	3.1720214553375534	2.5755528011401356
4.387511115865959	3.324236755030347	1.118307378553673
4.574306662760419	2.574100669678739	0.5171330661605289
4.517199992620147	1.5284585640965358	0.012310781971100498
3.4498190439370138	1.2936920783033954	-0.11593457872030011
3.422206559841756	0.7777819758473424	-0.04137731602883954
3.8183017398190557	0.2568589469996582	-1.2187165836201719
3.9587908194351105	-0.49646749303656335	-1.7825046243530243
2.831787430975231	-0.7216376474647088	-1.5952314373369814
2.848486502853156	-1.7608014433217503	-1.6411044515841944
2.4951904847855815	-2.633944310644347	-1.7191810601881976
0.9636267911239103	-2.8614186451017387	-1.9735321537072856
0.05851149767287442	-3.543056547339246	-0.7110729147650876
0.05263394817316569	-3.330056087091564	-0.41646995269616205
-0.08811869510300585	-3.875190245676145	0.14881048595256208
-0.7103448337474383	-4.170075608406488	0.9832514383548132
-0.018799729109926777	-4.790605959099294	1.369445529439884
0.5228106872962336	-5.5546369770960435	1.4725993761468643
1.507643190534412	-6.291093419451374	2.5062423532339824
3.2339655455125325	-6.090665175027405	2.244337728374722
3.6239122325753685	-6.424521722290169	2.858795920317876
4.516389725003607	-5.608166672796667	1.8728172284040339
5.06970926689534	-5.566094880704469	1.1562963421922814
6.545300449809462	-5.1115587312269	1.1445341187934606
7.6447698172916905	-4.6490506382360195	0.7831427619601194
7.818106768704062	-3.795965582649017	0.5102466682494413
7.303563146706327	-2.9758805240709068	1.1769022183659799
6.641412876538133	-1.900064382741979	1.0039717630517924
4.499564448086849	-1.6915967108584167	2.7494057506400735
4.495968496451003	-1.2102496306749524	2.818583382589879
3.398750857875159	-0.7156529637873845	3.2581855858829942
2.741833681093383	-1.2526577503510217	2.4346695143551593
2.102185024069711	-0.21387332271650394	2.517810016704393
1.8929395577080237	-1.0436875815691407	3.051487928589018
0.8241895213825865	-1.2431730691913323	2.835465795983751
-0.3849824994035792	-0.6370306426310188	4.099480103642539
-0.9710636809296769	-0.8550126483453278	3.187308294041936
-1.4610709894466767	-0.47382121993569837	3.2155264360108986
-3.1798483353367555	-0.09513018069536361	3.0416274969938346
-4.006700138830551	-0.17534607645323352	3.4083308088852897
-4.420526270490749	-0.20748172864572206	2.6853434758163917
-5.619532333646771	0.08468090141253093	2.913070043290876
-5.8031330646899715	0.4877860208042589	2.1931248229989295
-5.749022510077689	1.8854037459960091	1.2909984801519294
-6.462494043627062	3.4312340800559418	1.9956424269994102
-5.719430207971886	3.7140744174903384	1.0733884471173414
-4.856895749410809	4.728601983911023	0.6276466134059865
-4.232324291148303	5.736434963035229	-0.10131946625968638
-4.071116774107702	7.526639908000171	0.16391221122491345
-4.030230972149306	6.698935518672617	-0.669915579309069
-3.194595323884937	7.499462517939272	-1.3085203917753887
-1.614442568937819	7.223237705691456	-1.7745845688496336
-1.487125155109403	6.882129809833751	-1.3280519312523598
-0.7769747033239449	7.139796014054998	-1.986162015444147
-0.19989686585777067	7.393097845611601	-1.9118754372178435
0.23403118204821216	5.5420228585993465	-2.8547686315441334
0.5425967196996492	5.458857873255619	-2.344569807527283
1.4706487989649484	4.449166938362684	-2.7987717484607995
1.5521300959774054	4.4859579342851745	-2.6024803475528016
2.3194674708649603	3.7408269925471016	-2.254356513697002
4.078415873671374	3.4282249710662596	-2.7262649119370974
4.047712321853478	3.196322117472418	-2.4985010572685185
5.398452564400859	3.859341601828249	-2.620828891555957
5.998678984178042	3.5787506343723843	-2.3999032335782817
5.978637607690211	3.9467618272447584	-2.268828919902162
6.541418511175795	3.6412524056562816	-1.9384608388647884
7.734616061340729	2.216377534097457	-1.4047436817448875
7.819954514221224	2.648957181685344	-0.36810001247060575
8.76930727085974	1.5951214922678199	-0.7928937904397805
8.299659283613035	0.8452386931497449	-0.03614684514404731
8.933408759739041	0.008423642427926314	-0.40526426966298146
8.589129587772787	0.3358151414327901	-0.5027204536014116
9.268287993443513	-0.8862556617790831	0.1592410015358655
9.160878323340459	-1.4955023946082213	-0.5016509060612699
9.286178414356602	-2.9262012236692194	-0.5107697291296043
8.303274915572633	-3.0511213329183087	0.3187628630190622
8.64553525469911	-3.7746932484222704	-0.38025440060380467
8.272142769890026	-5.0594151925117155	-0.3398142913425848
8.348886971458338	-5.390779112444232	-0.7581165446956435
7.291950060547527	-6.448983085615282	-1.0529856041515795
7.168373025146909	-6.47686479141127	-1.033143887697125
6.068901018754561	-7.430499900549305	-0.3887497971400773
5.715440045405201	-8.053054384663644	-1.6750730103110822
4.562716754380824	-7.451573132067996	-1.5849593734508982
4.1907372873549615	-7.985680278133717	-1.8891084244937666
3.3390260359518695	-8.702334712200216	-1.1987967490941274
1.85840082539118	-8.337489026022755	-1.7291814686802498
1.397305647671769	-8.760493524397916	-0.8507186096103303
0.5622809468760036	-8.938810507032025	-1.8260808807933455
0.20451322168954866	-8.198861055624135	-0.7553299299558547
-1.206132788541006	-8.060048440934784	-1.1700472879926993
-1.8826907530580022	-6.845560299933453	-0.982553144956448
-1.8953858785847297	-7.178444170848729	-0.30595441839848936
-2.780644778911856	-6.588840445056967	-0.8885371989299362
-2.3094103599681146	-5.911592121911632	-0.2518308550522449
-3.3084627479706756	-4.859392366909977	-0.16845312155876813
-3.58743280616351	-4.467527021571321	0.2876176240026602
-3.265149053025368	-3.787925497135383	-0.1335442004824463
-2.9253857092685402	-2.8000589150577655	-0.4686440523867213
-2.9774841601714486	-1.5842263522440527	-0.11662622138822798
-3.3823179495828026	-1.2183774609019786	-0.3881584068950096
-3.0216112608935557	-0.9519919122855717	0.22939693247659537
-1.8516794511995376	0.2645760555358596	0.8075266399390548
-2.1360013479364377	1.2326032395814523	1.0494873690329674
-0.8186565267503682	1.594822566946966	1.402345378123893
-0.45934459298671004	1.7373473784587241	1.2906152089407483
-0.3722917270945693	2.4521616917224787	1.3091440651909874
1.3296366417183347	3.0936211619778318	1.3112777821374115
1.1218710893919854	2.976503320309038	1.7389246037381447
2.0523903928412928	3.820147092309124	0.5960788428646142
2.073664412275432	4.522835135332064	0.3964266971573397
3.3154838063785648	4.567860309903439	0.11306267233417636
3.18740205429932	5.24832170946456	-0.1994639799884228
3.902235381944555	6.392676437251755	0.04993147903976847
4.507007359362099	6.3454709586670965	-0.22904130387404875
4.910540728068478	6.7658977346106095	-0.6728472702075757
5.630495980144248	7.201797705910404	-0.6666412098771493
