5.784003280084556	-9.445115478381226	0.6351480954048218
4.188371185001748	-8.570471606424894	0.8409054039477413
4.079228648458149	-8.319801908550142	1.4909875648850728
2.6934473802201087	-7.543701380792783	2.194060712481401
1.5869173319867753	-6.894926431543032	2.1893637126133454
1.3327585804292355	-4.926739735833523	1.8337952900234322
1.7055545724067316	-3.602486736029955	1.9695738076773281
3.481019326244119	-3.5903458471896146	1.2336571166807622
3.9889226284392914	-2.954805020143449	0.2178435009326356
3.719884933401318	-1.9626329148982697	-0.6367454588169856
2.646611655834713	-0.8827675151532226	-1.1379781375068276
2.1515494950760097	-0.6097746942171751	-1.4059659763606573
0.7496255625681744	-0.040131217494339046	-0.9500555948682972
-1.1875199443764537	1.3886107321676813	-1.129000129805245
-1.9883749449378831	0.5567220530564743	-0.530857154257685
-2.691976518750123	3.8275082313468274	-0.32904220086844016
-3.164956351955555	4.178413536593424	0.7057540448588577
-1.4058204592861094	5.896255730163456	1.0208443037765764
-0.19725361050641615	7.03035339559759	1.6250776365327118
2.632766979879058	8.253279852235517	1.577009484479813
4.680688125226564	6.974705404250304	1.54029439780998
4.7673272397565105	6.389984581682135	2.2553278840100948
6.384985908293343	5.651064983854255	1.1483424556900577
6.157731065680117	3.5786858759605233	0.03809439210347286
5.275991797668482	1.9109230513966016	-0.5823086375199902
4.591401783210833	0.8089134653660747	-0.1242376972193251
3.236288545455114	0.7115562746517744	0.39528022931444007
1.4876912336537864	-1.1055145832854558	2.0850456873799343
1.5119823448562477	-2.033509557156892	0.3212753824779434
0.6679286719364329	-2.9733831438736416	-0.6992017705258922
1.9972841463179805	-4.0819192105169035	-0.8815300200777934
2.0770355604848354	-4.023519641388477	-0.7651589546833922
4.189198500425366	-4.5978171053258805	-0.9658198130695763
5.119891335721233	-3.73133632720891	-0.052842171246018865
7.057110018730945	-3.71681453789457	1.203526653847124
7.467702163802565	-2.296811199470927	1.802408425844086
8.724468590093993	-1.7541361491980483	1.465686190744035
9.365754951090764	0.11805800503666608	1.1602663332934686
8.575924320801091	1.6684276403143146	1.0856830779165205
8.16238809714445	3.281441473407262	0.023047076206199946
7.2558629318833345	4.154002503396706	-0.6158931847330145
6.332456255083069	4.924785702630017	-1.8021213194381283
4.512581613657065	4.853027387230138	-1.553097231730543
1.6804305295640611	6.386971318144558	-1.7757736472089634
0.17182954472610024	5.488542173515863	-0.9594113085311626
-3.5280934725846773	5.681069124415532	-0.43545478769067875
-5.024614916841096	5.53642007408543	0.5696801751962532
-4.540014324241939	3.5906701177370968	1.2735093740244363
-3.836409628517588	1.7028496906054023	2.3935228061688822
-2.73613062369936	-0.08914379925413263	2.2465467182247787
-0.32286702193068106	-0.4984962936547113	2.388588350825437
1.27775279686147	-0.08367819126792492	2.2786991149641116
2.0541327585965563	1.189285050732304	2.6209474003983453
3.6803422039724047	0.6093550961413415	2.2355587208073158
3.49709147864125	-0.36829089900844436	2.943536318145903
5.464446624041973	-0.9130110387394581	2.0523158744650827
7.202667290400459	0.013679755855684317	0.1877314539455838
8.492868668847423	-0.6151457748426696	-0.46203720397992687
9.218801838439738	-1.7764989962281912	-0.9045926406728779
9.322967568286487	-3.8537838850571546	-1.7180185005327253
8.681761687308384	-5.03803530601478	-1.3447252027139065
5.426647254973988	-6.69043353428964	-0.48759223469128554
4.642591510026732	-7.281362623989156	-0.8866541831593908
1.9545940549791494	-6.522325733527718	-1.2514390536653062
0.31359759345619476	-6.86775146859138	-0.5376014868663538
-0.7468939456171431	-5.307207085151328	0.31795518050060445
-0.28592157171102917	-4.682978170161945	0.9004114304847346
0.2790277312554914	-3.8617545294116296	-0.16198436793914128
-0.5727690971155293	-2.1965947330416085	0.3419343450334513
-2.3045221674207257	-1.5854302617745244	0.12297552704056902
-3.562898414911762	-0.314049996474869	0.16881997495594014
-2.1942320269585256	1.082623702999988	0.06281239911933673
-1.7823747166340473	2.4070641844460487	0.7062540268019122
-1.2961680682614385	3.260913286633534	1.1217379955430664
0.6065969128007362	3.619787358977386	1.9606342804655434
1.4095508959736596	4.396552519093502	2.587338558538239
2.873116965005652	5.386427780421166	1.4849252848455612
3.853420384543446	6.984003724689467	-0.3199183683895635
4.021000312697762	7.5198434837433865	-0.30469495452422324
5.389426498861581	8.457003075705124	-0.4611611978439424
