3.5837514451060986	-10.51571934915117	1.8638261258022661
2.76191474889303	-9.14388416673734	2.1295979323616603
1.9233222966819041	-7.731621687064674	1.2544365279486798
2.3592901572077833	-7.255817448218812	0.43400585219995735
1.6812383941885698	-5.620945922285048	-1.0250818361653387
2.451271276641021	-5.737955297659399	-0.8317012451430998
3.288358162535454	-4.5130466062418515	-0.09892435679985223
2.650974127681608	-2.3245522072009352	0.4144636974647464
1.4719730038604995	-2.341670368513708	0.7763889981620951
0.6270998288894117	-1.360254238518426	0.45732380010181795
0.34237546035110505	-1.081082925948155	-0.30709608381041054
-0.4676115844643471	0.33228064462160944	-0.798726160631555
-0.5766539695492192	1.8889774224652671	-1.0080885391955434
-1.477348168860897	3.289225919055862	-0.9959123256953897
-1.2655715079633834	4.762513459410137	0.0879493064539435
-0.36955159391146686	5.82415606716947	0.35891754864062636
0.41237175749205796	6.034512663134939	2.099860103444141
1.9153210547077566	7.056858684469785	1.8063400857497176
2.387858386535198	6.57056275006424	2.7275090086942004
3.7721238997984115	5.569697010909579	2.836131222597072
5.339298199037786	4.418488995856696	2.1482859992976375
4.899406773069201	4.111481331179689	1.757548460913147
4.482813934033563	2.290802106141166	0.8525467586409409
4.709311567394851	0.6745734042875865	0.23664551671186662
3.9508256540669633	0.40162480462689804	-1.1718136619931927
2.7873046327339615	-0.5997071352081615	-1.9687869749510631
1.358809535497802	-2.481067719860791	-0.9705099391478198
0.7980595097625026	-3.729242108865802	-1.2566946163463424
1.1538826132947158	-4.628618350298257	0.22923181274648624
1.744167711070215	-5.325270833828551	1.122356258283131
2.5822371552440733	-4.916725722453165	2.5406919716605496
3.4679987730972535	-5.089599473305761	2.550378995771047
5.0134196848467205	-5.325478512659161	1.3370275471967379
6.138672672215247	-3.78142903370317	0.9300173863164871
6.066654639726071	-2.1224780696754904	1.403184169016116
4.6491930347488335	-1.249308963267623	2.6697820573711173
4.052915617101885	-0.5097035341608822	3.1654597801852207
2.5013525875610743	-0.2902665737023767	3.885502292371566
1.2915659619248236	-0.33690244057074803	3.8385781901482563
-0.8725479820000623	-0.05476323473579209	4.008067381826782
-2.7814384360469897	0.5966209743243194	3.0474953816974963
-3.572077999412856	1.134035328537807	2.4140530591021347
-4.7796308402048675	1.8088880388798905	2.4838928169894547
-5.185851697161095	2.053848114895673	1.186270590205905
-4.970904950713521	4.39328805270185	0.2776993157177501
-4.570370914985864	5.163154989195459	0.04058070681501791
-3.583330241424538	5.736087619342487	-1.6361967016507744
-2.4483366642593007	6.537391414473681	-2.1941281137706445
-1.0611013706891375	5.448582886545409	-2.1133499689374933
0.7740568148838757	5.593579707353414	-2.8539202017589407
2.2544089317353855	4.069971972988105	-2.426591909181338
3.2878876157576733	3.919759514862079	-2.7721824144564002
4.940127548699079	3.2342411992089493	-1.5484219638357595
6.605635929637219	3.7282808512879226	-1.666525710479125
7.813153486258562	2.57045955463589	-1.5858754214940645
8.850063011493784	1.6411540810221537	-0.18911975770870093
9.247970608231658	-0.22741433641873793	-0.19079992421219905
8.712668301989481	-1.3744291581391836	0.047132719915475185
8.502555977930935	-2.2314955530714995	-0.5105633737828006
8.781698831938623	-3.6929307535697284	-0.2564600233030143
7.80385137904389	-6.068373536774939	-0.3480048032353118
6.789882993414732	-6.414791389837753	-0.49316218082699304
5.290787998568616	-8.160705998811084	-1.368143463186551
3.7113224791432025	-8.769737041392311	-1.9889042725621682
2.445716104422706	-9.270697011295947	-0.9815570158491185
0.5542471065810383	-8.648187348373197	-1.413474141407716
-0.6854983048563371	-7.939125135731294	-0.3603467557296858
-2.0105592123680296	-6.490318394359441	-0.6398907502526796
-2.7062180739860935	-5.983951269004248	-0.17383580404319665
-3.4019762310979926	-4.282078522180636	0.539658041457121
-3.622870626176267	-3.0397808704432183	0.035931276328384554
-3.4484621791992605	-1.1683244994696564	-0.38923674861081453
-2.47476036451342	0.028292524746394043	1.242380878575279
-1.4699372028210473	1.1843177587358489	0.9059126540835953
0.2840243750660451	2.733155820899058	0.8968359199236439
1.0170738881247818	4.156374628904711	0.7414532056273384
2.189736049873128	4.741963440297967	0.2871612023689011
3.687670558477387	5.843297634651907	-0.22143776649459845
5.1415800971298875	6.407474629342112	-0.5965358455984053
6.107041327729841	7.143381919311535	-0.2638095691825544
