3.769322572521476	-10.353857234923336	1.445162482533512
3.8969729004074045	-10.095156422610449	1.994987775002488
3.6079485154053406	-9.654702740404487	1.3941665594502575
3.017032387963919	-8.87524485458909	1.8866433088070278
2.2273462222271774	-8.118374720325104	1.9577346407457754
2.07603976820925	-8.101032709588313	1.3024852373507596
1.9740433253131608	-7.496095719405366	1.0226902520064667
1.9651421482569233	-6.212422112544473	-0.36640077410478344
2.256395057319713	-6.049863966725575	-0.6111112890160032
2.5498516074019046	-5.632840209007675	-1.1415748875335414
2.97714365928607	-4.581026153373551	-1.3875395735481368
3.289188052779391	-4.362631989197509	-0.9855140021949198
2.9301890383088645	-4.028485901426033	-0.6607772960364748
2.67590838650369	-3.251860538742126	-0.2948710423804756
2.3826792831242187	-3.4459920515612725	0.7315054296508063
1.0375324354516327	-1.9267889399259577	0.6645185746721908
0.8791995397363215	-2.9854457982166713	1.0301426940916307
0.2152148872915381	-1.8625661197116385	1.7472887080785817
0.29534931116687746	-0.7382155954466754	1.1327513078454698
1.381105506849368	0.10769295991269934	0.15264987536306593
0.4482199575346902	-0.12834283907334587	0.5788539620312226
0.6014364959238064	0.8636092112534488	-0.8640451411019106
0.6946189666281508	1.0140021391583594	-0.7954406034850678
1.0528547475550645	2.1831561607016408	-1.7524223747162406
0.3467678010030298	1.7731776333248939	-1.6257466238714664
0.7609214861639314	2.9766408007672256	-1.7909471642062742
0.21883896992141294	3.243008850633993	-0.38674461524298054
0.504250405144498	4.518404959073701	-0.6165933457829551
0.3246024349149018	4.3489189533470425	0.2709845027422608
-0.41589352183958483	5.583458982775051	0.27910829829984424
0.03869160541529659	5.313776202878939	0.5237431199614421
1.0556515114924139	5.763686311276842	0.8655343180333769
1.2778910012314377	6.181317685356369	1.4381945011663426
2.1271854091324633	5.5454865583552815	1.5919062047157435
3.0527303341450094	6.851132900666877	1.0567792399474971
3.8398064298798715	5.872181166984848	1.3289231355895383
3.87308703259811	5.69583538990317	1.474598948932792
3.937290856839231	5.200393313829724	2.9004334669241256
4.116375352383528	5.107040306316914	2.6544622274185112
4.356739440265226	5.09495113428707	2.1112103568610285
5.249073966413239	3.8471654495142764	2.6894677677761347
4.575874584257134	3.714024411602823	2.536226579003009
4.367453399752875	3.018697973961036	2.3218031239844406
4.37767701087039	2.7445200542951858	0.8836381010722859
4.124069617999431	2.870024470040754	0.8672525902205019
3.7113289668496607	1.9674860722638783	0.3784475204907721
4.225855026500928	1.4257981434033804	0.18406119843686097
4.096517007168051	0.4636934327354973	-0.059713745661992945
3.3113325932168554	0.26855691640219476	-0.5809924481390385
2.992303093620086	-0.9150171506964788	-1.9645531643534042
3.279888605813823	-0.5817640360514933	-2.152849567995151
2.873490137650334	-1.4890746097284342	-2.0790491022506217
1.8331090267224426	-2.403436123891588	-1.7942827119046285
0.6513268678658526	-2.7969911755650925	-1.4513592925606196
0.3170149588064515	-2.7188837067532186	-1.3192620574471363
0.12126796406941431	-3.9348996585598326	0.09770783669723027
-0.21226779828875098	-4.0394412334104235	0.3551843421022579
-0.41733349298556033	-4.398675331303801	1.2229879135174437
0.22157020730424226	-5.425406192289328	1.042136103883985
0.5291339521868869	-6.377475618591309	2.3322722683149473
1.8111657678600261	-6.742690892402847	1.860794111514731
3.2756898707861755	-6.2996453816314615	2.0343402193756948
3.1400166166070056	-6.130899597266392	2.051075107610697
4.114243651636242	-6.258612253596766	1.4804497191303092
5.469785013769648	-5.747409941122428	1.1478382051607656
6.042891890093987	-4.500874430834544	1.1173106906802448
7.037182670451504	-4.6703107876178445	0.992442132102396
7.228325378075602	-3.37544508399765	1.1084244313694476
7.877213351000486	-2.7604350309287455	0.4992018340363767
6.443712306162201	-1.3487819784592625	1.0548361754689735
5.736668864385298	-1.5832425497730727	1.9557419341113693
4.1321039822283705	-1.2284350249088731	2.4318568636566025
4.396538001763826	-0.5832689735779135	2.8479331852132375
3.5496335250474473	-0.4910274802318162	3.071080023258613
2.541434165827381	-1.4317994534778014	2.6407355056443462
1.8456996526952372	-0.316742268918504	3.205356057990495
0.5859572325015556	-0.5790262508315467	3.5885818177912707
0.5924258776051305	-1.0760009831256383	3.3386809022773267
-1.209571982361659	0.25908043881215725	3.1934664560284665
-1.8545251321547387	-0.0710165539194112	3.470775812866429
-2.8617625071006945	-0.38377317253286414	3.3357660799852837
-4.123895369563979	-0.7096819177631595	3.7276721436171254
-3.734834986427506	-0.36127993777758666	2.6172594724768183
-5.45425891366199	0.07815123995486961	2.626079556001701
-5.956768771006622	1.1133296244240887	1.5447637952826112
-6.423312898315089	2.4276202944999907	1.9000447043049815
-6.431454641482527	3.4502326865333455	1.2188353305281918
-6.243196571267559	4.3175720778471725	0.41111134272685057
-5.986551629544575	4.518721716029513	0.511281829224136
-4.384225555066286	5.691765403866376	0.30209424131826157
-4.208235162522834	7.538546721856344	0.3944683067285842
-3.5163628069153203	6.679319656853139	-0.5433788550165324
-3.505697161147697	7.062970367035244	-1.3566839816287672
-1.8454748980599576	6.868372695672791	-0.827527295391933
-1.1766576108108209	7.2504236391510055	-2.0825958419414796
-0.2883908423282562	6.608828267482161	-2.389209049649056
0.2499854730489729	6.65711188716735	-2.435111611989209
0.6630497061891355	5.987923539461385	-2.4853367059886673
1.135791808880085	4.855423791257478	-2.4192137804494793
1.3133959847336945	4.801115665328667	-3.0022865696621426
2.186950896954791	4.502185737544194	-2.895650308187585
2.8214263242571134	3.799253341542308	-2.378805042065885
4.028388158095675	3.822664534830573	-2.2404770925237334
4.489581279732276	3.6159481061716194	-2.4774094285394685
4.895508741408992	3.3270919741643463	-2.743827549603432
5.827719080530091	2.9469317196028464	-1.9854943573399622
6.927780019075457	2.9813577516137224	-1.5152250622327705
6.4635085505430485	2.685918956236457	-1.1365051806767366
7.479711636232842	2.464344076371578	-1.0043706055845005
7.7201051152881774	1.7223168779888716	-0.6444628356898874
7.988153347339924	1.2871812638540376	0.278938970032534
9.19032665876569	0.906195275872103	-0.33010905390600753
8.63632112115343	0.2040381197256096	0.07499244517235137
8.52674346710938	0.3198325478422954	-0.1186895245415518
8.91102527780707	-1.2016535944458957	-0.3243825112774148
8.880459728129619	-1.582673704830278	-0.22770289839925872
9.397374373366524	-2.4079036260802194	-0.5500065785630491
8.2942153184156	-2.7593203894024145	-0.01981476543143601
8.015030689911692	-4.621252295907912	-0.43721210298721647
7.580702928088168	-5.3066448438707035	-0.4763783731942513
7.180948315090007	-5.153821477383549	-0.7155850320300203
6.626163781838744	-6.628637144833238	-0.2793251774960537
6.729286739440756	-7.125684446164994	-0.7371278494576645
6.417271699623679	-7.165119524408327	-1.3483855025974139
5.652311042263378	-8.182645984390252	-1.0081981895655714
5.300121107594818	-8.303926991055539	-1.670740524455728
3.9077045428835944	-8.402301845804846	-1.4404810003013282
2.609202911651556	-7.752903467504886	-1.991561376902345
2.488572928476109	-8.508332747069977	-1.423616815158884
1.1213150817590745	-8.269685042943813	-1.174227977737398
1.206386599463134	-8.58298134382731	-1.8517821816730689
-0.17687835157906817	-7.943235872120273	-0.7775616751143869
-1.0718558859231968	-8.4440986562035	-0.10893434727811968
-1.978666895026915	-7.853151203072189	0.21405284685449222
-2.271079881122643	-7.316376004307385	-0.995573652941947
-2.7084461943916027	-6.153910257356116	-0.8714437049091929
-2.1201167658152755	-5.754079778394076	-0.6660491778071177
-2.744467177553134	-5.320519558135698	0.15159971088120372
-3.3068074458546453	-4.593825999527429	0.6070663543003243
-2.96896651419996	-3.6405382264105914	-0.08305149699175896
-3.9009969187726448	-2.319365406533704	-0.27285338053547065
-3.2128228007582464	-2.347358026030269	0.6104689400873823
-3.3694922229736157	-0.3546773187283545	-0.2091939435941127
-3.1249875306123145	-0.19849543810715164	0.8687425873573559
-2.1661177033133656	0.0942717857305283	0.4650082363555292
-2.0859032547028282	1.04758079333894	0.9041036986094277
-1.2419451127653116	1.3721119161984425	1.5782514569363424
0.1933732511180899	2.015777620562247	0.902274011725211
-0.04023922810926672	1.9284521048918675	1.128337534967239
0.34425249083833276	3.038135005789519	1.980577562390871
1.3029081008993937	3.6306289409720627	1.3847277805524647
2.3166995153452654	3.556309379554457	1.0446390050337442
3.079020103889237	4.448070454433559	0.6780058526783372
2.556371715167997	4.779252259830921	0.7394211103279917
3.3364701110325283	5.62490317724818	0.5880835887048351
3.6823757275045232	6.18758475042427	0.04088908675493652
4.594177026026922	7.13672428159042	-0.6766716986346192
5.1352153158178595	6.52062799702902	-0.3483530143533339
5.34226644115795	7.410861482968346	-0.09961336050637093
