5.375407748946108	-8.461909533893213	-0.07173780800096108
5.105869757535522	-9.034256339572092	0.7557379720106806
3.697800662213937	-8.113190918127387	1.3864252878502543
2.2335117011477723	-8.074264400846092	1.7438803565238388
1.3583914394290506	-5.722134566051995	1.2481564720063438
1.2744741196001472	-4.945727276839116	1.966139217192101
2.0433361819691322	-3.893320318930142	1.5457120721018371
2.270914357214794	-3.7257721301657365	2.179762060524477
3.544509116031822	-2.397524729745897	0.8103745733360314
3.4583681200519627	-1.5579930484327822	-1.1981595877239264
2.9157726194585405	-0.8237507315609498	-1.9172776549304114
1.432764218136159	-0.7085199577183295	-1.8537538697024676
0.19222219646971928	0.5383231151585838	-1.5325910489927455
-1.2517828836375169	0.7727791449721316	-0.6995536491700061
-2.451157170255394	0.9817241351177567	-1.0828675293385959
-1.5630822077184177	2.4611930521378875	-0.6431630610323964
-3.035051450172948	4.139018363397287	0.36683584275901143
-1.3700032096039723	5.4299214845679025	2.088972398356122
-0.3772905832870597	7.416995358793668	1.6684963857577078
2.1524088745446255	7.286507775754836	2.026384648866016
5.048715996793352	7.121917666998904	1.7046168604753709
5.626129836054454	6.660621242635489	1.6223556453946388
6.390343033787177	5.644175682304974	0.5190623206460379
6.621374772055043	3.4067776902758764	0.5372913944874849
6.41867757819173	2.1872429079274154	-0.6170283310173006
4.340995571541346	1.46771643072132	0.22775467005706607
3.6658811878242012	0.14131233599423532	0.6128937172096334
2.2382445664733894	-0.521473740462401	1.4768775451859668
0.35213827275130266	-1.4904852302228524	0.7299158945613793
0.14060722124295558	-2.2565477479838614	0.308117711025256
1.386875637272336	-3.416314296896866	-0.9884469240623694
2.0496290556817494	-4.475438301897646	-0.7744398860211046
3.480716642018713	-3.5940790237514264	-0.34581641288268816
4.843859597426418	-3.7931903207471427	0.9960602975625363
6.536381315517748	-3.8383641611261328	1.7842703854277855
7.782658944773679	-2.3874623259261636	1.2365472107858524
8.913740341793565	-0.9029146891828744	1.5268063179996387
9.103087509546869	0.5990163876756472	0.964272348306364
9.139385566067363	1.5356302044463868	1.1014409565072636
8.171557760519256	3.66911209866125	-0.4820440067470301
7.189514889874234	3.737460710608575	-0.8243391443112431
5.506137390600578	4.492081746463989	-1.6392164716277517
3.722377219278017	4.711282043338627	-1.790123963455611
1.6576819039928277	5.228925298667349	-1.4370846590222959
0.2795761797376133	6.081118868784103	-0.9967564471493446
-3.2334825392796707	6.02573121142714	-0.7476630227724567
-4.805237137820803	4.251865089653439	0.8056866342907217
-5.045256736739548	3.8714729832532457	1.5792211106196068
-4.917913442338655	2.400204469722203	2.4721782001948926
-2.742570130095624	0.32674087781009364	3.0312323515480633
-1.572804620406159	0.10251573179245133	2.1704248256162866
1.0224523681045599	-0.34395453445277757	2.732225597148236
2.9998851491502374	0.3601251602427934	1.7693314843095027
2.545955903982173	0.8065132853171347	2.155352227842324
4.547368953352058	-0.0727912329414312	2.441952084674365
4.782367464913278	-0.7633504678276002	1.615690026859033
7.125932369167875	-0.19092248071757323	0.07450272596190236
7.516498107152797	0.21464562384870745	-1.004679944514634
9.250788958934706	-1.4028770283258787	-1.2914864616635844
8.79107575457778	-3.271327718705641	-1.2990639149545395
7.7834807699550295	-4.525134425832023	-1.318007121426989
5.401925609622889	-6.228751665313731	-1.3007556903977164
4.034701983648734	-6.822476650429902	-1.0291709858664633
2.0174541174234872	-7.113050079275455	-1.3600224848839304
0.2872344334470214	-6.736391597864208	-0.3783739947693363
0.2641645941055194	-5.566541648053879	-0.17442800684310394
-0.4956239379837547	-4.552214933879201	0.15899481778303076
-0.6383644824544754	-3.2084938117061843	0.5536005613457347
-1.1823404420354058	-2.414396124050414	0.31645873124194757
-1.967538270483299	-1.5830089668887901	0.33192351060572944
-3.2021751871171746	-0.27289848856113985	0.5471508348608495
-2.914896801914977	0.5075575286764491	-0.39885845944196524
-2.03652279851737	2.5019222998228594	0.6601844783679333
-1.2074468162755627	3.529646915000292	1.1762255951147598
1.0265565623968842	3.7182965510650106	1.529662988610386
2.1215244025358393	4.52015003342484	1.1908723660914964
2.6773684398666378	5.439842911718652	1.0033829149558906
3.1606109762137184	6.469404357949815	0.6953290625119223
3.9587503633094734	7.478114781406857	-1.0580804826288157
5.13381291038888	8.35788714305151	-0.31627685012565565
