4.053528338435805	-9.803056478019123	2.478448875255032
4.263894284810734	-10.034389629517374	2.0384269195307656
3.2296578909262226	-8.800382733341127	1.4150278220685686
3.109056312154985	-8.888576847906798	1.5891207321897431
2.9214938623954714	-8.624284898566474	1.3758155340188196
3.2082178281181495	-8.467926532158012	1.4034257569638149
1.7096452268836344	-7.622913901657236	0.9255181709949428
2.037625246082996	-7.4729042278269215	1.0207787774829216
1.6479296661251397	-7.453761648699221	0.9856030149625081
1.7375138067870943	-7.313233463347457	0.6751104806777718
1.6560501898866447	-7.088072806096363	0.9627620397069119
1.994486899061266	-6.566654335008154	-0.30187547996393904
1.884222206652907	-6.343625195857642	-0.7949869685893616
2.5202018855252817	-6.4789778730419565	-0.7788459563442436
2.7814752440349655	-5.92854183469881	-1.2864972624734186
2.2277311970765803	-4.983667195844433	-1.408192949355338
2.59703761292948	-4.137374822127077	-0.7237271976806143
2.9210716322672443	-4.4944425121810205	-0.7463003910279313
3.4554013170962135	-4.214875126534999	-0.08237601005434525
2.5701592261213646	-3.9156647914975298	0.27444460845092244
2.9687237449304424	-3.7078758441910664	0.4279748027434607
2.4199571556372117	-2.989405414054527	0.63407090801356
2.101292473521784	-2.934825038243239	0.6428444294956113
2.115398448354391	-1.9813733438909151	1.0140651663849798
1.6408179309466018	-2.5701995151875487	1.8421569102177417
1.274141015322566	-2.07066218627354	1.0784907553687675
0.3989414690842799	-1.5846880967819348	1.492787696011536
0.6776400397401309	-1.8341380175588768	1.1436234554784244
0.23147548808287352	-0.9135603996569366	0.1507873838705408
-0.06971623718294012	-0.46145715023293965	0.5744474825806938
-0.2939929154525314	-0.15492674479308366	-0.3571036999252908
-0.14477281519871915	-0.06522461138162494	-0.6283694075822497
0.5182678118320468	-0.22611933882675256	-1.4344017543393084
-0.46725551658296977	0.02352393791439253	-0.8599025567955512
-0.12066164323553019	1.1698397499594129	-1.281799988550707
-0.48838550891757193	0.8096861234036752	-1.6196158739108029
-0.9933516336912782	1.826661193140665	-1.7635261835585183
-0.31192937406614774	2.011847734065704	-1.0969903383027364
-1.3411953862526353	2.495313396354551	-1.2293831194748277
-0.8018660134350033	3.4264160650686137	-0.9027415592466721
-0.6904863855084521	3.8564402564587454	-1.0877996938867198
-0.8261239728453469	3.7284693481362523	0.134032770994429
-1.2228052145399655	4.784740560137509	0.15908806614159066
-1.4608781272334421	5.373120511109527	0.4081766730091625
-1.1453315769774832	4.796729754929265	0.9324088674397613
-0.9411247761350998	5.652226456409523	0.8777053392141885
-0.18036034059553718	5.675169758453313	0.6040234254537031
0.4088834522556495	6.385559213357045	1.280678398016466
0.8696533696220949	6.480330494263736	1.117759168325129
1.1826470140873706	6.426267059267595	1.6649727227996554
1.4694561044761014	6.386875304290667	1.804582316687115
1.7616857607279033	6.845605187487294	1.6905778540515355
1.6652138247337	7.573101696983252	2.062130335110923
2.408923505963239	7.218183410228207	2.438148933427987
3.191867115298338	6.46586766995423	2.8899670198460545
2.8469804200645896	7.330234270973461	2.243577569274658
3.3980238625493535	6.924200677985634	2.2045358367837253
4.416682315250944	5.700063163863038	2.9077285443794834
3.8404422636789426	6.074975761382297	2.5490289869422327
4.200971114950661	5.355888504779961	2.6067719278380737
4.5669174017561165	5.330195031692583	2.3255893264389806
4.754554285181165	4.39603562328817	2.456244583645164
4.5850967964535165	3.4460365570186156	1.5360145416101414
5.019539514178963	3.7836694238815394	2.20151524776454
5.506980482748685	3.0758753685240925	1.9251923068902297
5.247751271071692	2.1791011935084192	0.6535172212462879
4.784661384713163	2.316386216590872	1.329543272494253
5.100088489617475	1.777575485560337	0.653423825027977
4.839744011875418	1.3022001013483522	0.4149135607487428
4.215395184279579	1.9331347190263184	-0.6599578821176884
4.144204585294439	0.2358082088999526	-0.44584829813166527
4.778099236740482	0.33760995231731694	-1.1514157693695688
3.759557033207442	-0.21186347626125573	-0.4475181008412332
3.0889621920844568	-0.5492289567892344	-1.8227072617545932
3.4909969568356596	-0.3960452673784278	-1.5516011061492372
2.8032543665750222	-0.27743962288174484	-2.131970399417458
1.9444423022113935	-1.2426196758483372	-2.3581095154093266
2.396795981908249	-1.5785018505777764	-2.29576179405139
1.3477722639002265	-1.5935146837737684	-2.241366005605881
0.9135568927133277	-2.506739109565707	-1.0048599374522982
1.2066060067241686	-3.260651842005676	-1.2781947000302378
0.39962591404405856	-3.560007665895083	-1.1187052318272737
0.5660652888628963	-3.345301952180578	-1.0469104095505637
0.2669302327269353	-3.5476726931251186	-0.4777495554512681
0.8746376687426811	-4.624446787191056	0.2645823218437208
0.6888287598509034	-4.589164117247264	1.0992777694834872
1.0412683153799691	-4.6953277495836305	1.3271860808717486
0.41263840378502115	-4.230147517215585	1.2681087823631079
0.8166100618938655	-4.5135752099753494	1.9712228607132949
1.993016532347068	-4.753077611173473	1.6680307888632304
1.8878806645374264	-4.904138362965116	2.0583287773862096
2.257626746067696	-5.717503195359795	1.939362700424227
3.9295599090821804	-5.570394259189741	1.8685173454355846
3.215164552017381	-5.263176955342727	2.480658970807719
4.58608657587153	-5.7265262235104615	2.2438731427479164
4.743808392716123	-4.939179295051358	2.2400596671766895
4.426656275444008	-5.055614503012245	1.9824927317531553
4.597059785305659	-4.057339067276722	1.611225153672986
5.869410159677542	-4.256603638151818	1.120159354516407
5.273663203444711	-3.922182888414819	1.9821151147001221
5.516950298048521	-3.4338452939275514	1.600246453962381
5.274611165931555	-3.2491518545084688	2.1284476957621234
5.576565932873404	-1.6657657909419565	0.8164360761574174
5.817021019973998	-2.494106401979815	1.5549999729670527
5.147926484632268	-2.1326113530883695	2.3788797606777345
4.499616514326226	-1.584007996292519	2.5647690034799533
4.458886009322278	-1.597800977899949	2.862374522717391
3.919709548037249	-0.913742976389942	2.6499251744966488
3.3675377177114547	-0.8792432900091309	3.0953497490147637
3.339208980323596	-0.8953953302484055	2.7304555675103623
2.7829225813688665	0.3722727111416462	3.1034849446933537
3.0268687428918213	-0.37792078274653457	3.488231312929104
1.4388589143142119	-0.19638626024698969	3.9117116188129795
1.9094128333603648	-0.5732327951986259	3.1810311754807663
0.7738402380340651	-0.03083351800021311	3.4522775789390017
0.8473785329348998	0.5053180770881347	3.389250463608992
-0.39605349935166345	0.8227084446507124	3.309343022825195
-0.42906047710145123	-0.38713334459630777	3.401038299887885
-1.1202218279864768	0.7900280589690836	3.3996779016963217
-1.336294260386498	0.2714979353301746	3.271366149274909
-2.1968319053578886	0.01378723904565754	2.916497007907437
-2.414717088693097	0.17062532730250235	2.7315102279252925
-3.4595862467148613	0.0984348632653037	2.8463897254898285
-3.153100273374527	0.7195129303877117	2.628980320760592
-4.152840192164282	0.8477746498417569	2.096306811329291
-4.036146102847449	0.770532837591452	2.354965100015352
-5.151917363517532	1.5227692419151087	1.5706512378095396
-4.34212923676068	2.108325184590014	1.2716298571605127
-4.8835246841109505	2.0085734289855597	1.8776972657621664
-4.762963339316969	2.1691245360268527	1.3295024471131707
-4.544612790299862	2.571148179211361	0.4587207853104104
-5.0299984956318	3.973740017639971	0.022651599843749905
-5.393461961643668	3.268797592385769	-0.22599583799425704
-5.151662720768385	4.369382642639971	0.04854376892630974
-5.200864411324013	4.589480855804572	-0.2091913799252415
-4.20490889274563	4.931742715733513	0.07413946662930782
-3.940598706557859	5.183838383889544	-0.6032102572246703
-3.830505151209943	5.029306787823447	-1.4801386507404346
-2.8290986622400522	5.475814221120232	-1.6756666619947371
-2.871511957444705	5.782749859287604	-1.2740397340638623
-2.7129539040536756	6.337440708132653	-1.258861309165983
-2.464872645940228	6.48807393353825	-1.696113889816767
-1.9840324286318913	5.323548980080781	-1.7269592154101479
-0.7380510304731966	5.780601857767698	-2.714956387060411
-0.9882420654735546	6.18387299135923	-2.627044109991062
0.19912578947029957	5.1501938388348005	-2.785892410117905
0.2230296779861547	5.137706492942739	-2.7000673488201707
0.2538493082270128	4.909639622304608	-3.03774830407473
1.2097211343092282	4.874663084215852	-2.3502987833489897
1.499962380659849	4.267476625267182	-2.410993247017319
1.6581503127474724	4.682958663223179	-2.338182520903685
2.516708926791078	4.75262896904822	-2.420910145266091
2.7123640629268917	4.282998826369902	-1.9867000513539994
3.645904126615159	3.684172473501556	-2.455767367446918
4.480239961446515	3.531680268326478	-2.1677140855945893
4.66593117839493	3.889064986609739	-1.874246339662954
4.875302360901435	3.4521622992764964	-2.521037820520412
5.254619284138781	4.376471813333057	-2.4954454985929453
5.368669897476499	2.9131897513328493	-1.4132016986454325
6.29886800742749	2.8774647478552375	-2.1213222235154974
7.486071567179021	2.8184640038349373	-1.7451300373821474
7.030769202986352	2.4818982852734326	-0.5760182016359054
7.512081319571047	2.761831087375713	-1.154686386773441
8.128831219937108	2.667946498512256	-0.8006649797873473
8.004796163630058	2.1782959909295343	-0.6494149957364214
8.269309947509871	1.8043004747094886	-0.23833246164858646
8.870295392765316	1.8408610698825247	-0.9083607428109166
8.853356277464467	1.3279063140354754	-0.2723325129189246
9.193398023481238	0.21196227818862529	-0.43359721111845506
9.252838107946047	-0.3696860243786751	-0.3664809996037433
9.368113817832825	-0.8651299351413035	0.18081731470159612
8.821009504996828	-1.4255295274774697	-0.18517902983370765
8.325828734511369	-1.7506030396323966	0.3575251207011402
9.695122982837102	-2.547169278030503	-0.47742578534037794
8.38021333184314	-2.2242710727086994	0.30930482362950507
8.152429219466	-3.659886349539812	0.7167765455837609
8.317067506237269	-3.7852359518620724	0.41377526814739096
8.71018985265058	-4.726382459049601	-0.6894724787724571
7.988121282529151	-4.65988360148671	-0.7417131966436978
7.6914671605291245	-4.771371695697322	-0.5456133992224904
7.987853930547194	-5.72867979871247	-0.6773091614886084
7.188374784204616	-5.584568895898279	-0.9373900260689254
6.424537764043127	-6.077133722971878	-1.0213456724645655
6.395724066119768	-6.213091480298792	-1.068453810303267
6.054264389325971	-7.085450540947311	-1.3840212312316256
5.691848927721855	-7.933337214693811	-0.3004593336633168
5.453387467641045	-7.97428973296741	-0.9296934394410783
5.584176986106473	-8.045671365385731	-1.6019314107266558
4.618669575936644	-8.728764100562643	-1.496473401513016
4.138130378918578	-8.886239315964655	-1.8365132429357625
2.789749253686661	-8.606351922581624	-1.5643214372626337
2.243580827198079	-9.023030846347519	-1.5038944775149878
2.240649468484905	-9.289744483532392	-1.7626584180776332
1.2113856232845064	-7.863218401925457	-1.97153100134674
0.695321624116932	-7.979459164673278	-1.7379181182437855
0.8035421830163866	-8.937816779187264	-1.587066673752179
0.17327570966527717	-8.218525407112935	-1.3099689959029233
0.11083009113664999	-7.98101785882562	-1.3493573784244781
-0.654430961524991	-8.286736356205218	-1.2817974813744364
-1.8465067583758237	-8.101280674416167	-1.127617667534375
-1.4649028079274662	-6.938096172965312	-0.9614708356060888
-1.7304516842861326	-6.539968393315508	-0.689361742475944
-2.4495794007587843	-7.062006269264942	-0.10139678271193531
-2.6445240166383854	-6.077738915154634	-0.3579673015797686
-2.9105387422116884	-5.863480467956599	-0.7667067069970834
-3.093662234232867	-5.5538682792431535	-0.47960095806315817
-3.7093123429354447	-3.844808347486624	-0.6614920338108419
-2.6735469499956155	-3.9821967051765306	-0.4127947892304203
-3.3259319939302063	-3.9056654628143583	-0.4231206174435202
-3.617681139859878	-2.8900031444634564	0.1756861379257706
-3.30511443521189	-2.7262510535902997	0.3026616595759788
-2.493062355162513	-2.6322468391140377	-0.297573982677198
-3.190599151903766	-2.008076321572204	0.4995358614571982
-3.206519692821778	-0.5071004784118447	0.14528873201201442
-3.1501176850875034	-0.6419941407238726	0.5545668701067783
-2.418945683278582	-0.676157235230827	0.5875884469679902
-2.5148585524314235	0.7017832026102377	0.7446717744676857
-1.8705208128969448	0.7827859826100269	0.686698618939453
-1.3200096576543496	0.5086692226197501	0.8219960376225777
-1.0062952328060262	1.3799750164107003	1.3101802720293576
-1.2293212244860958	1.4694973998008827	2.1051621283621835
0.08147360566357553	2.337482631542293	1.570719608666373
-0.2985584008444291	2.0395244406956565	0.9878403114740874
0.5494527789956103	2.8430685710751	0.8282136703134801
1.1436849475906867	3.172821433425775	1.8048194812403167
1.6573674802595395	3.2956695101327305	1.4499153664591975
1.6726193409783212	3.5629898625337013	1.5487202956824597
1.602832242224808	3.923942361513693	1.2748567670950406
2.5489856085915856	4.714816197428162	0.6603595382997696
2.853377442800045	4.791077829725081	0.8167536052752932
3.022591636339917	4.813058311797435	0.5053843166462965
3.3844678494765175	5.043989099831045	0.5837214954149949
3.988934429847556	5.833715629683942	-0.6764214040078467
4.742333553904383	6.0894090912281245	-0.13355343592957913
4.478411998029941	6.536059757667438	-0.04256919268696502
5.193245295348503	6.306565480615468	-0.9106661629306825
4.921988724345934	7.237831058777348	-0.7052992579335446
5.451641782773457	7.675283852895889	-0.17223077758363492
