4.153789977356428	-9.82197366203086	2.390564164386693
3.882003512446881	-9.445210693349042	1.5316184000859814
1.7846056185303962	-8.890457998575625	1.9000052942844505
2.321356816253334	-7.13991188147731	-0.023232506555385515
1.803549705296334	-6.105949598586306	0.09374116837491675
2.506799430518208	-5.548977528645551	-0.7895277191714273
3.581808851690294	-3.8917796108025686	-0.6355715076303071
2.895948789304676	-2.8089656450293576	0.709902102765382
0.5441337423940142	-2.611753560283932	2.0744529793857986
0.7930326978041964	-0.46553146122097133	1.0521241696935228
0.8418600744857038	0.1327745817711804	0.2841564100576891
0.38125896322147634	0.6786355421940787	-0.7816395892215032
0.21292414977434904	2.5637865142555905	-1.8354470531557499
0.21616213486169877	3.764832902642299	-0.7311216260106221
-0.350918775192412	4.186170730072283	0.562084127947441
0.6235441771459953	5.036884061058457	0.47541473577092597
1.4710229042031528	6.320824164631215	1.296505511771542
3.4358844094624335	6.413822420201729	1.2543929996342107
4.202437450816979	5.264547410941175	2.162867109973261
4.31611181445933	4.348377490917905	2.4646638795431377
4.642278763214934	4.364024852955439	2.1016052336336934
4.8406471797322235	2.9286341551532984	2.34041395861406
4.396817570427068	2.158456038260687	1.5890503364250257
4.408672926158366	0.7912183586439421	0.43716778984855464
3.4923970180215904	0.15583800819461907	-1.2539683117665474
2.652403763280513	-1.3696545857184874	-1.0543613518639778
1.9764824625307826	-1.9068115648361306	-1.4408142366827112
0.6194993582100473	-3.077091204136778	-0.6162003342836073
0.012222786272154562	-3.9450611971192417	-0.2567099912809211
0.27296790645153557	-5.735059569768126	1.7919038788141468
1.9807736783199685	-6.216937351470044	1.824959992966911
3.3746152672889878	-5.922792922025771	2.47989168715194
5.857946151017993	-5.1566807031468205	1.4301771882065868
7.522197687636101	-4.986752090354453	0.7648449301541329
7.252863254281381	-2.510701442721216	0.6261890387720939
4.475587580972205	-0.8258476814929487	2.1072097084192447
3.512368933024264	-0.7958773568897959	3.2605347649023297
2.0544462739091034	-0.6218791838927069	2.9752294902702383
0.6462938180730535	-1.1880991895317659	3.280371550524586
-0.5865552971640893	-0.9078763970139865	3.223499743484064
-2.6002383828736564	-0.6519019347382518	3.0518519474396486
-4.074196369301323	-0.025910331066101078	3.13066341881376
-5.8910766986050955	0.8372375466914572	2.088457246372659
-5.600674184576038	3.229778114062572	1.2680161417170397
-5.946283917852936	4.575943235195468	1.0741238600378902
-4.45163844393126	7.8188814960609845	0.32753901224813226
-3.2475527799311483	6.9414932957965165	-1.223422971081439
-1.3640192908092224	7.850153942867689	-2.0402115051902667
0.48771910568224075	7.052282815197714	-2.094609900833454
0.507099234717977	5.090596289538413	-2.6724605869144056
2.937189962796887	3.8025947107073863	-2.8899357511002215
3.810064272231168	3.8159489001473585	-2.3471853904537054
4.838279233821467	4.41029818286842	-2.5390638706716495
6.500961840837163	3.901060001648151	-1.812195058188584
7.417825519696249	2.3428931892712423	-0.8458737788397275
8.08051208891165	1.6830279202395855	-0.5354004079656601
8.814851942430284	0.8600446207095435	-0.5057777192735746
8.756807977819285	-1.3884649424260096	0.49939613149690254
9.39800518239626	-2.8572083870226535	-0.37008085128863594
8.274891157027543	-4.495654886956326	-0.3676724222558832
8.47471806067884	-6.002692012296798	-0.4857154185143002
6.663118900061233	-7.141089749699817	-1.2356294248126782
5.010641154045107	-7.666054385859948	-0.9705289661286346
3.358793231274304	-8.73961074974474	-1.6717199254089417
2.1670579352468518	-9.154860497005819	-1.879137642066393
0.2482423655111201	-8.522190001146214	-1.4011945214787296
-0.8536027623357927	-7.773582719120727	-0.38005130144581867
-1.517752888639997	-6.91591867940977	-0.34170091400878444
-2.657434255435563	-5.308838436335701	-0.7580843972281824
-3.189090002269852	-4.4449159755969765	0.26263346798115106
-3.5399545220336934	-3.0402919053438318	-0.4483045995357327
-3.457140586020139	-1.3505840731381322	-0.2504837054459464
-2.204688744144762	0.643177812054822	0.9706087000288268
-0.9159264033876046	0.94146230426046	0.6799010532507488
0.3012684548105892	2.174153091044925	1.7990834579217574
1.5850564720976035	3.7676034377478667	1.390560580673693
2.227783925230209	4.058407000560341	1.435299924327576
4.029896892984221	5.1737350223616	-0.026854602669473038
5.0700424604002725	6.134231194552521	-0.4700773187783199
5.326421089997911	7.988491378473019	-0.5337085463649337
