4.824995601415472	-10.471893830041257	1.4785975789763848
3.794463301958804	-9.664078093594547	1.813250582122111
3.678398965211514	-9.13361411353631	1.9662707684213672
2.881183786877544	-8.670111181079582	1.4852339082535113
3.2152622690791777	-8.551216331704696	1.625895339132902
2.219854687585364	-9.21163934607699	1.6538997070991717
2.520500684956504	-8.60843444447002	1.514488412674426
2.4229011024793516	-7.998697886990914	1.3298654665143173
2.3851656742184004	-7.959766792312527	1.2804534539730716
1.8490781425442175	-6.735568002031268	0.6174930773369891
2.4214862168686775	-7.300481689696333	-0.3454785362753276
2.2892666401063404	-6.091288863445721	-0.5157981731266725
1.8604250311001165	-6.694333897426941	0.16483869397222906
1.738838178345101	-5.46660161829759	-0.7312276111617384
2.3789236443285873	-5.486889744419614	-0.530494266939906
3.4063209488078643	-5.4565095700138615	-1.5093103234318814
2.534023454919758	-5.227457551531187	-1.2965267215359562
2.486883451074383	-4.746886797197195	-0.6594714580945613
3.866631537781677	-4.393964804491492	-0.6595404718787059
3.7357662170950805	-3.7565161068031543	-0.37565093251989706
2.722942047563648	-2.6753366614244056	0.3023884279604591
2.1535581024551096	-2.431121908208388	0.5973424448808119
2.2115966709611907	-2.7419842125092475	0.968288926868887
2.104444921613837	-2.163841562527878	0.7448316077816493
1.4234482753132336	-2.0437028278106677	1.4116966709449148
1.4828186434274984	-2.254063873085226	1.0509857773062572
1.4450861963371189	-1.8731788880538707	1.1879409458719807
0.318325244647731	-1.8776354820737091	1.235589166707661
0.3543614900284122	-0.6656188657169158	0.855707992653555
0.46332354126650993	-0.7018843762664505	0.16165629643889007
-0.15308832756993762	-0.6299687427042922	0.15289714831950674
-0.5645620185443585	-0.791939309395506	-0.392221527940146
-0.26979778071946814	-0.03268645574928608	-0.2972219032133925
-0.7206012103324191	0.21175379631295324	-1.05933351826528
0.04474639964817828	1.333541183097622	-1.6620107254183143
-0.9467599513192644	1.0504024888011343	-1.4630920633254767
-1.2193054650297732	1.3326957994305622	-1.0849829537787787
-0.8388319274837377	2.349543732166949	-1.6015562663911558
-1.391135794247174	2.704020495822303	-0.7893951584797392
-1.529223661192999	3.2984723963913827	-0.9630225275844742
-0.7868487213966547	3.196086791916025	-1.1603807872936904
-0.505962101962415	3.8669743763194084	-0.37231361746526315
-1.1913752154203794	4.247856277586343	0.7131456485765953
-0.7847159017130352	5.171533446233609	0.0024565680601905115
-0.3315242682206685	4.598162626921302	0.8289193540622304
-0.3324549444446673	5.023621649566552	1.3940752838007633
0.24696884969451371	5.357062005723595	1.115327204667703
-0.0032142327064894616	5.992175379019975	0.8044757974690349
0.7448507264607449	6.821890338462429	1.1142629651524756
0.17201474046001375	6.938762113295853	1.9263078854970488
1.0109568728653628	6.458466254602952	1.688976209396367
1.5400566478715452	7.563030445337478	2.190975060697442
2.3689236987873015	6.791558991021785	1.8174446243448807
1.9967254301729025	6.804177728857237	2.2589651095561174
2.457104483878435	7.395212053874786	2.2281404700641465
3.2437258184660807	6.723164781604819	2.104641651553694
3.622100485361274	7.077105284530173	2.0954243604256777
4.391473913991449	6.136862140342798	2.6744187320081036
4.34141413604067	6.327019668684978	2.3231082726887795
4.3756526882407005	5.395581402774918	2.278175521415615
4.837855494137392	4.614900588607297	2.1393859769047805
5.424230952940089	4.443513352630438	2.2189963254350555
5.195047230987181	4.378207990685699	2.277633383564094
5.068951336191633	3.589290511606631	1.8311301929607082
5.202449725583667	2.4758864162420267	1.1265396032036097
4.629271346607038	2.8300884762295784	1.4007021657697263
5.663488805096742	2.1044215064794773	0.9090465235732631
4.565202036572732	1.637926784405721	0.284609076618941
5.3823267379455775	1.1001941012231495	-0.04656175403087992
4.5289816101574285	1.3123628459040604	0.3777644127627662
3.7031352204349637	1.4646974800959194	-0.3815287604019466
4.074283155526415	-0.0764086571882836	-0.2275299814388021
4.365861963051364	-0.4265329146561043	-1.5932702269207624
3.341141203500471	-0.5637751773563205	-1.7150479471028666
3.0232709792966737	-0.22724763852980767	-2.1028582863479803
3.485539855914049	-1.4712471350182073	-1.9122488901597618
2.6006107563148637	-1.5843505537885372	-1.4010102851681134
2.283049631548792	-1.938335477999395	-1.2739127703297297
2.1783480275321727	-1.7770302960581543	-2.1574141456505327
0.909126334202925	-2.0635679796416615	-1.4263934268802727
0.7024098129553573	-2.934013261512918	-1.064774968987206
0.6062204444417114	-3.044860844818077	-1.5878585857856198
0.12027702554628246	-4.048082075631781	0.07145068277801725
1.269082995523364	-4.033523299106973	-0.4385245561444543
1.0911319334545666	-4.691009435035527	0.14115864143087525
0.7474783498726788	-4.632293943477209	0.2708870770448079
0.40550334878308963	-4.340078276261547	0.6245614968837129
0.4921734964892854	-5.066632010367365	1.7023659507769704
1.5015897002494183	-5.075026293622633	1.764778394129352
1.3844447950371803	-4.691787479312558	1.8628542510745898
2.484493533478317	-5.709571847211597	2.264891592410721
2.8245456948623398	-5.749906091815552	2.4624087076716976
2.660793663451722	-4.9695998596273085	1.8083287183954675
3.4166921225152946	-5.620298288744433	2.815827246496462
4.200070337552657	-4.906953497417675	2.2873915594538916
4.5327049606268375	-5.06750871672107	2.371320692476308
5.218582277570252	-5.349708031670158	2.263427531496819
5.219556755005856	-4.751975496858517	2.17573433320622
5.107901087004965	-3.7025764362370506	1.5088778685700073
6.0662920742630675	-3.7081500499817066	1.42181398695286
6.149983911078462	-3.400145831450224	1.0363752728985816
5.9825091353507265	-3.113116349051868	1.2241892041357194
5.798089932158037	-2.0936788435053426	1.4003702505141606
5.689226186841895	-2.2091552355057527	1.4258428932164993
4.809048820449581	-1.2933164448607755	1.7908584624741413
4.774946779508069	-1.6233940765023878	2.615806814047982
4.268551063296708	-1.2646262932239831	2.2288612249708537
3.786456626149109	-0.8139465576976697	3.1047119335837596
3.994034908327292	-0.6707316282923435	2.8568332203604583
2.962134570126098	-0.16618810635796155	2.988756858445604
2.4031613308334903	-0.05484498227056456	3.2270465813468037
2.94098539476391	-0.6815721206010543	2.693534451051132
1.5545585739923031	-0.42257664474062945	4.247664061487399
1.1290787670912221	-0.559251407539769	2.923923077641975
1.5089028353869416	-0.21088895774908628	3.84146345871812
0.8178974179718859	-0.3245927126213148	3.492204064074926
-0.2930326944246576	-0.4726875136784806	3.39992074402373
-0.2549825503768287	-0.4120982833682175	3.3179051407572127
-1.610131495156558	-0.24724385803761012	3.5908851968677866
-1.4344883617437614	0.260775283294673	3.712158578624505
-1.401716560286054	-0.19821309985390068	3.014707796489088
-3.0408690818543427	0.37505707130049104	3.5496215930843453
-2.874685373517947	0.36609059337088307	3.276598402116414
-4.040998477247948	0.5892664350967094	2.5083058812794428
-3.751727984125864	1.1327889891069791	2.8067817131584554
-3.6152638030195776	0.9238220511523976	2.2504343861098715
-4.5354263672064405	1.8707989414328803	2.186847914325809
-5.111194220934909	2.6436699072550827	1.6312241457065602
-5.217513578435665	2.03105903059973	1.605922403694108
-5.232427659323169	2.5689931979553515	1.5652291628178907
-5.659538195598436	3.245073874203443	0.4424795687298585
-5.10086110900303	3.6227516328136558	0.4486725478182776
-5.196269807968675	4.006032273714252	-0.2582570160897767
-5.148661049370221	4.343865433723785	0.43588397229529663
-4.36955555478454	4.239586567179229	-0.025147521128822903
-4.208962231196097	4.985510197504347	-0.8684809609398066
-4.3633355296709455	4.672517691203517	-1.1416392686729488
-3.691672482770602	5.268137325897846	-1.102702975336105
-3.7800577976827228	6.021745843850885	-1.6721741330332822
-3.0415848895400015	5.2676191324554695	-1.9236592496443259
-2.3596805321293117	6.159679222265071	-1.8309241192093388
-2.2299250375719737	5.667186083391434	-1.4931756060940355
-1.9982037847625467	5.672022150981392	-2.1863357026631154
-0.7866838008680859	5.177291574807383	-2.21633558255223
-0.5908574579579734	5.094738372571663	-2.53073061771369
0.5273443625917389	4.999969819514415	-2.3324681924091326
0.8572111567468936	5.485340084179926	-2.7108820305044303
0.2781102171650279	5.843090437243259	-2.837635520334356
1.0460235204524457	4.272447631179272	-3.1002008103466308
2.2554563598450352	4.220535866710472	-2.81108696813029
1.8883435779151687	3.8747946260339514	-2.3421158512688693
2.092069696752819	4.8366836976028775	-2.5024248478713615
2.6649589316862192	4.528496690336916	-2.1473048583121113
3.4683934528138436	3.816040682790332	-2.7088367750167635
3.959351027617089	3.7679759988465342	-1.9869324484594977
4.270663964863572	3.7919039743324356	-2.6664337748999043
5.255847055166249	4.199987895128876	-2.6416351728584013
5.146251245777564	3.970161429835114	-1.9513962885303802
5.550701101677826	2.9889676010480217	-1.8002446605921618
5.904349514100324	3.1347831715514185	-2.352646687656325
6.5242731787975	3.0953955519923024	-1.6150618316544505
7.5164028609431	3.3329711627998777	-1.814393443036141
7.8628621537352466	2.531800031656311	-1.3046586968889473
7.879815397937409	3.1663463043157583	-1.1831078419074663
8.910184753468947	1.9341044474907068	-0.8681887696122669
7.862062233686002	2.607747650243802	-0.8941366634077079
8.25265288724425	1.403355996938026	-0.7969656703991567
8.774212102975477	1.4778034622539427	-0.5219419629699167
8.486943643743604	0.4621540560858578	-0.34944589145111593
9.145858019946115	-0.19449244396496657	0.19277652412086288
8.386405855632049	-1.1154908323738555	0.6866807955871232
9.633584553071536	-1.1560960731727685	-0.38221347207547607
8.991744027033157	-2.2324462843229	0.3546789916283767
8.693151930406843	-2.2449570283256666	-0.12982432231989133
8.480534074617662	-2.612965536332477	0.5167682858338456
8.764421854062379	-3.4628238302481766	-0.22455573244384353
8.916918857942816	-3.8291539463677196	-0.6395085745329595
8.035715359771014	-3.4830079693085954	-0.6314529575171264
8.491391193174913	-4.378512868166761	-0.3620422876517513
7.441476054786067	-5.585630921052603	0.2608507432569227
7.781561476438267	-5.944927992924529	-1.0128091548753835
6.906441555205529	-6.0509480820805965	-0.933642511760959
7.298992619610733	-6.011019615303255	-0.9718153326711055
7.1814785294386745	-6.650542780968913	-1.25212911215647
5.62690165453581	-7.455090164080679	-0.919638595474291
5.459220854544746	-7.363687573607979	-1.1516057728033195
4.934723640677975	-7.009310872443313	-1.1356152486280435
4.825064883616733	-8.177295147910248	-0.7496509905077606
4.0488620496666705	-7.843545938855627	-1.6039212630474176
3.2916524468651174	-7.799542059589303	-2.0260171136279523
3.1610243289594333	-8.498047793146451	-1.3382477926204983
2.5043680516274227	-7.961570987696968	-2.0768211149840945
2.5674530826514186	-9.245860061635817	-1.0893357739617593
1.2260978804802811	-9.040704818744151	-1.103784162943529
0.5192112762603076	-7.9863727072308555	-1.8025298521865634
0.748911925327849	-8.841580604501477	-1.6664120303652412
-0.013979810864759634	-8.446457459924506	-0.45978806814300466
-0.9330559996685613	-7.746903204892841	-0.5600103626891478
-1.283226520234019	-7.745789899538964	-0.7487466790823345
-0.9206238546242307	-7.741582600102919	-0.7228094151321418
-1.6718748255892846	-7.302303210907782	-0.5659449693565058
-1.4115625856588365	-6.970104406817429	-0.7086148150400176
-2.5813189026609287	-6.557941763992444	-0.8694675519823029
-3.1755945070187432	-5.239660825579369	-0.8057190429714045
-2.9949590395523984	-4.835836254245324	-0.5426592302856836
-3.3800056667537772	-4.747708451820216	-0.5078313437043731
-3.031690855719252	-4.588873553506797	0.13544197427571636
-3.428645826707666	-4.49971066597766	0.2247769986444086
-3.7022694078529126	-4.034203273690011	-0.09287226549553751
-3.3102709999233997	-3.0266962185436412	-0.1862870772674316
-3.7860110346924905	-2.81590752817429	-0.6042303887324598
-2.796594554758877	-1.9329154745897617	-0.22127422944021458
-2.7548207977545696	-1.9735209122888224	0.2865095527974699
-2.3225696948866217	-1.161635154795269	-0.21304985096571016
-2.8610978279641177	-0.6236976034385716	0.8227252761536556
-2.851567300770963	-0.057532747909635584	0.40272891336449645
-2.8094482480183367	0.08491803329789588	0.8543651616442693
-1.3304334938960993	0.8535327065464527	0.3681450764862877
-1.995845882347675	0.7690585396427836	0.9745536124176346
-1.110179906482299	1.807228186942773	0.9449834285192459
-0.9614625912605169	1.4518221602892678	1.3190850717442846
-0.232861693449245	2.721645811391794	1.1820468676512814
-0.39889810895302125	2.4179839709619246	1.4800755667152972
0.6188683881592192	2.4245275027123445	0.9425076800715244
0.5783893611981381	2.929419545214464	1.8275199998517786
1.2321998458783543	3.4629993857971706	1.1391438985563003
1.291624102727388	3.218159579397832	0.5060668065656003
2.0668239865460682	3.824620302972609	1.64356401993927
2.1027775259957884	4.251106309850205	1.069454263275649
3.002124758550215	4.6076842068968	0.08839465599204961
3.664433507179635	4.885533752693343	-0.16290962857126456
3.6693988872015284	6.123860165480149	-0.037351904470625974
3.7178751729296304	6.233927300639696	0.2417596551328809
3.715280492205281	6.020684497637253	-0.19682466559980039
5.1316039251694185	6.719540283874618	-0.40182593172927905
4.486720313825369	6.25387795401127	-0.609795180365066
5.641766199492064	7.140401074277606	-0.4548785060764482
5.9305749361934135	7.197369861925308	-1.1023217591536292
