4.437968626621032	-10.20171032357083	1.7275533228658873
3.442963337560918	-10.128589597023401	1.9436666939492673
3.538759358400365	-9.807818466407701	1.4966745305806601
3.3184474480930057	-9.318293307413272	2.1836279962317926
2.7880573738842003	-9.223364333168599	1.3516003617943955
2.924137465791724	-8.29120020871585	1.2724904779755843
2.6926735520923377	-8.393971669783328	0.9506699895029345
1.8116553732351637	-8.334573555791156	1.4095947962668207
2.152039410705067	-7.703028889363432	0.6270235793342889
1.9663647227369025	-7.494031392062553	1.2437938696062243
1.9119220653248725	-6.647084650920788	-0.010282019762483607
1.8770397778746184	-6.784491728667933	0.03897693955626025
1.5082007575785723	-5.837362512471568	-1.0633339185351238
2.235284107494828	-5.674340977510672	-1.231156755064305
2.1850822057032526	-6.059153634532904	-0.3729876239746517
2.8161938515048464	-5.140633580967739	-0.7937340032850242
3.0987264814298126	-4.354217200781178	-0.5626916150729857
3.132773511652976	-4.36833240225513	-0.24137672740306115
3.2556433010682757	-4.214593179842813	-0.8317988787747321
3.224946886784671	-4.125014510978378	0.11245641833354014
2.7357344951058598	-2.625034587227465	0.332566443856167
2.4636028754178496	-3.3867116467204865	0.14991934419955844
2.3318180808532265	-2.5546659090996724	0.7743944695419018
1.5982594272440174	-2.561600396070885	1.0627024398736644
2.310547703552484	-2.3568893451770325	0.9220924548816517
1.217235156833881	-1.3126158135713033	1.1861787047862766
1.1058335071879917	-1.8532332385122239	0.46267102646189634
0.9020129761337975	-1.3843827518123462	0.699947532442262
-0.15084454506927833	-0.9343688938324298	0.7654316974372833
0.10974761703325503	-0.7095487883446094	0.24267155712874428
-0.39021426650742275	0.15815947320539592	-0.2161304101287269
-0.200347141296696	-0.47804918556182263	-0.9320277990637156
-0.0010417981472029547	-0.2391973529558784	-0.667297370991403
-0.161179187098488	0.2928190167197464	-1.543299959895719
0.31428315095698134	0.9905227742796006	-1.587313275429939
0.27214622763291874	0.8871217426704388	-1.8505238695750312
-1.2169980241259108	1.8763438791855003	-0.7866222101636231
0.10290660980955746	1.7756985902751716	-1.6901272154664975
-1.0523070188053785	2.758924529705707	-0.907536214602398
-0.3249453517646821	3.0427564311720463	-1.0983244886366137
-1.558500160171877	4.098572495355656	-0.563718409241702
-0.7377856071022351	3.6685361189511916	0.012700694705617188
-1.5978446997079765	5.148835240432343	-0.17136338372086302
-1.39941685298473	4.358025017009994	1.1099387054862488
-1.2978725013951242	5.536065199722186	0.431389221399291
-0.7364342627555761	6.155423161037129	0.6243356636691668
-0.09452740570770968	5.988654851205103	1.1958657073862673
0.5952424569441059	5.811616117056349	1.2928265818196096
0.3835668706333218	7.017725926985957	1.3911779571725749
0.48161362044494377	7.162847512553445	1.8820957317461988
1.4424970933887038	6.659268206714805	1.7344128303147697
1.1843175390315204	7.13735737166346	2.546753229695706
2.595235559271976	7.104129537360683	1.9952719273308404
2.9922810462239555	6.820918613733348	1.99657961288636
2.7627648863684207	7.064466317399956	2.075235781834589
3.3577950118683053	7.005722317455333	2.554409444144115
3.3957185467232396	7.1380342125118785	2.038835429939794
4.68905695456999	5.745212296627899	2.8097303168569487
4.248192950433388	5.105833237564525	2.8531188969355687
4.99200794224801	4.680802379344735	2.720366211136474
5.221621410209839	4.670126168302084	2.560070561117459
5.324777171887509	4.213589247112042	2.0562642675982024
5.798801820376912	3.333113714601157	1.718237664921343
5.215404414640043	3.3275800132438653	2.0190291980835546
5.179301901384474	3.2492111748107764	1.078245233717258
5.477822914783618	2.5061683022921666	1.2258989766294792
5.199955095028939	2.732671450228202	0.7056494299795761
5.036377681764623	1.7590572388137793	0.08418292841150965
4.82127176667262	0.9612715437410274	0.7369099446274978
4.577361610136928	1.4267092632273872	0.23718723024023447
4.160879967199992	1.0402669143370515	-0.6585931619706276
4.353575577012088	-0.02272032432571236	-0.7048104164645337
3.582950929908325	0.768265845002609	-1.2214485824015298
3.4066214647582975	-0.441715591731634	-0.9650437587093619
2.858154120173745	-1.068897493445257	-1.623686955758632
2.959955232822672	-0.44896962930012285	-1.6822556700121725
2.0803946211246576	-1.7324796898530166	-1.1665913796283913
2.832893316407344	-2.226240035273561	-1.692994384808934
1.7276600168266798	-2.068235900374719	-1.394398149284835
1.206540720141986	-3.0646518138797534	-1.1957377103958415
1.3972551653073308	-2.906175787144634	-1.5092764073026743
0.2732121063728752	-3.5129406310589815	-1.3205418303371017
1.0694996272164143	-3.183134676917901	-0.9784792001505749
0.31264189758509014	-4.195241443819835	-0.7148664103138002
0.7086761031779671	-4.654341118215225	0.587602032975131
0.5982332989818199	-4.357506827556885	0.34575704469491353
0.22076866038169052	-4.252079969773972	1.2337514451814169
0.6837956526222286	-4.580265357164758	1.3271653113406319
1.498747248903594	-4.810180703081647	1.8726335745531169
2.3495747124081037	-5.2044545039513155	2.0105569186759764
2.216575042747528	-4.963781599768616	2.5678961129414954
2.4904956598943797	-4.799782843753187	2.4610974835414456
2.837788557639449	-5.608975564606581	2.310905473992256
3.7933203749179705	-4.868967082889654	2.27832147458339
3.8646962471084096	-4.786537590634207	2.421348462115529
4.389335250740626	-4.478528343549166	1.4678424045132896
4.759553454216562	-5.1408268177428695	2.435767365138278
5.449323571496882	-4.212482341545062	1.7421556654716055
5.0024718657795635	-4.679895606954244	1.2100789243265078
5.173704239784211	-3.8044546023560013	0.925533305533317
5.534509076480903	-2.8073919055385606	0.806925435012023
5.291774228998626	-3.3275354084488953	0.9328627465514937
5.385555778674847	-2.681848367645782	2.1368518026550363
5.70653886565223	-1.9348889213892293	1.6831876853801864
5.722123869884053	-1.5579922361170697	1.286621484871893
4.864260313423047	-1.550060074816828	1.5456435182409778
4.44403837507992	-1.5776045754999428	2.1096595824904107
4.230925126095729	-0.37587832722966286	2.388050634147663
3.3593457905707593	0.024695339313889786	2.335185065926197
3.2506898947941423	-0.4620246481928485	2.3808638498113632
3.2956270154972085	-0.29284612812151556	3.3139473406352664
2.288996303534194	-0.4419322868098796	3.574510416544695
1.818984734782943	0.11608730966161507	3.851400797093094
1.2222468764944743	0.30232153248616367	3.4604476553104107
0.7711149121959164	-0.21841538777670028	3.365888247498262
0.4712181747980838	0.6083852152632885	3.081660330302712
0.4365977290998848	0.33344111371844354	3.46022758241638
-1.0086936024956379	0.721157253341802	3.1067850174509903
-1.0690338651628886	0.6522809371819775	3.110372259855525
-2.2109870875828945	-0.16880270154356158	3.5201868158871363
-2.0594109348628438	0.4785679264426873	3.1363112727849067
-3.222888262089166	0.7530962464879765	3.7460507988470786
-2.808210782178194	0.36364039758078553	3.0607519286229987
-3.1289691163249516	0.34720735875826947	3.06801912796812
-4.400949727855569	1.178118020654638	2.3012083983917577
-4.570095525499896	0.9396225107716666	2.7098056875673695
-4.547797125167705	1.5596040604112154	2.240983549365173
-4.608186230583885	1.9225458933355095	1.080439578443149
-4.2352373401923185	1.9188274602246156	1.1122340972776221
-4.939314218910872	3.2295514746891962	0.5961264482070896
-4.621977378653007	2.4480486033332984	1.112048891687687
-5.2686943202681356	3.4625583314629997	0.891697420848664
-5.246857470214755	4.294223416106382	0.5501980370639086
-4.905567784403953	4.05645371558951	-0.32506500348756007
-4.690414183430409	5.135699071894012	-0.48383752437659777
-4.986141689020855	5.152821546496561	-0.21351572046233847
-4.474104242074484	5.546321081808752	-0.43943709122572283
-3.7144723564089235	5.286359806710796	-1.4908983844540526
-3.0080072458533653	5.429606233809556	-1.671158530199955
-2.706459674874735	5.751901120970775	-1.7173940743895708
-2.5242197997598694	5.698756361192419	-1.0383617831938836
-2.52968225777113	6.114383063581197	-1.3641132714154178
-1.0788574006057408	5.517771516171742	-2.273217902944191
-1.6762559114290685	5.854012025366938	-2.2909643991696402
-0.6702390923455019	6.42970345966938	-2.773666007687386
-0.6349778297255309	5.205216990004148	-2.8536357201622096
-0.20689215775281988	4.743883939242726	-1.7694331369768748
0.7099947098116802	4.899832466617349	-1.9018906089645946
1.0245511105931207	4.254055550713552	-2.5725462452750696
2.4003693927024936	4.4651364078001	-2.903147809405751
2.1730546357476452	3.7879445772229756	-1.9825249607760655
2.9631417557848296	4.114568178498778	-3.0616935276194472
2.8283299387478404	4.238200265267096	-2.5574142146877934
4.055139028484952	3.8352252133978713	-2.7309795725530273
4.416838188576807	4.188472785499	-2.9475845814038353
4.433411510347085	4.1115474401213055	-2.031830338935319
4.789221120955404	3.1619969046987113	-1.7345836402745332
5.835793377068505	3.042794532356523	-1.5607652053135714
5.753256084483113	3.3906821670333125	-1.283437770683422
6.179029816325619	3.3360637824214403	-1.4589652556368884
6.952795903033795	3.4007916305123587	-1.9530857576626675
7.093715864242125	2.9358292477105628	-0.7378317708608202
7.385916885592815	3.2133560862307977	-1.6314060174193976
8.617883528376664	2.043000609962405	-1.2536990263415955
8.700624959478189	1.4974477851165031	-0.3390068961682846
8.347328020958672	1.6261167760920552	-0.9862635701618963
9.191781957595145	1.1837670792359178	-0.7577105379285942
8.395211739186514	1.0544134912164913	0.3100805686018254
9.574414104052817	-0.06521564599022323	-0.2232261024039634
8.497013120061645	-0.15153407283859444	-0.04794418961642799
9.518498551225939	-0.8396313764278222	-0.29031613200582806
9.549182895800133	-1.281992737752859	-0.5797078040563053
8.34754540551474	-0.8549042955484027	-0.1809982104557849
8.56714452189098	-1.6400840705876298	0.08121802939374767
8.63634934097345	-3.206514409033225	0.7914354927896639
8.889571159693203	-3.7494245990488713	0.249280075270779
8.747260083058466	-3.5989310805823482	0.3011990663732096
8.208828899414264	-3.9591269082893152	-0.6434667145468026
8.1811503848309	-4.972136278847734	0.2493377391769016
7.58034613455863	-5.297489821331742	0.160190072086829
7.647482991119243	-4.826893913439129	-0.8488346757159719
6.927452430639245	-5.430191803809662	-0.7552954502670004
7.310645605561664	-6.695021264507107	-0.43566917909589997
6.415265363438502	-7.000867338395733	-1.3753220320887538
6.352821603414196	-7.576847702819134	-1.2993711726414015
6.560218191072959	-7.515449176865202	-1.579162052537702
5.601114018829073	-8.11084816870883	-1.6549849909480363
5.455864861575803	-8.33527695746181	-1.3108079779660713
4.0882103844329585	-8.218553907246443	-1.1104222985613823
3.512382969805224	-8.506310024861921	-0.8876253285269893
2.712526660194883	-8.746808700925452	-1.5878295268661833
2.968869876318139	-8.988973479497874	-1.6687664264685553
1.9485989763688512	-9.199684454526018	-1.1328466806310231
1.84989670149744	-9.112777062980841	-0.9784663938192948
0.956799008028953	-7.913999258743399	-1.5217338640172018
0.39100444859937816	-8.860171738274842	-1.6793367861495034
-0.5019188180945019	-7.8058372822823054	-1.229476555346334
-0.43987567096043645	-7.923478569526036	-1.0587200729786646
-1.275185326636547	-7.99906299408935	-0.33359191902878327
-1.7312795582385532	-8.150589048506639	-0.8067492177465317
-1.8288682127221674	-7.417627840674448	-0.9207838681554799
-2.1866847053614835	-7.202097978121587	-0.24430910927488847
-1.7233207420938084	-6.623051832221416	-0.5860505478827447
-2.6228217641188847	-5.83198774371247	-0.29987658460577216
-3.0181330027127435	-5.738995718202171	-0.5005408532274931
-3.4411167815137724	-5.4897463639011495	0.1273864037826462
-3.612140968109956	-4.60845515660024	0.33877685175251004
-3.465797005301042	-4.664831723296188	-0.5461016099904342
-3.2089039099338645	-3.86313007032629	0.09559911735538851
-2.742502812521314	-2.8914372272161355	-0.3395325630627723
-3.8375760790855935	-2.58159069760144	0.12866485976839548
-2.7989629719840754	-2.0625792186728757	-0.14134362669107942
-3.2984615721782538	-0.8102880710956173	-0.3597686712998561
-2.6961878864824653	-1.1939186348840434	-0.2703222465344602
-2.8485731582052383	-0.15799230815059695	-0.2531353096772562
-2.6062983456491304	-0.4786061724415299	1.2374084593240064
-2.288493815302349	0.5968953906935275	0.6013316144399409
-1.3430749903647987	0.7096890984179488	0.3306822014269202
-0.9311816941310465	0.5616680430285339	1.1433820805941368
-1.3585180660594651	1.077734745445396	1.4885161859495204
-1.194465775650372	1.3291331508716315	0.7333776656448378
-0.5767845440338843	1.7721496510103558	1.5286374314510587
0.17971269864293965	3.0527816419573224	1.3939731604927044
0.6239569501246296	2.774809975129646	1.8168450677338228
1.3656385491405785	3.645112320659229	0.9098522040372016
1.3601764161539034	3.2115980723587567	1.610797106002761
1.3646965776127735	3.9874082704193468	1.0808344793529692
1.9912024006072493	4.651712019014524	0.3411138536495155
2.5787897846407324	4.711544994893004	0.30250187174380194
3.114193406926014	4.897256827446208	0.6360683884119982
2.6402517442890567	5.667016304447781	0.2815435740929958
4.1649279770981025	5.715456005482693	-0.43892912556975566
3.889347322662616	5.4341368820474205	-0.06998380367027557
4.275147307020976	6.456416991279987	-0.7980351825409906
4.803389232623909	6.629921464220861	0.010259323261496811
5.319685170969053	6.610714792801879	-0.7493744134403221
5.904013732698232	6.744048267061122	-0.6272029815784949
5.292210969660425	6.917501393999524	-0.5844933553454384
