5.7875891287462915	-9.213316269415227	0.6739595785250927
5.783674076281508	-8.64268731256749	0.5006717622052422
5.306604827781673	-8.371945941473548	0.3375079479805294
5.086309534335149	-8.775720359324898	0.5049382812814148
3.9141301454887927	-8.68208024565398	1.6827828303580068
3.5556281928500315	-8.450388730758961	1.2433661187804854
4.21924239535848	-8.828302217824449	1.1548721453771953
2.8791042497267436	-8.20805685457555	1.098603826403181
2.494210424568657	-7.292820005501088	1.235855364838586
2.758686469740101	-7.33916567505757	1.2446263902973993
2.677171686132984	-6.538140791337292	1.1269284179491614
2.827213088811055	-6.812898113535836	1.2213905727930003
1.764846797939159	-6.748534518150293	1.4841874841330078
1.8231076336818104	-6.5889947630602625	1.5147240499057841
1.9598195615829754	-5.183956272103711	1.4190425718602513
0.82511349097017	-5.343664924594327	2.188908340386443
1.904720086108438	-4.87407234289434	2.219663797509308
1.8049979593402135	-4.389388761167289	1.7376010656901455
1.3553777432614558	-3.6798813388963207	1.6681043157101763
1.5620996940474994	-3.428223887395875	2.18908720246317
2.203573636776729	-2.87881001923227	1.346252248112203
2.4430162060068445	-2.9757645594668904	2.08334988426522
3.312093116217266	-2.6327690044070557	0.7200604898310953
2.7560182622388494	-3.1227125298181506	1.024107035743278
3.6107338177088417	-2.916305469145692	0.3018339680153974
3.5207174305265134	-2.375023291911634	0.30839941190786146
3.0720722636867475	-1.730717664066403	-0.603101903526984
3.165919922879808	-1.5642763552496506	-1.0669863562713973
3.5304466251941946	-1.4824058148938735	-0.5755872297207529
2.692836603770624	-1.6216716323933102	-1.1862366114227385
2.394029690199396	-0.3639453436824833	-1.3186251808147613
2.1399671638637328	-0.8362600527897783	-0.8554975199588306
1.7793094874908693	-0.9333911511975019	-1.8618100298107731
1.7696388849108382	-0.2853355855149808	-2.065078066900005
1.6959845476504647	0.09261023069673369	-2.156672937194554
0.7706752194572313	0.9987818823774732	-1.959762479668334
0.6665034728000256	0.05560223857704768	-1.5103675440545117
0.43617804038704977	1.1048881454582906	-1.420709004451568
0.38782840114777495	1.0234286223783347	-0.9824783758341051
0.4707137050929626	1.1230215924022537	-1.8005464338146613
-0.2908999359490243	2.2436075859059006	-1.2762016485145087
-0.3480922608185133	2.0146570274719746	-1.1021001120107505
-0.4316903072648757	2.6502747560340785	-0.8672383682147122
-0.4691445220683148	2.7709718787664412	-0.5994516231304712
-0.27549498469062106	3.1419417030093144	-0.3364881366057424
-0.42184176719058447	4.210978538786762	-0.9542982199352767
-0.023470935528328907	4.899679651305824	-0.4463046114257449
-0.27681914997158324	5.52036047540988	-0.017677139569416744
0.48313398635578864	5.120756498506035	0.6637125599997529
-0.15699076823324826	6.014042191295361	0.7632005780408031
-0.21452066088267252	6.436109552083919	0.6555212650783043
0.7775535614824223	7.043026985329556	0.4556207086209231
0.7790704851946533	6.978148075570244	1.367302064693907
1.9486596665225568	6.7428278567391065	0.720649161665831
1.5809294923953794	7.233242794594558	1.5058736597629703
1.8576934548391066	7.128463390244375	1.2764499465739394
3.2681137900971944	7.282854334828167	1.3867389089943565
3.2452161877857164	7.796143544544133	2.190442234114524
3.0131600760824835	7.958438760015364	2.225923367166492
4.134013778017055	7.734518229071431	1.443001672840694
4.293115721987051	6.743966702731303	2.4910493731032544
4.358566430876955	6.759401674130305	1.4971286846552752
4.6234262892872575	7.039275678514733	2.030945263900714
5.707425290593779	5.763501320057542	1.7208835930437543
5.704516419454116	5.45034108420043	1.4064967081507211
6.0766649660884395	5.277890197348709	1.2906412880036953
5.529031400763739	4.605343081053233	0.8823922126154133
5.9299611815497135	4.200732418059676	1.3291890558874615
5.498432803968692	4.246184303193167	0.5034097404658439
5.870388016876464	2.7885477985418823	0.7067831511867261
4.932560933019043	3.2458436873693506	-0.016177378396375203
5.6053620642896105	2.8460440371663016	0.16354370450621147
5.0109242716764975	2.299463348891877	0.28597188187894806
4.346487368597542	1.8919325745602156	-0.3992225847169837
4.208903080793193	0.9943342376772928	0.07994869713673669
4.117924993126384	0.4772146873254307	0.08476931735208221
4.514466039267821	0.39479649319709226	0.12544819998704576
3.567682889790258	0.02297645640005974	0.5161254575747404
3.2819550569109444	-0.45614930336642634	0.3730036854481491
2.350132272951863	-0.21319739907683688	0.8648449300814225
2.4918868698149392	-0.1907700738674465	1.1809725817164796
1.749767290987615	-1.1144499023940226	0.7933839138433638
1.4557321668548562	-1.2912063037810166	1.3055553850942454
1.160183102879121	-1.6547060130368905	1.1563664256108919
0.9648611818677578	-1.6149070974066686	1.0899104126842467
0.4238873216724975	-2.1973779620470673	0.35372182501323396
0.09846748386797634	-1.3794846209514795	-0.1190264277685611
0.0877489481522226	-2.2508163452724284	-0.08625176456735018
0.35122354988117377	-2.920813173053416	0.37453160625769855
1.691923362089905	-3.1806496784730864	-1.0980131946108946
0.7556952199043252	-3.6562979392279926	-1.251132707523103
1.1860192229716287	-4.2465206714684465	-1.0557688003647312
2.3716841132190236	-3.596044845101499	-1.2376297664783589
2.3861716654038947	-3.4938192359101716	-1.1098596739535662
2.976747167892923	-4.082413015069698	-0.6073556279186276
3.130097955417146	-3.635196959852541	-0.4552293078030841
3.5643764311492783	-3.8637629985980393	-0.7655509460001891
4.828006346680866	-3.8907416445465604	-0.27889936864328546
4.172395328654825	-3.794151940909339	0.5656118230243607
4.7252803709376545	-3.7535070602010605	-0.06893559754816819
5.079742911872072	-4.2504143639296155	1.219346141315796
5.575869990359901	-3.3750127898506905	1.214515222792882
5.850056128476381	-3.245123795622864	1.220188279492708
6.274580051332428	-3.3645562447169053	0.8378433450111273
7.049462240849633	-2.614713048663192	1.996745751672068
8.159709870885818	-3.017812108604065	1.1429237009779172
7.581759458205048	-1.4855440625085183	1.4490892216142226
7.767352690320883	-1.8411525976683802	1.491907079880371
8.225053665297658	-1.0828728648545185	1.0552785102994229
9.31530809704302	-0.9974072316641023	0.8748349664729982
9.28645007085478	-0.15469618971739563	1.3646201306388783
9.485919503771349	0.3943055845187554	0.9671822085088855
8.746984450545376	0.8401126502466716	1.4933368544348935
8.731147930587248	1.6743005194519167	0.6730355608479532
8.627085569595732	2.166897242160685	0.3362572674104729
8.370807609800805	2.3696428539111474	0.45629962670569413
8.342488093541862	2.349885303016621	0.06934622946476976
7.953661990279725	3.1402806927513383	0.20399470245675932
7.5463430828113784	2.8363029300508753	-0.5982287838006674
7.071597806974466	3.3433941510449388	-0.11883453116830522
7.232361810551758	4.180998892966773	-0.4839967436055449
7.2372663553991705	3.926908527500103	-0.7203117460952033
5.678213263528412	4.553833274239965	-1.2017085594817787
6.362161621515401	4.582740610032937	-1.2580440982300956
4.719861103964754	4.792426783754772	-1.7795251652657853
4.151285569516756	5.634578673827056	-1.482990981885541
4.001848872050668	4.858245706639443	-1.9305411447913263
2.9704325329972274	5.06495836565811	-1.8161226611354324
3.3509270208714104	5.091067638207938	-2.0772033854534846
1.4905029257066116	5.462011881368637	-2.207804454876448
1.7933247412259425	6.224472422656881	-1.9867860638267918
0.4016982885968524	6.2593929726764905	-1.162734277147393
0.2526080493855977	5.590764789497862	-0.9611144451142817
0.14789577596405346	5.955383111273863	-1.1138112018867143
-1.3951304474905009	5.705620040281618	-1.3436090048748284
-1.8881555756088306	6.0921530497706495	-1.151322523278183
-1.8792974073758295	5.931152842220065	-0.5183837862894994
-1.7998378611763246	4.907749601509492	0.2571104146805283
-2.253930324832634	4.986254567971105	-0.16966760838882516
-3.043449983955912	5.609770246720728	0.25075007284653245
-3.6683030214898773	4.601527156133817	0.8690175881736921
-3.103626182715433	4.469008030500319	0.9558282224565593
-2.99017189394073	3.1357045737952123	1.0549327457656748
-2.9528115279592866	2.7426312472768863	2.2862773012164723
-3.786045129375169	2.4580965451574848	1.8534404556949693
-2.951979318542711	2.505017086081188	2.2334696992431216
-2.782592676298308	1.7782583418178688	2.8271901137915716
-1.9823024014496644	1.6105150377932902	2.098719952425097
-1.8246617749701624	0.878820437961193	2.860348440283123
-1.397777867187835	0.8491190409088863	2.947535622440239
-1.2095433668324767	1.418378855964454	2.93308855073298
-0.6853614821774838	0.6469419186025491	2.8432686109890817
-0.03198095195272177	1.553386422854448	2.485703416434472
0.32855436728207144	1.2689989855487143	2.754500735792077
1.2730273533369232	0.8562628676308373	2.4345344403670968
1.496342650365741	1.3183264018058125	1.9299647886465336
1.4643710558126806	1.9669737195807306	2.0087629761690198
2.001468894641034	2.0537019749652585	2.8390054458911003
3.3704587592148516	1.2752718068908235	2.648370163457042
3.9394204997290885	1.3122786692781754	2.3451114324340043
3.5928613758928716	1.3516091632245653	3.231013309839793
4.937865168568471	1.2055989341373947	2.164974969137588
5.264224833975625	1.498207671764431	2.0641066718466994
5.680026912395398	0.6283877832561502	1.7540019268770353
6.122122504438339	0.7597515741540894	1.539893947447017
5.437025712345201	1.0285835400334253	1.18131858035917
6.128431570351194	-0.033053430529550565	1.38828638665807
6.881463875847729	-0.1897253988983889	0.7475665261991035
6.900239766975211	0.2934251737445137	0.10114256276918299
6.651489757870538	-1.0682120813509797	0.9895222260097295
7.682651205180442	-1.2639399761491465	-0.1219002744641885
7.020799731264546	-1.7055808998224196	-0.013116773466971487
7.051583251744037	-0.8564105362746137	-1.2100013496404283
6.980757432382642	-2.074140859366066	-1.0455744526668902
7.845910259286043	-2.851458707922519	-1.4073011969697231
8.27248849523381	-3.4583319303428297	-1.5572244537384858
7.24453123341473	-3.5767939640912174	-0.4796834229119089
7.801970139477161	-3.99611859422917	-1.4928993852432768
6.943526973010509	-3.5553212009287813	-1.2928027702681852
7.411341185591083	-4.77265356962232	-0.7245812145900828
6.565172213316117	-5.5010104834383915	-0.7403115711464199
6.708845121511329	-5.9951758053476425	-1.0215580124758268
5.5777106576917905	-5.875279657005155	-0.7113047145708651
5.12118687002976	-6.308742740661761	-1.1346991454622644
5.879523922547364	-6.5411674733072145	-1.3241303752331288
4.848117290479879	-6.678859404455445	-0.9181858890941128
4.724612058239197	-6.974923722320135	-1.3320445434754562
3.276286254648364	-6.979226945141951	-0.28641941863166
3.176238121598716	-7.12349257341135	-1.4741137797119461
2.5810444406892223	-7.493086870711626	-0.5400998570086577
1.338361985074389	-7.180411822630849	-0.157534279034661
0.73266166868073	-6.912026950747208	-0.14075277986699408
1.4078730829570663	-7.545460147449652	-0.4663847628305726
0.17020888517106214	-6.636026015892357	-0.5017922621558937
-0.2650014342237763	-6.592496764527178	-0.6779620621648405
-0.4151180396105214	-7.039395238166282	0.01408616699806875
-1.073323168264904	-5.9113303005963145	-0.18047143048318315
-1.6479631015094787	-6.223503619751728	-0.24240012899670782
-2.566557672239184	-5.333653164539257	0.41539699827869087
-2.9325436424913045	-5.767874047297494	0.0432423932483432
-2.652860053797153	-5.14103647689157	0.39603322049638945
-3.5427153204714776	-4.220926391221764	0.9396339028106321
-3.3990715434381453	-4.419695172153875	1.4916694612233439
-2.746299404827436	-4.240364676701931	0.12612479415392916
-3.551375831343645	-2.7082436894831945	0.37312057418127664
-3.444457357628397	-2.35608618132746	0.8141532091381046
-2.94790731547009	-2.5549173317818825	0.06461670841976883
-3.2205730938077233	-1.4715218492493154	-0.04820257481184986
-3.229319773652254	-1.2482969038101346	0.4845251670715043
-3.2911698848278683	-1.137551698745614	0.05771002741014658
-3.0044662536100004	-0.7835008442047993	-0.1423414275297052
-3.22234241486478	0.3519209709754595	0.2596969886094256
-2.988637275589798	1.2297355507934076	-0.42511282431390907
-2.926874370751223	0.7029372076422	-0.10670604602735828
-2.8214251928927663	1.3023049917420852	0.1525549095575902
-2.149918911361336	1.5195377870292293	0.9761767303446359
-2.077702875230453	2.7601916199520593	0.2312224856082078
-1.5451870684362745	1.933948487541013	0.9523206316456572
-1.6313327660032528	3.4609814118452964	1.0450439759156533
-0.13474991167292072	2.954265324653046	1.1806308767230997
-0.30317687763455947	3.014295780285389	2.01993717839143
-0.28162860530457845	3.96569162020747	1.5053980444444384
0.7685075304870174	3.9853180783685653	1.7154997458875905
0.6566936113055117	3.9490849855451726	1.743056426318045
0.8946040267972146	4.799154735997875	1.2697054449643874
2.278157809986747	4.02163777935596	1.7466890138035926
2.494834512260592	4.585686858608184	1.7288281374913632
2.4432227596054745	5.105575406549342	1.557807578678063
2.9924628544960363	5.093422229428703	1.5829332167894403
2.7006386670732656	6.499969755886935	0.778853017835451
3.157230175714902	6.052953289410061	-0.09005194078622351
3.3540123336134413	6.685606614283863	0.7637815162548415
3.7931629672361273	6.405963493830197	0.26468578209091476
3.9714155871175407	7.315494868643399	-0.7131886895361725
3.6843976113110393	7.600221152387745	-1.053675469980731
4.357868856558527	7.817735007776952	-0.784748398229836
5.125845061195056	7.817453873723301	-0.1974865659475975
4.996976391037818	8.417505511079092	-0.8010061563802613
