6.161541203577089	-9.067094684921443	0.387012594177198
5.957627083138162	-8.95443993229829	0.47857874459817473
4.593173395046088	-8.91580606623363	1.2573044516529477
4.272836508269671	-8.985068885016203	1.1137069821582035
4.724451027585954	-8.995176966375716	0.7507634622783899
3.606834734927787	-8.93553132059137	1.5579031233296208
3.4441384497782264	-7.6139175372772145	0.984906713649526
3.4287675840335314	-8.526809938581522	2.026839861482663
3.2936179778006656	-7.742875817345319	1.9645264843322763
2.5914311379602237	-7.678554630131119	1.8620540477157017
2.816189865932832	-7.3615361284024985	1.4082304210420347
2.6039674353704614	-6.448340729673969	1.4526667194199792
2.4410802491307617	-6.941369164695363	1.5426551005585987
1.9040315609164309	-6.231551603385193	1.4849964581419035
0.9775657211585735	-5.693348756761823	1.9187590828142338
1.178185862773078	-5.482789014622733	1.9488650732423245
1.081510198696605	-5.423073321312518	1.9448587549447751
1.1444136837785481	-4.023256776670283	2.1281207540107987
1.3071807981473311	-3.351464591892425	1.8433171902040022
2.424329266216585	-3.747668976858723	1.8497638164793042
2.920588625506694	-4.065320397508907	2.104456395413828
3.5097405267525406	-3.3183481678460733	1.243496268613167
2.6504917586032004	-2.2064573711449857	0.7418160456661169
3.12738612856013	-3.0204520301458313	1.1025984611863064
3.3669063431141955	-2.0696987446508315	-0.05717013851373758
3.1026032231984058	-2.611179035162384	0.5976988676470085
3.667729768928832	-1.6049235555681458	-0.3027275872225289
3.3691471847344046	-1.7793046886873543	-0.4770500800314007
3.4267138523680987	-1.1868843683390276	-1.0048353970744988
2.6694348757694644	-0.9589478731322478	-1.4388279762811258
2.36555075053822	-1.4872796271365492	-1.7402609980755905
2.1008478918043454	-0.11231451614509624	-1.2363869854314211
1.7455548090648225	-0.435031521216132	-1.419705220702876
1.9577109455022506	0.13143866966462958	-1.805413821315871
1.3562006026543156	-0.47662213603504855	-1.4389725572437957
0.8664086112205824	0.4456280540280267	-1.8068510592515294
0.08478070047611702	0.9120456143446093	-1.1869009372527035
-0.13396597758597448	1.751590498555227	-1.8925761402103178
0.40199994194622035	0.8647148579397905	-1.4011077792991764
-0.03088736607803233	2.011681501354783	-1.7137748316588803
-0.8178533480617575	2.56398480853147	-1.3923237046268169
-0.6146862535464526	2.9207698574946694	-1.5034317964861073
-0.14153556444374848	3.296259451995585	-1.7164487745154942
-0.4886673762625579	2.7514957706806102	-0.6615404613789242
-0.6803932900582023	3.54330758483779	-1.011631482254519
-0.20414314048990656	4.515347705508545	-1.1888139466916006
-0.20982322503255535	4.77621080581765	-0.6896513766352323
0.17780725201188297	4.275565990348377	0.024731931476338564
-0.4628583762881336	4.835032932052924	0.47965758961508304
-0.32646570533116204	5.82107047386684	0.12354363959637253
0.4111811057950085	6.290431461054787	0.6235999595415727
0.9135093664826888	6.6453549061732105	1.0929772356202925
1.5386799185454034	6.700927900681414	0.7992867847688083
0.8057622724305328	6.930163855365869	1.8902871467572622
1.0597830435413313	7.618564586361778	1.1283934588759201
2.473843793594894	7.816801756583179	1.6518376968334767
2.7959507852241945	7.2287521833216655	1.8123192391223486
2.9084002819849504	7.693145074806676	1.5877751056256646
3.262885981233153	8.20052026889132	2.0789929696844758
4.576255752986997	7.053816171607654	1.8373650055975301
3.7582617110338656	6.7928786606330185	1.621561413854816
4.692854330775026	6.673193916758607	2.3836093401186726
5.093066180790755	6.258932349133481	1.2752645912961593
5.54830671936095	5.934554273904664	2.2593623913501153
5.535207980178525	6.137871617993879	1.2481486234351602
5.056748799065536	5.573095088514658	1.6962804612223992
5.3890623127700135	4.2582069108776235	1.4195079448633519
4.997938066224356	5.029811793064738	0.7850014200248774
4.969116638706951	3.743230127969719	0.615960326664907
5.142817512261115	3.7881102752079	0.7284325755987174
4.946274676092004	2.5283652828956744	0.6399244873219524
4.998028131656932	2.585031239510511	0.4638165797732534
5.245860817376515	1.6368403153086242	-0.3725051137539305
4.2188775640821445	1.6342187440042504	0.8944452887263433
5.218131140332096	1.0365829552642944	-0.35230105828322794
4.090398402683027	1.0404692105438678	-0.32295871339285404
3.298314691684715	1.0781238960892945	0.018303986181697485
4.315319288021667	0.10747552587900389	0.1589497310118262
3.8146798552270456	0.03340197701565073	0.6737728065952591
2.3195495836689997	-0.6053693238002597	0.9978492925314493
2.1541605383417735	-0.6127281321329543	1.2846368870998817
2.2086180945462566	-0.9577325598222342	1.2437200152933894
1.994283751879645	-0.8168227808600923	1.332964309170117
1.2532344922612118	-1.3602018806111602	0.41651736001377765
1.300712731026087	-1.453544493168009	0.5745170227464642
0.4070288224296052	-1.9208093165044682	1.2312944594219237
0.5938744242112298	-1.7332916865113117	0.3227119414394333
0.82234161610049	-2.738356247822857	0.2861334947867986
0.7039709894304281	-2.502472540768541	-0.4069892224792754
0.7537093991349422	-2.871757085743564	-0.8657707178657865
0.7278270355186143	-4.072648765730239	-1.254088504886878
1.142142871644352	-3.4082483779692243	-0.9957981660305837
1.604349969964055	-4.205337330491626	-0.779121688927934
1.9323951376140174	-4.144134079584571	-1.0215017490118377
2.5242032188381165	-3.72734129172336	-0.7099603243223532
3.4293051477793126	-4.450040037737968	-0.9971934888354614
4.422677806276504	-4.763391455640863	-0.9920457826639784
4.227199194212563	-4.545875437460285	0.5360370179075543
4.64214270126916	-4.582805210561111	0.571643236657807
5.196845872342387	-4.082966383868587	0.7455745025833211
6.192892715602815	-4.308445754456373	0.16400889955545161
5.938778870740585	-3.7471739607411645	0.588720815692912
6.46992032099754	-2.9644147544842845	1.2293177031814861
7.143001876769145	-3.377252234941144	0.798364970058919
7.622945963634694	-2.5943431223088993	1.058218908534821
7.378401353231528	-2.988555347459041	1.906869097523201
8.538567108092742	-2.433214666228305	1.5463187859719905
7.847752371794065	-1.457507959227673	1.0498605097819484
9.21031347003748	-1.4560323198922238	1.2637987287934807
8.35204721292796	-1.1399042181715513	2.034904944907999
9.140785060466433	-0.7337520125304126	0.7668555632019068
8.571869828179928	0.29434791075713196	0.9946916233965573
8.584368828746657	1.1462240708485245	0.99633205066797
8.549713369602076	1.0388755466241357	0.8720648293800375
9.213381924333031	1.2541588555683278	0.5669582463386243
8.593601155730424	2.610983999323862	-0.2824437758517056
8.481174350144066	2.613833584189034	0.13198789838648783
8.199918684147901	3.7039623124635517	-0.11804331243603439
7.93779840373895	3.8073899107459157	-0.9087834088344637
7.753290003542976	4.0948493936936075	-0.6846706075782618
7.1394027697888305	4.772954145382508	-0.9792489895760195
6.439525852335522	4.076162329556344	-0.3132395837386286
6.002416113741243	4.213004505418295	-0.3740243324948638
5.123470276940696	4.517811638955974	-1.4535269361743552
4.675340518715747	5.481904377020922	-1.9559679115059874
4.388638499383369	5.1654809707049845	-1.5981178979188604
3.76813054687565	5.139275928607491	-1.4575116408036721
3.0845728014860803	5.432644039978005	-1.6312566923904166
3.2872981439118227	5.458483456657466	-1.6837064018351255
1.7361149040389876	5.461877381600658	-1.9796011533201239
1.070395471018296	5.551320510838605	-0.9360553828389881
0.9524303783448205	5.522080622541958	-1.1813678708641786
0.40176843839408943	6.763792565164959	-1.9940688330142524
-0.37573614789959964	5.9321670598944065	-0.79409845369495
-1.049437169409848	6.263521070070805	-1.4330714018246702
-1.2598818237630889	6.108228641640038	-1.3246280396273686
-1.9056517314538517	6.161435694394994	-0.5194971357294541
-2.062276683038908	4.882375916137494	-0.43828317495458896
-3.2240608564877906	5.305478493964979	-0.27180059425068953
-2.9660110743176307	5.486970669127183	0.6257073123317157
-3.538583361370775	4.741802190026776	0.8454261032100754
-2.9480081269329528	4.151650771976853	1.115572614102705
-3.032363893070962	3.211004384528561	1.9751179606783555
-3.656153393317279	2.9534508235973322	1.3529036500326648
-3.9010761614765816	2.4050082515136495	1.9278273741245149
-3.016070484303876	2.8291958218462496	2.5504551825573114
-3.1901401604438897	2.261897759245394	1.8859471406610786
-2.570047507625629	1.5661782129648751	2.9569142709743654
-1.8230879517463694	1.7698434289726377	2.7526232317420942
-1.628606365477536	1.688759740765807	2.725923077354145
-0.7261690641310731	0.7808030656527476	2.8194753530334165
-0.6530250112090386	1.0619899690033408	2.532885609067088
0.023288779497379286	1.2071338366251276	2.846113657143045
0.4687996282570366	0.5691986384893415	2.2604161019144113
1.4499031654334367	1.0376136094076762	2.0575055295594793
2.041706160993657	0.9176360838830068	2.074202950895506
2.1723804562812736	1.4995952011063105	2.8213402696330765
2.06708920543987	1.9680935628050098	1.8714170356480877
3.105105884371879	1.1797391450771033	2.266195240969745
3.3313459542737234	1.0802063136402382	1.9892467323254213
3.722366831177128	1.6253167230820136	2.5365096212863856
4.1716741474013235	0.8821665908081175	1.9149132962837458
4.360797115021685	1.4552372496616255	2.6293105118924505
4.568792233271658	1.4297709831379417	2.733620130359012
5.031897797828905	0.40109339971714464	2.8608719043535293
5.729203639260263	0.4068528755958473	1.2959681928114337
5.741228163173997	0.0714343380540367	1.4723097635440152
6.1771107592404055	0.7450061139931711	1.0668948572901866
6.499451506716044	0.2911396141327727	0.10273910042427437
7.532685632880032	-0.6606013042453873	0.148819361342739
7.207825950714613	-1.0629530404772214	-0.010098987543100235
7.314626618572999	-1.4610983075004675	0.011208240005760706
6.860259079387304	-1.846753505651079	-0.7588592947806174
7.653441667154816	-2.5159405181788563	-0.2497874755855658
7.232775011247526	-2.715790815790837	-1.129985041327243
7.959584639015226	-3.0285266682721974	-0.7231985401465113
8.111599091530186	-3.7594498958360485	-1.0848604337314132
8.467801816736058	-4.268414244749054	-1.276970762148536
6.975757356885481	-4.5908124405435915	-0.9394707864275595
7.136388147677141	-4.495577657267355	-1.04092475471686
7.302725789624257	-5.100481360567515	-0.8529876540699053
6.997770856562184	-5.738148857662418	-0.8922827305053196
6.050186866892543	-6.345582697665448	-1.4701153031375804
5.778972836209524	-6.349687279116998	-1.250056476970113
5.165760542157552	-6.776093231616984	-1.4216072393850276
4.099189153051067	-6.230829132571515	-1.278937924363647
4.733062194876142	-7.022748737661725	-1.1452754275950852
2.962652755040474	-6.203155846886933	-0.954391921006485
3.2474418710213735	-7.086678945020155	-1.2992066264610893
1.902300369097774	-7.159876660187522	-1.0093792080029593
1.5364319101718906	-6.9731887984249274	-0.2674985410440067
1.0364285768944272	-6.440342604194726	-1.2007919460930847
0.19135346015605245	-6.896318988666969	-0.8758402882978623
0.1336256378990177	-6.947718522781982	-0.2678629479566901
-0.7518790334087377	-6.10175996523747	-0.012149903536684548
-0.5253219929827064	-6.840063616139013	-0.5752832121935119
-1.6450353601778962	-6.163640573790769	0.5784946345589964
-1.8667609209760294	-5.874809414587307	0.7118423455779254
-1.4833948720423593	-5.483131211854042	0.024600623683034853
-2.3885831221357363	-5.518305442001364	0.30165308824242476
-2.8634062059500733	-5.128617342465815	0.6134083055896086
-3.2144602693628603	-3.9502957043508657	0.30124828071142395
-3.4589793610216666	-3.377098398470316	0.5794825402248367
-3.7755324125611756	-3.1059047242965283	1.010067198174407
-3.23045688778305	-3.659030693515844	1.0734120218087764
-3.0231020262453985	-3.2555506697643675	0.49742605151478875
-3.4205848857675223	-2.7247939101661784	0.254046637223179
-3.722329542805246	-1.6288505760332843	0.8575187602611043
-4.070615672118484	-0.9431282733671907	0.1503032890244445
-2.844764294849969	-1.175053253092157	0.46561072662858294
-3.615750689852536	-0.8192108182822	-0.03487348700684323
-3.4830065490516757	-0.20270342424004562	-0.23600624497387723
-3.392025364572654	0.08968840630987046	0.4076514951852128
-3.0070662184886103	0.7701226051541055	-0.4128385821181003
-2.3866420828066195	0.9939212937548425	0.36500611355461393
-2.5979639138753283	2.596834736691793	0.10834283169129122
-1.9340159171262152	2.2046499855615265	0.46997002118536335
-1.1689057616843184	2.9613302336883525	0.5685349609267258
-0.6418618024732299	2.631188619277655	1.4921644863438266
-1.3279594859359665	3.272846753310607	1.8157739048566666
-0.3939346833535422	2.81802768434887	1.2272149534122658
0.004835469204535814	3.0848051869152187	1.7449223788192751
0.18849338910505548	4.403942509298618	1.3853118651281422
0.8374656484228614	3.6173072675451996	1.9620719875630583
0.9064102389807829	4.250248831470119	2.586336178492077
1.21966533513958	4.676576561349942	1.321341742816712
2.5234231326440177	4.480027329791	1.729291387137144
2.320287369080534	5.136633424613612	0.7523248059865597
3.5366099817732506	4.909468286359285	0.6288994890168645
2.9145817157409097	5.779346393475851	0.20341293466688495
2.994994842739072	5.915916185125521	1.234207813054972
3.4071080440582904	6.04933504223839	-0.02275692015853259
4.398157531986566	6.626773531713819	0.03667641553099665
3.649249287736866	7.369348550137877	-0.09931543206055382
4.307400577095967	7.07080870475175	-0.08536700683610166
4.679455545823667	7.940507469794902	-1.1451943088877572
4.158291729819335	8.519940092771334	-1.1296010551119093
4.919428119207999	8.347630532472794	-0.5996667304908696
