5.401222159435103	-8.554616134588034	0.14067415045690013
5.051210732318947	-9.223281066760029	-0.0448302392240393
5.09831791306666	-8.74868790557771	0.8738025193210187
4.656231014050846	-8.696991957279948	0.5519659269903402
4.254049443715072	-8.842032115738606	0.9124314772296868
3.2137909623255667	-8.48782571384576	1.5097727817595348
2.665498623023921	-7.448641874319505	1.081505855116302
2.75619568683305	-6.804978713435536	1.2512669865648802
1.3539325370794228	-6.298546698791224	1.4516431617805978
1.9383198075743233	-5.935326301277746	1.7793540593965815
1.667104660964692	-5.400817144629197	2.2676099773661003
1.2130080810769703	-4.414003644260823	2.117303216756824
2.162592990329536	-4.617068340314516	2.4995850691196377
2.742062576256005	-3.9621353158405035	1.938750188032737
2.4433671111945885	-3.1654903314824874	1.88950524961112
3.8066345340358603	-3.2359352679929914	0.926259796860474
3.2466100536605325	-2.834851998392023	0.2509098626747656
3.0051836906435265	-1.3521944814788247	-0.28149719911742654
3.018607121302626	-0.9319100937294227	-0.878794109377193
3.519836484093291	-1.6078778899826027	-1.206536737316061
2.6376944711044055	-0.6444030329862238	-1.3448829916493323
1.7282000876085188	-0.3590543777326324	-2.143542164708324
1.6078062116881249	-0.26997415744671494	-1.7454665112457708
0.8838487441591508	-0.33465932771621615	-2.01523832949816
0.9478578695417792	0.4194190904961016	-1.9436159035873446
-0.034326350460323174	0.5317963371450504	-1.073738873369642
0.16314608477524128	0.38220785608414054	-1.816676748513899
-1.0589612684467107	1.0024646761400584	-1.2473861803099346
-2.084633929037875	0.5454509061871864	-1.0574706375128726
-2.442899668181861	1.9690596100788382	-1.2374939922827883
-1.6556615829312797	2.6044073387887523	-0.08710296477431712
-2.6938000473392063	3.3145937701463266	0.7774413255707489
-1.9150595287629764	4.078010437659598	0.35912899222955125
-2.326990016670365	5.016819511856016	0.7558066380669273
-0.919956307359318	5.771185884934646	1.1004456673869012
-1.063992095181154	6.09522419152998	2.025217364799315
0.0156282742556072	7.026708932478984	1.8561447744153168
1.7060772201677645	6.90798573910322	1.954409528101369
2.1290791799257924	7.3277024584768755	1.843093737043607
4.2157121954892345	6.893945644053638	1.858693699159852
5.037773954403626	7.220248604913229	1.889127330704632
5.269145011957191	6.27506258955823	2.0832774602322646
5.367790524914773	5.859661617911426	1.525781260497839
6.107176661693618	6.461747081133419	1.3320087397753821
6.483776858350446	5.643687989786623	1.5918930236892956
7.057717688934801	4.126249159650152	0.2080583713657547
6.813423236170076	3.229780995034283	0.884389271643517
5.91906057887331	2.4287432392204997	0.9261386904336449
5.37576325461938	1.930458727875636	0.19192332342394514
5.511707857896696	1.0480610392317096	0.07328810107326034
5.0210496600178365	0.6415172704880346	-0.005962582467326616
3.8621864956578547	0.19078707383450216	1.0016931202499149
3.5763309620031385	-0.17896117372449039	0.7705906399687132
2.36680029389205	-0.7723661149395492	1.6697837484990479
2.0530634984765244	-0.9893260664905541	1.2310330097773432
1.0751277920000168	-1.1092089787524926	1.7327848636227854
0.7956704594400428	-1.91970375652255	1.2365626978871325
1.1754930732820812	-2.419402501654801	0.6577601160468929
0.03694029881666876	-2.700256204660313	0.004295701853204159
1.074908650447248	-3.5827754777144225	-0.6978090783289002
1.2583159149337295	-3.3544659413879105	-0.8406310599122603
1.3792224315646497	-3.884908666299652	-0.6085543018486053
2.0085944404773803	-4.546715736686252	-1.151706953577274
3.017277145127356	-4.230289931238836	-0.17810584276391883
3.86269073561554	-4.447961947317823	-0.5603852763654037
4.96460052086783	-4.122623621569642	-0.19937740189277636
5.527156678285637	-4.384948510315132	0.09674271884873581
6.341277149484864	-3.823737691439875	0.5707695382542666
6.901665499432466	-3.8019440704266083	1.3059052112380112
7.064710857724086	-2.3470336742817626	1.083722476142496
7.308271641038634	-2.603198464897765	2.3072088511623674
8.818053693721238	-2.1449874691126296	1.5784580709376717
8.10752689960166	-1.5846416312496456	1.8972617151744648
8.457411571795712	-0.42148925392760495	1.6257957497047406
9.473631243036174	-0.4055022929792005	0.7710669846527942
8.746568720621593	1.7003565337600577	0.22676840656642108
8.875782563382653	2.0700446116314097	-0.0896594217636633
8.95284718903133	2.404964941689905	-0.3464679333799721
7.76050370583572	3.1634997623165755	-0.22113032878065797
7.572262718610692	3.654032004562308	0.05322955264404294
6.897574568612016	4.4886893866636415	-0.6429754571124805
5.962494856555546	4.265944992196309	-0.991450880330025
5.4553011859911935	4.482391977813721	-1.7724700592483558
4.510374245041203	4.356768406145841	-1.9772979468468816
4.544469703464709	4.5564222425012915	-2.085449289867775
2.7732142060281046	4.903303625332354	-1.4734711463147332
2.623423938851552	5.275297741943898	-1.5095148559339508
1.3440864506314085	5.71623917993259	-2.032336369999331
0.6656751750081442	5.582653640236954	-1.202132082794516
-1.4119019613558665	5.492780182758378	-0.8883111945502754
-3.557959034733129	6.007975754996055	-0.1817568263754772
-4.04742916644249	5.033271732708936	-0.17302974835435103
-3.768787987933832	4.524067756006726	0.40421488119605076
-4.016934877127243	3.798915026330093	1.0876280740047979
-5.344163495151175	3.1504080852165135	2.3688497130758397
-5.195110167059776	2.6899658999741174	2.246738650613675
-4.24298280287323	1.5798308547855284	2.190993667075362
-4.265040466535224	1.7095373438505335	2.3818633082438074
-2.778719018089923	0.7325964477563862	2.975338617007923
-1.6256590583218464	0.6559322456231701	2.393775677888954
-0.9857789276291512	-0.5108683319999829	3.1462725414484294
-0.4831803366987299	-0.4680703927912323	1.9023461869943121
0.6075166792534661	0.6109759124951099	1.9380189330661826
1.8127831854522252	1.1074742208808843	2.00748739192219
2.40959325429276	1.488280213554237	2.2288009197728043
2.3435117495526145	0.4017922151195449	1.968387416715916
2.8058446679892253	1.220232327570586	2.0609469520240853
3.3994338635929116	0.6817371400560177	2.1662503667348174
3.8271450661067297	-0.1627507941021974	2.593107359564862
4.331955255195734	-0.8203817724421629	2.7954986970084015
4.611370501498248	-0.944616647397883	2.319670370911644
5.349185768397015	-0.5646027883051377	1.8255982651363207
6.411227902627556	0.40983455217135345	0.2950450232223667
7.83944752053581	-0.09426461139320014	-0.3785366824513528
7.4926771465643425	0.8003582226258779	-1.0060124002509974
7.976687230596089	-0.3530351321898213	-0.5257418425874072
8.565830180651421	-1.2865325092149682	-1.616442805601868
8.523596376021004	-1.6381570554973277	-1.5897220892704813
9.806560425806822	-4.0129663836450895	-1.5206557230766746
8.542316344213177	-3.9453060902806634	-0.8275954121073255
7.748842819484312	-5.144580721478394	-1.5730499208392705
7.395303437989172	-5.74349147889044	-1.2465787172517744
5.413851082674122	-6.1789002133930016	-0.8941574867518172
4.572691753414462	-6.903096840662282	-1.1427366298902282
4.4873028734114335	-7.049276560012908	-1.0974575648823244
3.554633709272456	-6.820099530152291	-0.8031301611094466
2.1264989052506382	-7.539503512960096	-1.4273631919310688
1.3550815018320985	-7.604910545268913	-0.15534475028489592
0.4267368864604907	-7.603541575146765	-0.5029578247734761
-0.1285664814642608	-6.2438959201181525	-0.8476025499782216
-0.5813176779581082	-5.6415463969494315	-0.4424036807197499
-0.8535393434403454	-5.320911789095428	-0.47087802294770575
-0.7751482015699034	-4.831245757592626	0.7634132723877247
-0.8983668902541111	-3.5522833304219428	-0.3055419787373772
-0.911783112512983	-3.342369208305034	0.20470010446341902
-0.8197879447743739	-2.810025969304208	0.03858745543048814
-0.3296268406375602	-2.4228183280527995	-0.36606721070597253
-1.5519628659747562	-1.6662995999408823	0.23776151165189124
-1.8353715474741947	-1.3752834817345514	0.22994032867988334
-2.989133727061596	-0.7677513626975019	0.13702171694032061
-2.7889077715530775	-0.7462541464764589	-0.33362241134721654
-3.1671841960724896	0.39868605746042085	0.30032748543381893
-3.312432931339874	1.2359671880637129	-0.21614670633802846
-2.4911616738069573	1.1309463649768385	-0.0033671862934259444
-2.2447719371112775	3.002782434333634	-0.014996802139264229
-0.9118122453520108	2.684602078157074	1.269321404370647
-0.6218918366768695	2.9195974054272185	1.6984312345074417
0.22623825055248292	3.4110521363962176	2.105394266228698
0.18583016012679926	3.50090383626401	2.217629833135705
1.140706693995932	3.8932794090462193	2.430822758399653
2.588809802697969	4.453225847258177	1.2680153830936542
1.948305702949045	5.285660468807058	1.20848736687288
3.0201523422645615	5.037168815598351	1.655161710475877
2.9570047365114807	5.672453668615552	1.1592980674392894
2.8962730562295946	7.07141146059401	0.325015038803942
3.592534049922183	7.267070800665096	0.4220954291404352
4.02041341296088	7.176369524949716	-0.7053492380583886
3.9969135918294416	7.8709854402865576	-0.05818599554303305
4.762330537032572	8.319456857149145	-0.84791045173559
