3.8674487279740606	-9.242879159917358	1.6877893607071528
3.1215079306434546	-9.69638763400696	2.056400948750772
1.701165929531769	-8.44092508035048	1.7421159112102935
1.5395768296649581	-7.821690044873772	0.8714364055207899
2.65167204433988	-6.316426374396503	-0.7493542367631134
3.429040504626596	-5.280183883822809	-0.9683582217575046
3.1162199874940715	-3.4443703005346284	-0.15929513831143316
2.80915377593337	-2.7597434418274878	0.9709513125452975
1.520154497332623	-1.4446026187743166	1.287227766996173
0.9903692452042399	-1.6300532055927464	1.09017496520224
0.08375512509725386	-0.11630274016298281	-0.3311314158469927
0.4278293345226488	0.5129787627323917	-1.6041063964048965
-0.8949804372234296	1.5724662917577388	-1.1553976869531966
-1.5736867311552847	2.552496379536335	-0.9312050135846034
-0.5786152775865052	4.500120967743346	-0.39048410728838706
-0.810479319015539	5.947285789235829	0.6250529329482388
0.18978797219355542	6.587951465850378	1.7712910110617461
1.172685048713283	6.817042555292668	2.2052860368298233
3.201916205216224	7.006251514006553	2.822011994164955
4.018973884040208	5.915389137370929	3.1225669522149397
4.572910208918924	5.46715420967025	2.330465867468096
5.074724167355906	3.047285302396521	1.8253661915529307
5.480141740318526	1.679479241053342	0.433470257530866
4.387087070595546	0.649818343843648	0.5650758415611117
3.253646382451522	0.5552278821218442	-1.2800621633947973
2.7035126311702715	-0.4285526415766039	-1.5175832993106235
1.2691452113355037	-2.15907840926159	-2.0251451982544673
0.8905132959597862	-3.4199464783221827	-1.666762707886695
-0.14093173112613808	-4.254876255663042	0.9103312973881796
0.4127158790873276	-4.930173259294099	1.018914047036373
2.467546156233346	-5.317570061295881	2.4625141777576274
3.611817126069235	-5.77154757736187	2.5056170268500866
5.157691882221126	-4.540107286081838	1.620968940615719
5.94707376679084	-3.488090624348219	1.2157444266735484
5.945380838953188	-2.5140665322683597	0.8370776301285673
4.552456952363417	-0.9634457700140941	2.3133080453217305
3.7172523587981434	-0.8060156122724393	2.2593281860704075
2.1601975385848875	0.08514069159415993	3.2462712646460963
0.8526863724992193	0.3907274720382339	3.449646134399312
-0.9542008638381398	-0.30480744585777675	4.42998850640987
-1.7519987956611485	0.35022549039106954	2.898695009010509
-3.950083909200993	0.6494713165820403	2.459749897255527
-4.418721508762193	1.0714216413565696	2.553448608108721
-4.806668547603625	2.598274435253681	1.322775282358437
-5.496170417723486	3.375377781697196	0.1162222788049379
-4.464396920789608	4.793279427362592	-0.2200988055033939
-3.4745522674842917	5.30375730063043	-1.4680782535335573
-2.3952753879909467	5.992366822016567	-1.524857646664413
-0.03269769941102951	5.534984736735205	-2.463272510797854
0.38923128143162145	4.732720952364696	-2.1660935782500834
1.8179351047867984	4.945152681135135	-2.4410151896610097
3.4930639431293855	4.333988882318923	-2.599972630365686
4.488729832019941	4.461457663896606	-2.6864168704290656
6.909026148983805	3.038442846171031	-2.2001182548146607
7.816311260512674	2.7892774244477927	-1.569486559709715
8.126319562990517	2.3343077609889393	-0.48679495809021056
9.075931561397423	-0.028728702891730074	0.1667157545675525
9.388458328055524	-1.1177841922576712	0.14791906813636901
8.692428953549667	-2.6642008974324014	0.4208187443173095
7.945190464201761	-4.394364123903459	-0.1634111827246214
8.092277046231075	-5.7667396804460225	-0.8886171600244301
6.419930307007072	-6.707717205894005	-1.1750179025215615
5.470828827261709	-7.183605304470768	-1.0466265021729049
4.418586307346256	-8.392789638180167	-1.741739900259842
1.9903059263647087	-8.885362648381442	-1.2100682303083012
1.104724205920962	-9.127997100620604	-1.3084765046488007
-1.1520538499428286	-8.131716658901443	-0.793308709275797
-1.5818526342105943	-7.094810328998442	-0.43500261325879974
-3.215574706266444	-6.005796873616435	0.33195010173955
-3.309106484525147	-4.574445821531178	-0.4500841114425498
-3.0481872561971475	-2.8501206603131406	0.4193451418710772
-2.5388446208337454	-1.0811910412547212	0.12611106240848236
-2.282600467515516	-0.19155282986241484	0.5039434919672711
-1.2173896315543018	1.6039077149005583	1.5563442608958709
-0.3584847392634869	2.488137689091513	1.3505528942527616
1.8834465958603013	3.296651826447479	0.9372964582890375
2.976386429218115	4.188505276190797	0.4869016404759894
3.1845358104558388	5.500970795314705	-0.47841239385911916
4.424303286210489	6.170194847460664	0.045426647104331974
5.559950547685782	7.1739495814668635	-0.28985203315856145
