4.728616752419973	-9.663586479610611	1.631033489407035
2.916295610405424	-9.707509547622577	2.0888836576769947
2.0014373605457436	-8.42530103118292	1.0872703842394564
1.5602222493865614	-7.46952171896184	1.2631322512866114
2.5475070810030744	-6.29069378421936	-0.3647786458372062
2.5586530517807002	-4.755791625879297	-0.5407530185627206
3.3338307516519157	-4.41552039085899	-0.34708033745330547
2.587646930505943	-2.9152796231307536	0.41709568949105086
1.6525183493648776	-1.8507249160026573	0.7354784329389183
1.1124046110762047	-1.7982999066698468	0.7297794264662892
-0.2384046803502914	-0.3560427781804121	-0.22223822992362463
-0.41658378026243953	0.8623953632933236	-1.24024187217834
-0.9256186833886295	1.517548942244499	-1.6363897032662835
-1.333310394098405	3.2515982292259538	-0.6179379040953089
-1.3625354716668856	4.507642453527513	0.18349617233806603
-0.8826892821692787	6.089340279004601	0.8760355599833394
0.13391848493377345	6.854606844104094	1.1601052871322444
1.6522754447599577	7.636808884558468	1.738074891425063
2.7989053132278525	6.398360147663427	2.0250521953942653
3.9737062995665466	6.474188536972204	2.4602636930965045
4.684897758240309	4.237999077040861	2.5832131930609132
5.297373419024749	3.2362154536565555	1.361152113192104
4.817774719994273	2.1022796876566665	0.4644815845844062
4.788296012931704	1.555971998663173	-0.5136566593705085
3.928290162953407	-0.46057570724570973	-0.6467045048549633
2.652082924208577	-1.5379131244084525	-1.4206349224636399
1.3111463031263668	-1.4306876644147812	-2.1814130254423962
0.39481362909854334	-3.5455930113806087	-1.5105412778908542
1.087043137774321	-4.125071743763753	-0.30397357033844224
0.5333876740827422	-5.307312870078105	1.2615063691834711
1.9356222253238808	-4.77902361966506	2.1014955573014262
3.401479357973491	-5.178453847178292	2.5526275086745054
5.3746930940501505	-5.243806081012963	1.9263590039421459
5.2681870514851274	-3.64944542798485	1.8099690074358006
6.246201429490272	-2.3640279214885287	1.2686923571990327
4.437465208328442	-1.6900469144110177	2.843499098274269
3.717497647712956	-0.6520796269334186	2.847873907282797
2.1168080486872	0.36910830729139055	3.0592585819309357
0.4188036778024954	0.3793041690507144	4.103638075070654
-1.1885591781181912	-0.15288541262788874	4.446058372696763
-2.229848455804471	0.18985336363583205	3.190334211447754
-3.4516037159510216	1.1622409181224105	2.6490251494390127
-5.042750577519621	2.0353295419802966	2.2866108592098495
-5.126749770107316	2.444442128335384	0.5842565647026463
-5.373521704093459	3.6659707036218254	0.5879609498782892
-5.066306126671613	4.521570395450388	-0.8626510243082309
-3.6096504327050987	6.287922176351527	-1.193337523957628
-2.334557101425457	6.10111006379388	-2.3213387386597093
-0.9634240857244418	5.508780392829011	-2.317096594436615
0.5512668529214757	5.628945335724794	-2.5651934362299835
2.3713060840548703	4.1659757593520546	-2.3267722711833105
3.1455435974454478	3.893648022413969	-2.939448892201437
4.465662040024467	4.199083165062312	-1.8973529234275122
6.091712492896574	2.868876658265458	-2.2984895373881584
8.147146058612837	2.585124649973742	-1.3368895312123248
8.412103074046088	2.1062200755165987	-0.515777768193516
8.834240549620496	-0.16926906690654098	-0.3108924672373458
8.884351560065593	-1.2022885723170655	0.28036972877131483
8.573615333864652	-2.2654871570919326	-0.47580173853308616
8.357628061131905	-4.534299733355731	0.5648809756255702
7.639709932630732	-5.967910327045831	-0.8736738602700517
6.194828019202043	-6.144080146010497	-0.532448629029161
4.855706141221275	-8.049250884360248	-1.0069345287691318
4.266526507555718	-8.679394350196223	-1.1050585700376216
1.7962980344812691	-9.047454664663267	-1.493893670387717
0.18471367611416067	-9.062232440585362	-1.074554781415524
-1.2137595963595402	-7.652577960683395	-0.7955614017875658
-2.4456280314561885	-7.429608523386869	-0.29734700125542846
-2.6362295303282446	-5.519959601655403	-0.49179724563215205
-3.320474684490377	-4.575609101829998	0.06502819074423893
-2.868950291531831	-2.9021459158216985	-0.02300354337461563
-2.777956229573963	-1.452493313485773	-0.3601821740896339
-2.3838682870252526	0.1871035834631417	1.3459294181102417
-1.7002260076218751	0.901748767952693	1.926737705611886
0.409481905818925	1.8643747937165893	2.0015847972401164
2.114798461637739	3.253516161833089	0.9474485132362007
2.439340477292942	4.302950390657957	1.2688497607221378
3.2044371873205213	6.033590104331658	0.011318787209790515
4.698112557021209	6.9479228984836165	-0.5175506920968405
5.773999434378894	7.319286993367308	-0.24643178815813815
