4.297099308876345	-10.50617567336285	1.5089486183065943
3.3441777634950873	-10.033694080081338	2.121587224468738
2.6976691199327574	-8.959999211128347	1.6124563645009062
2.6262448322311553	-9.011613704723823	2.047580329846784
1.8769412710378384	-8.741630226577643	1.8871993770369935
1.9166067878047839	-8.063836847599156	1.5748222039830746
1.9841918181049345	-6.94938855706365	0.784994450779283
2.5599670351477037	-7.400214628115908	-0.11536866153795011
2.061528879401381	-6.664479867603588	-0.45991648020309484
2.2293127568593354	-5.720158690189686	-0.8320811086149893
2.2263638469910654	-5.671634038858314	-0.40391878601244113
2.572284125149584	-3.9914906888512522	-1.0527130214337252
2.7334634323915514	-4.437851369748207	-0.6638414277707095
3.4989506336470964	-3.315186069887438	-0.20135926481613098
2.731686880326655	-2.9500227108022616	0.8511651135802731
1.8994158332052695	-2.3230655380784198	0.6051773492860071
1.2236098995021822	-2.528697116121771	0.899485202725891
0.6765883740300649	-1.1252267118472703	1.048027784856937
0.03307671202431799	-0.937607136533984	1.3989467241701334
-0.17519376059711736	-0.7396765364439497	-0.2745280870067506
0.03035800056436172	-1.1029811041307531	-0.7227715323166968
-0.04252265070073302	0.15701451494605734	-1.3309338723640642
-0.6173390860309578	0.48272666173362155	-1.0263775180835326
-0.7612514738073233	1.879803652778461	-1.8820909687882519
-1.0720618169497977	1.7427365368656274	-1.8887606223990079
-0.5572447426985621	2.119596400733082	-1.5960139944078768
-0.5548993636463724	2.726776212807687	-0.5653999466907556
-1.4441958970987279	4.041199406968556	-1.0166700295460331
-1.109898141849484	4.437749879307983	0.14965137732716416
-0.5641534172616227	5.135015850534875	0.3210212257308436
-0.9147633326615714	5.229807350623101	1.2821971150582927
0.40290275111049434	5.887577052133236	1.166210638862085
-0.0013655421557350333	5.98217798251973	2.140533662307682
0.9663715020346227	6.315162397879993	2.060092519444104
1.0990116140825104	6.776218509182872	2.2415229232785925
2.0364957617398107	7.195524233673503	2.4926410566157937
3.3583088874255074	7.293429347531382	2.3001051299996758
3.5982007391993642	6.622240446022109	2.601467159262837
3.5928771473442973	5.966851914149396	2.8323082915263518
5.022923997493654	5.223122306639476	2.3595641900151527
5.224298943252121	5.104995136884252	2.339559017460597
4.835024146736944	4.0826962395208355	2.570266557819579
5.396571064685222	3.245381381734503	1.8226033878739627
5.3105176845197715	2.2603102238887276	2.0107901262987284
4.686372305474073	1.6554565593201793	1.0375247936217082
4.940216683760872	1.718594990744713	-0.09120387407070771
4.683591614617294	0.8122267455185506	0.32193463417443047
3.743958863276531	0.12719726096793224	-0.01014748264223364
4.348510365627236	-0.46895893163452296	-1.4833693034222142
4.191638787332881	-0.6666294551255784	-1.963822397007824
3.1764288156118745	-1.1976653925242902	-1.6567793522589362
2.439675520740214	-1.4237591777199459	-1.3369706240152892
1.2717882632712285	-2.181841044954404	-1.112521778645402
1.5839548227267877	-2.521052127315398	-1.7755819371074173
0.5931774998156267	-2.7362955253538095	-1.041946403866675
0.49547398060175124	-2.9842771324422204	-0.5579314936874616
0.423440056259782	-4.677085529063533	0.7362350584690756
1.061196763031371	-4.793995280315239	1.4175383219873485
1.2809821234918002	-4.769302429694325	1.595938267799695
1.3227601146751344	-4.937714391789347	2.6776871247179788
1.9938990430259884	-5.206811639536207	3.0046156812974996
2.9881352202320355	-4.594087591855706	2.126799067722529
4.1340607137458685	-5.114780297897977	1.9013124328005686
4.6175748866633475	-4.691216665932426	1.8975997299273502
4.497158849992729	-4.743358035474456	1.5050086101952065
5.13481660697545	-4.32550708391479	2.0026642407897857
6.1227789236158525	-3.6813429705545975	0.8209559615762893
5.705927212892385	-2.7659157997412898	1.012925123762924
5.249134241755459	-2.0000224819167127	1.5735153658619216
5.5797477853416275	-2.2337644857220713	1.649201541198404
5.13972973591169	-1.5835845638051536	2.5047332308938866
4.075028681722689	-0.5895138461916251	2.6215387534579673
3.6511069864139998	0.12956022005279277	2.3371525607916284
2.9735528970268224	-0.6522917502563959	3.822997477057369
2.5391022435980584	0.5323219057456599	3.0859367786169134
1.1618263657308654	-0.49083897635866486	3.2314452242190312
1.0138239793839845	0.16611537324888992	3.9511578807891277
-0.21742721840549217	0.4920204935824356	3.4587955938658212
-1.1616737228478597	0.607638259412451	3.1795088622183774
-1.5606984424409787	0.964917513208295	2.992873254126132
-1.895879682139033	0.14237132079705095	3.6952390334583693
-2.395494947238471	0.14255765138234228	3.374944545457308
-4.128647370804732	0.9506874449578107	2.96404699728657
-4.619874132547737	0.9473050824526448	2.6962066282619563
-4.270462178368833	1.2152998945426268	2.1584429357334916
-5.418991441426333	2.654812310857686	1.6303645316182211
-5.2008708302380295	2.6814007400735984	0.9179611285632652
-5.153784456336901	3.4924886125867833	0.2962407154156167
-5.452834366650487	3.836608634235877	0.36071910812015706
-4.568734564630848	4.465116372056205	-0.16089299942177498
-4.636963830616791	4.955801483408948	-0.04900330310687817
-4.127864919879258	4.844072770163023	-0.15274813750777883
-3.5650025845489917	5.935301684168682	-1.7164358417843193
-2.12744726347375	5.30018071773314	-1.5982538977133873
-1.541770453194941	5.537192508373071	-1.8696070207397844
-1.6441414413049475	5.799955463685179	-2.3348683210493557
-0.8794707183895087	5.165906329679609	-2.450284598012562
-0.1838013157768144	5.258356446478646	-2.4573938393821764
0.44698843394961146	4.7839050914809835	-1.8296050445662762
0.8145023442102672	4.329156717046968	-2.402829535256817
1.5381969750452025	4.590304211561554	-2.0767007161734066
3.092779871475613	4.096170231101834	-3.0153840037789865
2.941972442104559	3.7512467011371005	-1.7555032598576805
4.224998467312937	3.4933477873596672	-1.6870714574124919
4.748446263161263	3.3383607777585045	-1.468835887690874
5.427099734057432	4.169755332787629	-2.311837558443236
6.392689113955065	3.4669794139295234	-1.3597851928677307
7.6106780131791245	2.96067592979881	-1.4488214449046506
7.879566914472556	2.8323396210558958	-1.0280855293054865
8.096933242548781	2.6482994094398116	-0.9749729404761094
8.359409954160784	1.5172770459408194	-1.003831081232894
8.611787416856608	0.6692915616648951	-0.8318922058025137
8.382393940010704	0.9349368493680227	-0.2031441444367732
8.96061853011221	-0.20457744515222986	0.29136932037459373
9.219594876273721	-1.426357174985736	0.21263887971166262
9.322955727076568	-2.1464212006074352	0.00815655862752307
8.559777490508157	-1.9836902875037257	-0.31027641886361235
8.609615713280348	-2.992438221768561	-0.1300822764129813
8.72518624400711	-4.067081539454578	-0.4924166156793745
7.912503771842669	-4.717173371974341	-0.26790780176494267
8.106078137142608	-5.174183264338245	-0.7076836609094117
6.76123916587938	-5.341010989773272	-0.9117206490689034
7.273942753048129	-6.8970627737779955	-1.3806153110376853
5.6287321498536524	-6.958893599686217	-0.6419294842701404
5.278184808333954	-7.437875226238983	-0.9068536494955197
4.239457297193753	-8.604997272173406	-1.3179470376669893
3.545285041398529	-7.912840265659495	-1.2614112344601045
2.7626783682044547	-8.377951742459883	-1.7040938435643076
2.77229252546683	-9.290106243256806	-1.3581826006666444
1.1405868171705813	-8.400039375232913	-1.3350643072679516
0.06900691005931003	-7.918733062420218	-1.4229074575253122
-0.6548230009828108	-8.345407295414946	-0.9842621038709038
-0.6080399093874546	-7.909292703463707	-0.5321721306917606
-1.8540698240009	-7.626935804512796	-0.8852097190169874
-2.6350274762299826	-7.178474977114841	-0.64508597315338
-2.962944788294029	-6.242997385691205	-0.7990264957415347
-3.201035414214723	-6.05745308320171	0.17135555384821
-3.1678079374977326	-5.070847085658674	-0.19703235341841985
-3.680260850590129	-4.2795133432600565	0.16463236818018778
-3.66086196555153	-2.893573107334761	-0.28291028318927547
-3.273552958425974	-1.8864814502146678	-0.3339805407492511
-3.4562937306027335	-1.256520661391808	-0.008502211225504763
-2.4835074201010103	-1.5618166168310685	0.48971005777159204
-2.914983954999191	-0.3131709390035293	0.409214108144328
-2.40581807678569	0.6851539649322035	0.4908379874506585
-2.1608990660437684	1.1726256794131777	1.4579448471689984
-1.2156743039589353	1.4797699505127468	0.8654973437362015
-0.057408297212457216	1.597208821373115	1.0912864696761482
0.5799634802384148	2.3965640721324046	1.5454323580692197
0.25437090267467644	3.0036306706704976	1.0017328900745823
1.509104750601197	3.1952338019497555	1.1441002642365363
1.8744266562009935	3.450916244437569	0.6264256586017958
1.9831591347869733	4.837494740880965	0.25868560361432147
2.5538664655402514	5.069996624736362	-0.14060671619906226
2.9458063447374405	5.25507259914709	-0.5434545023233994
3.527569603058991	6.095764752243779	-0.6871348590578121
4.789841250145962	6.2421380593962175	-0.314415475897761
5.554781972110397	7.301284313798218	-0.5020388270277925
5.47120916098818	6.965136285694891	-0.25040435336571587
