4.749749565266996	-10.158124181516367	1.7115187175768796
3.7188013374104125	-9.353029279252222	2.3543798718895927
3.7679290096666653	-9.22049193925858	1.738159901505442
3.197507465653857	-9.322846975599857	1.7290696012767057
1.9266731180818677	-7.878072151717797	1.794549865171153
2.8354373729983333	-8.028259378923872	0.8889929620819352
1.4396967170150794	-7.7944001154909355	0.8961533502000094
2.4983662089552277	-6.53561995081441	-0.13754324504164822
2.438540610019667	-6.6436328391721	-0.5400347292715982
1.9371562174899408	-5.4618463761413825	-0.11087091792327164
2.165010442218713	-5.2793575013966665	-0.8312525272764741
3.238547650289163	-4.693143133233233	-0.22997333180206203
3.0941791906998297	-3.8177334762604693	-0.27227525028217425
2.4206381185916848	-3.133398494892264	0.5896784808395439
2.692472234657887	-3.4054323538556024	0.2830446867139719
2.280389265288829	-2.886100629541267	0.9991052307526973
1.472968624101322	-2.25356215750569	1.3325374226898687
1.1347903577924874	-1.3790745040411307	0.8400395112563984
0.34038646056798627	-1.910936144844762	0.2945775472850306
0.035028271264092886	-1.2778831185239359	0.3030978020429356
0.06500058499205424	-0.5515409917661769	-0.4132772387121804
-0.04888590748393329	-0.46319478036777	-0.21970271871550207
-0.20996948725019038	0.45100653682770553	-1.2930983748333427
-0.3393287435636756	1.7467056961383816	-1.4305894484964772
-0.31606229952521403	1.5072102123727549	-1.2714324156447776
-0.6352617366380433	2.488176065096145	-1.0712215488777967
-1.5077684169496604	3.7261739499388025	-0.9573282783671356
-1.3207687504520673	4.124396914616814	-0.9822271521867016
-0.9951906668383645	4.23760223721956	-0.09367467049384615
-1.2104422176816114	4.3473751916766465	0.03385464276370323
-0.775535640857527	5.345971789449771	1.2056594805694352
0.16742636580362968	5.437120228763556	1.0464968030905226
-0.1869876582165093	7.055759610644888	0.9173668028629034
0.5198310415073979	7.253758276858976	1.5029031169996974
1.0139575766580486	7.823235154676811	1.7268625322349096
2.712614525818048	6.972694240355966	1.7788915361623576
2.576684944356543	6.674063881804856	1.9905559339177774
2.9522901612494206	6.1207530298087205	2.1212186114624663
3.9962947238610877	5.594342888671657	2.6501033062801653
5.01130556771948	5.48375459727502	2.825659417442727
4.585146475249051	5.235712476193202	2.207022948949609
4.595097032761791	3.5522658774716707	2.572062080695728
5.177139131915967	3.211047160115208	2.4587593808765886
4.881432849331988	2.6108911330563314	1.03406886508284
5.531343443866436	2.2206798080742036	1.073901526206131
5.385919728523114	1.0960693839871154	0.2429394247389435
3.9313638817342036	0.6317094467615693	0.172790591496925
3.9194470672028072	1.274152051384304	-0.5190393894571022
4.040925571216565	-0.3779844351396782	-1.1940079059058717
4.00001666218045	-0.47544475265209096	-1.58332136941848
2.438342587192493	-0.39994243661048023	-2.266533254025807
2.627480114699697	-1.5303243189448312	-1.58959697652495
1.6175887769368331	-2.3797907205361613	-2.244868130044429
0.7768239535161373	-2.940479899813735	-0.6419931192981547
1.3610065385362318	-3.770443375188921	-1.2989409937799115
0.31092345322630327	-3.518172985716817	-0.09897925974483635
0.7263977877639016	-3.806211349329759	0.1320828189094982
0.5012945290607046	-3.860840973953385	0.732075889138414
0.9428548953301862	-4.616684382503049	1.8066814797620832
1.6288279968474169	-5.429436412401449	2.5702578214358285
1.9752574000021144	-5.419379571811459	3.1704549275303924
3.008889336632642	-5.279033435010705	1.981681644366308
4.439338475234132	-5.723548109249615	2.258624484540756
5.109114937668292	-5.440499090903847	1.7370162488039964
5.205530645080988	-5.260652461492368	2.0200143051604136
5.478503092401239	-4.3848391580394255	1.866039863451567
5.874791698937714	-3.8756920005740865	1.4608455884609586
5.709314920481367	-3.015327382640447	1.3206033539811362
5.361915210377569	-1.600144249686222	0.8500364832200802
5.241714183082724	-1.2202730823187613	1.3384811896060882
5.000591786558399	-1.9210347139884223	1.5309853083024327
4.332543986884183	-1.4171472974172001	2.624890808367092
3.5712671732960497	-0.8671906461794797	3.2585321810138206
3.615397000810057	-0.49798027952445006	3.3427478974691485
2.000282619442233	0.5058365010302428	2.8521722640438996
1.7284129834222648	0.36540959569496323	3.364662134025565
0.8587335723499765	-0.4916845009343947	3.6689374951535143
0.21443393404924244	0.33446074221546096	3.8358928012766076
-1.1158276521841173	0.1046439611828951	3.2428090505090172
-0.763047890102245	0.10858345602169994	3.3594066248205277
-1.4554662081444485	0.019807948588391744	3.079958181646716
-2.733390333758899	0.6555173325046458	3.138571923863443
-3.369554980120934	0.3788715072401231	3.086523883900309
-4.542015285000159	0.9081022860794605	3.0495829521661495
-4.697438245615808	2.1885775488501893	1.6455086093880036
-5.120899405304515	2.2234705990176127	1.1495401723018546
-5.7517725995504145	2.363985865217858	0.6551967433889424
-5.038939107983316	3.2137974426137754	0.9936147202556298
-4.489212965467732	3.5945645551515986	0.1116026679568628
-4.725877866562627	4.184300878519967	0.42175049671679876
-4.057471082895848	4.9448812341591175	-0.9761826362133339
-3.826399657513527	5.453243156010851	-0.531918889876076
-3.20877176185058	5.7705274997115845	-1.0887348659197098
-2.309407500830017	5.252033966728248	-1.3441000957195701
-1.8516405152702418	5.524141056606358	-1.4304211450811042
-1.383471184558334	5.941509727115202	-2.5470446490196266
-0.3491061781313822	5.333724689690948	-2.385045611983153
-0.1327760335081068	5.173547035913069	-2.762696984030588
1.343402313186759	4.786420279471775	-2.674782088553285
1.1883859575820768	5.405489628461773	-2.7118040747083296
1.8154306305186931	4.099388956915684	-2.0761927089280827
3.3665084270521777	3.895085578544933	-2.748845356661241
2.9946397044772493	3.3501111874474607	-2.3590967085936834
3.881696465617307	4.043023989640078	-2.480326898443065
5.207629244639204	3.214194370170902	-1.6038268644702072
5.214692519707325	4.195551989311884	-2.258555445178539
5.935560016761893	3.981522569687864	-1.8056959064025024
6.967510033930792	2.7192618248336133	-1.2500831021658372
7.605419661428039	2.605711323657643	-1.5142403719989077
8.622964488853329	2.178942254505686	-1.2872647661417678
8.608665019809697	1.3248013871734226	0.03517572757370724
9.207852385485033	0.9625378886990803	-0.8916875448130483
8.77822234698009	0.39621002819644213	-0.41801076812425475
9.18517210498195	0.05162403225625822	-0.5926204212166872
9.071590793456629	-0.8445088603919157	0.24569941545547824
8.692140754007061	-1.4498627251306537	-0.11288735808513917
8.99993144747333	-2.686844557378859	0.22284515382791548
8.163750740651313	-3.5174078582229846	0.6074090426720486
8.398079614008426	-4.719185036742105	0.31891669495188535
7.744271875619824	-4.207370406898219	-0.1673523814714668
7.905072595356463	-5.76999928967597	-0.21172454919571293
7.992089316605105	-6.299521759743288	-1.1720085416383206
6.421910196405214	-6.978001680848877	-1.0223160671086553
5.826474563916953	-7.4824214906324364	-0.56218440567751
4.977676060992461	-7.145728455590581	-1.4823457355938645
4.193847521658561	-8.409634751984148	-1.6916177601671072
4.196957886709616	-8.432749661332863	-1.6494808724963792
3.148820027107157	-8.059562634793764	-1.5158281671880593
2.613221920400049	-9.256461250868073	-1.6641770957871893
1.2022502434296138	-8.135603063083698	-1.418609318219533
0.6792719078618618	-8.039303492577943	-1.4106715893880963
0.06970795364853322	-8.098283805304014	-1.4456979476505958
-1.3622605245482258	-8.257893847775762	-0.035382545073344485
-1.4707959646386417	-6.794612398757145	-0.7623366367729658
-1.6765937008625627	-7.044062666742031	-0.2509526389718373
-2.301456582853169	-5.949947075361892	-0.3249044433371543
-2.44186792741459	-6.045976525702027	-0.11224596452836266
-2.50549233279548	-5.434746242821025	-0.3267386136767819
-3.036799126610056	-4.264251670169232	0.028922781429316924
-3.4098663192902654	-3.0950683652512483	0.35888353991005906
-2.8529778784239928	-2.9264483842696407	-0.5030503565271465
-3.51881367001083	-1.5171986810802633	0.61707924061058
-3.399962661982113	-1.513236245196084	0.7960896400869969
-2.1947371680529253	-0.0436408546169601	-0.016183317697433086
-2.000332482279327	0.1236827482132305	0.6360743112337132
-1.8775793502164597	0.7674540492958991	0.4085780076487241
-1.3625010331821177	1.3391097705140005	1.9372075283742816
-0.36704127381605245	2.105396371644031	1.440781070790019
0.7717210122776896	2.604442463603834	1.3657796222274594
0.3012663487449271	2.400036814410085	2.1139415384188283
1.220728208397153	4.151506073324034	0.7437373727469745
1.4827674127793	3.9928153245781104	1.3702859007439039
1.9452582190152563	4.665674043932064	0.11867619100736002
3.312223354766472	5.262734003959391	0.17398513714436956
3.0657627107184062	5.194203122980794	-0.14856870434359581
4.369371159762201	5.883425423487125	-0.06848996789842465
4.34255788977841	6.8371631482008794	-0.8741560449700803
5.487220071443653	7.395717563111727	-0.9640917293182161
5.398231757653417	7.104396931954388	-0.0919893071430169
