4.424569722837099	-10.101025618506458	1.5844106919681265
2.742146040273673	-8.850803897098464	1.5481136449748074
1.8247671206247307	-8.43459660953357	1.0265069428614297
1.689910695962267	-7.8195524670242165	0.2776236575044171
2.224476831703867	-6.6855153074569875	-0.6378539540859252
2.640851291989449	-4.892951338669908	-1.4712588829849083
2.6724366845742944	-4.0757233488703655	-0.09078312516934961
2.279923611062515	-2.456178823288097	0.5089897179166253
0.6096087320438814	-2.4423794951146967	1.5873183791733048
0.6139155052535799	-0.04362056508456269	1.1765451911120994
1.4642165730872898	0.2888254931548836	-0.22013884158792052
-0.005614127724844389	0.6315353254867119	-1.59745591683732
0.8854197350036582	2.4647967950975045	-1.2262765810706893
-0.3483724227921356	3.7100827450187595	-0.44373243366764004
-0.017034965298401095	4.435224278569036	0.4477158486834837
0.09761379107228912	5.298913303197118	1.2383682854467701
1.090805332962398	5.926429845682991	1.5772669028975224
2.4126667907516945	6.082102954743809	1.1527901573647532
4.282866232739597	6.102386285761984	1.8848557884734476
4.29054165983417	4.77822568746822	2.797220085665658
4.949295482676066	4.516506899153432	1.8764820984803268
4.380108702736933	2.884933490389912	1.359368578679471
4.034642866045561	1.6629819048703502	1.440141542969
3.586414737156407	1.529155346070534	-0.5413973332251756
3.6689426572546506	0.0821887174911789	-1.076101545912859
2.750286651561127	-1.2474369379184986	-1.3045661800858614
1.3228444299629645	-2.4830598443795653	-1.091504952217452
0.33871387468276615	-2.5093658847734894	-1.1054049132666428
0.23072497319197016	-4.236804397104148	0.30601779109962124
0.4992994622330921	-5.72738638240421	1.6366008270485821
1.5480697367662546	-6.382023993802	2.786398365939062
3.56979399426833	-6.312967939444073	1.8055489426820197
6.100702353404668	-5.5382893763008	1.2004844373666899
6.913942661662112	-4.964535805179664	1.2792136381942711
7.912078112047405	-2.3397514905965053	0.5230225339129948
5.156195773279764	-1.7471483437194213	2.4924156081225934
3.8796416259074253	-0.19909530982072177	2.2544257666253746
2.637332417948094	-0.8108026665335994	3.5234540300683785
1.124002383634714	-0.8773305528332289	4.088402848004137
-0.4591445235568484	-0.9115087694939958	3.6897013929858757
-3.023683787252155	-0.7843477716054692	3.4291434564418406
-4.149537548367355	-0.3154646810588855	2.1972087272315917
-6.879642890960465	1.3757935476439727	1.653127054514595
-6.188543704257908	3.484275756021075	1.2086676833872865
-5.368831335655306	5.079502702208472	1.0967385487632026
-4.372912317196346	7.544381109478947	0.15989249298668012
-3.0235998867292944	6.452607399441317	-0.6581336307629378
-1.4616745754661957	6.794700186250954	-1.1338990126177828
0.5384030187260098	6.590916974175632	-2.1478551167758773
0.8549082733097964	5.276680593683119	-2.754316308032192
1.8981521490720463	4.463020533928562	-2.6824840041403646
3.3791595633360214	3.428599191290539	-2.9561342788889213
5.320400855039934	3.434732642462949	-2.172157353780223
5.958320051785777	3.598486421958957	-1.128248592989567
7.321667223723364	2.762126907300071	-1.3902380603652353
8.42139519504488	1.6767572362569068	-0.17549552787112332
9.17140937867594	-0.16828649886255326	-0.1371782436050215
8.630172220925122	-0.6721551331892628	-0.23189679396384522
8.759777501448045	-2.6967128669759086	0.4353328505636733
8.225641818978755	-4.767928345340611	-0.6367643924303998
7.358282584624625	-5.3410994715308036	-0.6573152631424266
7.09498568256457	-7.300010732497786	-0.41237968494124444
5.50275473054349	-7.450150172349084	-1.7187157675845506
3.667058061034553	-8.320233682511757	-1.723216493534366
2.5207764062525078	-8.440972527137053	-1.49780539185584
0.36084509292073835	-8.18323839921927	-1.7326007177045775
-0.2699377297017751	-7.8442563846704285	-1.03495841179921
-1.7972907408307868	-7.261439309193156	-0.40957667135546105
-2.561338936361701	-5.8479389759960085	-0.037381753989294775
-2.5643676444275725	-4.682228360482924	-0.26809629442281996
-3.905437398067527	-2.856928208059978	0.30887932075034796
-2.8964391133898104	-0.6026190417050865	-0.05214690988866599
-1.8186722046593022	0.0518763053586454	0.9196493532180353
-1.3778481579686797	0.9071205147529552	1.1399433042795046
0.5887505292081916	2.873481233756785	0.9476055848122911
1.1663694913762197	3.659941726037497	1.7286611448073783
2.870094021462658	4.359962724981538	0.4514736304931751
3.7123847843971163	5.730025769282387	-0.3602679945964221
4.524025645861901	6.746462820569645	-0.6672931761494862
5.024401406669698	8.171103743976376	-0.7686436884415866
