4.132953836260188	-9.98742008848213	2.345113275780811
4.057671631406438	-9.265659034027879	1.9222937019277877
3.9182548881429726	-9.740098104743579	1.3556842543515937
3.4324935214050014	-9.20236944942458	1.2984895407453918
2.221100151465814	-7.756984013319524	1.1052650391316203
1.8516368898349025	-8.045000289691615	0.8241750111914354
1.5110503209652586	-6.555281469273224	0.3522707670780403
2.3392445187173756	-7.099343820997919	0.5194925793060504
2.0943690296054167	-6.112768340680024	-0.34805099064163125
2.1001385455107004	-5.552323781804953	-1.1504699122608608
2.5649886090812326	-5.360742847888628	-1.1912458251814901
3.1626329528310397	-4.373816469415923	-0.6779839676619246
2.9738161726170937	-4.021665664839458	-0.317846899386068
3.2397984832231375	-3.3097038680379804	-0.28426161051342475
2.1261694081304765	-3.3343586711255178	1.3689263930125108
1.3282417196066159	-2.6001441000173657	0.8117757260386098
-0.2809387083828677	-2.7568616807718835	1.3880317129997075
0.8546174736332702	-1.4817810533084428	1.3351990785044223
1.3240828827358904	-0.5936364064446491	1.1603078866561833
1.3613426724455715	0.04774358221195241	0.3274422145935083
0.8047492382031559	-0.2731505065964172	0.4221450752589281
1.1136561379219574	0.7646452539030615	-1.12415649917986
1.3395165202887611	1.0542806034069094	-1.6184797510320732
0.9651178904077632	2.3075806379373063	-1.8696282123629144
1.540319678841552	2.240002014493103	-2.0096301850315266
0.37306936023779846	2.9643069718583988	-0.6076087156598646
0.7110025814821653	3.8436643338601426	-1.4466157002081932
-0.3984033872170361	4.55715210471923	-0.8252219843191234
-0.09891530851692598	5.183397721432809	-0.45636178216747125
-0.012766639246261202	4.901817927585544	0.47639514552236334
0.4845223385075867	5.074803241875829	0.3850842506611898
0.5290979218769434	5.161600444523317	1.647694574839616
1.7852835940774692	5.202260041778348	1.227439616569985
2.6222856450912584	5.872367821786209	1.0908340727058723
3.359741888483768	6.238489131048462	1.1588543064219963
3.794842830010556	5.5711134378683225	2.021215425983812
3.9501625331187413	6.3677014266536025	1.6662864073444668
4.056676755042978	4.815021411666954	2.8336528141543766
3.989276744234318	5.000084697406514	1.8362670102983203
3.878952411494342	3.94252094879556	2.9667379725602334
4.8373374112717995	4.490878916976799	1.9444694926818342
4.51644384297566	3.0961788405080664	1.7434622692281945
5.123594046427086	2.619848662875154	1.4815788079121084
4.455723947018087	2.0687121832402022	2.221369038809445
4.021065020745821	2.5927769098629714	1.344697020157089
4.223834186410141	1.2775783238745948	0.5673228324815165
3.4215406437521714	1.0160227153551784	0.45606672548444904
3.748326089507896	0.5036281189622738	-0.2725368164210531
4.194564920706177	0.061882748741949045	-0.7209390076211164
3.411830080893233	0.18448901865897271	-1.5286998183953022
2.677819244789507	-0.4667254059985555	-1.9128106828982823
2.3145585160769753	-1.5521119257630582	-1.7185047608489337
1.238748371831297	-2.532150500543694	-1.2119580353659476
1.1226735147784728	-2.1760331648485742	-1.2857073324091632
0.31744543357448607	-3.4640874418680334	-1.373766890951162
-0.33366914591266	-4.306414848019237	-0.6926642160595542
0.14031120790414076	-4.302073673409101	-0.082686003343931
0.21273850406534323	-4.5446360673268735	0.9364312284530447
0.6912799291192117	-5.590021429508878	1.4639701475023923
0.8426492912984692	-6.211194383596783	2.119924017118478
1.6887456400835112	-6.762808190466614	2.6231797414344844
3.313396375256863	-6.62044826196122	1.8087546551039844
3.967190032038995	-6.553817634127984	2.4468514603070934
4.676446227830991	-5.226720545702582	1.8486953138463558
5.0707940827135545	-5.490270490152805	1.2361324828582396
5.859915289149274	-5.506957208936971	1.143360424712006
6.511207795605674	-4.89445526774533	0.6219700669679545
7.827013159463974	-3.903903479488185	0.7703382818832758
6.963198438046874	-3.153816804845785	0.8226417165913329
6.135932827033891	-2.120246285970729	1.147801639354249
5.055497359139654	-1.5078410766416128	2.7243321345705103
3.932213175020767	-0.8683509227742178	3.0264900551339777
4.221944819534585	-0.29917156685000335	2.837500254037669
2.6801187608282837	-0.3507423542984818	2.6290918540938817
2.2139701423310414	-1.2636700301619177	2.9608378119936325
2.0504262695548117	-0.9646265236372151	2.8959014974146875
1.3062264560481018	-0.4100339372241475	3.5153103035600903
0.6674208875147107	-1.191978298766392	3.2444966538642332
-0.910134311208114	-0.6534129834068874	3.579703569681563
-1.7992915046821127	-0.6584245300487448	3.987252484855025
-3.6315675015101925	0.14753383800178077	2.747397070448131
-4.289223604770144	0.3645133304420246	3.1976348622423396
-4.474066565904693	-0.26374737340076565	2.9117965772933023
-5.587446621331644	1.280007272385836	1.87298570967518
-6.753768822447297	1.0281288162994022	2.0420685037438178
-6.415471418616579	2.8963841810830884	1.3533173148362472
-6.630283472621446	2.9898046789638646	2.21414910218157
-5.917884732296131	4.199839733528471	1.0786794702733027
-5.933958546682357	5.365282274724482	0.7045949766663367
-5.148259207564127	6.252612136319179	1.0286676748986365
-3.804672094650784	7.067343416609329	-0.34800805307186844
-3.581573910337489	7.212877510758867	-0.77023450608845
-3.521423252248018	7.3901462261231705	-1.3463305298227541
-1.8868581058899783	7.537305231419974	-1.7033673136478138
-0.6568022306842138	7.074275798087943	-2.0282420786449045
-0.35389139827514704	6.9903047832932375	-1.9491964504729131
0.173703348136518	7.39302579552135	-2.2390903884683024
1.0093609894258737	6.069127132024778	-2.7739581889745413
0.19794799449469785	5.874925999070479	-2.95586860000466
1.2081790481218544	5.024193499805368	-2.5407527140750985
2.653739700753781	4.481059068436172	-2.9521751595237085
2.9066754320838184	4.555850381826898	-3.081055062832106
3.184144150669277	3.622294698774229	-2.358972788181602
4.530797206718074	3.527897953744244	-2.7117890020601774
4.539429850703349	3.6265110564422365	-2.7927417414084017
5.544132308883101	3.197802258359649	-1.5559293438716615
6.70316845071951	3.6484567360385194	-1.759128612410005
6.979939074863122	2.8050809100420526	-0.7932710164052825
8.13323636522995	2.918572371386686	-1.211866242440613
8.180333275786932	2.508994585062198	-1.1018420969408544
8.120190543241307	1.8210445795728405	-1.0096748675779466
9.038443839632546	1.3804110528788196	-0.5604208499313696
8.24365363203201	0.8918998860138342	-0.4435190231860471
8.519611618160338	-0.09091469885684755	0.4837391173178882
9.345784686715575	-0.72685902527196	-0.4695203440523172
8.671725704935536	-2.0285059492761524	-0.5591191031371388
8.640131475489795	-2.757973410197779	0.2409477684991772
8.765712843629087	-4.010461471663195	-0.678251228834283
8.332779426482313	-3.4520048592956893	-0.28555324098670853
8.76531165674077	-4.715013115669802	-0.8823223906957771
7.613506803111307	-5.687825400526583	-0.4540161203917088
7.009608966901082	-6.375949791113715	-0.17804639568262415
6.259290683737944	-6.39293755227059	-0.40951639370667436
5.906174946221542	-7.315115799432265	-0.6242916242457712
4.98144741337546	-7.848940282059313	-0.43491444849514527
4.815637357235855	-7.914741647226867	-1.0639737378923466
3.5278025612083237	-8.611916393104451	-0.8826856516713035
3.47495767703354	-8.975721700752546	-1.8947602582703018
2.4366399737549305	-9.001576393438562	-1.2828038463491622
1.5178535315923334	-8.496234952777474	-1.7063930782542653
-0.03958114839598492	-8.302847277710002	-1.5659361406710528
-0.6185361781623295	-8.043328705630836	-0.7107773283534325
-0.9273817517358242	-7.877516082040464	-0.22061225328122935
-1.3388927898309835	-7.00660917870131	-0.811795110395052
-2.2216916974491703	-7.418368627639417	-0.0999465072518565
-2.038982495747538	-6.769572076820465	-0.30079846334407956
-3.194280551448269	-5.898931812937802	-0.7174473410009509
-3.4733482733716814	-4.859350880764634	-0.6741087396875896
-3.3745192715486914	-3.8382025497004157	-0.18886246457023548
-3.282473306928132	-3.6687526596843405	0.5727133540645274
-2.9430467632645394	-2.9178908738284695	-0.5999323120920208
-2.489868269399493	-1.702300093600539	-0.436436772925504
-3.119437863948831	-0.9099949974280235	0.46414125706753884
-2.666823597909648	-0.26157444741516833	0.9193985584929668
-2.1042689386554314	-0.21092193144017324	1.0005148410711922
-1.652419437444061	1.3460939409290427	0.6927764633370985
-0.782929333573652	1.4392239118740946	0.8298970074530265
-0.1229658190204368	1.8554465880665414	1.655296981880793
-0.049581078664665545	3.0340437741093904	1.3118146335351422
1.1785107405824011	2.897985129600851	1.325629970760456
1.4755488436162478	3.3135844608712097	0.9772977450282753
2.162158164711185	4.161192666507614	0.899571315961883
1.9850420752444022	3.922799123853863	1.106393868202655
3.241441339263494	4.65700088906083	-0.09009734669038158
3.8865619558737987	5.051470454840849	0.011062380749948253
4.364237963417606	6.092938637761181	-0.04716257990676476
4.791401939546678	6.605520907855421	-0.19714357446501785
5.130023441570725	6.93157353464928	-0.19475081643998005
5.991322969678379	7.8669185710293625	-0.7619840666026809
