3.743811548902353	-9.545420446318069	2.2271714031988847
2.6380867399585832	-9.51010062630592	1.6338900853801712
2.135070243300545	-8.025301408849526	1.7775987174380643
1.4911327249029578	-6.6798224396632975	0.8174719525927749
1.6633441314116877	-6.828240711365442	-0.21194837051574344
2.6620344735275885	-5.186174546224947	-1.0635081774200474
2.605249093166934	-4.251357945118374	-0.16848569875971442
2.4014558767365606	-2.9508268614897233	1.0504244886561824
1.6169074283978495	-2.0876127972801317	1.6272395286836319
0.47159649099590056	-1.6613292195064873	1.3971151845756133
-0.3490349442965409	0.2769780194182285	-0.6496849675479932
0.2281656415417851	0.3737624165290683	-1.2826434649125134
-1.1130903067795586	2.0366498826742387	-1.8220242138327611
-1.6001479591053482	3.3204303649055023	-0.7944150349436727
-0.7361549120069992	4.771978613412778	-0.48048310677202904
-0.18328510590075653	5.769947509440014	0.4061365138991811
0.18675684001848897	7.077806867345355	1.183316963430779
1.9531687234054524	6.808760707417254	2.164668328050351
3.594416128505649	6.906444390352695	2.3125706824791745
3.8777549609707864	6.499426510205578	2.814024499050521
4.833782750853847	4.958397149340119	2.635594075845178
5.652700443207193	3.5721590273700583	1.6707411065163242
4.538378873863564	3.0086952283261663	0.7428989494385673
4.216415860986233	0.7385044334539678	-0.6026602236889148
3.963347426785422	0.22027935970841467	-1.2450498928039353
2.8312553636875966	-0.6397725812775907	-1.6791062694719174
2.229350398521593	-1.6843073947872464	-2.31242545335431
0.6690772272898526	-2.591200597675284	-0.9415768079769863
0.20788418233621866	-3.466116275514816	-0.011789228807543628
0.6420071244039096	-4.792025001625509	1.0363662056666854
2.1072449894771714	-5.655607974087175	2.451376198799143
3.290301269982483	-4.605169550862342	2.1260316054006627
5.074754727288021	-5.060097836267532	1.4455040459979331
5.509256735420915	-4.383305148369036	1.6666209039334636
5.151223125366909	-2.3992442121796107	1.0608000549644254
4.9160021751147305	-0.9974373821662633	1.7786063342977618
3.4380282502599866	-0.1703258645696475	2.7883203925433073
2.430549885167727	-0.19780527283281213	3.253554754807216
1.0658321069091528	-0.36317843745159434	3.083594157799608
-1.0679696298321097	-0.24602105132965868	3.8318869182635624
-2.257136209396893	0.8669285991698392	3.345603155629373
-3.193499053045257	0.6887504502178079	2.850612912787418
-4.623723994810078	2.098707587765735	1.5578237524179743
-5.297299603085352	2.680138963562078	0.6798787901205792
-5.648780574455895	4.0664557814036355	0.2500929058747928
-4.285912631646483	4.851794019820854	0.1103126921161417
-3.577601612467637	5.964864536028414	-1.7348161112222213
-1.8746636646657089	5.960447646343706	-2.125057947943732
-0.9337317128087079	5.6592115977741475	-1.6783186178506528
0.5239677935823694	4.895824203565039	-2.2850825654070777
2.3032833106531063	4.634278049417701	-2.922914099406269
3.8506957466201386	3.284036164851704	-2.6162244458297224
5.430124569174813	3.7816112785829787	-2.809745863579353
6.914427341993894	2.897710322790152	-1.4407480709819631
7.1744632038430325	2.4757730651257424	-1.5177131025106383
9.137103044950825	1.3449812653431963	-0.8917070496372489
8.568446814878396	0.8776777295823494	-0.3468247208107128
9.594389029972222	-1.6245501315900979	-0.0768421348950784
8.336136598708714	-2.3426778429268937	0.07957119900429555
8.480213902770199	-3.657384757459519	-0.5128553499579225
7.818539412111986	-5.229134378535004	-0.8134724493870326
6.563835583331888	-6.78657772741463	-1.1305390665106396
6.034780828013403	-8.222069846722208	-1.1787465359393767
3.6285581350973297	-8.697457426204677	-1.2579293579871393
2.5123498765201298	-9.012562656794858	-1.0224176007072567
0.4512575372999995	-8.814315497486037	-0.7421481415638711
-0.785674519800308	-7.918617200705333	-1.2843418661623152
-2.0495378152041646	-7.475029212952357	-0.9506068885755765
-2.9967342685330007	-5.5798482618912075	-0.5328705184813934
-3.219890604833238	-4.466215293078296	0.1546865691536281
-3.319321663341669	-2.868087795361653	-0.6491342848398327
-2.8945206788303164	-0.5845048410923686	0.11211400154011009
-2.2339725446246694	1.0080763078595973	0.20631604238241558
-1.0483837690041307	1.231753308671256	1.6954161439646929
0.5089084624689932	2.3719497341944265	0.9141318083025857
1.6213653857675956	3.588725227034356	1.4724135527132862
2.5993256528999975	4.536390426321692	0.5586388360393215
3.4136387348836874	6.040055194661914	-0.4006577536405753
4.329586203720313	6.172061328224339	-0.291824008967967
5.735479795964619	7.627580231227668	-0.260979395207392
