3.9446240575755	-9.361852782055177	2.1168354659102118
4.216919002446272	-9.18890804880995	1.3392691555740774
3.140979729277415	-9.78632179374564	2.038186842388786
3.499061427541572	-9.14607927267887	2.1792460897320156
2.978639733306512	-8.554091732863826	1.1663270788962503
2.85684618230513	-8.737448353972392	1.8683445665526413
2.2092978658658735	-7.740972529643866	1.547716773520266
2.194709087724402	-7.943464655119036	0.9077204726448691
2.0183779985809607	-7.701367472019172	0.3806767102518643
1.6463859340613258	-7.311598439763037	0.3615519296475133
2.1930379853005117	-7.131054295743474	0.15696003699965128
1.5913468643116089	-6.584911532811796	-0.7502786965938314
2.143981419559083	-6.360783758924038	0.10436012678426243
2.761048959545314	-5.8052517007373865	-1.1142082384350767
2.075533527306648	-4.898661837630025	-0.8793823610417317
3.276904932220411	-5.271934822160526	-1.2068957497798987
2.4343100059933964	-4.4108061378214805	-1.0385426358777925
2.465652392558874	-3.715334165350683	-0.7668872933476396
3.0793262276095827	-4.092924244916354	-0.5224084899566459
3.2030201750925658	-3.6044578994335135	0.4076967413409709
2.968158315115895	-2.6604881405163088	-0.16738973129269308
3.434086071006928	-3.4918282996776613	0.5111411433634419
1.8999639325850635	-3.2891970529903114	0.8959218077319829
0.9427192142974592	-3.0458541921151605	0.751332923206916
0.6488956865792432	-2.9898532240049946	1.6333427946244665
0.011807386548250004	-1.7951326890653454	1.9892729015553763
0.5718910385280283	-1.209350831918349	1.8945492622840199
0.6697052667687452	-1.1376997987167317	1.3858944934672586
0.9472039675852675	-0.08547949611047467	0.9503670907908782
0.8054337656237414	-0.6386146722869772	1.0420430252445865
1.3570028350686747	0.09614789255850509	-0.09156161141060315
0.838036212975469	0.2774079692434629	-0.11494343902826332
0.5194762567755677	0.801234590565698	-1.2452751571421943
0.01651736042214068	0.9216981740958482	-1.2134237628566622
0.6803600593452643	1.6539959393718435	-1.5698600162403298
0.5498392013979865	1.3879635789205058	-0.7969697449272088
1.357010583619017	1.8623808238369415	-1.7067143201746284
1.10350748481681	2.621853735132841	-1.5614709949622196
0.17177049343343348	3.120602907751218	-0.5534653237045495
-0.19189273385082162	3.3871583912178127	-0.7119735330224053
-0.01548117791168202	3.927313138066134	0.03826057363448743
0.537054345391242	3.990313877497308	-0.18905535219082115
-0.22522625468183566	5.265132307893574	0.08078506512554873
0.10784587259597833	5.050614525103364	-0.04338525593268516
0.4803918251086119	5.339329009686129	0.824578666424678
0.11932902788448502	6.078034217895855	0.8353553245787042
1.2226241470416537	5.4778656750490775	0.6603618532905033
0.7129664852495449	6.18603442571706	1.1376951288441988
1.9522754759054015	5.416865058574981	1.536020553973337
2.4072007261739143	5.43963196957728	1.0246298971193764
2.8917649103034724	5.821598316039671	1.6230649787154006
3.3353754398296065	5.791491845074981	1.4211155676904448
2.751357532761901	5.933975750455492	2.106954347244804
3.3702369303424105	5.813464242017892	1.415441074456707
3.6363172231636813	6.335475467492593	2.278390729557371
4.465392592562164	5.407238651271725	2.248692962662078
4.435065068451507	4.6475165402763325	2.355017895963832
3.873552206466427	5.2996464342520095	2.703986955173442
5.14082532225076	4.32437499036459	2.1342215703627656
5.127233259405596	4.073169992527611	1.8395857680586762
4.332805523505752	3.7748058253316326	3.210014738567271
5.0768746927217565	3.5136693058034334	2.6144895574040747
4.1795078797857155	3.1093538398670795	1.9952618503568909
4.533379002626351	2.539837040610099	1.9106192418538
4.463515046625615	2.9632595366803844	1.996442384746818
4.888364412788416	2.179579079192846	1.1388640304489392
3.9208184229780594	1.6059737217487056	0.8803925632078831
3.9885842405316403	1.793724861896799	1.2465965881913914
3.9497398627941576	1.4854587361479372	0.97602691685046
4.249584115159214	0.9187395539879234	0.5334480603337588
3.5229436059406347	0.6971189762625281	-0.6570903685444988
3.4184040073688413	0.48256516882163913	-0.7008142705399294
3.5759840257582067	0.6831744052581492	-0.8817591030602889
3.4051472488785115	-0.3348298278717208	-1.68501838618983
3.2675201991796117	-0.6106955425674636	-1.1735288993579547
3.4535376553355976	-1.4757575083914667	-2.2193625966591077
2.903717728964908	-1.3568043465871336	-1.4508645305405707
1.9124509163110404	-2.251766308340317	-1.465557296569948
1.9033730701060092	-2.683207209860134	-1.6498480860482234
0.7710379565246802	-2.7004672682765385	-1.3849870565793863
1.3204870067116528	-2.6462149958012353	-1.6121237518999527
0.09322054192620768	-3.5850529095773975	-0.787279353522381
0.34679945391821154	-3.560964046743718	-1.123569570158272
-0.31471559301212815	-3.4159733235863525	0.1755927151824661
0.04964313228210149	-4.722168216088673	-0.22079051975049868
-0.6772522421615681	-4.55608482749908	1.3783416767928829
-0.38109586922944544	-5.307420705398709	1.5146606676423233
-0.2683405609327132	-5.230116664188088	1.4711481989217905
0.08036987936684188	-5.752336877253385	2.389710874551154
1.69144854636612	-6.013937212957083	1.5822424935643442
1.3676301696888227	-5.711453469826907	2.143852574039479
1.9267324926430942	-5.783061867631552	2.544490493713998
3.0211835050491906	-6.050320124832991	1.8970732789109928
3.3354385050322963	-5.345806071812829	2.2130494595606556
3.983972717634146	-5.863938369782361	2.2570954430765244
5.155794073438418	-6.15299986494912	1.9041709449176576
5.618953162744174	-5.554241927465808	1.3807972490920573
6.103904956022173	-5.744594480686761	1.7545576501004407
5.928684208382403	-4.927548191558178	1.712264745800495
6.6211077236885	-4.8652097518181066	1.0287573624715747
6.863435895366193	-3.9382251426644217	1.1871399793033128
6.773215607038335	-3.409283109883984	0.7228045739137112
7.559813622972101	-2.645786929073755	1.2614624374743328
7.096942670623849	-2.0714931385081488	1.0390441728911692
5.870642224500476	-1.7664673118816783	2.294857866878916
4.555489020976918	-1.032460745851102	1.7182432575908884
5.1135480875022274	-1.4629661898329134	2.3082573597214857
4.038324719767197	-0.8584893706039787	2.3553594779765836
4.322127196316472	-0.7814695560770254	3.047822547598683
3.0075515302908373	-0.7982259250669239	2.3098082369768362
3.096069682001835	-0.5952154004348633	2.4764579176477644
2.4647572302671485	-0.6899256860425813	3.4503117332964486
1.882694934826186	-1.243169029212015	3.249197953525928
1.2016953774267747	-0.8483273354400667	3.6868884982540187
0.7037489107159841	-1.2480094044013248	3.7164837570143208
0.47294944252729876	-0.7338908650628271	3.943542626131536
0.5453857016052395	-0.6817981669270159	3.208712961702994
-1.1634065438853949	-0.47142102942093156	3.6308347251438273
-1.1373011262717259	-0.3596477176446735	2.9430392123675255
-1.614369956934175	-0.47710864573977885	2.8577550842357717
-2.452706420976364	-0.6543022229387883	2.784867439104644
-4.0979194359495015	-0.2924875240500677	3.01634779561724
-4.687288081161719	0.6125676813841392	2.4914434880740193
-4.937864787303987	0.3650367574781245	2.9189500206744796
-5.270145799144426	0.24965599971150199	3.2402268157997094
-5.734869935488574	0.351832721666959	2.673813510978645
-6.860702117078774	0.5097170297489559	1.8866756089477437
-5.691416791336515	1.7591086187733305	1.7538460226669237
-5.78722864267338	2.8188530469494397	1.1629592492207443
-6.66601817950009	3.3058692625092707	0.8299561667763611
-6.445026544330893	3.6950027524232145	0.5229252775427975
-5.8790138220515535	4.137643703874153	1.4450237431248896
-5.698897259182086	4.562359710443565	0.4874172346769466
-5.463561111900232	5.637420527248773	-0.049880142382882076
-4.6104097020064865	6.102047002178747	0.6061930537396162
-3.726146855915145	6.7610378694965325	-0.12435210513665224
-3.166589040988133	6.591165918964033	-0.4880129286334078
-3.2412234266723647	6.548851647374559	-1.1178191491622012
-2.581152244099483	6.899874831008816	-0.53106147722134
-2.542836257850499	6.424921335350778	-1.632900426551384
-1.522811737186423	6.888818796825452	-1.9312779735240098
-1.8257758390683057	6.983305431151025	-0.9384848626004065
-1.2333802047408065	7.552698277946188	-1.4152807009731172
-0.8708991419971012	7.553475510635221	-2.408472439572684
-0.3240911406677063	7.42140161027855	-2.5851802794729015
0.6494339524403097	5.767040057991882	-1.7630119677699008
-0.007486842368028497	6.029311086418938	-2.850092454340232
0.4503969917231494	4.495553294003067	-2.5381669627598464
1.3284582728214676	4.749920844408253	-2.7773102391009408
2.0657788577956695	4.345923151243978	-2.3118049227013486
1.9091022321897584	4.089174671289097	-1.7741202592272751
2.9246890344241625	3.649908086690852	-3.1158208700116523
3.524483907765	3.626636436000151	-2.178709477684182
3.0043276827561245	4.440312226504608	-2.890857941486254
4.59692761526297	3.9883564240088445	-2.6224101160154847
4.357222289774965	3.9670333723204774	-2.7751220579176454
5.04143579146825	3.6305354711265827	-2.597474559381619
6.2256394506391555	3.2665110736812797	-2.4866913529471106
5.571714003587095	4.0477328477946575	-1.8465611577367447
5.896892855317897	3.902844788877215	-1.555355430329119
7.644021090221434	2.8531522447915885	-1.7868934204489273
6.841875632781699	2.9783117047130996	-0.5653639563165782
7.413726092122509	2.4580363928136553	-0.5775541318923936
8.55856934579993	2.1927515594634728	-0.8343954442582899
7.907825563485838	1.7850655877352697	-0.7442318275795702
8.56965910534511	1.3029872160753906	-0.04745535578130622
8.086596956099395	1.5464455735268625	0.21465925785200224
9.061621070000495	0.664011574991167	-0.6812336479687544
9.322737501884625	-0.04071217358488016	0.1194465428937953
8.525399157405458	-0.6454998516660122	0.0788252252391286
8.707231059618776	-0.44122597671599706	0.24371929235596723
8.389093114322591	-1.520798650977242	0.13142517313341717
8.622425367043183	-1.8636114658164433	0.6263984708833693
9.20436217913347	-2.007918568731979	0.2599332137644127
8.827613134160504	-3.1508513235249174	0.38372059597262886
9.161215181867966	-2.8898327975046714	-0.2971626631745172
9.010767782159121	-3.9904056766370313	0.06974807014086504
8.28130281529794	-3.5894500515699814	-0.528533504351856
7.800336318651814	-4.304540370911928	-0.10485472628508496
8.03815285602026	-4.851360463612135	-0.7111787998251615
8.328305838900825	-5.8450911840850335	-0.8619341267575181
6.844466950941997	-5.725185798113859	-0.29832305948156357
6.853223002013727	-6.3279032440356	-0.9477602624873404
6.763112642752952	-7.259263320569315	-0.71015013852931
5.656435692911906	-7.29725650437485	-1.3945725135409555
5.798472854704415	-6.985731371287761	-1.44190858926657
5.520903818492277	-7.508826327632901	-1.2153973633013349
4.364373941744366	-7.952439983192051	-0.5272828150373425
3.869877833983241	-7.960802453041053	-1.34622615402666
4.069844142969282	-8.73743909406996	-1.3507838926607154
3.4007678181854755	-8.675669311323421	-1.6263813259975954
2.2788037911015606	-8.374380722533866	-0.9260824225951223
2.7326533783568	-8.741083378096357	-1.7511785721012907
1.507634044916619	-9.127134520803681	-1.2275787979566775
0.7126885508656047	-9.121057854502144	-0.5598854411946079
0.24323384000758702	-8.998737422013091	-0.5794123682421031
0.0988551437832984	-8.940540550541753	-0.5239745335574126
-0.5907887416449971	-8.47361046774481	-1.2517216755388878
-0.6894820221099129	-8.386791384718588	-0.9068569482496298
-1.567555397492212	-7.95113344113762	-0.3040828784758556
-1.548314145650321	-6.76277951252354	-0.695609758314093
-2.064906859450346	-7.302543815245483	-0.41916136729837294
-1.9140891745732802	-6.949168588739534	0.029265528867197466
-2.3508626076417434	-6.2421758845536095	-0.7228443530498075
-2.6844996455357073	-5.956415154572449	-0.3734942678338415
-3.546491504094142	-4.7531426483746015	-0.5213323726837248
-3.6797277327943747	-3.9505379065010864	-0.22360194051236526
-3.2084480490276155	-4.421507754693404	-0.5065680059159082
-3.9070264301635076	-4.091933843260922	0.7993510768259692
-3.34461808015129	-3.2051199555178838	0.25229661915287893
-2.929437475826799	-2.568973315988498	-0.5288537776754545
-2.9105432917834637	-2.202128927784327	0.21480260670763618
-2.8495252245858493	-2.128661544968798	0.6417785365900738
-3.427640870862781	-0.5632916688020309	0.37709159767363054
-2.29527003082533	-0.8786324833311632	0.23038704753438133
-2.7829706721950584	0.4048126317585795	0.22996107808058097
-1.8502077716548002	0.07072940725185795	0.17256161453012364
-2.2096681745733187	0.8038472744616401	1.339909236585799
-1.3220849493364724	0.6591333439855387	0.810019337308159
-0.499548668330023	1.5363849547173727	1.0942313778205
-0.9227961786923169	2.3338050860518207	1.144630267835754
0.5945965522631044	1.6361369031659931	0.8941581037126839
0.5574981908628946	2.493980756866132	1.7559853245280554
1.0883819774185062	2.525637511394383	1.0074105781619351
1.12411836779189	3.291459048418532	1.7063498267888677
0.9921658825776024	3.6079307271057495	1.8657464970568145
1.7739581146175454	3.241223579055088	0.8782785690197297
1.7143408725337683	4.023567186900234	1.3006871205412265
1.9622977986747783	4.413975606473322	0.5882801998649931
2.7235457270110066	5.436894801399588	0.12915619172237192
3.471985871100009	4.876681421315513	0.388754815852583
3.4998532370963655	5.9779786855419115	-0.21873374035044868
4.062935181711039	5.967773395655582	-0.5511871711715319
3.7091879559001817	6.602587058365356	-0.7582728825396475
4.033737315169039	6.0814969596593995	0.1390145118711278
4.922831757183372	7.351601289899762	-0.7090623557926222
5.768340593670547	6.573019428574632	-0.29374522247460466
5.438794896828223	7.724802420603053	-0.9157894471234345
