5.6515409461360635	-8.440839333572885	0.30555897231410467
5.784487233613463	-9.489580874008755	0.8522004075249273
5.511898688994372	-8.883022461733058	0.29758070339674647
4.669433251202414	-9.317494072906817	0.580177331520344
3.9762832417005702	-9.079879445618568	0.49182264724516717
3.869147972309137	-9.083314361096734	1.227968697627984
3.935431716523137	-8.309066549734965	1.6472118242858902
3.2112362392907245	-7.790856235953394	1.2029472877165535
3.49137900289515	-7.968279342977954	1.3123188000680992
2.5676505323362298	-7.255490144573071	1.9694624712290691
2.2056340964891783	-7.477484840594666	2.334108024850001
2.1104628805735146	-6.898417247554252	2.0538483388315134
2.0364137860205265	-6.147637712160103	1.583781023928181
1.1832353710931052	-6.531744592350726	1.2738095914766026
1.3486337283498593	-4.949499274461483	1.351139204482979
0.9038573590331385	-5.826936206622204	1.4130454898523175
1.662490865769747	-4.549401493321719	2.0974263300231977
1.3866013402328283	-4.5701043621471795	2.586733424605522
1.397176004602469	-3.802600020665931	2.3004116701302815
2.636734813202555	-3.6630845231189477	1.249564854764156
1.924921056152389	-3.200439974773652	1.982530126087968
2.244472962777698	-3.458986608024638	1.2112726816889936
2.4976965168080802	-3.1970043737897638	1.7609131991216653
3.2709933225728305	-2.602574496243034	0.3718017234551659
3.154435514987809	-2.6739991175432882	0.3628443688881336
3.0153989197476974	-2.411423512254234	0.40424478803841235
3.5686090449693695	-1.7160731386391914	-0.47106700739817137
3.022323227259916	-1.9234742721894076	-0.34882579993897433
3.254798241289554	-1.8102144591653355	-0.3293335225456193
3.201556472837012	-1.6447609205100644	-1.4199951065583294
3.446889751546376	-1.2961990900240195	-1.9416052976461324
2.4169213936250102	-0.21295326128644798	-1.7262528948439757
2.0567834271375265	-0.4254149196909742	-1.954052379396615
2.1112225961960016	-0.456423823893536	-1.9913928775149943
0.779994157940501	-0.11277433622470479	-2.029170686139393
0.8126286705280383	0.3053646492462569	-0.8694719943424276
0.10156364253263545	0.5337611368737679	-1.0064051801046903
0.0426504421257122	0.3388935104908068	-1.2701408299170611
0.15268271619424134	1.6406438131003798	-1.4766990991553168
-0.41683499548614833	1.3182756452259154	-1.6423573437054675
-0.08304094189617361	1.4455665555622264	-1.8373712392833261
-0.8628780559429244	2.080346082042748	-0.6295701326217071
-0.6831076007744914	2.625484959265503	-1.0058895310833176
0.3225186061765807	2.625579240807433	-1.3883742882207555
-0.8298387586535145	3.9549509220489028	-0.9277170841198022
-0.3943293066959832	3.7557139253017	0.13209650150514407
-0.007121021036605946	4.4975100215963915	-0.25174799970378825
0.26981970428243285	4.747246517057581	0.4655787307334768
0.009898597975692591	5.7277223892573685	0.41535823524847043
0.6128848597883959	5.723510198329297	0.14387741712552898
0.7228978805208899	5.57170110931401	0.5049433624626956
0.08804163118845909	6.302353864819663	1.3833869810348858
1.3091024894146135	6.5811445280973455	1.3541268572648795
1.7401337436070747	7.130646713686969	0.8726031047896616
1.51244424810604	8.093428485784225	0.9685107450383228
1.7412530214006394	7.1187168642524785	1.8632074723299707
2.2869642070435092	7.935757836904196	1.8612426737853083
2.7394385547821813	7.299818059750627	1.322456676981489
3.6033844608754126	7.667020664501673	1.7145951371743053
4.392554267319727	7.327417510027143	2.1732900696559465
5.0288537436316085	7.174028389645412	1.8874349249435254
4.290467050537906	6.738688724365813	2.212711346627303
5.082236439133744	6.608602130984513	1.3716863558483139
5.81821303458987	6.420889484105536	1.4379895648662562
4.999136494667363	6.230566122640657	1.9545372408186856
5.221444565815129	5.098811692288433	1.1576350227546586
5.2488075475595615	5.184744245880209	1.6342219117888206
5.120290293038097	4.58321316403027	1.3922633291674504
5.833134342874327	4.16163383453273	0.9816670089694156
5.386239861619712	3.046866819383839	0.33935836593113367
5.059627451742753	3.249782072195593	0.1824132702818733
4.802945452377835	2.195653007686802	0.7435255674119272
4.664737886299582	1.5789457024634992	0.6922096431696779
4.806285811391466	1.222373128755556	-0.4636229730903049
4.209693041480563	0.9314579316562532	0.9613682183199834
4.104898868378035	1.5520165601723792	-0.09247129047702207
3.769077739387126	0.7589432615036621	-0.18145751922583353
3.1619808821390953	0.16402007929284607	1.2051284563831692
3.0902936665769842	-0.010919615501229107	1.0144603130486451
2.7388665587368033	0.38485510975088044	0.9017295352216401
2.560212213781134	-0.5675121516329332	1.0175514186147963
1.7233891524371672	-0.6908067864632115	1.3382245659782541
2.1463604689297653	-0.9116691454382814	1.0060268373054475
1.5371446414880103	-0.9688508415568284	0.6970238462930466
0.5581373448208676	-1.7329534281254397	1.4181729419140396
1.0359255789548316	-1.370350248973245	0.27626226517242153
0.6112531392619492	-2.071756463628444	-0.1220582212024462
1.1205320643223768	-2.6480923414797424	-0.22366853762859873
0.3580268067265599	-3.4655365801333953	-0.5660990429254608
0.6405032546566822	-2.937733362641455	-0.8679524605158477
0.8545120579504424	-3.7026331650159894	-0.2817505858888991
2.242485351934813	-3.619384472539422	-1.1979978083872496
2.0861480159150196	-4.127572759493197	-1.2599185241278916
3.2442885118738394	-4.671226835389568	-1.2310758229981191
2.858578698034803	-3.8792493015514014	-0.9655507629972114
4.246239509336379	-4.791635968956135	-1.0378656550419045
4.1094429617772645	-3.924745782728743	-0.29626097420383035
3.990266296115005	-3.592677105341795	0.03995554835001014
4.98830321291803	-3.786948228028158	0.1735918207949338
5.1008668220341775	-4.498813794998249	1.1759480465866747
6.154694616599219	-4.080347126201768	0.647027920684424
5.925435664450102	-3.414526084103514	1.4529294573618028
5.891575268511705	-2.7525854686942592	0.5913572080434268
6.938447091222602	-3.5082768708645524	1.65639549555029
6.8778500647245835	-2.746515602881847	2.071850713968897
7.285916250682157	-1.7774118331235278	1.5491786526505082
8.744041051923649	-2.403733704744958	1.2718102232583472
8.071369765828106	-1.6556394051943264	1.426977254641099
8.095884821190186	-0.6469978934042124	0.9521196974278437
8.648363916467945	-1.3259027730806032	1.8121257490574008
9.186016649804321	-0.035546133822202286	1.3557758159458233
8.650927439079643	-0.3305193283537847	0.7996370568193066
9.00014752112997	0.3199196272317654	0.4199343076834638
8.720825418938835	1.852324063700809	0.14904646323451579
8.92366925536231	2.255456590069468	0.4601055616008294
8.724811453227481	2.0930256395251217	0.5011633001256816
8.115079118162196	2.5746956652529343	-0.2025034187454633
7.93171617430133	3.586709713739571	-0.16916486341810844
7.447582547938529	3.317709912595096	-0.7818850383534718
7.124089322860061	4.434577445873007	-0.9372714318188131
6.865860813149409	4.127327138591463	-0.5047203983455555
6.99166335389121	3.781213347555504	-0.8607790938862054
6.20125119277888	4.353855363930111	-0.9750130344053014
5.413600561363315	5.009831685693629	-1.2942782264368853
5.39430741757772	4.2922421555032795	-1.1050672753018218
4.644711351715194	5.004444527831569	-1.5983060089148393
4.111273548967685	5.342829551569456	-1.841647293961872
2.881874783350303	5.5209695806179155	-1.7634781039700425
3.2343703995655826	5.039330674843135	-1.6743883844482266
2.073531010111027	5.470513588488238	-1.076687736407247
1.126000167155412	5.568043376298784	-1.5268470506955845
0.9000703131354086	5.431530036121778	-1.4454575949382924
0.5605779898915877	5.549708020197445	-2.0024625465607664
-0.46988511614333134	6.466764900278179	-1.0936189840705588
-0.6752950883554706	5.468494784443386	-1.3647463041838148
-1.7703276059764776	5.601142134594168	-0.7355924021553232
-1.6589112683566314	5.243393365163536	-0.3815934525023068
-2.537685502804014	5.887521374315673	-0.17162152114549212
-3.0264549234054745	5.897757553498593	0.1874971615041568
-2.655301538212334	4.806425930517276	0.5054675802284617
-2.3909907865717943	4.217902591354255	0.856795593512155
-3.8498270780762085	4.63736767316041	0.9775672223307195
-2.6600302356073104	3.411239506427027	1.5884339393046938
-3.734004571712889	2.677392244217472	2.413246960439398
-3.5360538317189865	2.83322870197175	1.7862102780332325
-3.625599844387242	2.052177058042882	1.7555597712384052
-2.144150016727038	1.6464653725845442	1.8548439478700323
-2.630365709910705	1.1302765726249717	2.9139972714805875
-2.177957869373393	1.2220881488224415	2.810524760922806
-1.8418489841811443	0.8331907539270142	2.0368601354336238
-0.9976964937644252	1.360151388893708	2.030842008116604
-0.2796486728825658	0.8701007999214344	2.0140791291287132
-0.46282084378462807	1.4995734685912252	2.014591281861336
-0.2089222323732465	0.5808505405225395	1.8880817473269587
0.670066115330181	1.454149996067669	2.039029670119119
0.7982160507058833	1.6762537067544159	1.955398900251948
2.5062172047237334	1.1077786242451035	2.378334590991477
2.0559672303030383	0.9984668971649342	2.01636670654541
2.7570551899626707	1.99778787484646	2.024862892852769
2.8017713903561448	2.0356308615634404	2.8383394228556513
4.1672257489366356	0.9755614803729381	2.440504558040842
4.218267188831828	0.994497191851651	2.4617065279325057
4.734753329196986	1.7112368194608583	2.592745759380072
5.091701635439189	1.5409460080690165	1.9386201380899992
5.282756754413317	1.1827335150428482	2.352918942419413
5.474367498433957	0.3191603511988741	2.0074302721665673
6.058275400851304	0.5948807694508012	1.402690079812943
6.257955790462144	0.730527192022954	0.48417284732186605
6.996378714584057	-0.6957778470282877	1.0090014552357436
6.461252121357191	-0.4842596352233747	0.861733288416883
7.07008018697978	-1.3659535669669052	-0.6813700435225911
7.201235831158117	-0.8613111356747043	-0.6058041661461753
7.809602689542331	-1.2027537299521127	-1.2268349814739383
7.570609881659939	-1.9696239678923717	-1.0908300376728195
7.969898715815061	-2.304624420483412	-1.346816623935414
7.424617008321832	-2.943175323037097	-1.5273716310192098
7.644467306672423	-2.870630778754891	-1.180678149021496
8.258220087696223	-4.26426090184592	-1.3549861744230787
6.994559628289873	-4.416711544511189	-0.9291292711560634
7.0783001474781315	-4.956714365729144	-0.7732468894499096
6.8350904977786175	-5.449003531673465	-0.6080907685214544
6.008490145310773	-6.014378851191301	-1.0976198864119526
6.589423062267064	-6.390119065028063	-0.812296055399153
5.841562915951082	-6.706106354876176	-0.3608882111367071
5.298989495043082	-5.933969385082668	-1.2692592922782018
4.077416474984754	-6.289368658465935	-1.164864256386962
4.078361825982936	-6.138028877476098	-1.0350573231577118
4.120147113869709	-7.252871541015798	-0.7610334020273212
2.599960907328467	-6.1168270786436	-1.4975294180671652
1.8888025425635089	-6.824472686016981	-0.2550280254631665
1.9169196485852245	-7.449793698071855	-0.6378009001462805
1.6507731158401153	-7.257054945677397	-0.5236096256130476
0.749109457614116	-6.61990307808505	-0.8695869170067347
0.5916743049224814	-6.873368686896759	-0.5292454150983632
-0.8822294396872816	-6.931153026341966	-0.047856833010807565
-0.6474426307614406	-7.1925777759391485	0.4188392242781215
-1.4180545363229091	-6.380998448054432	-0.08874059148048957
-1.622668446130547	-5.86901146425014	0.17843683895202167
-1.658063075597629	-5.310219653760514	0.08070940117216753
-2.2927449331516443	-5.978632912342707	1.1138745099000134
-3.2261770479006495	-5.326559187376261	0.9814731065217499
-3.1720095994710356	-4.153626643903774	0.2520124336099645
-3.0929266754584934	-4.511754850623073	0.507263575865944
-3.579575927940004	-4.12724085646212	0.36721611908021734
-3.310492875605008	-2.774297096177068	0.30954964513437944
-3.7448746917719293	-2.9119750031889917	1.1258087347076793
-3.929491559576048	-1.7067042465728524	0.5909960903823339
-3.30394747392839	-1.8961636002461315	0.09639893110200065
-3.034575420231073	-1.8128224939663309	0.16266699527328238
-2.6983949529468174	-1.2300984455390234	-0.24089737774569636
-3.96763182400014	-0.6780505085786876	0.9278519800800088
-3.6769683949148337	-0.404678535039222	0.036668967407653574
-2.6120625112790132	0.41368803851814734	-0.13925698957753485
-3.0844291122153695	1.2858535127818913	-0.309696177446155
-2.4434818928417625	0.9328189896454497	0.08780753148353354
-2.2693728597504528	1.2699333395411205	0.8879124949286935
-1.5143406204557013	1.7671678595855538	0.9410958288801446
-1.1883753933841794	2.204750275626132	0.7011487327058484
-1.5072885587592904	3.21144168309257	1.299956823909247
-1.006873154173751	3.508842642598007	1.844372904511144
-0.25059177955430956	3.7957209995683545	1.1869022586439262
0.2313733250853467	3.105663564672614	2.0964475797374313
0.32539872557528027	4.483537214319638	1.3912566413608183
0.3823586552498321	3.8323079747602815	2.3389957708120312
1.793136685959679	4.576819442645361	1.413173966923109
1.3621316851840428	4.805104333603448	2.229784498817457
1.5918443379054592	5.360375390570335	1.8844317597924194
2.2598726522067283	5.528231851234148	1.3207956555776925
2.8103826428401106	5.378852836015704	0.5993547360781151
2.829750446117701	5.413534758528597	1.0275410207925526
2.9294215866838487	6.466644063407682	0.43569439869302407
2.9636724403021306	6.577671878964882	0.16243762295907616
4.008982136450158	6.546173231744305	0.4068004045589144
3.8296587613224924	7.198070441618154	0.2956057335385819
4.425242237597848	7.529402558967161	0.03887711694900853
4.941427630720906	7.727673384538959	-0.34766015623075663
4.467319528069373	8.51078313667475	-0.5028844193396811
4.543299086146148	8.857300509515907	-0.534164285083718
