4.083803154441334	-10.451836778368806	2.0103430323080476
3.541343731781475	-9.842898868498677	2.619578695172072
3.315596414956381	-9.824888155153122	2.287280898554337
2.223292755232861	-8.456911166386309	2.1138683984547697
2.656875211829339	-8.762347980926727	1.4610356010047258
2.0940031338659226	-7.327917739144347	0.6847587509349491
1.8021041099373831	-7.044516922260296	0.40334823758103516
2.1764631804083554	-6.663644447343822	-0.2223417811575008
1.5326999688098222	-6.083491737923964	-0.7589028589757371
2.599822430288702	-6.018323166691764	-0.1856237520990054
3.139123839268148	-5.010927218012136	-1.143404527107526
2.98207222463601	-4.245844005559926	-0.9127804708245781
2.9463899178872395	-3.527417208384347	-0.2213179127295256
2.2784180417448003	-2.666337029198036	0.22421991356869914
2.506629019141834	-2.3008278747224447	0.28072082687336974
2.354020980644533	-2.5918081859250077	1.4070487470165987
1.686104329461871	-2.5706223914445707	1.4645191572716514
0.8693478111414177	-1.9667773926428036	1.620340267926835
0.1520273053560936	-1.8836343875220671	1.7015718281234051
0.38978878261285066	-0.8855490297094404	-0.08747159024966156
-0.258970240072265	0.05987355853879284	-0.49059954290148156
0.5480143295122082	-0.02473775824698654	-1.1652861560739889
-0.5089962881410313	0.060095253510113494	-0.37404351144238346
-0.12791207271850447	0.795234468468503	-1.208033903280255
-0.4618776449694947	1.8019770350345166	-1.5446319905326917
-0.70003786953072	2.6532167157356747	-1.0036017223515126
-0.6435534475419861	2.612438528674845	-1.3582125226520132
-1.1572982903687363	3.397152271227398	-0.1609290228682091
-1.4534767271944597	4.3268129815711704	-0.03848189736796337
-0.3429557125974205	4.361894941529765	0.13760486624943355
-1.0674879332622587	5.964167526881964	0.7321327271008035
-0.5972185788412527	5.635009873162654	0.6229147411459561
0.5669757697951332	6.699290037807927	0.9198352053427283
0.4070107670788761	6.332467870854506	1.5879104754980577
0.9953158094744222	6.73434301478319	1.9764131736486064
2.3126656424916026	6.693872351686337	1.7512975473942671
3.217553065744093	6.482402414136128	2.3398949991306495
4.066422864356573	6.529445320587179	2.5523500776084953
4.8045826712706825	5.537046569598436	2.5066583036284253
4.892539104362146	4.845643787504095	2.828727304069157
4.59949155539576	4.697896184570076	3.129078409397812
4.584909914530173	3.6120357435882324	2.2833820882436138
5.078911625689967	2.8502890510349865	1.6725974445756981
4.720728653366217	2.2273686630440457	1.788663618059172
4.76520578086305	2.0988665301707274	0.5627099391803367
4.241856305828104	1.332138330358117	1.1101247261382805
4.033595189501815	0.7944616536414638	-0.4025837716906642
3.7514941553651484	0.08554430391901276	-0.18633599558357572
3.3603774465790672	0.6150361618195777	-0.7762581934270881
3.608780612424482	0.045148523380956984	-1.8066217347926872
2.7416382340019982	-1.3817516511901973	-1.3641351399722392
1.9830576186106046	-0.962653606089106	-1.488936581317631
1.3206600920173182	-2.26154839441939	-2.0982468051608767
1.7371029046681865	-3.2076370789278412	-1.3209783960862593
0.4923080628610147	-2.4055480828812392	-1.6482917809536763
0.6040907768609339	-3.73816201386723	-0.2730916357972015
0.3455286394263083	-3.7368060902350106	0.10400704653004411
0.19609235969579103	-4.59635229268203	1.6320773610161519
1.3191074221752896	-4.3896291287701725	1.3969598580660536
1.533662875544255	-4.76409949554362	1.6439858282562674
2.3747628365465827	-5.733469055144331	2.1905395798992497
3.5650582434758396	-5.292471739630654	2.0537607302507217
4.045635042867172	-5.257037819882153	1.9950655024129176
4.755388295349727	-4.987756330743364	1.6480051806712608
4.448337087730033	-4.97074299732374	2.275137952096408
4.781480297972541	-3.634453622203412	1.0375051858911035
5.795193113791539	-3.3956343346676743	0.9408529602659057
5.8910651176926905	-2.6310276278058278	0.7874376215485108
5.731380942378085	-2.553540831580783	1.1246878269522238
5.023557501835981	-1.1418901307404958	1.226882068485136
5.391267165838755	-1.8483584786215077	1.924976583929393
4.469552743028935	-0.6915288923952898	2.7871065167976
3.576477344990627	-0.8123788641142895	2.304690887478349
3.0790359380259384	-0.47846753521639535	2.5317914925092286
2.595173876166166	0.35464308672075373	3.119918184773558
1.3061159227112418	0.27125583020086796	3.218431924690244
0.7838581953433021	-0.516305176978568	3.8417847781389662
0.06512793477706336	0.5956858876204293	3.217628390845255
-0.4591699449599952	0.21212483686457095	3.7186825794726213
-1.6132738630090566	0.974971078553325	3.4219435696869307
-1.9956071945909637	-0.05254839815611906	2.8537179188313035
-2.8096291523824695	1.0550497211666403	3.2985369281772443
-3.3173538710149164	0.8792876085660142	3.1574714715667325
-4.616275488620746	0.6897676496985125	2.352764558235482
-5.075948406336848	1.3611046091062138	1.7781153932313785
-5.084214560534079	1.763236527573114	2.060363587539894
-4.947520549714568	3.116510932647218	0.7382622758601172
-5.129065252508483	2.8296378194885676	1.0158626617302544
-4.817078385641764	3.5965056579251495	0.7336400439418185
-5.25439080889967	4.992864632141764	-0.34747436451491515
-4.175113281359241	4.612243615596253	0.13251348272804941
-4.452863306040825	5.006384866609439	-0.8934385216286675
-3.6444412558490757	5.573533462333765	-0.4876134366710738
-2.3535317844932235	5.483962793373568	-2.1083603512765023
-1.9446830630436307	5.650425497027135	-1.3908273360048737
-1.4537412522112048	5.406932738923373	-2.684434678567437
-0.8527032464425368	6.115736600005254	-2.7247190802091974
0.5419278575595433	4.818344341179638	-2.5955009615328435
1.11951115089802	5.336306712661383	-2.6655046227033883
1.7748209028578248	4.278245466386906	-2.683116292630738
2.1925386528840347	4.293050456900433	-2.2974300111329526
2.3241946153453013	4.033131241985364	-1.8597501464366761
3.2636039690990484	3.401343688745511	-1.7159182945996696
4.0873639845813745	4.194287574045342	-2.221386729983751
4.686416894009865	3.921886410955954	-2.1978279950638644
5.401259937574522	4.17976159355635	-2.5808926813530157
7.1279541698831395	3.4820083828887314	-2.2984849611094837
6.499233979523902	3.676368363565396	-1.7745424671182564
7.805050148631539	2.701216030613243	-1.106018974943466
7.790378742122792	2.078902439528305	-0.09499607919286102
8.840797913125336	2.0321232270295235	-0.7107164221316462
8.540229973000095	0.9344108591740505	-0.37632764607924696
8.296336398033695	1.1372631245390616	-0.6387208847525702
8.94489642778765	-0.9941754272379077	0.5073533810805422
8.751380611169798	-1.167111371644504	-0.09053246828398542
8.894297018361959	-1.5928097579036993	0.3635924386709183
8.536394236090649	-2.7367405558001106	-0.48946117195657385
8.617156041232265	-3.9798321791011086	0.5940496793579713
8.521495528714883	-3.839326272041099	-0.49967966063440056
7.727124612077241	-4.44303613650523	-0.5596855499336277
8.232095628145046	-6.057058511347847	-0.12379880386549935
6.69083724425814	-5.8054451435034435	-0.5423351982299116
6.098900821784168	-7.2913981832390435	0.030251812408269352
6.373844379856251	-7.532959005997111	-1.1021058582408583
5.322160769636111	-8.06823387222272	-1.229179091448334
4.487497429082549	-8.082559041253717	-1.1304038413443616
3.821221142994933	-8.104911119876972	-1.55557052091997
3.3851378308907023	-8.971088970789912	-1.754252316529323
2.304273527514506	-8.38404830761476	-1.5332386631318309
1.6221535866593781	-8.081395621198553	-1.7131362867996034
0.6270864518978753	-8.402098419196106	-0.8554480921654584
0.17194512841945264	-8.573402179603796	-0.755153841161808
-0.6703255458610649	-7.752835762949388	-0.9461588469900385
-1.4774920108747882	-7.355338668824994	-1.1133175194530187
-2.06050870902056	-7.347685619552076	-0.9602596980131248
-2.5903871822735427	-6.851275840557083	-0.05156214999891584
-3.041290218047214	-5.755261950253151	-0.7260557476959454
-3.5722621115569013	-5.151810141184202	0.13523179621873838
-3.846911803933797	-3.920407809456396	0.5071818283140976
-3.15222755750778	-3.4893451910828857	0.47606524809199524
-2.782578874635356	-2.395633994036859	-0.613000582334644
-3.0237407504040834	-2.297225713193107	-0.11076394285567376
-3.2471191196801743	-0.9365083022302152	0.6801375710479572
-2.3685156093354096	-0.4033147167575245	0.24508270224197615
-2.3146296679736906	1.0487438174743084	0.07803505308490477
-2.240461979710058	0.5390712452241153	0.4713057726088239
-1.2005165556339632	1.7096880773782974	1.40090127941616
-0.24720053610730275	1.9081455933719167	1.7700389308804518
-0.028686360933919686	1.9590086408592153	1.206763420299735
1.0900195944669353	2.9117388427826847	1.4785658072544707
1.9041769606487167	3.502872777015989	1.536497773465432
1.3948010731328149	3.9587098410154264	0.416267791284357
2.3528285672798166	4.477025394430647	0.5534965363450468
3.5404293179886226	4.536087410625864	0.0806412984912234
2.963370093187808	5.4115048570356965	-0.4959498770460204
3.55327424928866	5.562998554697801	0.3789060540981539
4.536104354520974	6.788584500578973	-0.9237022680805919
4.897412041832193	7.072281057572153	-0.002470768925455502
5.694730786876965	7.509911252899842	-0.9392125575792827
