5.500655847855623	-9.344669903037026	-0.25950442694043446
5.873297975137686	-9.151579678948192	0.772923268004509
4.574628956171111	-9.432048537603947	0.20916263629803242
5.241405182670588	-8.496066862677674	0.35248444276896496
4.006657475608817	-8.288363788576593	0.8577184900731755
4.2535610796423	-8.221570482925209	1.285043965493863
3.750600434694177	-8.717469727971475	1.8108021265284957
3.7636307237736	-8.387442826875308	1.5495259614102368
2.541334685602323	-6.9208965467836405	1.3359966148060134
2.7743864624706114	-7.449659480423182	1.7509220598809396
2.063108646415813	-6.666527554528715	1.54394558016334
1.5528728493639243	-6.625325715340406	1.552352383496187
2.187327848795606	-7.071518437308928	1.8100950707716987
1.8484014678631941	-6.613272048289685	1.9733748893133471
1.1076110442069296	-5.809191557194806	1.632798848612715
1.0495235585260874	-5.058591837442448	1.7559474002750082
1.945544440957757	-4.661089626086941	1.4247343337102825
1.3945804454257131	-5.08418733440586	1.5680748011179455
2.153711092855772	-4.412386351610413	1.9874724464492313
2.53246856190045	-4.221161255480603	2.0482318208915835
1.9989534348660631	-2.8553595073559785	1.4906894028060884
2.3027247992651825	-3.047214422061068	2.1216258024353247
3.0700027821460507	-2.6214967896966104	1.30691407088168
2.5668191432585914	-2.9469720348735717	0.4520361056499711
3.187252204366397	-2.018577019557479	0.6239141556814917
3.500643030530979	-2.1821315396014267	0.39056834167248633
2.9115101835423856	-2.4983433953248224	0.03444597845664554
3.7170981641393954	-1.5187877094395228	-0.7115442868435654
2.80297739228575	-0.840222310630456	-1.4539210207535764
2.675727619844495	-0.6640046218679303	-0.9112257245390785
2.9412951334432247	-0.8419488438146235	-1.8455695917167518
1.9450613316264356	-1.0572320587060158	-2.1291961243199706
1.5071071402580176	-0.9528730597295191	-0.8386821773609556
1.198490800595122	-0.3414395273019804	-1.9425770465608962
1.3434739181706754	-0.27834604220025	-1.0820952788116978
1.240518465600324	0.5175596492241952	-1.5001746295815799
0.09731175389499164	0.02929382067083882	-1.590540409184312
1.0531634908309182	0.15109778135030694	-1.8317569788603756
-0.78529780955153	1.0212027164021735	-0.8030282384498675
-0.9076925066885677	0.9989196357554395	-1.8245394987617198
-1.393085590921249	0.9484433498435045	-1.765273079984573
-1.560367374742747	0.8466940728701471	-0.7582622474160294
-2.610557846529415	0.3147162160412741	-1.0661002646654407
-2.282850542119677	1.1077036548233075	-0.5977759799619153
-2.449946792388637	1.75132647597244	-1.0627718203882266
-2.393342220036822	3.4747865251404217	-0.07512629516077052
-2.8117291401702937	3.4976886508996046	-0.47322475118508484
-2.445586013729729	3.93098225560692	0.7524809470932761
-2.1913215063294804	4.729972047730194	0.29861820300405073
-2.5148550871671977	5.420267060942203	0.5549740573887354
-2.08812262382901	5.133192025871192	0.6714512022978888
-1.7976259261238348	6.08904292513366	1.8729817644975855
-1.0740977843940742	5.766772473517609	1.8507596226540843
-0.4735156488049672	6.507068293004477	2.0965886875371567
-0.3124705915997851	7.476165348224933	1.474622260979347
0.8556010813330693	7.124114265193417	1.6560258160915526
1.4757066951069338	7.246344940251512	2.273195019586382
1.9099557630728345	7.491668324995234	1.3618854206117539
2.8377710785371324	7.424881028134715	2.7342142631575315
3.5471497013246127	7.655783708757208	1.596349963940102
4.913744052691697	7.218743006984871	1.8533949965375396
5.155967697305788	7.254666736327226	1.7789403658067335
4.599858458705809	6.493124438454589	1.9984072679457292
5.032264771001811	6.611070534234864	1.929525134713327
5.942043547214557	5.522702376284739	2.015839188522186
6.17251717978154	5.916567054371866	1.3091505363778322
6.231559983937109	6.369955942322013	1.2076628447224005
6.855734679955599	5.196442774057713	0.8855951306574159
6.115367143040055	4.439433154194134	0.8203046208730502
6.593133039772171	3.895122996106221	0.41408049067460156
5.760355198537977	2.6211717386186013	1.1119935814829014
6.037203311003854	2.2639338311592105	-0.05805816897403682
5.714177079279292	2.4350261896245584	0.15813431422366286
5.115413376825499	1.6299233126151533	-0.02689273945770121
4.500604722864284	1.3953735834276388	-0.33459660684949694
4.225919150693678	0.3601134881554467	-0.4471153216525684
4.20557908111332	0.874797053582922	0.7250083062059061
4.1489538513474855	-0.23794508188885355	0.28362946919613563
2.674557649003779	-0.01471763132849968	0.6959839480814989
2.330400601418744	-0.19629517122420637	1.3714553651019683
2.8419963868956497	-0.6246942867506894	1.3747971829842092
1.4658344155499212	0.09250117433952121	0.7288266935588701
1.3670286088151786	-1.1077264414775743	0.6220052501485067
1.1048663255206774	-1.083271774482066	0.5959185220636645
1.3700798272058154	-2.1286846858808266	0.27040270844872993
0.5461134529358176	-2.026046506817742	0.7158096195328015
0.20831988200490592	-2.3499133642106482	0.42021742291947634
0.5176397411617668	-3.0134283188726787	-0.5361360016447622
0.35679159938399835	-2.598299598568971	-0.27831451048325073
1.117751627656773	-2.6935815948533017	-1.176459704485453
0.7024616691387776	-3.9250996385895616	-0.5768638694820384
2.1241491784662454	-3.7095067350590787	-1.2818485970504794
2.604276417247841	-4.178655025749949	-0.9216977126171266
2.421242621668298	-4.06732957347827	-0.9957481589471099
3.691030747406737	-4.337529483528857	-0.9595599027847189
3.4526997923858027	-3.925992587084046	-0.5197217774221949
3.3419595598875653	-3.7951196640740483	-0.6609356824181111
4.060117681665294	-4.507177388359641	-0.4873855036096999
5.155389727159711	-4.438613576760465	-0.35095867823154564
4.794359579956027	-3.5318119617425205	0.37398044361183325
6.235633689367883	-4.150209542349833	0.6824638151481712
5.4989591039475325	-3.1083271720982637	0.6897858795617173
6.4457554734379094	-2.7681035789946344	0.6350140659084662
6.797754443139797	-2.75544697756306	1.5070688971767556
7.026497369295035	-3.0517608159357374	0.9223610288860382
7.5846833578213735	-2.4077761816375105	1.625720494547466
7.8926741752778	-1.9118818977006955	0.9071169133078871
8.416069537712312	-1.2716243386751473	1.6630388372189477
8.100838307206645	-0.8511795698214879	1.5007201861933197
9.624492342079408	-1.2570262050636896	1.110295257991568
9.676860202662455	-0.5999264506998303	1.2810890364375864
9.022941187686532	-0.21941260609692081	1.0152365643075718
8.92100167202697	0.3424868447747561	1.3774675393884093
8.609525264663354	1.2973853548206482	1.104160585360546
8.976020103588269	1.9993017888832705	0.8041129150928391
8.80136940104234	2.4649058554503034	-0.14277828344561
8.28587160876171	2.9932128084516756	0.5321501683895543
8.358887574455682	3.749779300325854	-0.4647070079663716
8.673998033565443	2.9828158088389927	-0.5779326705600185
7.206824632214697	4.385566601109452	-1.0604249593869788
7.273760952720509	3.517070587970555	-1.2466681538829603
6.410423832633702	3.776625215283664	-0.35312470452491307
6.513460176395353	3.9450867061845747	-0.888782114783746
5.76718037311915	5.091223847034108	-1.6058915215792353
4.798334680573178	5.57267657367277	-1.8337283310372625
4.348401144233631	5.501006956849211	-1.3087055074725225
4.1138940276603755	4.798602059956008	-0.9561673552904622
3.6118500594817253	5.078857277474221	-1.405074418139459
2.9686538522331496	5.604544211759321	-2.0951185827922787
1.8822559471663838	5.481017249099262	-2.07854428406198
1.085828051689508	6.208859912740285	-1.3171572579894115
0.6149487337531467	5.989941043177106	-1.2020537253674084
-0.31017382390029674	5.604279383793026	-1.3107969575772211
-1.1357895924935584	5.898412718466859	-0.594904689807003
-1.3915915824405927	5.784539174893208	-0.5738704180324385
-3.677546856031682	6.034937999512625	-0.4155946567489301
-3.0975657156459047	5.520458163472939	-0.2309976751379652
-4.099826436523873	4.813109177917824	0.9896813168573554
-4.3422602653078775	4.475163046613994	1.1587602823880283
-4.8562807578211755	4.601551997338728	1.0504938102816592
-5.196454798303554	4.158948825523882	1.5595831590073503
-5.081127567336809	3.7322523452996124	1.7525161821595399
-4.461727423643589	3.218740320319674	1.44042265535839
-4.729563072598726	2.6380992803480767	2.3286524146793806
-4.612331070955794	1.2566593743734427	3.1167521068976467
-4.483216570077945	0.9686322954131137	2.493767717420913
-2.9913351761205953	0.41405457236496057	2.7158612007120952
-3.263169398366555	0.4622508640469843	2.2439237403566525
-2.7647393485825678	0.36937228554094304	2.213294100058328
-2.0669614406079266	-0.3911764080573575	2.1556856998008236
-1.3776343623067475	-0.088168617556726	2.2924191467034745
-0.9288802830601797	-0.18032070681457457	2.949840568510705
0.17882608579071146	-0.34583102457076464	1.8480772400728813
1.0142895912475973	0.20646019001509075	1.7666982303099994
1.8782458339548898	-0.08058870746263211	2.5105394334406554
2.215141539481883	0.6276873951861058	1.999931401366501
1.964870346893365	0.6523780547959139	2.8664210811469566
2.614691389659673	1.3209201107523019	2.3880568489822815
3.14061418952617	0.8228698440112545	2.7047303026238896
3.9888994083587943	0.16782427821867305	2.23090244413613
3.157223692082433	-0.14526500018949257	2.479999209192034
3.9006919107188285	0.2599402846355803	2.2535645634203862
3.3793735750568605	-0.6041239897884109	2.3688039341421647
3.610323157125162	-0.03822986724292632	2.689955527078136
4.936710733143982	-0.42423281475570407	1.6661968100818212
4.9506505756319985	-0.3916278163349749	1.8599032939338773
5.545494545134739	-0.7715217475274495	2.1799403478223867
5.729299280965938	-0.10638063527093367	1.5778603804868447
6.605221037665139	0.051092441157639557	-0.011799749416232764
6.7908009773312825	0.8531726252141429	-0.308941387940474
7.212763193835277	-0.3814071120864265	0.3503121096209305
8.519872675051111	-0.48631584139893225	-0.3654788347381899
7.711093481808523	-0.7935829756504669	-1.3177872685861203
9.182881536080917	-1.4748352655981536	-1.301457587684319
8.664060403144212	-1.8310009067178405	-0.46309376133124647
8.544728398922498	-2.3864353574713224	-1.8162559297811063
8.5318285068762	-2.283576004864531	-1.8403210005445003
8.687751971092732	-2.818322406892384	-1.725876921188274
8.490207871332057	-3.455483795991144	-1.681475083554145
8.629261364556234	-4.341251784660965	-1.5388031408462477
7.968290237672163	-4.476469902234978	-1.662803167486579
6.639943057102418	-4.929555207640297	-0.7259247633449145
6.533133062470662	-5.742293554616657	-0.4099692366134702
5.164294828532453	-6.710036419886756	-1.138907750362349
4.862037464024454	-6.531207587112694	-1.4297990603677464
4.102079447422963	-6.265744086018581	-0.8882780489235018
3.6504230668992377	-6.149571566048075	-1.2770619623765558
3.437131596172676	-6.158712027623579	-1.3669780991959464
2.911437334703586	-6.887855147813181	-1.1683565923916104
2.333721084798646	-6.702115145353213	-0.5695332164484536
1.2375471743095197	-7.294372979504439	-1.2126109477424403
1.1180187547306704	-7.240413216360089	-0.4990130430052808
0.24774917029336532	-7.148503556290114	-0.5962745420648106
0.08722880982927983	-6.848626847821698	0.43793190308630026
-0.08070736526302885	-5.4432174173622645	-0.4306713025360901
0.09130049361555659	-6.1548915251484955	0.3378964472172048
-0.5050407209162346	-5.727369811188716	-0.019967566901238465
-0.6138124297327696	-5.325796438541746	0.37207835115455234
-0.9319972454821723	-3.7869739433760623	-0.03463209101942866
-0.7255202997365112	-3.7566807415657624	0.059331382870343286
-0.33800220108344137	-3.583137515886045	-0.2023983786372504
-0.904082807907196	-3.830471843134723	0.6459793673117703
-1.209425721481228	-3.4240506289929855	-0.15595627590226374
-1.0444791107433602	-2.610129303359906	0.7494015403678697
-0.4127092338068996	-2.097483847144857	-0.3184029368633839
-1.5585906815678356	-1.912212959927697	0.05306686981703501
-0.9588631562186813	-1.80123553618597	-0.28790204548617254
-1.5145638581269523	-1.3104689377799388	-0.023867935931803363
-2.519743951315756	-0.4878740272440385	-0.17628153688380466
-3.2002783848822087	-0.9197230364235007	0.4480972182108077
-3.5196399221609678	0.3356502544226314	-0.3112322810647083
-2.982740967727075	-0.13461758922731487	-0.1258010194000424
-3.1582912318136684	0.6563547324036257	0.4978990539532727
-2.9409402569474365	1.4839663067214515	0.27913442784019077
-2.9434213012849484	1.3972806746373516	0.9508825563315502
-1.5835658531186316	1.725215937358647	-0.008652139460712194
-1.640198295145723	2.0609562774981893	0.7834854448613423
-2.059048735874807	2.132258692482693	0.6574676984696983
-1.5041319368401236	3.393377256645122	1.0688204042130256
-0.9337370598799022	3.624475875238987	1.2571049053111298
-0.384287630843285	3.428675037256105	1.0850425768927048
0.1400645637855571	3.3048428698627723	1.7217270684046782
1.1142359054507547	4.039330345174564	1.7024697507049453
0.7653603107127922	3.5229971485458975	1.5533338193769173
1.077860681227067	4.215666615123064	2.5534502737494504
1.8543725409891367	4.162260006887834	2.0109369715209144
2.0577644890939237	5.017615537566097	1.2490911492986987
2.6592738390718305	5.591365176765057	0.958215484860117
2.3448282251567525	5.136474854840096	0.559022269488223
2.465799817643503	5.270180881414568	0.5456666265572988
3.762530814279228	5.650245812315847	0.10662822449439054
3.6732983650106337	6.509888687844478	-0.28379108723060126
4.055003517924914	6.978226436784802	-0.45521521248761565
4.320336212235211	7.402421397813803	-0.518242221183
4.022169403150636	7.9969784798958745	-0.02278186161849516
4.579334004539815	8.323767436068017	-0.7713756967987899
5.228202956856055	8.093298464506626	-0.6425931483082212
5.016255406702627	8.425993057949187	-0.8669797875134182
