5.740798341791307	-9.580897993497755	1.0199781486795767
5.838136842338612	-8.614001244872876	0.0027062215392347766
4.581054170478733	-9.027380136991194	0.40951857154008386
4.444164286937357	-9.357410120346048	0.4830407003508552
4.672482568670959	-8.981186971210674	1.183792951230155
4.4834582914527275	-8.760097148517751	1.4737969167989398
3.8563647216198156	-8.157702076673262	1.4659221476184452
3.9705844574319746	-8.400457168386652	0.984789615866907
3.368823981480448	-8.239432855033987	1.1681158942878451
2.980552820766401	-7.774672415470109	1.5319355981638516
2.174153771604274	-6.67712304131004	1.266455885888764
2.0339831857901203	-7.356439372940226	1.8723664263272684
1.6076314298121566	-6.3895042785491745	2.1100557400501687
2.0399006947720633	-6.547477854281185	1.6850296132798
1.6643343164785165	-5.3121885300415	2.013237908715188
1.5387130486971852	-5.533847208869439	1.7396853777946615
1.6352421598127926	-4.650359727319547	1.7791030166730324
2.1149851884271227	-5.063379311010856	2.3177803663538183
1.6528208600303238	-3.963181096789252	1.6241004510463677
1.5519629000699124	-3.4836179640043237	2.30639409653996
1.943199114888587	-2.8555947579895733	1.7400723546798895
2.429134915320697	-2.9402903050811258	1.9556201720205642
3.2282081086263177	-3.3289799115387	0.9574493055300719
2.6759558590992722	-2.477468429083176	1.3574975710363444
3.1206288494476233	-2.053113088712741	0.5515106746097116
3.5631926246154326	-2.5999055719268416	-0.38975967716896964
3.2845247030171136	-2.066214831988111	-0.11297083303495137
3.026313723103115	-1.9057988959721388	-1.0863101255866288
2.951237129901441	-1.6021456485266876	-1.5206289374911974
2.5431705900087023	-1.52203683440116	-0.3927785614457515
2.1671727947639883	-1.0719860428201162	-1.1346522829382844
2.7883610802191647	-0.4146614295017519	-1.5612419486840277
1.7472697341182304	-0.8721186194462969	-1.9543802614462575
1.330525728314929	-0.2547552990776158	-1.860433327995382
0.8370618021875317	-0.07698598880319535	-1.271402336699859
0.8796337187694374	0.7326503256409083	-1.6764921398373098
0.21145039028946666	0.16360888279195387	-1.148515655960548
-0.14236341645426268	1.065113603478028	-1.2392759128068505
0.5878313382961291	1.0754539270291588	-1.8749203076818501
-0.1248108470802809	1.4236323487482845	-1.3331135925850464
0.4288103803026191	1.6088997825682287	-1.5949908131563069
0.050427796428222926	2.010144143801753	-0.9454038254969963
-0.766447029925442	2.617653421751519	-1.6737709305338728
-0.06889228398971814	3.707001072365772	-1.512018156750043
-0.1191590706541974	3.6101850590036086	-1.1770546143095402
-0.76960176333822	3.5747890936716216	-1.0987564705905457
-0.24361554044068567	4.7169885345411355	-0.7002387110414463
0.07344648017147515	4.641307418224212	0.5901590059784373
-0.34975704002870345	5.01275014770222	0.1707235943973051
-0.23389588036951692	5.627342183725222	0.7062494994809009
0.40905773367161796	6.0721586598869095	0.6788130658675641
0.09908679456616054	6.960479679710998	1.1704448720956862
0.791266830075589	6.315735155951916	1.4720000922600514
1.5356559825439844	7.163701161264286	0.8043074369051397
1.4355559707929664	7.320412714247182	1.1737140784311393
1.4385461967290012	7.851059872003217	1.2334131149587142
1.9129787627523367	7.679338973565139	2.0608353637906474
3.077953435978315	8.175701118125795	1.8414961668988354
3.526745136099488	7.824327779910383	1.6910035034061401
4.346710401312809	7.296945051618893	1.703024406038745
3.928409950894331	7.295879970721466	2.4986137189662676
4.263976874378101	7.7314713524988425	1.478538907690172
4.730384873328378	6.2937676647231084	2.038135000752319
5.880251933981274	6.3889209077400775	1.4802896582257499
5.401640318493551	5.4424046782399085	1.9028931265082096
5.01494647340852	5.687944792679849	0.9649405920387684
5.327552367325358	5.25942497845471	1.12858748954917
5.550999532668243	4.474994641000992	0.8048838059152308
6.250957717210398	3.245111753307393	0.9277783676022954
5.1364981566016406	3.332815326132036	0.12634435245318312
5.141357197759356	2.7171406964048193	0.8490518557055532
4.786505036175109	2.506847612142873	0.35373377672884565
4.703554868681773	2.9832394484613998	-0.2555943809186132
5.409494036403128	1.1924968130397569	-0.14135212371890893
4.51250885851992	0.9858594759902035	-0.3260202081240759
3.9510495769381926	1.0796036737404666	-0.3068175884259922
3.957738664329723	0.5359304409788183	0.5855296177776186
3.374248753075154	0.40746089357098497	0.9212773972986116
3.4094343632588315	0.4145968454445407	0.8721895852987658
2.749338214007664	-0.5321341122038377	1.6426683015435324
1.8286386410007875	0.2085169816896808	1.2697391737390238
2.13121390448485	-1.2400035299861814	1.672191299442497
2.1124294335297202	-1.2118664849085912	1.0951532137886757
0.7548834667446256	-1.3243836159720876	1.2244193016168736
0.8410216064435164	-1.6435652500330145	1.2595314737484988
0.43454830613169354	-2.228993198214812	0.1457736468582599
1.333136151936966	-2.462166931220071	0.22742067774763136
0.24721685084434727	-2.5830056189627495	0.23565053996202623
0.20000906660487333	-2.0715200851786486	-0.7352134927073418
0.9892945343954591	-3.2364115062414505	-0.2099504707895472
1.2649902959249373	-2.857055452037219	-1.440668619110606
2.0488850501930687	-4.246060366259506	-1.0472675555988298
1.9652645241233964	-3.4680917348355527	-1.1511734180792055
3.0938032341699344	-4.266049697762512	-0.9987102645151393
2.63166048810126	-4.6104986281931515	-1.2791940623435476
3.763596249656958	-4.781598525918414	-1.1791417424376802
3.3658223236300904	-3.942202884165682	0.11002334420085513
4.854304691986371	-4.566624790263182	-0.029261165742504924
4.381490166134313	-3.189569314479922	-0.3450112665421891
5.011127328976132	-4.5402883723966365	0.5186777022904585
5.6385379144471575	-3.63947327458437	0.9152354698304466
5.6827065961412435	-3.935280812062122	0.7284280238095385
5.94305643112707	-3.4054453666754956	0.7281102639074801
6.714724882331659	-3.3792327748292244	1.9163036527143884
7.278036300064709	-3.348696939622789	1.8797596408904274
7.535885704439463	-2.78783735164077	1.6180145529572925
8.08452315257519	-2.0777102988134786	1.8832453098092965
8.05434563640325	-1.3848454876954661	1.0843143390238494
9.440942258760442	-1.3350993780677054	1.1238468178227299
8.273219887211736	-0.6308572051381623	1.6403448753669303
8.45943368309749	-0.48486326946094105	1.0944212212339757
8.757497020669938	-0.12499460708332316	0.5954771082156303
8.855997694699534	0.9282128473166169	1.2251173981634702
8.920255994130422	1.3854332104806244	0.4657715528056725
9.282579409199085	1.4874494946641579	0.31753167149408174
8.905393947214899	1.6675669347151734	-0.052814512301660066
8.707947306703703	2.366250336238487	0.38730232296678346
8.204388243587886	3.401142772392694	0.29882336431142287
8.129910625181697	3.3965410863733045	-0.1150364525688028
7.5416037854123985	4.0743469787807	-0.07558283617936157
7.504645479041621	4.0145777592237835	-0.43498614077710784
6.757517540852675	4.383763017409766	-0.6790456140376073
6.670215365306699	4.279900962489584	-1.4360988860311379
5.902136040772133	5.220603338008271	-1.7680658241424703
5.172202473628845	4.866498814300249	-0.7634360478720887
5.182647107161167	4.895763696707334	-1.7443960469479136
3.822159138346576	5.515589053589184	-1.943241549125353
3.446328414439681	5.046348813369727	-1.047968389194295
2.4955179486592285	5.312082008590368	-2.0668093238991427
1.821881130948361	5.894718711041708	-1.4430345046566142
1.4276363679916217	6.063539606528543	-1.6180101133364044
0.5799592573770804	5.398696595091696	-1.9135721085362778
0.7089457962604235	5.951861563304382	-1.310922744892118
0.02893066902743191	6.53685939753914	-1.6467067851048138
-1.1120730852773153	5.649356493690046	-0.625871669860126
-1.9612432342677288	5.792857521425161	-0.4394649063541053
-1.7359812152920893	5.387282575683305	-0.7816236014669281
-2.705121512723471	5.0566187745543765	-0.25758162288915104
-2.833650888042719	5.01007378425087	0.976162626095654
-3.3069503413627257	4.599860965714901	0.6850763878054589
-3.64532025413888	3.901371729373118	1.397609518158004
-3.5283529020788285	4.59319494422226	1.1523122568242343
-2.61665239594725	3.151878111372098	1.404435804494773
-3.506503549374532	3.342655458021272	2.249344864525894
-3.5433387731125796	2.550026032870174	2.2998829028145904
-3.5154228081662495	2.703886799377085	2.8161494038486303
-2.258671794409172	2.358389865805531	2.0898672335650224
-2.4294173873524483	1.4404453806042903	2.867405394966032
-1.7938469518495248	1.7215280990064836	2.3531234727903763
-1.7575911490454708	1.0639434888333954	2.1450360614920174
-1.5573270023596446	0.6134023714087458	3.114841719414418
-0.6671969809929039	0.6837968736752877	3.209747873866961
-0.3793226284962849	1.318372810669981	2.764245483687828
0.3718672523428822	0.6035968569225567	2.073436178496326
0.7788315017689168	1.7974486761803088	2.2571458323008224
1.5920611876467983	1.734014205236943	2.357345001564542
1.8150003137894477	1.0054673191805452	2.538284410525895
2.122270633001813	1.7100923493029314	2.3819674231300687
2.889511634625264	1.4098594743725463	2.1200239745991283
3.5283211333850066	1.5694276184669116	2.3524467906969697
3.7390445002431885	1.4032233425768483	2.472179263154002
3.7504051785788417	0.8760210140384045	3.161438156909557
5.267839725080434	1.3200748274586869	2.016703858780327
5.89213009281068	0.7353918495285868	1.6174727618580125
4.947875881008251	0.8323210931047279	1.9393115113461983
6.251019110234313	0.4768603681588373	1.9942320070629893
5.601046721741593	0.7858771103843303	1.6368159331896999
6.1443777304862355	-0.18817952844652502	1.3098927149425914
6.947272952751434	-0.5311629714699424	1.1079516510568888
6.381760273297018	-0.4962507731550322	0.573920720812324
7.151801775453762	-1.2090618015890775	-0.310675323553188
6.878463679976165	-0.49721968000052086	-0.7840828315029067
7.253728105537405	-1.8795907180914746	-0.2842402962668936
7.300720702808167	-1.339118625951909	-1.2059414050062511
7.180015681482435	-2.152154167958286	-1.4516927267878392
7.72068748631855	-2.8142134651077484	-1.3929210045167433
7.417045005980901	-3.0328424332844754	-0.7901319229509464
7.70261788074629	-4.119920989297702	-0.31749284003826594
6.972509040167267	-4.730235785790248	-0.35898711640001446
8.0407990348811	-5.230967484785982	-1.2812588944675534
7.60927233283422	-5.7208788532478785	-0.8357571436490995
6.619076288406133	-5.376696819904454	-1.1188641452339576
6.261429469898351	-5.466018259590823	-0.6276011666623105
5.552179833307383	-5.4352053588119045	-1.2286851387124451
4.772555853770016	-6.628292212675926	-0.7817661619644458
4.356852644269036	-6.330048498779511	-0.9256561567146881
3.4972412183333743	-6.336464491635499	-1.293295330039523
3.2947475835185487	-7.021982764980045	-0.8133702204766114
2.8861905973862645	-7.3809481071124985	-1.4894310966755744
2.3868834071898473	-7.240840287091762	-0.2073876528625851
2.5227856313813204	-7.00595564159341	-1.1029700422825295
1.0278481077477162	-7.2922795144644565	-0.35236364759234173
1.0030436947583234	-6.82688486918188	-1.114493793125812
0.22954877461574474	-7.490205631114943	-0.8824133902496013
0.2202019789113161	-6.426146204518448	-0.603582609047779
-0.5654431483136477	-7.02673974603019	-0.32608339262440045
-1.2896167477996756	-6.1756809246210365	0.4823132394225905
-1.9028967322957617	-5.716848553754239	0.12610109087431243
-2.1077365272755695	-6.096933075390101	0.928829552765651
-2.4045744882119546	-5.800594537218995	0.05239252138351483
-1.8104591119254854	-5.382278487780259	0.23907952505856347
-2.190255249664846	-4.953219611889983	0.43507859876913924
-2.638863644766916	-4.471142574397502	0.26427301071122855
-2.5455722145035	-4.065577036714282	0.6320459206458451
-2.93917119246972	-2.9750794363563005	0.08580984480781229
-3.9013539682158207	-2.0293823344395685	-0.003934708290810142
-3.967972973221749	-2.754708843819697	1.0771569238987189
-4.091535084599888	-1.8104833689947544	0.12355012926840542
-3.065218504545225	-1.5887903785844157	0.07410201105249714
-3.5292197998143475	-0.06457539392717138	0.026686398558941005
-3.558792482434589	-0.6479762629650252	0.8329702770630784
-3.5963352270773568	0.14106301636080032	0.6103812704468177
-2.4457992676642477	0.6600251430632124	-0.17624261450466072
-3.319147234289886	0.6813418169169365	0.8886439118374154
-1.9440223831641101	1.4366148185037853	0.4575860268244068
-2.0530604829100016	2.1248251426861904	0.10327886454414459
-1.5954901496537102	2.3436242005862304	0.3688870324021244
-1.6572406249119283	2.289955889330355	0.7051115231738754
-0.7624796813546939	3.0876603071716824	0.6275786797708787
-1.2278715173944237	2.8243949588731976	1.489258910282076
-0.8135880310531193	3.2928430429346847	2.304577800122508
-0.004461169314475433	3.7464746342021784	1.9644846972587038
0.8722160318308231	3.6386484103179697	2.1107126209499247
0.3912837231078072	4.0395625346906385	1.7163273124181297
1.852268991191893	3.8011914923553167	1.4624533383404434
1.7471712778941422	4.060646257146094	1.6547175582983369
1.8771048332219382	4.422231089130778	1.7150917100589953
2.486816403018188	4.824478750047413	1.9047101118249903
2.7801007489268734	5.585426203622131	1.0512387629245754
2.970304104594141	5.231771359653676	0.32826284874547906
2.6927469739002077	6.748456854195664	0.40105557783292134
3.5123769869130097	6.644385204561332	-0.04857021762566216
3.1850239770502293	6.431998080514024	0.5694763445950604
3.6034840900107077	7.846721860163593	-0.24932669779741012
4.595548606712726	7.539392770332068	-0.8736769657879337
5.037149121736211	7.712972616940217	-0.4234203518502625
4.59913901243792	8.214340836697591	-0.3149721575680142
4.732365044592676	8.5211996507377	-0.5532856340354586
