5.815287547580304	-8.454564623177511	-0.15585851883660762
5.699153952862924	-8.483555252955904	0.2164882541132097
5.532957745930469	-8.6316445154463	0.06882245167524306
4.272964606399641	-8.233936039702952	0.7821880384544011
4.28849356738653	-9.095068032061846	1.504629673990912
3.6929700864869046	-8.617598950069695	0.7097973079425731
4.243713411905376	-8.526142716219265	1.1297495911110125
3.7052021553761914	-7.987679676069086	1.2355636905375778
3.4966854232015634	-8.086636051058475	1.9454036645581998
2.5114656058482123	-6.850758375052397	1.494799612244226
2.4862872011265646	-6.845141680113016	1.457346493826498
2.3066818900637944	-7.332357866709236	2.040958565741141
1.9765212190235952	-5.948869656756881	1.7672354248826672
1.682418181426809	-6.438855258155049	1.2450975452835966
0.9923122780795249	-6.06528110638234	2.157928969358193
1.9434831682921	-5.226994554759098	1.8421073377834514
1.3276494915478505	-4.43077771112741	1.3228409978991533
2.4429300694959197	-5.017590128989736	1.9269323653080943
2.103015449335195	-3.907724263760925	1.7425300666679462
1.8352159817474942	-3.8244787477616424	1.3539451386987857
1.9593400245889119	-3.6803448361229956	1.4746073844546623
2.6863267384802283	-2.8118802805468914	1.231344031363586
3.418149005649842	-2.76596594824134	1.0877201058932904
3.173350396332712	-2.1642597531628516	0.3522100620088914
2.8497777082535047	-1.6104652381942555	0.1076605264022732
3.0705865227038287	-1.7910629982120605	-0.03907116472397121
2.7990392159835005	-2.2858925539838912	-0.5492229234152337
3.2309999714945774	-2.250390397474166	-0.5401905433845751
2.610349705208586	-1.9292177022695716	-0.8277368223263234
2.946388652057321	-0.7093863566963208	-1.478875947009839
2.4746772513979525	-0.9587725674789058	-0.8386457958959694
2.6118380043864997	-0.9884516230741252	-1.2841220129957205
1.6687596453007907	0.13792410756498108	-1.550831281345174
1.592694896320214	0.04051444249652769	-1.6061041267342815
1.101900785005013	0.10651771897555518	-2.0817051133753974
1.428228311718896	0.2927217117354313	-1.7916655535164232
0.3564962719718879	-0.006784927009716592	-1.6934024622796922
0.0629014702484674	0.4928985633192115	-1.4923829989924815
-0.28251436295326765	1.9865003545768423	-1.7373064125344266
-0.39382698000718946	1.0885357887898854	-1.3708527308215226
-0.7225279230734792	1.4975500946925064	-0.8435172266610418
-0.51157835929164	2.9622485702479118	-1.3598430736449534
-0.22423414907469919	3.1444267065586757	-1.275166229811563
-0.899578152179678	3.0827056874875987	-0.6187585088575875
0.19720449115783556	3.785637843864643	-1.0900329305109688
-0.6224377744062117	4.249494894939326	-0.5549792458643694
-0.3982184485577093	3.9319366889527174	-0.35136931401621396
-0.36519560033237014	5.008743232464136	0.25249869522991975
0.28595063776511453	4.748549548280576	0.11902007083583138
0.35203501788268354	5.350351081354656	0.8219868605098064
0.05348067558090658	5.704141140191647	0.9588574940482175
0.038717971290161135	5.992551155069548	1.5144713764925664
0.5549421876516092	7.6760847927315705	0.9365749443662434
0.7934805748841136	7.225631719966616	1.5240149170060309
1.4595086971869102	8.050954694213594	1.24179704807224
1.7445873990150738	7.376439009476963	1.4813609939436114
2.0286148921648057	8.158980132265794	1.8723231731774872
2.980097306018939	7.9318649319989	1.485235419315563
3.7864575155877374	7.416826866830866	2.1379362861556475
3.593629231163479	7.206324075114172	1.7979585004241225
4.269002682906782	6.791153720513736	1.568211012271287
4.673306823388422	6.515474911752861	1.703099106648747
5.569876787522448	6.235665105485975	2.1145666028047287
5.268214202898754	6.721035947340047	1.2158096180314055
5.403806779003578	5.172512369718388	2.273365733684499
5.685438629630753	4.815376701443887	1.2580374609616123
5.305042917503423	5.290854121227024	0.856143750103618
5.8507744764163405	4.372377283023431	1.1358741041462181
5.752394555638328	4.153634345434325	0.837675609442562
5.2552204164644545	3.035494238785661	1.4699539762153815
4.686180251688438	2.4385213954183373	0.6716386256138388
4.7566759618624	2.902904353850697	-0.020389159886868347
4.489164194454844	2.1300991422784192	-0.31049323886230795
4.600840653463396	1.8952863894008476	0.57956884948034
4.814106156106762	1.8398917262623358	-0.381906935251116
3.698709953592679	0.829302558835272	0.02931760626552904
4.087230928043741	0.2353993785247946	0.9561276580235456
3.257507705432593	0.7068646217922798	0.595267814567363
3.1578836352191892	-0.010701278303916317	0.8448390390863707
3.2487471410211612	-0.09438239085950995	0.7381250707157772
2.7169181519226098	-1.0426870895369513	1.206400338892607
1.7557131778322685	-0.7573149495224009	0.7862478539874254
1.3128109796575735	-0.8083167353431137	0.507930397067129
1.0408159922263418	-1.480433759799311	0.38613336142172333
0.5810867333121494	-1.6271824894204796	0.6063212793797932
0.8179219994654542	-1.2858647196138984	-0.01434435450595506
0.12914537099248008	-2.81930380137295	0.38681277880986237
0.3358759953103278	-3.0432519343677136	-0.14005394997995912
1.270886956705743	-3.44834259636791	-0.22792643628812326
0.42540149947667466	-2.4467166818119988	-0.9614622539993669
1.4071528563989242	-3.0398832995327973	-1.4321301315078214
1.6986800904578603	-3.5588183712245134	-1.3556800685635253
1.7274242332223644	-3.2760041935636846	-1.322221009981296
2.757811362552964	-4.181213830067072	-0.710360749910018
3.0547715347367896	-4.670164077713119	-0.3852780671078577
3.5923706015780517	-3.8425686440256577	-0.9762378543002826
4.1446288734154	-4.560722950767506	0.0698483500424989
4.633792949226651	-4.689815779510578	-0.21368924700436664
4.742602839043482	-4.446733957771959	-0.37675202932478996
5.180489433938677	-3.7028165122415446	-0.12524407420773392
5.24836684172829	-3.9218275223147003	1.369438459571745
5.402714371379487	-3.5597206187228587	0.7876865769259022
6.645138236551206	-3.9113309442094164	1.4794643882295366
7.556437481169949	-3.4726880665733413	1.1285125918764063
7.3753440406170885	-2.8519204445442154	1.3435519474922428
7.05305193339861	-2.8407409558207366	0.9524763257735074
8.505994720044624	-2.1356472104948447	1.537168371600786
8.695058866295291	-1.9633330929882091	1.9161568200022474
9.166286053804807	-1.0143896990040413	1.0895011770953962
8.315337618983875	-0.6783859158526023	1.9526195637133392
9.065326536607008	-0.8161439976129757	0.8617787743333063
9.35436810982144	0.5963880457939118	0.47882989342469084
9.899725565087682	0.2848628133820295	0.38113560222380716
8.958966317906091	1.2210277642468705	0.9317769491414556
9.558161102426343	1.671319441202896	-0.04692159634219549
8.856813653315406	2.2663749312962738	-0.20165505958912627
8.275332748532806	3.075956426889948	-0.267713169083365
8.559757254301982	3.105635629327323	-0.5713415068333302
8.479052668772077	3.0577594528944703	-0.8505870976903744
7.936609920108908	3.2083961091191053	-0.03632546067256048
7.139832419381425	4.359144436468938	-1.2441217021186561
7.244411809056213	4.337744413080718	-0.8063630982962353
6.226425835593581	4.666517299836118	-1.3497096153366168
5.809614715770314	4.660092619930432	-0.8998281371160712
5.730394906755931	4.36834733605243	-1.464859582917457
5.040560299313446	5.20321528957355	-1.7072412873807434
3.6794382189639507	4.951859739378654	-1.3666974349251184
2.8757825898113016	5.449311211666657	-1.8144316641887008
2.639367898069105	6.002860181292576	-1.6045483947597947
1.9727842630303418	5.2507278460965034	-2.0984874977290495
1.5404792788288253	5.382471817101905	-2.027774387380255
0.4728823121060669	5.594712906073635	-1.4734488806600428
-0.04740380099568631	5.659944389111184	-0.7078841178654027
-0.867552016784401	6.156974009390305	-0.7988648507965896
-0.6626422482816903	5.9989618297039415	-1.0662696164772898
-1.4520006336173794	5.786222423443478	-0.26963402301242323
-1.6485797215270126	5.791915010227245	-0.49216835068039144
-1.7886536211606323	5.242720490036345	-0.54025328942255
-3.1644618809308747	5.540030641195157	-0.17190164810476322
-2.573198348355974	4.3246505708125165	0.8614459693350549
-3.5853280263441056	4.54660887292326	1.2824570184876103
-2.777314045090149	3.735259785504295	0.924451331106549
-3.106243809996795	3.3853483904267203	1.6069650636726873
-3.7730469275837644	3.738593950280917	1.3926911285242214
-3.3726466666162382	2.8222205377559915	2.124622382417255
-3.3146228026499407	2.5033387045340563	2.336900094229773
-2.3591007227623626	2.215391980872818	1.8407671394054397
-2.943549037439069	1.864486189328425	2.4950780834912702
-1.4575642004801361	1.2612379170095815	2.324031348829786
-1.018656196546119	1.2825823418328262	2.357769227347435
-1.2749205760693894	0.5259705629996377	3.427103764011971
-0.5744794020739596	1.3732187252232237	2.488745992447793
0.22105826217315228	1.4412828278241507	2.029577559092331
-0.04512261416867716	1.143357249202619	2.8632067395987812
0.7013297494128056	0.6488721005370708	3.276381586588481
1.478556613672179	0.8772486996713715	2.3912607775647956
1.3463632728035886	0.950949351283664	3.0860866829268523
2.136480819709664	2.1456507871366655	2.044482981877517
2.2252529913045453	1.3907901651402053	3.348823924366657
2.8597183146068486	1.6865681217436501	2.396184548207769
3.241894133679845	1.3287437276949836	3.2662725520564178
4.210986177053623	1.011061053317947	2.2291892950006007
4.530066343450942	1.959524621902215	1.833844184803084
4.750508954313676	0.5630437226592507	1.993141586036225
5.366163504366823	0.2857169404015748	1.5327270495233234
5.8973432618030825	0.8881862287445296	2.10027042311323
6.06917674080926	0.1648831792078006	1.7284976510524077
5.826838846688804	0.44961003430569846	0.7877743469101018
6.115700384441795	-0.6738877514111999	0.996024580677413
6.398934818666084	-0.8390438947045282	0.8189173522444658
6.799476946271792	-1.3779224358677886	0.10877241358979461
7.879704754522045	-1.3996584180248537	-0.8687150006006407
7.135447085002057	-1.547810721769699	0.02141441558040902
7.0832743197780434	-1.8584036188687727	-0.43589347097371256
7.213072212272869	-2.697532563406314	-1.543534331957231
7.153807819562587	-2.70964831930369	-0.5861242636063666
7.940366563306902	-3.8440732777100193	-1.376505646970761
8.260307509177908	-4.268826642734106	-0.6169914628270752
6.944054227644884	-3.900290327640054	-1.4046140454311276
6.838669379301342	-5.194416618439302	-0.8766097524688323
7.214667082187489	-5.062408835224503	-1.0883980669683262
6.0341319254920345	-5.269191641907529	-0.5394670795352277
6.689815654256201	-6.353009224782504	-1.2317228352006253
6.4427542131177455	-6.679106994267938	-0.9366777901567864
5.238115042254101	-6.291818169891405	-0.9959728539507409
5.031379994719291	-7.033360558596838	-1.1410599973313142
3.8723677903516647	-5.996589592077976	-1.3242271269563595
3.8983936214981076	-7.192779662181869	-1.280783983611796
3.3012046093779372	-7.165618244954697	-0.6323560770408572
1.7834479108628887	-6.781506466927253	-1.3257746053739106
1.8790042779934761	-6.883518081159334	-0.620350189429089
1.4765051748883757	-6.964117877031908	-1.014521679724943
0.26448450899169806	-7.009645587274616	-0.5685366878504493
0.22669114554880343	-7.438740871715021	-0.10962270916190864
-0.23451282100881654	-7.2438776740058834	0.16077839915305792
-0.9634145942369318	-6.767736129975786	-0.08305849942207444
-0.5229191729591951	-6.431369958162781	-0.415572448051278
-1.4224623110628392	-5.759547362967031	-0.12425155593565385
-1.8160177375660578	-6.3261183465339546	0.70499599136314
-2.9137171479402664	-5.618096610619926	0.9202036870934032
-2.9364392956674	-4.4385686779675	0.27936455004956373
-3.0090327481117014	-5.114661226951658	1.2786698624660073
-3.2626799419540116	-4.4930020379332225	0.9616099898745991
-3.4912657847599453	-3.839611777521604	0.45981024153617434
-3.7800931220112073	-3.716381097073935	0.08572810163411954
-4.106653598060307	-3.0503425742747754	1.21770817221644
-2.851568221724084	-2.4150377806640506	-0.01656708677277699
-3.5871682620844156	-1.4614975673098896	-0.1280317232711145
-3.2656564209751564	-1.2330719807254769	0.18235475182425193
-3.1155384765820937	-1.2024941782854066	-0.20268288404489188
-3.6655245045594813	-0.7437381578418758	-0.26129521920477916
-3.0287730047516663	0.5586281817445208	0.2039647290551998
-3.3589344714603326	1.223802741007173	-0.16202201504817904
-3.2107025017370328	0.5327727112661398	0.07973189588125612
-2.27796696849131	1.7467149641687394	-0.30313925110718387
-2.2220530451509095	1.2469585153549225	0.0750302219011042
-1.8177828893872674	2.469824331742524	0.8240956741451113
-1.4328047880082575	2.2760411367934874	0.7055413087380408
-0.6425063285896626	2.541259383491778	1.440865441321904
-1.2489517361711187	2.872133250427356	1.6426086754343854
-0.80045489100305	3.4108160727190393	1.4319762347286908
-0.25643993185440894	3.4658997480928417	2.2630949717613476
0.6610344521951312	3.3198474419974673	2.086923365522008
0.5370281627368413	4.417822707886048	1.93060113840713
0.9760103594115342	4.892280147997391	1.6565053050900695
1.6653401011204547	4.414803551128781	1.3147992650308364
1.5769292994451365	4.839694437380684	1.4726085485546356
2.3259826975936617	5.477512746425964	1.7576687069662964
2.5878419155889274	5.215895618812088	0.978467443016249
3.0041501595609303	6.290493108987572	0.975097863968155
3.191254622467133	6.440928528217206	0.5853605375421848
3.0745404685987276	6.516184150658065	0.5862789698664662
3.8707095698327203	6.901710453823292	-0.2518511236188516
3.704282723191213	6.908792548477718	0.4222008314103308
4.069737913240602	7.446890448174344	0.05720609564789325
4.149411086618391	8.006924027475073	0.10731060510062918
4.47931318311787	7.851503056717355	-0.509488057225703
4.820582547868489	8.084081748152617	-0.3455508416004307
