3.7992488832833446	-9.771870712021107	1.7465082820140923
3.7480139022566643	-9.363683190190697	1.9633241569829465
3.0157748596824026	-9.210358056280011	1.9657634827368033
2.950806592148235	-9.263757629841127	1.6121886224058257
1.9408853428189083	-7.809805138057751	0.8855640564467664
1.9425889042144373	-7.096240397218494	0.7721383899298877
1.8292600992543617	-7.372205841713499	0.6649998723582302
1.9777258204158383	-7.322177184500003	0.08911708406496588
1.9655655044053195	-6.056698031030043	-0.33051051971565937
2.741497784814172	-6.147654008524593	-0.8259680967420583
2.237917281389432	-4.353513981691732	-1.404544061934159
2.70296450814668	-5.037549058611328	-0.061404111360988
2.5122195580597126	-3.7718688890744954	-0.8619295434633775
2.5723134178293185	-3.695814758145861	-0.3607596432273819
2.534615803080162	-2.2793413169176455	0.6755918961417008
1.9645958179751646	-2.640702183328489	0.7533357049600322
0.22461829734501793	-2.2992362338759564	1.0169159596027892
0.3270875498352434	-2.058558827471534	0.7692290796595629
1.1784484872265961	-0.41931452117900925	1.306980266586936
0.34951735998593	-0.29172251435951946	-0.00894641393818349
1.4249183626863668	-0.3296510882287045	-0.5889888077175907
0.8366742643093128	0.06117281032934051	-0.4860959223607747
0.6906347756385806	1.274763554660318	-1.5122358575692394
0.1370169875980792	2.159801124734007	-1.0776043314090566
0.45261105181163536	1.8867934603573102	-1.6292792036770036
0.22095781230085526	2.9438431814339627	-0.5533843977847983
-0.10069284094407377	4.065457627286976	-0.8979325615658839
-0.031390613592499284	3.8026501936246953	-0.5406214179025612
-0.05873649609768272	4.83940457117153	0.30278789260173766
0.6287542726195137	4.927071910439777	0.02807222614431698
0.11640294179869654	6.098660599229194	0.270448438103428
1.2478602451644227	5.996926755748142	0.790773344356313
1.9815783274374668	5.827723353666997	1.1700175528876522
1.7247030583496956	5.6204759838337495	1.044287407090138
2.555450935552416	6.557930743746306	1.39306022806197
3.406646390334053	6.348172556346965	2.0869206390459913
3.7505600873745606	6.050877693623658	1.874441534040057
3.6384779276414143	5.119170853975849	2.3667779964340285
4.655605528109556	4.920909074297523	2.420209992173525
3.947963232848589	4.349172336846101	1.8876392665081803
4.452480498359578	4.031555340699302	1.7535680536824603
5.060693057648864	3.30458881085818	2.289264032112528
4.3212650462434565	3.6657503279133716	1.9790177122330936
4.0892667491140156	2.566917131797851	1.4241204072715585
4.074173561819814	2.9514155966681446	0.4437504146190872
3.681258924224004	2.168352655625789	0.10134999538932357
3.38172741309096	1.3114846630731858	0.2186081087459366
4.0291056537694345	0.9573401962791082	-0.29188256699461324
4.137123178785558	0.31148296756279586	-1.5622803275336747
2.962795123372186	0.214561773044325	-1.2542847011764675
3.163787907788892	-0.7865654995295308	-2.3412775210054675
2.382549516015488	-0.9582684805034782	-2.1124120644631157
1.2202160504061392	-1.9362599062602794	-2.086634014637179
1.185969008898446	-2.563032753601763	-1.721775347083061
0.6782253938932026	-3.0479518689250185	-1.2623802721190496
-0.4236986671170568	-3.2680679149449734	-0.3055310980012266
-0.33025026994867146	-4.688391999381679	-0.26034373268596633
-0.5333647303115044	-5.370574096722443	1.1591633850681706
-0.26347876303035	-5.7651920467139455	2.0025774984314806
0.3957678334420244	-5.549387050071745	2.452228116327518
1.5255200143172776	-5.932182895865741	2.234539582557498
3.0153750975825147	-6.065631011172984	2.5113096160225137
3.1638207572793045	-5.6636201619091855	1.6778032643689316
4.9390370875857705	-5.825038748494322	1.732195441927158
5.009722963614846	-6.023802386057565	1.8644638240820366
6.767895419055747	-5.44512796372705	0.6414506488734568
6.991375951972299	-4.983530407413369	0.8617455987672538
7.046859368477878	-3.784284815346352	1.255581566576236
7.745654997205925	-2.5675876509196764	0.989260188265088
5.6708429694251095	-1.4941386313818477	1.5397842456351547
4.8353214304150836	-1.7034744253551295	1.5194842451563435
3.952802271398205	-0.7836177986464837	2.8834878151129884
3.644990993737078	-1.1860124441786046	3.004217711431102
3.5840716588689605	-1.266059781036126	2.6045132949898018
2.973174417513171	-1.2775984217479364	3.217065938327315
1.4726359271238627	-1.3563444375366682	3.727585056699003
0.7845250783536992	-0.15407038363409375	3.17387740949461
0.30181876801762947	-0.33824310778534117	3.0700544625590505
-0.6740024824371487	-0.26815949743484846	3.89552217562177
-1.8892845722199276	-0.21426244404098127	2.9180804283541004
-3.019739743854651	-1.0889916503616721	3.525932270965421
-4.000813749747643	-0.6523744006305994	3.498392209449979
-4.629236992890061	-0.33974077244294676	2.875914173431697
-5.379259761722461	0.49451919879126854	2.7849829680375002
-6.224035620306409	1.029805376901713	2.062102881529312
-6.485796417733046	2.28751927095915	1.3412533809041354
-5.897812907630511	3.125173691773796	1.556275595200408
-5.512035800158639	3.973938088220024	1.3934294981974396
-4.879806038393621	4.958125777030882	0.4095070381653651
-4.777416946175894	6.158804838989537	0.3466244214112816
-4.4240440610945075	8.073779453130705	-0.1463568129762185
-3.986149798046394	7.004221854726355	0.14982073744304625
-3.063162106294035	6.5958156530193115	-0.7092980058249725
-2.539041249896261	7.658911086004106	-1.476958763929941
-1.1883627090706823	7.230351173138171	-1.6224521251634338
-0.014296084367052764	6.723480152462981	-2.484632325452902
0.47495659690362924	6.377838850668679	-2.6945164264946633
0.2190279713687222	5.713849098880814	-1.6662437116476825
0.6553124420982458	5.103398550350276	-2.5728614491090562
0.8177341211893976	5.1587937475721795	-2.9759384566458147
2.484551232688416	3.834542764699031	-2.4367077112893925
3.1704460924782767	4.635262720615714	-3.0041453010870653
4.017838569541548	4.182629144338052	-2.8902896738048365
3.8712696148469044	4.410273842944024	-2.570473890095675
4.7289217082239805	4.142514340166446	-2.397312176348561
5.438114653158198	2.9582973568342794	-2.081812369788217
7.095094978553794	3.3759159102151495	-1.9577390670448154
7.628528439870255	2.5671895095318518	-1.4948185497264768
8.277595934856588	2.5577741507761225	-1.0287205107450488
8.46954366802707	1.7058959129853273	-0.9021085896705754
8.218694860885076	2.2878133211662117	-1.0730948001160576
8.185550102526628	0.8161445385241086	0.4264829006817251
8.660068653869066	0.34450611162998646	-0.13652761707965777
9.303690594194679	-0.4003043942247766	-0.5184159813854899
8.424546626755232	-0.659472128339565	-0.17963613047947047
9.64856078420131	-2.142957952580562	-0.5802066602366615
8.32532123999316	-3.181999663601914	0.5624548467039763
8.422729905902054	-3.3072876300832603	0.5228055391537543
8.03473557044029	-3.675388485409697	0.18012483400762658
7.999813547730139	-4.706327671454668	-0.28870054395854716
8.03849316787713	-6.072698184506157	-0.34865593671927675
7.1784200040514845	-6.6409188227762845	-0.3690007012423625
7.293742551122486	-7.1675734495888666	-0.6783714791201896
5.852436101196825	-6.827340134639789	-1.0682432458842122
5.776005548819057	-8.064224706953587	-1.1116276142388273
4.0778755592297085	-8.084908950565046	-1.730335674926755
4.375577501928762	-8.594796202115152	-1.330095304161908
3.015091695290087	-8.307552329220798	-1.1078971419509516
1.7702622756304096	-9.033543053424381	-1.3769343617132708
1.0884382102139356	-8.45580613641717	-1.3372304093928458
1.259711882912272	-8.831920315085112	-1.5339141667589937
-0.6509243335856569	-7.519576442555283	-1.027958780026309
-1.1661475050142434	-7.3087320367350905	-1.0829101588370413
-1.7385303103216523	-7.077209990532882	-0.19068811785242468
-2.5405664230254317	-6.9393987792088065	-0.21660141938903865
-2.720096752182369	-5.895685404401163	-0.7943074684443181
-3.032797392053182	-5.865150386293135	0.41733343926943156
-3.4701930203408344	-4.996118868530582	0.41805081028865043
-3.101109455432402	-4.568189282338443	0.19458592710408618
-3.4509684806944816	-3.3271005019434234	0.0589624151134166
-3.5266057666269486	-1.8117451565591471	-0.4142040971664966
-3.5053133312652145	-1.558462121886081	0.08137649555908977
-2.913680658311556	-1.0098547732561667	-0.16150205400934187
-2.7262423951359454	-0.44898186837429754	0.8473654442331632
-1.8173016467713992	-0.01290891554983703	0.7512806200929398
-1.5957452224855233	0.7606125526522964	0.5268778793357765
-0.9575150403408044	2.0346802516046227	0.6422107761968348
-0.5078924324331333	1.641092408355615	1.9074674128480438
0.6474857200424919	2.1752904066735432	0.9215033888053327
0.6603718336197534	2.4022566777570367	1.6078974554499315
1.0748159293317159	3.815266373819231	1.7909104932408617
2.297623719120166	4.280896686076931	0.46304299584511915
2.0768151187548645	4.422829596781377	0.1147362635712589
3.7127845588290125	4.592115763434294	0.21636517389104545
4.257975673411837	5.2405994289071725	-0.3182948502578741
3.6443605582399483	5.865558054920996	-0.007524442085089289
5.093736463442024	6.277494228977704	-0.05310099469533813
4.687657338983996	7.452493708704729	-0.43688151796428376
6.384788207653742	7.120192236295147	-0.8546114394026165
