4.496483706916665	-9.911093065214056	1.4622375488596107
3.7049656733965914	-9.450150092944162	1.3725075539937652
2.96447758934909	-9.37876969346575	2.0805615687652503
2.6519250941934596	-9.283532525975696	1.4627473262695188
2.7999382987737764	-8.96872488696664	1.5553353742733633
3.0180101079490913	-8.966534835202928	1.9447489950857682
2.0652344690031166	-8.186287492534671	1.767697109739805
2.140858779902884	-8.12377243140462	1.1053243724379098
1.8361123789584088	-8.178741827431155	0.9511767736547001
2.5028998261768196	-7.819715255192101	0.5505647064810255
2.4924948531303697	-6.8936128597628485	-0.383654321490194
1.481291327216344	-5.899453212337178	-0.48973523129057583
2.177708459600651	-6.544816825965327	-0.1983895204039583
1.7486568584702922	-5.669765052442614	-0.3935092189504932
3.2662620695608586	-5.760309303350521	-1.0112111975552545
3.1012087055538586	-5.730815258270779	-0.7096039766295696
2.2816423211641723	-4.675487676580827	-0.731630562650702
3.1791357741469795	-4.930748478539616	-0.95913412244174
2.663343191416152	-3.8853716732147348	0.05660379686637329
2.4734130992133463	-2.8433471630218925	-0.08969331941959374
2.3542569159176496	-3.3026140748996244	0.3323900341210399
2.551017653102722	-2.9082678346524427	0.7222963862198303
1.7884658987987174	-3.067811296357716	1.5783186847431212
1.4498437914938447	-2.069741829911071	1.1003027569401902
1.8706253847703387	-2.6605670162548734	1.3899975143463825
1.2248508242451015	-1.495584681988571	1.2077488100291367
1.525879526089001	-1.8972786717832761	0.8298280989798581
0.5422443289068013	-1.4578679539143504	0.5362736396428042
0.7011824097439052	-1.4449974754090986	0.6254450311256244
-0.24021670468807543	-0.3368323882755315	-0.1621363647337935
-0.1964639442636198	-0.6697566857733437	-0.39608256215209486
-0.05433823162643503	-0.45851133122885324	-0.5484405657036513
-0.07255089264794146	-0.24309086218964482	-0.8264528910418387
0.019090674543807862	0.2190598067605319	-1.5472605567684519
-0.28803801747515634	0.40095667854362577	-1.0416628566877728
-0.2653623617434385	1.0730396466564167	-1.6384946712379023
-1.0274755881063518	2.064309236712088	-1.666398611262022
-1.1276848119525615	2.568305159814759	-1.1370689934405043
-1.271826358630163	3.087849236835781	-1.624198104861934
-1.316650644101482	2.7810920424677805	-0.8805500967774812
-1.4782022027938273	3.0914828822460114	-0.16950856730671582
-0.99084149976245	4.028687006247218	-0.22381378400903806
-0.4610792823391481	3.770226659924561	0.28447883195334234
-0.17075196724901254	4.386366497770051	0.2427764715025481
-0.6942625303442416	5.4259336572974535	0.7767881778317893
-0.03767018705680836	5.3396995571804755	0.6811789152942682
0.22812758393321086	5.2826632709246395	0.8209385100949069
-0.5938830985097423	6.372052176899948	1.388641803488702
0.5871478563079529	6.273355302779761	1.9648881445745832
0.6166939476844148	7.118712849829237	1.2633788653020188
0.6703952395421966	7.466696692158096	1.3051278830436555
1.9178207280825674	7.042283174220525	1.9467993030030128
1.681991702144204	6.9382135854494065	2.169782479016735
2.740860908019771	7.2993305515613836	1.966478904290811
2.4786141563124278	7.460756121146157	2.7925120935231993
3.4216810315916275	6.305998097449932	2.8656255242906465
4.3309886043506545	6.279358034078665	2.049578164683226
3.632783072023898	5.698479331575766	3.567233585139858
4.793071509281992	5.269176040128857	2.304946310323067
4.551993024269026	4.987056995676691	3.179596497048471
5.278983457778774	4.618227340419778	2.8872024623832617
4.725314436357532	4.081575407563916	2.776932944499597
4.747966073356442	3.4575215968721085	2.6225704003527275
5.42427975659452	3.6434291402542933	1.3024456625744902
5.240471996374778	3.1037502903717633	1.2501961651981024
5.146020918996625	2.802797086329339	1.5141561558410053
5.301432910577588	1.666482291137159	1.1755038237716624
4.482751099836898	1.9733241134799744	1.272600018545068
4.1160906394648435	0.994930712623966	0.03440936875842998
4.138417892536278	1.6852777971678354	-0.5639728637256725
3.880494311409249	1.1112857884160372	-0.931829270679839
3.5809480433591068	0.6257838856638638	-0.4742541171013779
3.7228523150773807	0.6539836623965283	-0.90306857830565
3.258346617009734	0.30816047280677483	-1.484613056263021
3.027559965575449	-0.35394459101729714	-2.026280858617733
2.900323599276883	-0.8656485036337671	-2.3423926692659776
2.40542256037647	-1.0835051301896155	-1.480979774985624
1.5855737801586824	-2.080352686329439	-2.2647825522649208
1.4445569076468312	-2.3933653687713154	-1.1151142978754705
0.9673924770895206	-2.403090146004592	-0.8916605576355106
0.6025772082367742	-2.501285530638235	-1.2927375015008218
0.6238411832887851	-3.523958694013684	-0.5597018228526371
0.698741845231645	-4.075221740628363	-0.3572084808568865
0.5091803202179253	-3.1990754000453827	-0.43142845808753655
0.11902681441531773	-3.9932609786413993	0.1470395138204092
0.16801037870194924	-4.629796941640005	1.4179671525950253
1.4563694668788294	-4.9475102361688945	1.19425210486436
0.39913171833927164	-4.971419411283301	2.1535933943741616
1.0306943986352388	-4.867291657920786	1.678149202093065
1.3914834337216706	-4.273209365350611	2.0366387626747295
2.592639747909872	-5.6782610859484794	2.72358625087881
2.584963080748326	-5.6549585161936	3.1244966697204357
3.659023969922869	-5.057837038920869	1.9264297785083184
3.191225973673694	-4.826215731972709	2.743073525083761
3.51530216377407	-5.608214578396652	1.6286316426420946
4.826634164568843	-4.567745598634186	1.8912262249065472
5.005444449604811	-5.442187914220109	2.034297621299806
5.136673040675648	-4.968408589219808	1.3651550738968996
5.366262564879479	-3.898332696179698	1.2746920233871977
5.22240002434871	-3.7694016081601562	1.5500260109242752
5.4058827997559264	-3.6364896601339556	2.0247941034835013
5.244598024985392	-2.7142599046835665	1.0111486673998424
5.167396335474143	-2.129932018496649	1.3642983839455973
5.898340995285414	-2.5662243105736238	1.8491463795673337
5.028467784135809	-1.578690446833979	2.413748797535102
4.904120054699032	-1.646413760943132	2.3323730143069143
5.0620527955456485	-1.5843340481819415	2.4426833020123757
4.554886931090498	-1.1846046681410443	2.985663553076469
3.3814068420232273	0.0035956204902050093	2.460125879033128
3.493652035249178	-0.22436517826644375	2.664862621936429
3.3539667010643828	-0.42224182686651496	3.2993867803639736
2.3455432052814005	-0.6526817234762554	3.9739740896862212
2.389949075051714	0.01838693721368201	3.5927993540447414
0.9977015558662187	-0.5829814809202764	3.590108766801538
1.1675774209316436	0.5676414850701508	3.5781258360186468
0.33309557426309655	0.6507647309218032	3.572126890765999
-0.6638391991219929	0.32913931610687275	4.058983300671086
-1.1773872923784727	0.5668431154533287	3.0857389660786483
-0.647371714097176	0.4336975416809474	3.3979756662958622
-2.2592367307579533	1.023870332362026	3.1054801445379865
-2.0913201442289946	0.2396068750686714	3.136154847179254
-3.1717746126367645	1.3909212639424242	2.791420619765719
-3.7243157128190107	1.1816564170351378	3.244037797003597
-3.728521936102813	1.479051188789117	2.505121057669621
-3.854043793927034	0.8889665099729656	2.1703241162865115
-4.472834336109858	1.3468860788357955	1.9735340885405601
-3.9835869718055967	1.4009834719208887	1.9378613535973623
-4.691589774588555	2.3580021421824626	1.4849221844133476
-5.213483204670914	2.0449726301841236	1.7285621584014033
-5.235715388191677	2.4260190847340763	0.872775208436732
-5.297942712123242	2.81691875610987	0.51336805989569
-5.08862243451645	3.7444720265054414	0.46055259558450024
-4.788508337755966	3.7460589732872767	-0.07880553664041196
-4.913430263245934	4.126359645320356	0.21921479057695348
-5.195608690365518	4.86209063474749	-0.6087006922815812
-4.901311038641719	5.4364969879588685	-0.31213463878884085
-3.8547209323693963	5.223668088082748	-1.1437529631011192
-3.93979057090561	5.797027680610872	-0.9464690148521606
-3.8497813887875507	5.561801315042378	-1.6572121914839475
-3.466594823444415	6.142531600543766	-1.2655788028769754
-2.3083731571696524	5.388996619848809	-1.537016026889427
-1.7764217460319918	5.59972018544999	-1.486674333901281
-1.7954078745498847	5.606643813390061	-1.9501108440837187
-0.9663479418555937	5.369665826391711	-1.5344027962440507
-1.162799123917537	6.106085924567637	-2.5439465989048133
0.04813113032342986	5.215830575789616	-2.338136238519989
0.5823756580834143	4.917566626302032	-2.7954051867088463
1.5272430292978116	4.645378648019895	-2.779604529015602
0.8758911633167314	4.62856732294009	-1.9857340302149475
1.2304625425599842	4.016210621903727	-2.571324768604029
1.4996915366322907	4.062039953368193	-2.045242067197721
3.0702362015965194	3.6095918576461092	-3.056574726433763
2.9350987463995195	3.7026191641236403	-2.5306200008560444
3.0492832566366777	3.6863326063949096	-1.9250781324157558
4.144050906429825	3.833407784875728	-1.9844599223160564
4.861183167773833	3.376664325528952	-1.7775982142323004
4.485123078762568	3.8622309099374417	-2.511404653246221
5.855564232407876	3.825858634832458	-2.130726744177639
5.59852881049863	3.904381005199706	-2.493775584669252
5.950094019402529	2.8602464351110233	-1.821613457953965
7.116519085545855	3.601442659782891	-2.0220165847383287
7.517144311154837	2.78171494411919	-1.4272915399119328
7.639780837647916	2.508979652187306	-0.9568325656268643
7.814275193306912	2.380755997523317	-0.543939602072518
8.238592066506527	1.8797794317765266	-0.6224129864055186
8.377233075845892	1.5263544142845429	-0.48012858102999767
8.589024633113414	1.3479454922447767	0.19588064256555027
8.791140382403443	1.1078324937457609	-0.04840846690767664
8.323054874060459	0.29894820647208586	-0.46237595156885114
8.466941130658652	-0.5920413291017983	0.6254973437838368
8.794994681507218	-0.9451263966524751	0.2918866832035687
9.593323213344382	-1.2351127661191237	-0.18567884424394404
9.182008597675036	-2.0848659018339837	0.5779194757060827
8.296597694504019	-1.9184359665441029	0.28580614855828135
9.61649582845244	-3.1581387410785524	-0.17236125932048008
9.42272734402114	-3.56396323595884	-0.03356034097824534
9.0713257261092	-3.4736834875477696	-0.07338198636047788
7.950277182251198	-4.669139844419951	-0.18556175446255174
8.35097045099503	-3.980435563398316	-0.6752368124897232
7.540351425169134	-4.649074217764223	-0.6696926592569075
8.0581151140671	-5.694742878050692	-0.8309780679070898
7.407331000748418	-5.268725513948551	-1.0409436461855957
7.612744702636764	-6.34998642239327	-0.6227373420633138
7.067879902217695	-6.922163083399729	-0.5681182178428545
6.391160388733146	-7.355072951812972	-0.30738103974492725
5.4339737339148515	-6.546271615011608	-1.331967181073034
5.173005588790625	-7.962168380621585	-0.69802418863388
4.715618424404408	-7.370564027314438	-1.4157681409593703
4.337653430945901	-8.077708131244307	-1.2865192456809607
4.225636421804602	-8.402537973692711	-1.347692844000581
3.3790204816906946	-9.086596579142764	-1.6188880042894032
3.2796369747270555	-9.080564632186679	-1.828492728885024
2.7905129521208973	-8.909670642969825	-1.9717059074801293
1.539633327475976	-8.940669828625461	-0.8304226151445486
1.2359245120080016	-8.836740787724324	-1.6863148297129058
0.8148289240176261	-8.983774404725029	-0.8225618925003251
0.39235541522599016	-8.952996452532908	-1.4257749090505076
-0.3388935923000065	-8.40241624348706	-0.5477976454925886
-0.2031565649763929	-8.139879691944087	-0.926361389741365
-1.3487519100089067	-7.867998698868127	-0.9398785873057798
-2.0386764889957805	-7.39732417476961	-0.980523410988412
-2.4194656595087984	-6.874884303105961	0.06904678530887398
-2.9766125460389588	-6.183398984293616	-0.4357329213924747
-2.7848672944370128	-6.093930702683337	-0.6107175389955719
-2.727704006327826	-6.119878752505734	-0.24867999505549332
-3.6411000063562073	-4.910265638902168	0.0004285115251869698
-3.286059209859644	-4.683584172236551	0.19996581851198003
-2.9065499922583418	-4.621109626106236	-0.24440945983034473
-3.9530388458252346	-2.8035514836238855	-0.42199107960885696
-3.8446821519899244	-3.342245903424461	0.37742741704607297
-3.295333919767605	-2.359951479181637	0.43250189058174215
-3.215095496139008	-1.9475192559523946	0.4999843156732725
-2.3012698572470405	-2.100501188428696	-0.42526376619316825
-2.645454988436582	-1.477385498049183	0.3399360597358153
-2.570835326200902	-0.8594851553676881	-0.21794677006905816
-2.105070012577484	0.004197872621678922	0.4949264356122465
-2.708322031741579	0.4610666827242338	1.1426569894597272
-1.1711795913673468	0.7685980247663934	0.22680686990656077
-1.8848511261782004	0.5864034622701919	1.7523235412718756
-1.584399509229353	1.0963356260508972	0.695356030484173
-0.10180553986318985	2.0347326592164383	0.6846003534071743
-0.7485525468306758	1.9255123955348847	1.0679762952003573
-0.03831846911192732	2.3415620082221453	2.0976604709436844
1.0617448834486762	2.804094683200059	0.9388028837236333
0.5920642357948451	3.793729355251995	1.4139943318120634
1.876496748016733	3.6042573429280056	1.3666917125068867
2.1834145532191696	3.29514277276164	0.7869718479772183
1.8596083360887143	3.810791756527421	0.7538649217685702
2.3170933476223476	4.101742680980774	1.0727951431257312
2.4974999900307475	4.3604137952425175	0.8557024081281982
3.036906774470488	4.758994494567147	0.1395114384787734
3.9485298884122577	5.411761984743033	-0.2600817756583095
4.174153823032108	5.291757130471475	-0.5297391119372779
3.6993232549538706	6.425457016208479	0.1943935996205678
4.627334321904152	6.625270155696276	-0.2189737544685323
5.059646702020264	6.888406108518779	-0.10484668378405826
4.769821171837157	6.815114666853755	0.03796898148681782
6.127767723452152	7.4338287799792315	-0.8428326665668634
