4.395596557806432	-10.472695890620043	2.088900331246972
3.17068621738487	-9.212077806894385	1.674354801023184
2.2156396925941895	-8.430595283029696	1.4861689640160936
1.5177347737297269	-6.720568667755531	0.7906800190753802
1.680574038852172	-6.508067738740763	0.02431076063099047
2.305763769266889	-4.763416694494206	-1.209233579137578
3.0849296347615	-3.9608462117696717	0.050746979090952826
2.9615376203244743	-2.8586376744723117	1.0893616310880159
1.9556216192712892	-1.9401374704389578	0.7328839673753438
0.7094642664048306	-0.7953370278485337	0.938008390173908
0.2343241005486541	-0.5646384620705047	-0.7474874545029667
-0.7712594121752248	1.3116232754855186	-1.6827875833329893
-0.8976117971692923	1.3408442429843377	-1.481856752657357
-1.1267380089138457	2.806916497292086	-0.6749185916902058
-0.839454831070511	3.765279239561879	0.08091896993880743
-0.738349036224951	5.934035289455323	0.37244745687476133
0.32885393173857586	6.711282317621402	1.1604881555289328
1.90585859533753	6.581326515148906	2.1762517113110382
2.658792727708359	6.613890481139055	2.5719347765022866
3.7574177313452966	5.555284306761489	2.83924229754228
4.839045716066008	4.211638670044909	2.9724993096216363
4.7338247591577565	3.594568501268455	2.1523898590485806
5.135560376327468	1.7999280882527142	1.2471743971266291
4.688594391254716	1.6474639525133865	-0.38409859950900993
4.166813479799329	0.18948510387175238	-1.557931526648889
2.6244934776111304	-0.5700755580692318	-2.0447142796144653
1.519113906132553	-1.6024067471977725	-2.2866883747056788
0.6366776921464248	-3.518913844883927	-0.7501600080607852
0.4139452353242571	-4.6514439677898975	0.3424690039298947
1.1435835534737617	-4.8483329676625475	1.0710221592403446
2.5809655318747895	-4.771336450350874	1.9890290843822689
4.131617903452064	-5.297047718167744	1.8094113981724012
5.464709132425243	-5.21524923122495	1.6522387924833764
5.24506185727869	-3.252013960133133	1.4488420629250447
5.460719688688169	-2.3075641951187436	1.1433148118602976
5.193527809566194	-1.6720687720816243	2.013837100104365
3.6285682162280435	-0.8698371099742812	2.848226768766047
2.4625306290468796	-0.4363171801404585	3.3841930220271257
1.4860098521578076	-0.0893388796183806	3.7349782276121726
-0.10496998393817569	0.010878053216473116	3.5755718465480446
-1.7440651171654025	0.3894449931213013	3.6409630443817003
-4.0979947899014615	1.2201737278549338	2.3318044684025736
-4.923190238942648	1.2489679472063335	1.5783380839626073
-4.7189949776837095	2.3679439984703192	0.9563465173010911
-4.969072412700557	3.971683073177527	0.09969019146163649
-4.865824436883596	5.166914165738998	-0.5113930511565554
-2.8700061521567686	5.788031379519323	-1.416595654390431
-2.464569930206081	5.479008716035013	-1.8853979827166505
-0.34868359850036945	5.292731595155262	-2.3183584219803834
1.2300163125635923	4.8711369781998375	-2.4564695913543573
1.965622377764022	4.469222775444189	-2.0350041964899006
3.2589260015283887	3.847723461837293	-1.90569059112284
4.9877513480491835	4.104726815034101	-2.1554907607548484
6.400837194304451	3.8540572916438016	-2.19715633944221
7.883788750272462	2.717918112356562	-1.6393668337950014
7.9087434855574985	1.7448696880746262	-0.681041541877228
9.206730209324771	0.10387412790874617	-0.3539462241486976
8.921263370951214	-0.4627656463012939	-0.4012267318609789
8.812177930705538	-2.7352056976550934	0.34498344713221507
8.771394198192628	-3.9365978343941204	-0.4843919008813829
7.693072798751439	-5.506947108439354	-1.009428849875083
6.1217175414569	-6.6395948207503475	-1.254415572488174
5.107154870586363	-7.169098628564454	-0.8821468162245903
3.5922414289973927	-8.556206420412982	-1.1605459892526633
2.5173380772762854	-8.933613970845824	-1.987640191022715
0.2044162346371921	-7.8490310053434555	-1.5195330946292251
-0.9227770862971126	-8.275075979948731	-1.1717451570549982
-2.575247039041804	-6.966810413120504	0.21318364031055703
-2.6891525847440905	-5.980349278393877	-0.08043377332399027
-3.225774396651792	-3.596980752481211	0.002800447923135607
-2.795728754056623	-2.8715513751367134	0.07931138170614682
-3.4248195861108903	-0.5174900331884587	0.5016288819952927
-2.459598896456074	0.6669819138191084	0.5913883067710987
-0.5762831475039709	1.4814779458080412	0.9068354651517554
-0.06705662818998204	2.0754319085584965	2.187701726534482
1.4043698361815968	2.8508710801938713	1.0760892931425494
2.5824839748074204	4.541968824431696	1.2522184965996686
4.210777450027284	5.2395895815912885	-0.5477379678011975
4.007255636301141	6.551559595783611	-0.2177684163213396
5.432612828822725	6.852648405643072	0.2901656805082793
