6.0016266456126495	-8.932343039644623	-0.1590799640519731
4.9119916151535685	-8.804869125361456	0.8452844850318636
4.8896491692103545	-8.96702990242114	0.45648626206201937
4.8148528768830765	-8.513520604243611	0.42683849948974495
3.9054207322624004	-8.515866256704786	1.7057164268214238
2.696642376652527	-8.376137437398917	1.1614416715001725
3.0001994793274926	-6.9626383110417	1.202323487625725
2.3638111425417785	-7.319371227402982	1.6283476586239232
1.438686749554832	-6.633593676035396	1.417501622621593
1.6811072066323238	-5.710523153507566	1.2907493835028305
1.2149446270637725	-5.6128961126346155	1.3287617103215696
1.6654656132042662	-5.225748557201331	1.9921865675036454
2.039293718820357	-4.508586611665782	2.4597350762629233
2.0277925124664895	-4.2525532182726655	1.5039097620696693
2.473680285331446	-3.7936404056629534	1.3846595964509651
3.125305180666028	-2.9934245470742336	0.520052591865612
3.119613592525288	-2.868769658049769	0.2659810577438991
3.6324251488069734	-2.2819272083148197	-0.43088052957783674
3.2635664012646197	-2.2509799375652833	-0.6462048224599323
3.2848750399455287	-1.8384992994378064	-1.4982403358533265
2.613592144127649	-0.45499620179111844	-1.208721411721397
2.6341223869104766	-0.8765420627131493	-1.3558641751541998
1.6050954582258108	0.5610126059783814	-1.734557964482495
0.9020326156570351	-0.08624858099093502	-1.5483036867253055
0.9585891745767907	0.9932236386174577	-1.8176007443560613
-0.3237342371086633	0.46246962873929676	-1.087158480007763
-0.5053878535146838	1.6329109445160577	-1.350752705781764
-0.66751359789626	2.3242697269715364	-1.8762863463001405
-0.3069498079573152	3.3188445262507007	-1.662514426646987
-0.6381927711752947	3.309760140599967	-0.2799732519108138
-0.16201269572908994	3.525709286384166	-0.18816160358949152
0.7104584884191926	4.247058500583473	-0.6154130761438599
-0.07988275361623792	5.237166414066396	0.4320846800035552
0.18403003592359746	5.949121276362023	0.9282748547960438
0.7063024926204642	6.585615501763695	1.0447358836994938
1.45897816710838	6.831228623760574	1.0824582744089162
1.7220218460785288	7.8302734172585415	1.069799652591726
2.555781422858588	8.183920364319217	1.2411522571236464
2.723715321875793	8.393822187698813	1.2731218904642498
3.069316924848494	7.253140073330467	2.4081662750700144
3.8449908208015926	7.291941019648024	2.5421360865882576
5.30770281737459	6.129731222970944	1.9775839915931346
5.1312211590012975	6.300214335512695	1.9254393937397984
5.62352854504535	5.3608774607663054	1.1515529461480636
6.055917119045668	4.7182531196503295	1.25667301146196
6.227904499636255	4.095313986047675	0.7815119496809543
5.695871812089268	3.007867852140335	1.2117200081783215
5.175621980645452	2.2902840877797503	0.829862415926567
5.027564365300526	1.6282634541378231	0.7736763813556501
4.358958514908614	1.3922842962935005	0.4630282975275641
4.195492959920901	0.6388680215567242	-0.04148186964871786
4.312133258109737	0.2602287126986792	0.5503595758618337
2.744262402171877	0.6067208015695998	0.4277952005337754
2.6087407445403294	0.01807342808811996	1.1850342131361917
2.302057895928255	-0.8710691098669365	0.6680416924382362
1.4195854325291428	-0.4945949242408696	1.0243983201394746
1.070818741871404	-1.8324359517768012	1.1218811318734632
1.3080055393534713	-2.3021218984800034	0.30732274716577035
0.16862442499959943	-2.245335525913898	-0.26215247979129597
1.377842327749509	-3.256502854224624	-0.6841185749723679
0.8514457792260349	-3.9354401123651734	-1.409428717772637
1.5970840715823234	-4.274203539533258	-1.263283405238464
2.222194178241513	-4.593087376563769	-1.4056280000245407
2.788229198250318	-4.3982777163579145	0.08335772913678463
3.992477662410433	-4.283267700647945	0.15389707502626404
4.328992260470772	-3.8191376051331654	0.0663321885928041
4.711294391897679	-4.4829618873672	1.0098456606358095
5.9831551619004255	-4.195597468937419	1.277227492420223
6.819671725735606	-3.0277239619215397	0.615151327277169
6.988604422974408	-2.9520627465016274	0.8691937772977341
7.475054745561446	-2.479590688046467	0.9574297654647259
7.945215675075085	-1.526900057119763	1.9133343783771313
8.350440285316788	-1.2250422493794426	2.1336605993810505
8.891730532701965	-0.3219564005204001	0.6906749073665795
8.586875160013596	0.5833978371076292	1.242105850961378
8.966269623285957	0.38099178675778156	1.2274324194915098
8.9570088000953	1.2344522385796997	0.747180904895277
8.42515581770055	2.4156832491771434	-0.21994599817798394
7.807042882857388	3.424993667035497	-0.1297647522130353
7.61062468713767	3.041727199926953	-0.6996026085681084
7.602178438167016	4.032774029496772	-0.952645320154645
6.449984363796037	4.713988379060749	-0.8925556776066539
5.9444388704375335	5.238633793275094	-1.4239510939695128
4.919266035068059	5.192634974937612	-1.5104543804481037
4.1021351895918885	5.599002610744325	-1.8182881828195887
2.7247499779472686	5.701528082452734	-2.113964579725323
2.5434871258191625	5.765008268946668	-1.9201379878050409
1.7750107408528342	5.778350055790274	-1.6371022768302539
0.011548554209219464	6.318178972779207	-1.1742020321677393
-0.1163633083354021	6.3547972051567925	-1.6351881014824143
-1.9084817682193096	5.871550940311599	-1.00153465957074
-1.9494182006705865	5.639888853097336	-0.36926104947638705
-2.155896458295249	4.61459797730339	0.4821472179995317
-3.0910147416234452	4.738278676936972	0.631173749309867
-3.626093271097186	3.7373123340476937	1.6918194579130714
-3.905747594536593	3.0497181948338694	2.007749969068126
-3.1974701271582573	2.8696479535778523	1.8781640214415318
-2.759817773968723	2.1741817007169093	1.8218507721988042
-2.5385496244016807	1.0429705333461399	2.990545597870806
-1.506128400212954	1.6125898828786058	2.049648281271415
-0.3816174659437963	0.7116542421735796	2.519456846983415
-0.4885907504137317	1.0008434869321785	3.2452612744570475
0.2501536068678124	0.6521563741928341	2.566263022818413
0.5637486364679116	1.681094171253004	2.426484718450337
2.6568790383030305	1.0300118081894203	1.9704155040539992
2.082802836777128	1.0274211733794565	2.058622181963815
2.8993068097184427	1.9856903866705689	2.3151787142378666
3.7204820521702144	1.7464374610052076	1.9597239636941994
4.448887579157114	0.9873334068251003	3.1413206456294276
5.477310716431602	0.562152389981437	2.1284474023326347
5.897031954579982	-0.010870070292702181	1.3356071159333527
5.815231218180358	-0.11448684557513916	1.599491114758278
6.018559896801699	0.15938644804547308	1.0080983443701863
7.27280705695146	-0.774728441792725	-0.4812848692154653
6.677874850679058	-0.4986890027296398	-0.24841509068167067
7.3291252689657105	-2.02259112975088	-1.0567177211971845
8.018586107925675	-3.01851104077987	-1.4257676825900258
8.087004911231807	-2.822080546661792	-1.2513631286711147
7.754383867632528	-4.124757998894562	-0.7125813901502608
7.603381549745762	-4.606121168310716	-0.6096165832883255
6.70683124479445	-4.946663781931558	-0.48148729328092355
5.795955160281199	-5.024258024044519	-1.4514039936303453
5.331180553081542	-6.117029304572067	-1.3909427221074184
5.0669134523320025	-6.682286530062987	-0.6310775908091879
3.6228898155310336	-6.768613013751312	-1.5046306220609524
3.6359862227383157	-6.5178902318416725	-1.5365544220824183
2.01133232985381	-6.833327718367407	-1.0024249389023865
1.2977245547253995	-6.3220989371997325	-0.8717411067461427
0.5907410268652695	-7.346407667480343	-1.1496474108340533
-0.2963984546432021	-7.032257745025631	-0.10199828431348712
-0.5760165486368394	-6.603343600531189	0.4613390762837192
-1.3980824989599672	-6.782350476622662	0.22819427370933076
-2.6480156225027485	-6.097475471270368	0.3257894385138085
-2.302462215935222	-5.3762109016252495	0.695925582767385
-3.0202711486930918	-4.745112421780238	1.300579128602825
-3.3828590596436086	-4.3161177151529575	0.8202187188433484
-2.8700953909315277	-3.1463884350521503	0.11200729668218723
-3.7695732337164785	-2.8646178291002737	0.14731862403212387
-3.938437852708105	-1.2376719321983296	0.42395621853947313
-3.270242333381816	-0.9718434781926261	0.029280280265455316
-2.917789751117083	-0.5609084449171364	0.1673495109459352
-2.44104545587843	0.03841503549150346	-0.04248976543011973
-3.249764529908457	1.2570285959959138	0.3791154185045688
-2.7948593165746796	2.284170260602038	0.30306486582095316
-1.1642825603480949	1.9930140377744017	0.4803165858038829
-1.4297238970764454	3.1279346749670145	0.4418462836983715
-0.551449763826297	2.916272880928531	1.707270625241751
0.6189339982047746	3.359810771489691	1.556298056460101
0.042309443879071804	3.254563209774162	1.9253283124344318
1.464188218524646	3.6706736131445235	2.447029509333875
1.6409964750916912	5.111655862430468	1.3973455547619218
2.6721848400314046	5.310324501092181	1.4182670031696472
2.7576846208948442	4.997153928184978	1.775057538968231
2.8176863699789556	5.678403678790842	0.6269370208568591
3.7094354803569196	6.722210955167376	0.2947827995894977
4.2049044090799015	7.505664210724996	-0.6599568399895774
4.176615127511932	7.170267098632826	-0.674040804931349
4.444706940390901	7.969821562368156	-0.26331472463592887
4.72123871354659	8.422023632792301	-0.15007976784540555
