5.550493291574385	-9.666143014550496	0.8230405009855644
4.595170990813098	-9.337179058884113	1.2970781728228957
3.2301947958125465	-8.856233284516943	1.6188229238355114
3.0269774433630454	-7.417139959589268	1.5084083347243011
2.4796429917533636	-7.023596048788426	1.394323731686784
1.389955710376778	-5.789650399767374	1.840896817928264
1.7968781510729517	-4.5440931885840445	2.43167568745898
3.374563045887589	-3.2877196476900643	1.5647758410803863
2.7434377793170928	-2.250505910586557	1.2217619557985044
3.8644035252437297	-2.210808743798193	-0.3532878073318555
2.5648721181702694	-1.4190553644195385	-1.5297059317226704
1.4754162800427335	-0.6173938225472071	-1.6242173444608121
0.4655196109877508	0.25284658149194456	-1.4973250401490947
-0.756752615029324	1.3605502169279073	-1.6002635573008002
-2.550616283743802	0.7779714055064125	-1.1357544969793558
-1.5032969555335653	2.9556411819926036	-0.6175520962055847
-2.121293051808144	3.8287772980609835	0.9130922882623842
-1.211519861861786	5.598512199758188	0.817400940373937
0.06475963692167064	7.242539407440272	1.6873383233251626
2.554773220077055	7.989892321663212	2.1525208141659036
4.392582497578933	8.02824239824662	1.4580890993954077
5.342139920105145	6.422702243198625	1.5040105121139562
6.294880446552183	5.93249526147665	1.0053015186746879
6.849002861318292	3.472971126266888	0.15321310886886824
5.725482036956976	2.554440242839233	-0.18254525316071413
4.7279805225657	0.8156584703832108	0.40699382205078727
2.75336056767936	0.13989563515959824	0.8455112076290621
2.129591705397339	-0.5445207915256427	1.6432433384773162
0.4260857448185609	-1.8917440804688723	0.7295782212610583
0.7270569572066936	-2.0627407639783644	-0.14730783278682003
1.292902773976754	-3.452684188556919	-0.8853182242179578
2.866002235121372	-4.728468897140444	-1.2007493165841594
3.738869431033592	-4.068002243245522	-0.9643223039048963
5.1674631484716596	-4.3156343857737935	0.12746102091535333
7.190924181119154	-3.5968598478424525	0.7562419183569925
7.410624663322319	-2.1955642411183085	1.6316747346274227
8.724726666536721	-1.607531771124831	0.9169663230461618
8.901758786020356	0.6187375613302882	0.8522895066992635
8.718735244715099	1.6908212528449633	0.8852927720523662
8.783326409647517	2.615658479863061	0.057342562183913315
6.908556440966664	3.935689879528606	-0.018676986139425367
5.398451601428198	5.064232008277111	-1.6171157229736326
4.479883447416668	4.977137689275469	-1.7728703119511366
2.1260872278922145	6.1268025888830735	-1.8003138319562184
0.06013427075671696	5.956268609651993	-1.5774460068330733
-3.5609066668332447	6.668214253371302	-0.5912932149932819
-4.426270284036616	5.253901870973795	0.6235164692790174
-5.0383530218102495	3.154061687463845	1.4648538734210752
-3.8802679767765396	1.4433446606728366	1.927103288762947
-2.867872505698914	0.3249093171537207	2.336072835059214
-1.5564429929130745	-0.3730527038893098	3.3074535997152212
0.9670378228969898	0.6810215645299903	2.1360420512274394
1.8153879688167	1.5201337075479922	1.9452509265848126
2.627899327750936	0.7013632617253198	3.241385423369202
3.3248044173835973	0.7545610069545552	2.208469011954122
4.850505434523319	-0.8458085735620741	2.216402447690223
6.5695816344044236	0.13764713962797248	1.0726939977137124
8.380949084998754	0.201754945115033	-0.7027116225198428
8.690047438998304	-1.1182025978420354	-1.5919113527339688
9.155275004932543	-3.1292262934819646	-1.1101229610198207
8.084854854284666	-4.55844332818817	-1.5692594475251005
5.987258229008943	-5.777329396895494	-1.2117659158854066
4.81979550218204	-6.969157475564659	-1.0758895443071723
1.850483423906859	-7.517083941387936	-1.0930799350969163
0.7089442712573442	-7.260402799372723	-0.6197214209890519
0.249490723850739	-5.783971476291937	-0.47234485496685374
-0.28280533186071277	-4.650943557086376	0.4462838988933075
-0.6496254208881755	-2.961922296728348	0.1625935043114488
-1.023197300273591	-1.4527239813636648	-0.18154901201967394
-2.568793623042503	-1.427279600753982	0.6011519676181913
-3.1555282290823494	0.18155756187381766	0.0003243839991039499
-2.9488166317696223	1.2096359448719005	-0.16601139374493368
-2.1906380364417677	1.8229491700161056	0.493352283207766
-0.4506599183987442	3.0959374412617513	1.1875047337132427
1.2216386830852641	3.523045348360862	1.5478996759687167
2.0651936401142574	4.550798508322455	1.596862759509617
2.4487765968471003	5.042170304567256	0.7408357414511448
3.0389443952287603	6.129358317260027	0.27558550503415635
4.344396522371537	7.27730177888491	0.008961991692797211
4.5586630774111025	8.701841662084824	-1.1716580316827816
