3.846173946633548	-9.887559672483945	2.0501559722694886
3.3416747005335994	-9.255449884807701	1.2957803728509307
1.9580861094894286	-8.535973105812982	2.1529803284412505
1.4121112612996614	-7.017987179937403	0.2303278065217773
2.268052692204519	-6.654006412557627	-0.010070675918981253
2.335751045294175	-4.937969160704384	-0.43952394976895093
3.44061593133093	-3.918219948823813	0.06371988785600691
2.2654041565760075	-3.4433005260033873	0.42866834329920844
0.43422085162106305	-2.2933608511972245	1.9450178166046388
1.046789329059263	-0.6129186683557175	0.8441986251360016
0.8407048922912228	-0.577279484619333	-0.11856400609172624
0.9744742096430724	1.5955539403592445	-1.2763508622682713
1.189745424654943	2.011148336990841	-1.3612882416560474
-0.3331267469954367	3.2211065282294604	-0.9793528004061189
0.47475663784361755	4.16725571777551	-0.40548690988698
0.346865089460006	5.059049264201603	1.2646016318541502
1.1545660490553882	6.348157052149011	1.196556467054373
2.4439829625996627	6.190263256034047	1.1898829939569215
4.750934856437209	5.958511100826875	1.5946123599629043
4.578901769849232	5.014960856291006	2.4962544184768496
4.7285337134966525	3.576152043188318	2.1484846309091177
4.247201832035446	2.8914229328404812	2.319129154897853
5.249071502499246	1.812565721313823	0.5442918975246258
4.481199250828806	0.7735249166401776	-0.2885135717683056
3.6400944187931255	0.15773424582479373	-1.6143599552409824
2.451075430262517	-0.4813058766418432	-2.185280860394437
1.9626677800072725	-1.6742486970995993	-1.7866114030894797
0.8550777870820422	-3.0028856726554807	-1.6465533890337665
-0.32892056374700396	-3.6725132125791977	0.2694052257748134
-0.1309194878521719	-5.388952328495967	1.3547263530597458
1.5097304779866665	-6.638748133914975	2.258208004928834
3.141578471756154	-6.066248305101617	2.342150573961564
5.307739447953158	-5.2697971250925875	2.086319666731943
7.445268231472003	-5.216644004553304	0.9710860684802101
7.256172657130226	-2.5468440556920036	1.6238813233806995
5.631351777609339	-1.2872950275347514	1.8875754120023522
4.41858542935206	-0.9156019668270524	2.7246210018606547
3.309581540039308	-1.1599659185573672	3.0506818281680443
0.7567568202941221	-0.02499293921845891	3.4632201726561433
-0.5151842130301219	-0.3817851480302328	3.612057432674967
-3.430122980258061	-1.0546685883538167	3.612062633216447
-4.197593999666256	0.6815532774400704	2.386660281647732
-6.772150880123885	0.8329104030249107	1.9456652560634464
-6.28159341241593	2.872700274385785	1.2788384638371086
-5.949921271378509	4.538164931763543	0.8071150309002332
-3.9902142122822473	7.078646937994022	0.6406759502648447
-3.5215903166240006	7.7098089110574515	-1.3607404265834273
-1.386483614073796	6.807288638345153	-2.150366809352113
-0.33190843694986827	6.482943550532782	-2.131088923474713
0.40918109320168844	5.709164953030315	-2.367088217397076
2.280231010267838	3.879295631025581	-3.0040459867098397
3.1868687905304265	3.8880992770210274	-2.4496574668465825
5.3249510640679425	3.541148132597079	-2.239240239404596
6.890338010552469	3.040703680724125	-1.8724603032741902
7.4878394101107695	3.5187992184897623	-1.1889725132034914
8.842752761515236	1.1717398724361678	-1.0044957285158982
8.40238942000138	0.749025347115848	-0.5770875291496846
8.50672042924738	-1.5307994074297777	-0.04803173695759433
9.039695021025569	-2.1622860504507355	-0.3706567387852274
8.12340311666265	-4.482120760092209	-0.4311122952403462
8.335286249702477	-5.549234819046096	-0.9962704330044352
6.426347812904771	-7.291501354490351	-0.9607944733596633
4.970047135513704	-8.248416339015467	-0.7786862562881374
3.6284364875140787	-8.065290814215839	-1.4695563711568647
2.030208193715517	-9.309671063608244	-1.6941717172292543
1.026556200932224	-8.357281738362826	-1.7360100491718469
-0.9843179883305071	-7.707512799735602	-0.47110841288788663
-2.500998947922064	-7.382905210211493	-0.05955078277403025
-3.300477835651488	-5.553639631781375	-0.30350994318692576
-3.762060434772308	-4.167161540435996	0.5698115277237161
-2.8814686262571176	-2.7531392639722876	-0.04204990838800815
-2.665267736694443	-1.4000849759070844	0.22727727649859808
-2.079853604699377	-0.07678119009332718	0.9082444978460401
-1.3610851360124143	1.1825971420508146	1.8857880305286336
0.34429431341789435	2.1680960656286947	1.5041942946102629
1.3967160521050646	3.381551363899227	1.484807214614904
2.8358791477040053	4.923134059996045	0.30819633894317167
2.940397419984885	5.0241150668028745	-0.32447736575841446
5.083267678510193	6.9489157955548695	-0.8130433791630864
5.702114069600365	7.22463198318976	-0.4882746801849205
