4.2886165173536295	-9.608793801146284	1.9186149740893756
2.983846322344806	-9.258459747027652	1.6779630798810632
1.9657840325011602	-7.815511992324154	1.4830485358728174
1.6903956707650627	-7.481287544591615	0.9373891722357572
2.342628080815716	-6.286244526502562	-0.7004994483430802
3.2637696480764498	-5.43982160826579	-1.0157726216066383
3.0290431864743663	-4.211109952035787	-0.7743686848036271
3.041153750370905	-3.1266092502337957	0.20895243064635777
-0.021459221625147795	-2.540024025713189	2.0152818214195527
1.415666555352388	-0.9447594038085263	1.2203963388665988
0.5185196664034488	0.34890329707728074	-0.3803948220047668
0.2166945094712303	1.437763435215986	-1.1412263491443624
0.46153134100800536	2.7131192052909916	-1.4276267350243819
0.0550579670046486	3.510740362900715	-0.4638875944726828
-0.27195446906826587	4.331797614404415	-0.5519282892112354
-0.27772967871134185	5.775081714455842	0.9241684901823833
1.4270493548341834	5.729315770777328	0.765017467009945
2.7844268754713566	6.796340442343581	1.8809066195424016
3.9244124129881497	5.714121857967826	1.9065467624139307
4.714793046367602	4.30411472240817	2.1741943997152147
5.329422943110847	3.9880511336853344	1.9643943283034127
4.4855933712619445	3.6082852731732658	1.9971361404578776
4.7273561893185505	2.6491182921469147	0.40476166427240573
4.25697953170436	1.5852443960573215	-0.30192272715802315
4.335334966875166	-0.2854106691768101	-1.4503377127738115
3.4265089351114373	-1.2524819719683635	-1.6192218198971169
1.7544474814504667	-2.4954714312349324	-1.5855823014834995
0.15584110511116625	-2.647131536375732	-1.084033303554798
-0.8170491567167526	-3.4207274361953224	-0.2926669504072961
-0.09180164876172159	-5.355238479397622	2.0296063761548564
1.4263567416436311	-5.972303356100036	2.090519499520767
3.908761350473166	-6.104520959015575	2.050273202202289
5.298819998295801	-5.568548985534365	1.118665743713945
7.65479690877469	-5.110470885065341	0.4561730598764074
8.024690819410672	-2.61278388886952	0.8521705528952188
4.44227540440765	-0.7739306304840721	2.1459341506586664
3.533059738136613	-1.0226700243219788	2.4840054915689067
2.0374942150139663	-1.1561386642116864	3.63464519498096
1.337085102424028	-0.6696007649001485	2.8460840437397312
-0.11147991874924656	-0.6464820795341781	3.372720762696045
-3.5919879537169255	0.10324678180617819	3.3798696476992447
-4.767103696522472	0.6517005996985411	2.959800369463788
-6.966838774073592	1.243850560649496	1.5928128881021606
-6.341658825251748	3.7580148844422423	1.568767905283434
-4.927392679574112	4.419480915656394	0.007211654473932494
-3.4939680998812856	7.045649140661045	0.09160549852579819
-2.3011198398750152	6.974918411666988	-1.1403582717084002
-1.7166042866487172	7.976312736376564	-2.1897893628651057
-0.12898015347289282	7.188326119279857	-1.915755889454521
0.18913923306551667	4.812871594302096	-2.8520526331556786
2.497611563927056	4.445259485631953	-2.304204194386776
3.5462565359632285	3.6085445221052344	-2.120894829940213
5.186563800517055	3.513853336114156	-2.0070896834162206
6.634728009149492	3.4613825040205013	-2.0002343368049327
7.520899913290743	2.6977527268006707	-1.1686228628715691
8.69000548114198	1.4241003373473367	-0.09348665439494819
8.60970880638106	0.9664030953993447	-0.0234673066478176
8.97905916282046	-1.2001274564836677	0.14059505365761027
9.53139204673944	-3.256859263366003	-0.5321973330733447
7.971590475357629	-4.39492418235488	0.5678696469177114
8.551329443319009	-5.815413995509648	-0.9411317476911285
7.41077861573741	-7.253349200722238	-0.9587326772190168
5.49881044117213	-7.9222560014872325	-1.1338315971547095
4.2244041141877835	-7.893125703487923	-1.8538474225776476
1.7852752574094017	-8.489106437147504	-1.817727483950008
0.41935592838502467	-8.611193792823885	-1.798357313377533
-1.1850754516983997	-7.528341398880997	-0.874680206301188
-2.4732198126511427	-7.15313746445251	-0.4782136908452064
-2.467477865511701	-6.167687482539531	-0.26368285241059974
-2.9626709566566616	-3.649682591344611	-0.5365841840937859
-2.9141468074470307	-2.487984790255047	-0.4745998307386361
-2.436331470566152	-1.4189417896452388	-0.018797803907198707
-2.508697111178462	-0.04707883086599263	1.3718826196772225
-1.6891878359347494	1.5087559121407434	0.5835620890917901
0.21578404963863346	2.5680464053734164	1.2976412227940017
1.9175201233342651	3.5446082568168205	0.7870625072443547
2.4955725217316695	4.356599958836025	0.6991010659664859
3.1001186575719104	5.484650550400138	-0.00379406609776356
4.160174090858759	7.377816953283171	-0.46973439898686037
5.251220931982763	8.17785144109319	-1.0308724684190276
