6.218034659148397	-8.74925298403819	0.1987306464394228
5.191644127335856	-9.333158447490353	0.2119060919720613
3.5793112942573666	-8.052595237248632	1.545519978359513
2.287553997649168	-7.667074335954592	1.3291360716869414
1.6254320489563296	-6.720862900119373	2.019383684115905
1.5840777066927054	-5.212260231495362	1.7307656415711608
2.5419919135830145	-4.054391660243466	1.4321454019476465
2.2976221018882232	-3.7154033237208424	2.2538391857497104
3.4391728630692993	-2.140686453272341	0.1007729783576381
3.596530946949736	-1.8812918166545982	-0.20143173919881896
2.422319552111925	-0.47758222494663016	-1.583196103510309
1.9628340084178377	-0.4772780031337306	-1.3424292978346397
0.18079666969287306	0.36827188227104196	-1.6303449290773857
-0.7033174852216382	0.45971585825113787	-0.8480107309633143
-2.9078297768144155	1.4414519441921625	-1.3168836282819136
-2.5507098235417796	3.296728415650048	-0.2694737855588034
-2.1049607029297333	4.482300902140271	0.2687343229256907
-1.081454153432355	5.251793736359764	1.818176227957486
-0.13723147738387076	7.465604496102087	1.6671310639776609
2.8283708296460977	7.348045811412947	1.9364830884633482
4.953958102181845	6.858953165678744	2.241003804433907
4.848725529681145	6.617026619355804	1.5747157426721579
6.24179941281782	5.619843564587273	1.718739957775294
6.7554671702470275	3.6315144470610363	0.4254114227637336
6.269019986139074	1.8241830085489705	-0.3567783505286969
4.049873614311938	1.4412668313087433	0.44645845446364063
2.6645625246888116	-0.33927454801707013	1.1053352555531464
2.433846542818055	-0.6306630582668815	1.0897950230234388
1.050467168240902	-1.218270958481459	1.0755100358338334
0.18981300333407422	-2.9353060525914136	0.27857677515845736
1.7305049499486367	-3.3852128633766587	-1.2962344614028365
2.1774951467639396	-3.4586709602959327	-1.088527652641017
3.7095422489398397	-3.9452566325614886	-0.19971157288451535
5.252587036889821	-3.570825249791767	-0.1889998800871603
6.899665143471417	-3.4222747653157497	1.1789934248870582
7.3215149575812575	-2.547852939506725	1.7535434920824469
9.227376697585871	-1.1167752597700518	1.218054631181565
8.637910220076877	0.1322753701065027	0.49364166903234535
8.952715402711421	2.3786399551595956	-0.05014110633720452
8.98229021013865	2.9110077310065154	-0.20998749695155322
6.845043102907965	3.7066596553136097	-0.8385409048710528
5.883089101020528	4.818523293454189	-1.1672694114937388
4.157794022884459	4.9833923793887696	-1.0507715031042786
1.9460484354408407	5.240546264034383	-1.703281623957901
0.07083971331645533	5.586987159089061	-1.5887520420693229
-2.932292212206085	6.038754177398679	-0.09265484922042233
-4.206579743090796	4.493823166662045	0.5890455006008797
-5.312609581704074	3.8127501067087692	1.5903259389459994
-4.663486997927041	1.1904106336487208	2.647228891971343
-2.317875765263769	0.21581125993623557	2.742927573357752
-0.9555009584755494	0.11566277066106057	2.936264103894267
0.9519756823745804	0.5218252794011268	2.110154531682458
1.9396839873944962	0.7355264879454977	2.887568690185176
2.9424093006078484	0.13581848055676002	2.388875208094502
4.074851654274114	-0.3918635543821363	2.5258057087650023
4.51149327090894	-0.9546723651164599	2.470330273945973
6.527342246898744	0.2516967068101593	0.5452620744813215
7.614613824564323	0.050658620186522785	-1.0244629298719614
8.78143169910688	-0.867685666231353	-1.785601255339899
9.749286551451616	-3.5983009442924585	-1.6659885979807747
7.528271446788635	-4.869722838601978	-0.8591858533193293
5.151076129108942	-5.859271033815801	-0.7801676731458954
3.644940438172526	-7.100687761440505	-0.9429409957931023
3.1363559408143997	-7.421601089146387	-1.1648166864698548
1.3243793712258252	-7.420486436162699	-1.015678305097031
0.5745641123983992	-6.104967683957234	-0.5521406806786902
-0.2694361568041328	-4.238255565722063	0.11755428482855396
-0.9895579281902129	-3.0057526076049914	-0.11078910867983494
-0.8709264204329381	-1.7314178843343613	0.03611553491794356
-1.400834986684797	-1.8164564328092918	-0.2738754770492428
-3.5486701837391257	-0.3402269442374568	-0.08783260483236427
-3.1424200854168194	0.8417121352261091	-0.11424410284113279
-2.363084065245334	2.8392190443141754	0.04076327155443184
-0.14931385757973215	3.336054357285203	1.1049866875777639
0.1120999561251073	3.312057790287917	1.6594865393635971
1.6938297460967255	4.159204195328885	1.7956664317481925
2.5257815765891216	5.433520451128047	1.5568594917999006
2.880032843959891	6.630939560523944	0.1283297894807085
4.104845158714252	7.90331191173574	-0.9419472907792033
5.361087668253271	8.797727744886707	-0.750476980179617
