4.006240259169125	-10.443705464585976	1.353951825814178
3.4614639811825274	-10.16777164928691	1.3493782924575723
3.412406711227681	-9.469195423340315	1.5500124213010191
2.823052469690125	-9.095357787618545	1.7453018347974634
3.312240841809267	-9.143957929970643	2.0772918347711284
2.9491193357413596	-9.183058998532644	2.034486445658867
2.3490201161018076	-7.980405050266814	1.6767442509756454
1.7566442950361245	-8.075970646801355	1.336353289315392
2.4655712170438213	-8.20368535373237	1.1926231612767328
2.3375414289105025	-7.46913337516768	0.24812362418443956
2.122229671072642	-6.999885578081579	0.2957264069300107
1.7982648577050786	-6.93932440543112	-0.6880668911794652
2.063460913201507	-6.666816201202977	0.23640309062822373
2.8992855207094754	-5.891521442933249	-0.6839280677446313
2.18652743020319	-6.018916406611996	-1.2189979651518013
2.7265765159464084	-5.350898697150799	-0.758514288909838
2.6233959958578446	-5.209856221882879	-1.2612429144744328
3.4573750983965104	-4.274908058958697	-0.8579515941291678
2.6730492140916637	-3.2349006286555	-0.24575223238220245
2.5306289276774625	-4.066314370004649	-0.05322440507941467
2.5932765630503742	-2.639330043416537	0.1464934742021028
2.6451571948023975	-2.7271307003191154	0.5565064726058504
1.5792472932346437	-2.291787032734774	1.3704339375180297
0.8135122448181429	-2.332665513116433	0.7255596262954259
0.48664623917656535	-2.6215145742088586	1.1926947466532842
-0.07066566898285817	-1.9403882461710533	1.7444769615823565
1.1837005361921495	-1.3152039339728867	0.9601629852054316
0.7285917280823901	-0.7263989006580822	0.7828028924304609
0.6293058583116902	-0.40540574524505923	0.838262050183332
0.49656950970497304	-0.5475173620101388	0.2784033498405091
0.7324387511029553	0.2761958042261873	-0.009771718324211975
1.0890121399970498	0.1217048081943459	-0.5730720393374833
0.6921557335215727	1.1986437053284162	-0.5317982465157
0.5786634402769063	0.9438891305535201	-0.7198281216262647
0.6565070866199509	1.8349711466025926	-0.9357832945072736
0.209354821084988	1.5720916558169131	-1.4146176853048655
0.695014760339405	1.7486708213510405	-2.1277556856948663
0.31403263035565954	2.93699714972614	-0.9197904124928171
-0.2480003124831665	3.5282182348837616	-1.6091079644193784
-0.023134909075204768	3.4021187554205015	-0.2448692123798779
-0.07288618304589262	4.49922488931559	-1.1304573238713194
0.05922219787727934	4.903688998953259	-0.6974315065637287
0.18500398621539382	4.980604765923651	-0.0771902451850659
0.10848807032917718	4.862866189344526	0.27035461386862675
-0.040253522218272886	5.07612526800459	0.8455734799042817
-0.1929201202722325	4.9988402111278685	0.3531234881426203
0.6896510979662712	5.906316784560067	0.36645630116039046
1.0425722324085624	5.71833552139665	1.3864103231122065
1.499688196636059	5.99692500537056	1.3762919915510357
2.343968820529904	5.697891255251166	1.3118314575997518
2.888949326135733	6.084940112432542	0.8935883742849218
2.5389097329882224	6.7775273755066365	1.7350882319671936
3.775714178052932	5.587146964941132	1.3392602094117771
3.658654095759507	6.279150034794342	1.5087880985210933
4.467572924011079	5.491992992117563	1.9647455451428164
3.9342503100276494	5.544365316593682	2.385267552841616
3.8010771233532603	5.7902221122124455	2.2815290382877556
3.566138279295216	5.544557762802585	2.129165383478993
3.802933489480447	5.076502932383089	2.7360626889468502
4.9887522961993715	3.9459208328148123	2.0349150689167232
4.9491401693327015	4.4109652961185395	1.9597935891435792
4.769154289726331	4.460501832087298	1.9659210748162246
4.55756635599297	3.037043771748211	2.313973293174705
4.581874834789543	2.984105713580646	2.547531723378686
4.790118423022026	3.256827325794842	1.1107824745525825
4.667700282247271	2.694081099880965	0.7462529174194378
4.226459619039506	1.6712397780885178	0.8534798988680565
3.917961560133763	2.237846086247709	0.7286269773877763
3.9679719651350482	1.0324296470680738	-0.06592818959560454
3.633677174144813	1.141425419477271	0.7260513383796086
3.49366007609725	1.1243915683296648	-0.05941039155586669
4.121598616709018	-0.09821033371037274	-0.37713814625947983
3.6215050599094267	0.44075436983946054	-0.646090259722012
4.072506057957623	-0.588811963894051	-1.2767703114477578
2.7278378151257754	-1.1139305394932484	-1.3295855677580137
2.9008034592220984	-0.6491012769837026	-1.5222384237147415
2.0904731258127933	-1.5585519186908472	-1.8443614582830326
1.8615854098055593	-1.4090090599941645	-1.4767770539101708
1.6031400702794159	-1.2748622014326325	-2.2677651029685766
0.9984861439771402	-3.0399846518030205	-0.7756188923376017
0.7884278785705829	-3.2286118864674695	-0.703368916346603
1.0068760962399093	-3.1426891082480513	-1.1486027706417676
-0.2491991119566816	-3.777706079136549	-1.0053577291979832
-0.1515784595804689	-3.3918281724173465	-0.5298525091488275
-0.7569792882486683	-4.189057923622838	0.17432259487045
-0.12535247658447535	-5.060345344860984	0.590182332596966
-0.2939000993880618	-4.366191979945937	0.9217749168112438
-0.24547329381987015	-4.944998739478333	0.9924176168199601
0.3958337914584082	-5.822179944988309	1.517690487530523
1.6710209186529188	-5.786120212921243	1.6063887847661307
1.8062480712694984	-6.216929718551926	1.7398114354989196
3.097063934941549	-6.66850936522104	1.8314105381541943
2.5128887366002424	-6.642445309149462	2.642791347209654
3.9245478678244217	-6.143853177018872	1.7821052647365863
4.675642606760132	-6.14727637466054	2.3890664482888995
5.290113991621824	-5.652824130775081	1.478264708707629
4.897056528011085	-5.649017754835752	1.5493636199245284
5.523755534858926	-5.596311387542608	2.029609037247276
7.172125664971043	-5.083506123433994	1.0245241756250172
7.017873644445799	-5.228567218434269	1.3250817576713945
7.174910438600678	-4.0465611827776	0.46573897260180874
7.492373711058843	-3.801151840481821	0.7118880056714378
7.1757728077111	-2.5635382930182775	0.5724516001466284
6.201805949562172	-1.4709495821784895	1.4340716819984554
6.210745873343299	-2.188469055878021	1.893648897790706
4.451779446307797	-1.1714016841853256	2.2897170148241646
4.5151244026658865	-0.9601509355579853	2.921659206271407
4.061046163511508	-1.153799727507183	1.957799636113184
4.260642923893363	-1.0893632542936607	2.996966150668947
3.7996498919424946	-0.48625518876454765	2.5069301328532876
2.874805173988961	-0.7361111789232748	3.110431269875049
2.244386472041795	-0.8593711556973516	2.7972062256696955
1.870940699202215	-0.9910412650011402	2.843057263483659
1.4891350885858015	-0.6278929694242267	3.6459539468991204
1.1533346689465858	-0.4650964539126995	3.3967521797600275
1.1453125538546574	-0.8836353600289506	3.232003452361256
-0.1062413145275819	-0.8861070644876521	3.739059496306611
-0.016768769189136057	-0.7348290375126272	3.1594871400846545
-0.7285983583109545	-1.0235167050347913	3.3437296097120597
-2.2528181159590357	-0.262977959569479	3.266352445463248
-3.1128637275542292	-0.05486116372753069	3.332182940443912
-3.662609989737325	-0.6142217016881617	3.5002880873512296
-3.9530755201059717	-0.17366380528269537	3.2451300684647952
-4.496768312519171	0.08737522016267263	2.379541327540692
-5.561004285096203	0.9854021479180906	1.967142952803128
-5.500835283298026	1.078324812484403	1.8993563178482094
-6.685757331910824	0.9857781955651264	2.000484249436954
-6.690538057466603	1.8863633912227578	2.0882207304909755
-6.707675031624654	2.340943116373411	1.675928262514112
-6.7175880379061415	2.9533632103234297	1.3946684479882867
-5.878655779975	3.9722226496294573	1.345764367050371
-5.186386842600117	3.886406755856482	0.6077554206164175
-5.610869716775777	4.589113101715439	0.672288748534884
-4.775296602288302	5.876542326741744	0.6669520643054712
-4.84231090711435	6.221372303541877	0.6946829585301041
-4.126427086376867	7.043291521991348	0.5758635840435493
-3.255926675129942	6.786324802336947	0.20611438548098604
-3.5503493744782686	6.474705678822248	-0.3627373743438582
-2.833968986436522	7.187295476446071	-1.1789612751897451
-2.3280924609621945	7.716249554740083	-1.642078135281594
-1.4654874608816848	7.2990265759864394	-1.6078253666767424
-1.6860768578802858	7.857321242740814	-2.0549248591683313
-1.154528701151103	7.31544595038665	-1.2167958718507708
-0.12663341155082997	7.494476301121636	-2.246002745358275
0.4985877544595254	6.84201939312088	-2.6588107202200066
-0.04091707977625392	6.2862914174129365	-1.9152377210235563
0.40483387248516717	5.534956189281591	-2.1306358708021893
0.17673419135667295	5.045052676540722	-2.2480747717893372
0.6920129212172924	4.488825056277624	-2.5658419327238406
1.9320227445564202	4.7476118247445545	-2.72644259380907
2.110298203712091	4.691389664708574	-3.0452442869243885
3.2779751890174067	4.117378332648681	-2.7742522680331154
3.5639675451469177	3.633880083007528	-2.7450731318325388
3.9919424097243885	3.5678772438720925	-2.22666343999462
3.4620145910946354	4.509356123824229	-2.924031411559689
4.742192332195742	4.033016595762435	-2.50883818501828
5.177964658777219	3.115897489680565	-1.8357259515108435
5.472611252000135	3.429853827529099	-1.7875149627976399
6.1091080102258095	3.0736617466975327	-2.419735322177092
6.974392374052806	3.0176314843974272	-2.072314159762642
6.376671722487143	2.8856883341475945	-1.1659496727206897
7.712348100039943	3.093913285936198	-1.6463723603123306
8.26040771684964	2.732310816264227	-1.122141783153045
8.26446240931315	2.156496460612777	-0.7535583671453133
8.374743532260789	2.727899597121017	-1.286367701920018
8.984944976177843	1.2575649399166533	-0.28734588379391846
8.032601657205333	1.6183487295218106	-0.4655934825433399
8.854687497392293	1.2055262892910503	-0.2086062761501134
8.725598696619079	1.092686840369291	-0.33360463220269054
8.79491095192792	-0.50889098232337	-0.3059359936299279
8.49284571428986	-0.7548143355276302	-0.1331200917176968
8.491502100747985	-0.6718580101426392	-0.34775935150390175
8.404762729732239	-0.9578159212113251	-0.3609278113665616
8.581456745656173	-2.25886029406754	-0.3333650139452072
9.06048287881724	-2.278941251394073	-0.29760000905548967
8.952735085305251	-2.8920467917983883	-0.17260691650831173
8.272387012914399	-4.0809856590130495	-0.3822501433555636
8.861021639787518	-3.7754132955112825	-0.2957227301840417
8.573442712715066	-4.908263153410536	-0.3005101831912489
8.114714049633134	-5.491793630064168	-0.06655598224522719
7.38644524425046	-5.755475175020206	0.3005785997517081
8.0147627313355	-5.848990675637744	-0.9560636981902595
6.8393658546431135	-6.901346461686504	-0.5541809182283554
6.840016510545625	-7.110156458010055	-1.3577268210169868
6.17341218250026	-6.9878177315766745	-0.487198871163139
6.328134048189737	-7.731883520699522	-1.021319150654995
5.373469794174664	-7.605265131689003	-1.489600617514393
5.466926142827348	-8.04338587836222	-1.4246031169599949
4.21906349579952	-8.71290726241797	-1.0928135215009107
4.516570203592799	-8.683162802902558	-1.3549734536934894
2.742115017252095	-8.012430936887487	-1.739511836797074
3.3666239652496817	-8.4435321230668	-1.7939880740008667
1.7574707330319637	-8.808190549094821	-1.390721994471364
1.3667141922615162	-7.899824045029679	-1.9839886621752985
1.113053462894257	-8.609113416512072	-0.9132241301261101
0.6013378162216282	-8.16912006767288	-1.4205548452728647
-0.27825773345733174	-7.508614840397145	-1.6883293067558047
-0.6158696140250031	-7.394082336273918	-1.2879078657939098
-1.1021615643936664	-7.752281224411777	-0.28011602670228686
-1.7852358852907377	-7.09205361047835	-0.8290090339803874
-2.2994426327119353	-7.513741135140038	-0.6175120999455739
-1.992020509587792	-7.3630423065925825	0.10743079375594144
-2.884815323466073	-6.828947002439796	-0.7333310682799694
-2.5808043464415054	-5.776026109394438	-0.3447978623605429
-3.1864715592774906	-5.917864567126611	0.4998820658575408
-3.349736210141902	-4.752446168979075	0.2009249217740019
-3.6976123049833944	-3.9839007423210004	0.06550537219580144
-2.5812160485063886	-4.611014094812802	-0.3378503368483173
-3.302359709972347	-3.9284851776299115	0.5046234900647305
-3.8725675136613362	-2.340849950075026	-0.3313043372386214
-3.6682458976513392	-3.041855094412278	0.7317247821284343
-3.254759011455359	-1.9988325385742325	0.33104000195985284
-3.5282105436386817	-1.7733741747900855	0.24486863654915048
-3.1310588631110914	-0.68041153830182	-0.26555299056631987
-3.05065340228408	0.10781112634987466	-0.10995992625190171
-3.0428433185955	0.40699654220982395	0.297100274101956
-1.791396409675901	-0.1019251520201746	0.8039538010009267
-2.0219761717840323	0.3415994306542213	0.978788870642074
-1.3857647387051384	0.704826194117387	1.6529528365263702
-1.5900670890990047	1.859823592012821	0.6187519499732912
-0.568198231613869	1.2203549252829238	0.7472776140113564
-0.55156518561873	1.5305098461395736	1.7586377431339897
0.17758104081437792	2.018097094096354	1.9435393420569684
0.21093904335556976	2.1790838200842617	1.9795941391200125
0.8053244430885925	2.654853150288412	1.1838405369356635
1.4867710682380806	3.53333822947746	1.6437858089840356
2.1793725993378885	3.2093637599587277	0.6514648813134738
2.192120008172036	3.545809410396241	0.9089958666729263
2.188988627234916	3.936687069945042	1.4330504635169454
2.8133996444414304	4.659273014645804	0.6442805718154146
3.0642736664651506	5.736635350189592	-0.21115956685353232
4.172367593913668	5.202788466366117	-0.5385216993505251
3.780212639566647	5.798147973552217	-0.04765231776056722
4.008722148970357	5.682982896897885	-0.32248674454264287
4.088902282102713	7.246927138286914	-0.6859062944255061
4.584669972439582	7.593470599672375	-0.9944891190848437
4.852025666364814	7.749073922343998	-1.0330569777354939
5.999846045278719	6.960086604827339	-0.6522972308210974
