6.066254242614972	-9.689564972108185	0.8348296009676464
4.419937094099605	-8.275080681093527	1.025475531009194
3.825909927098344	-8.849642987085586	0.9919130784242749
2.2675095771127656	-7.5858927660284685	2.039092558067133
2.560771876156172	-6.826572172055222	1.8669461684686912
0.9668930401100413	-5.57735383036346	1.779667108825127
1.3397582658236897	-3.645495666131881	2.3134565036300567
2.375993012022747	-3.26610644942393	1.8248323158336301
3.5202167302737295	-3.0011915822567636	0.4164636131858336
3.3920733832513115	-1.8363538328828812	-1.212096762186689
2.573655379757885	-0.9782137286022493	-1.7530322163410585
1.659824772685233	0.05473473704881038	-2.19549611073737
0.3903667418193855	0.9523680870594654	-1.1432633645831323
-0.28285488349723076	0.838170110682873	-1.8813729911400539
-1.7915164749488521	0.5898268105543927	-1.1825413295899034
-2.7797939535672724	2.7185089968870737	-0.07272945086021554
-3.016476438430869	4.439658303467956	1.2638766195962499
-0.9916495160406298	5.951602617707825	1.1237073586417932
-0.5660203102908413	7.005939219727899	1.1528411041096127
2.527988583914036	8.133570479790695	1.7102765709213101
3.8142992438615106	8.076792653466036	1.562947253155819
4.875783056424038	5.930966239583355	1.569357310259552
6.354000294760538	6.38405127863029	0.9520923029362178
6.096867707441443	3.203384262204963	0.8751125989540574
6.342316894313114	1.760020353599294	-0.42713712266589043
4.819061274313798	0.5085456504358851	-0.45824331447186323
3.2227071099506284	-0.5217664017037849	1.1010179523132924
1.596224619682965	-1.1172631312934356	0.7112458514082334
0.6537089976928675	-1.8354922580571098	1.4283847132501237
0.922855974334224	-2.2475552203525107	-0.20966517182939975
0.6800792682843799	-3.033707195319091	-1.0517761755265043
2.1360254033506996	-4.029767580541778	-1.0591110212915296
3.419556534034129	-4.140174408846252	-0.820234888566529
4.973047454293916	-3.8532326643347217	1.001758491838089
7.251673142957069	-3.913629663795962	0.5442677671734828
7.709745903008795	-2.529042373995398	1.80424724417737
9.119481690481953	-1.6633219546415872	0.939761898876005
8.675248039422044	0.3764684354274782	1.1342657288902707
8.93827636066637	2.3621720975984424	0.4688817167501743
8.01056748557234	3.0611114383291755	-0.11605488749056636
7.40742309285092	3.5342854646000377	-1.3077074964100528
6.062746714933101	4.206424168726453	-1.681545042382088
3.899429187511163	5.6551903414962945	-2.0243721671319372
1.5438851169344274	5.929468878555117	-1.1540851473597649
-0.041723750407561266	5.890914689904734	-1.5954397316508342
-3.1470588153190135	5.84967823244822	-0.6194087371680641
-4.678685013474806	4.573049336750357	0.4406475518405796
-5.1507879356461395	2.989123542214324	2.4911894803141528
-4.911114329846596	2.0433962613015746	2.380737417446605
-3.4274393661374347	1.185501692301025	2.5612660430468117
-1.1515075309552512	0.7056450194829412	2.6471075993100657
0.5119559742316742	0.1420265123169766	2.821421516775489
3.050797129399144	0.8092015122119727	2.0298379235816095
3.5775380089030167	0.19913490505120504	2.9447198538609576
3.436835559631366	-0.24125421260708707	2.6120010841937615
4.62812664068437	-0.6922157770224175	2.268126451797832
6.969047131907277	-0.2273422932252515	0.15546629180160634
7.792379064996564	-0.27122729767377407	-0.24244989816089713
8.467079461508227	-1.5081751070621976	-1.2247316897288525
8.952494364032711	-3.1035293429396305	-0.8789759018761139
7.561280690127896	-4.71789592375759	-1.2355862714549657
5.46248579728323	-5.457754147992744	-0.8354273721835712
3.974893488320091	-6.628299274050861	-0.9540522114546186
2.030490584212199	-7.315648799559983	-0.5123667005119996
0.5375921773269626	-6.555161910747125	-0.8737998274561567
-0.5264719500870125	-5.890446897532138	-0.491593998094545
-0.3689104611898949	-4.7299154686118445	0.8890458049184486
-0.5422147617697985	-3.062644026182684	0.7398928445712344
-1.2815609833732717	-1.5731012426596858	-0.07919916572161373
-2.224960440395008	-1.592837768598699	0.7931650441673439
-2.8095946479981655	-0.029656553540230224	-0.19177318703948926
-2.77748517473645	0.7302849943370959	-0.20483910244167247
-1.44146289988639	1.8690035333929902	0.35638041790466435
-0.8003004834375667	3.2774997897098466	1.8111340800211835
0.2637222126865281	4.293440222072565	2.2959411591611705
2.494179996577016	4.099375735814747	1.898490956264137
2.9965170095035045	5.101715540120248	1.6088371532547512
3.8869896973727505	6.050663658353716	-0.22309616132262083
4.790571649577142	7.2662290107976695	-0.7963962353199516
5.329812207174545	8.307445863723778	-0.3165994418002389
