3.6046839921138227	-9.510088653992856	2.3561111604680196
3.554374449784608	-9.525500953044773	2.126464220025303
3.263068262418476	-8.782957385368828	1.3019977509277816
2.497123513272635	-9.252174199282592	2.226093183065
2.3434288618548194	-8.348736664974927	0.9290636878953135
1.769352956574651	-7.437685508882716	1.066664475059969
1.4197042701235798	-6.456496675383335	0.016130083270053983
2.2032898972499613	-7.333861296084256	0.19136049889963402
1.984600278503918	-6.887322335612993	0.18560006625089454
2.7604342185184776	-5.344615545647022	-0.853386820484601
3.4514339484374905	-5.402507836481558	-1.0742370649488333
2.800094739061217	-5.0031072638636935	-0.3000014268168322
2.9880138801226073	-3.431490140273569	-0.33317679792108124
2.994957062326892	-3.1813572526190548	0.11818792574987386
2.231328010954172	-3.381669672335027	1.2661236761727126
1.6532880408121013	-2.8471148673893487	1.3352610670320608
0.049721103810746625	-2.0407082364412386	0.9870283845375423
0.49309506161835803	-0.9078001807482181	1.0302190830457667
0.2289575599185432	-0.5575225281499863	1.1132402564767339
1.185331803183697	0.09286926677794904	0.5132778068143871
0.6740939146069813	-0.4885044194105462	0.2385782597803604
0.6438844386696199	0.42376462026954603	-0.25430556697560247
1.0324987070408977	1.5468863211732853	-1.3297812474353112
0.8616237511463568	1.5781195467812272	-1.4581869358317823
0.5750338291683568	2.517455967944227	-2.0309870634823053
0.6839707241017772	2.7633546683952894	-0.9394570808668875
0.8930308265109365	3.3253802076125454	-1.170400754368645
-0.19459108766148286	3.687099243243888	-0.12737942622933818
0.2548689113527677	5.055325353197526	-0.36833424504309104
0.09279239132788863	4.520708814235899	0.6932710307264089
-0.24728994524004272	5.499089938810804	0.5407017235611139
1.0319317464550601	5.066855281701873	1.142453471491551
1.6378852662408812	5.1816920798141215	0.9804443227164441
2.329660071812514	5.583481817453452	1.7389975845919092
2.516461488728323	5.992708921727254	1.960303993830405
4.044837107521063	6.229620347692819	1.3653242977585534
4.080141262451089	5.836181992925358	1.855720296411578
4.970349215658764	4.7992779238403145	1.6485072543014037
4.089258821742361	4.608643122876055	2.385934598212704
4.382881015202304	5.082369218137491	2.131911809813786
4.459308225869717	3.9360466398456695	2.297092241792118
4.959039541452388	3.307181642791473	1.5626583470038002
4.973928797216302	2.933342232330844	2.1573085580873412
4.091744509520833	2.191034659625742	1.937523390258403
5.083320277238351	2.0873327411934715	0.748535593966543
4.194433795455792	1.222575250343902	0.9363828461720702
3.4139650197947824	0.9291185627702419	-0.4957178150616623
4.0530848578394005	0.2271473048967545	-0.19168566786784869
4.1000638911185305	-0.20018863102826656	-0.8728749888921008
3.0088088480229405	-0.3991043572149626	-1.1937329768856264
3.3118602923266236	-1.3232443266227072	-1.5550008107333864
2.0103397348144636	-1.8442714926580945	-2.1632087202122303
1.341245930407771	-2.2168816927411137	-1.5072631116211792
0.5734239144731343	-2.7910625915770897	-1.334065535185332
-0.011671167749100847	-2.856913896033026	-0.720269220598778
0.7272632531775796	-3.9624052606545286	-0.8949346345607491
0.3778457556648084	-4.3135396950175515	0.0757578196946142
0.335261164280204	-5.095650769145024	0.45871643425531894
-0.6294135696111245	-5.526685953953123	1.9553109253708638
0.8265968934672338	-6.16219002731297	1.9715049970279108
2.1544644087331757	-6.33189478459191	2.4026927433660896
2.7304526354004826	-6.037718371735665	2.285255166974424
3.723769225575834	-6.43349307952573	2.9579977239764625
4.375090552123385	-5.754547499264717	1.9674417292356665
5.51716543887451	-5.452003605248211	1.4319865975214
6.270657005174797	-4.626975002023977	0.9093209889620705
7.697266594995384	-4.72385818300044	0.5683384070996722
7.147109589448335	-3.2814859783640626	1.0896012383261138
7.570531961235536	-2.472132145042522	1.2154504688423997
6.509311524640362	-2.558692352745108	1.2625771049952565
4.539483160673987	-1.247584606408736	1.8186005861618617
4.255018143173908	-1.201747328208266	1.9442850672769132
4.515657446229521	-0.5028882163305102	2.208872189382754
3.309706857655486	-0.5118122587164986	2.6456701955170345
3.3018884234454657	-1.2113899502696612	2.7108523043637
2.0931128861369537	-0.8752607937563437	3.7013006710526697
0.9651222210550725	-0.43285562524063415	2.952193493712607
0.3232899906188719	-0.22928275888712224	3.342235977033762
-0.20256260573758156	-1.0663792709124147	3.034823889867676
-2.5478683618236935	-0.9720895573200198	4.125596195011802
-3.4581712588022473	-0.7740300988333901	3.730565398109258
-3.0540871211472815	-0.33248853422914393	2.4824525283359558
-4.933608257280443	-0.27825056184131114	2.305511417701258
-5.289239631593221	0.8962683458239774	2.2550727295049335
-5.735098773157612	1.0746969414738132	1.4923873309560258
-5.8930042061935675	2.274570542559264	1.7878396409172712
-6.668038554621799	3.2947004512949722	2.1496994755233847
-5.543766431666612	4.750121633780639	0.39842104507860665
-5.892091707769541	4.71582791637722	0.2741646867800688
-5.118923626209572	6.238986796718238	0.30132696280569415
-4.174371342238637	6.931194862127809	0.03769995411870114
-4.025800805142292	7.537599238773057	0.048988636645115324
-2.7381236550706642	6.615653562258758	-0.37724740349593366
-2.4922012696453972	7.042848145750787	-1.81536529250952
-1.5747580902252225	7.194349396103649	-1.7432523297672546
-0.3128713523958305	6.60455330660022	-1.3840814377973334
0.39786818301789584	7.05500422246982	-1.8881385409650615
0.9683455107260742	6.051455456805117	-2.255786601042913
0.2587168945289105	4.855433035019055	-2.130034706750151
1.3464866497479235	4.706899020208615	-2.6965819212462847
2.2932555264869823	4.5274045378106145	-3.1072141263821074
2.539158859466738	4.1021434506648555	-1.9650434804580545
3.4658078269218238	3.9353573127412766	-3.0607584909397705
4.255969551872264	4.391050363159336	-2.6277195541459824
4.99086953064912	3.9842047614970193	-2.7090863297364396
5.672180500948011	3.7879953217628017	-1.8717160888268665
6.770895538599245	3.846033274704217	-2.3460785335095102
7.056163504520301	3.3313263771532657	-1.016031864754434
7.142267163110037	3.586928583427676	-1.5033701822547687
7.446609517160648	2.556792567452224	-0.39567890271105144
8.43563200799517	1.1990540805745442	-0.08041202513027734
8.564376064948814	1.5543108810077937	-0.46624020945252914
8.408074393020138	0.19922898358825847	0.5376187553158148
8.397272760992324	-0.8109603674470423	0.5611410458648831
8.52160228662484	-1.4491801493261312	-0.013220015412697239
9.055748821660234	-1.9651518444990685	0.07312284221334064
8.434352928846192	-3.2145148121246048	0.4726477658765542
8.68629787532647	-3.1254290479721583	-0.6207602227441601
8.38163277382169	-4.311048959467342	0.31130479719501714
8.33941112804432	-4.932339028925345	0.03982519764908521
7.191312304962985	-5.517947381180217	-0.4781566291254101
7.326995824727903	-6.038892759013431	-0.26811038666484976
6.159746078822442	-6.496898299786351	-0.6193536333797137
5.735629791475635	-7.221495666682246	-0.6226171880894691
4.875047375307626	-7.696581915741655	-0.5065578219347955
4.637655154690609	-8.456444204327772	-0.5775406193306958
3.519173666759517	-8.278480206349927	-1.5860833354068973
3.3890594884475345	-8.876332145200797	-1.1532875358420172
2.771501175002412	-9.117796901448418	-1.9185425124378543
1.3420969571681396	-9.122978841217801	-1.7145801878630949
0.24367109270324888	-8.674273982239793	-1.3565456320098321
-0.5792071549714657	-7.819718631791955	-0.745974059305565
-0.9447637546149736	-8.527098968474021	-1.0673255483867203
-1.6764590417527776	-7.355750827722321	-0.6876637537333785
-2.5183756253446363	-6.718974336059171	-0.053667788980024445
-2.4145183670774704	-5.769699388998832	-0.6111481649122046
-2.734991629744221	-6.109114690695739	-0.5167101635541511
-3.0658528819848567	-4.831134756603852	-0.190978078620208
-3.0054381045200165	-4.421174416618467	-0.29053686912399856
-2.772547969250035	-3.262934044431889	-0.05794654961400092
-3.1417399268409483	-2.6583743926658037	0.24181746812840954
-3.1627602004181896	-1.572402155616775	0.4188753989946329
-3.1435699093641354	-1.3862666932795586	-0.41625513961754207
-2.587255869064014	0.08230133990220223	-0.11234668652705665
-2.2133956448468104	0.6407205990567292	0.7939841598783685
-2.0242724810749024	0.5542775030215135	0.7912680317357763
-1.6142176388411862	1.3966336270624364	0.8810349335911802
-0.2736865860711595	2.4207598626455527	1.414244617646776
0.46832103709908085	2.9590381197536875	0.8941139225982336
0.4442088446181497	3.2144710486664065	1.0401733994255857
1.5184743762579411	3.839021223263072	1.2683062913190892
2.3234287699627476	3.4293119700095556	1.2506333541744645
2.7083942942854495	4.511433630230801	0.16311853085252784
2.789125049419159	5.079481696750438	1.042791946762573
3.775705913100521	5.754183901810665	-0.3728654641972329
4.666976286674714	5.720826449147554	-0.1843595925944198
5.129771428374134	6.039156605407456	-0.946964399461254
4.80349546292142	7.614968168540303	-0.9137525863074225
5.538018741532456	6.818508852495125	-0.5675539999720605
