3.9122695763312483	-10.448763672184587	2.3241999757406657
4.182022992689337	-9.247206719003296	1.43092786418017
3.279821428412588	-9.705053009156872	2.3454943688884753
2.6301707992462577	-9.598095290981934	1.5155754643303414
2.9411269263160587	-8.77013065289133	1.729647095884149
2.0742408398446166	-8.546989051997224	1.7283041776953263
1.9895303296648366	-8.228371067688169	1.3596177252812542
2.1919862600135684	-7.854321236724017	1.3132972690246714
2.5550590097134336	-8.105031094711993	0.6981191754810835
2.591746175379134	-7.688895195535394	0.30581347465604847
1.5618360999309013	-7.305935612225642	0.10371764105159664
1.909271880610348	-6.659581276288195	0.27891935555746883
1.8168825438840024	-6.688949646604929	-1.1055383471262565
2.311477817948454	-5.180543469017394	-1.1805544385904732
2.2725744235904592	-5.904071790576126	-0.39097023144037
3.079159735169731	-4.974933472764608	-0.9910769588889083
3.624028620242962	-5.151855015194597	-0.9026350745900837
2.7749513212527304	-4.476299440863861	0.2629298574769525
2.7053015097107553	-4.3572818472048995	0.29450832083951994
3.593629358659695	-3.7106181728905923	-0.24995967273287045
2.9509937215185404	-3.4120122411630875	-0.06634343033042867
2.3147184964599963	-3.007318865412775	0.6134026564409704
2.7687554363588673	-2.6569258486779037	0.7800877249546827
1.8420231368508357	-1.748662685267252	0.9824008773144739
1.0616826574831473	-1.7018842931577969	1.5721385049323597
1.2933554456061218	-1.8413229174175298	1.4301339340501973
1.2459383709834162	-2.020450124337526	0.5260509227293618
0.08412972559153846	-0.8455968246422407	0.5517877746991007
0.2527323906816069	-0.35570461361869277	0.47385882037717353
-0.03775578834464122	-0.033643450345750336	-0.24698850671314454
0.08805966712664631	0.20423470075597505	-0.6288781593215119
-0.2516019162030252	0.22325662362117027	-1.0382060057919893
-0.5497701814739824	0.7876617781604623	-1.2800135809233113
-0.37348280241977594	0.9250534213704183	-1.6549376046278323
-0.0742851180803531	0.8193991407092409	-1.8990664807375106
0.09824420952540902	1.0297512002187306	-1.571580012872322
-1.1456277927438643	2.029919454808941	-1.566886910026789
-0.7815919066831174	2.4976516947361365	-1.858509920854017
-0.7371467758239563	2.7868214804629248	-1.0883675572658773
-1.4363838524280312	3.7692627217256787	-1.040261834975474
-1.3375290917617266	3.4163939285652134	-1.0630684832909196
-1.4884116222424815	4.614368505013532	-0.44038657992018215
-0.40944847888216973	3.747688616220928	-0.010415829313316416
-0.9668207786038439	4.560254805250612	0.8233542715771291
-1.199046085921307	5.866105712931013	0.09084026083516272
-0.38254253991872234	5.149566962800035	0.7254378360135154
0.2322279773315714	5.449810510774529	1.2749176650689655
0.1256526421737444	5.663265426459967	0.8354172453540801
0.0037062091526508523	6.799081736059303	1.3717573492077333
0.38116463246332744	6.960456223855286	1.5237592500822914
0.5267165577863919	7.26413060904533	1.5494969278449622
1.4117991586482082	7.072114610677224	2.4363496693597817
1.6950900427218398	6.5865884157757355	2.8863279946790374
2.374568304404794	7.0983651711457005	2.2954774919878806
3.05138238614213	6.419365734560854	2.257516527642415
3.527335572561893	7.023904414769897	2.519466838719654
3.341102421111259	6.195506255424554	2.618448042666503
3.6204870518549694	5.6413075944549815	2.6804648907804873
4.129497872970742	5.712092423316703	2.348085775865952
4.775372036179136	5.137835122168209	2.274813757853843
5.058390843316252	4.524381541885851	1.9878722316377744
4.986771151040276	4.886530103745069	1.980087397642636
5.538817736113894	3.563833629195573	1.5368298445078483
5.801301647256586	3.3767977077859355	1.8763079146086388
4.740401442037835	3.5201230858699475	0.994036906309013
5.136989180906246	2.2655711043348754	1.0926016904407434
5.431425442509472	1.8153821048213632	1.3500059290560973
4.75524656041326	1.487191904915155	0.37797262915749463
5.3181288133603175	1.5944047902216227	-0.21699658487423168
4.190181470744421	1.3716402849133087	-0.187407690156548
4.108310997363238	0.8635838502235766	-0.6894206631690935
4.355844504540757	0.4114234256640495	-1.1924737417901161
3.7627195695771265	0.6130464914591893	-1.3956704270276103
3.405776212732153	-0.7350802331523288	-1.4081179000305708
2.635700606237768	-0.2307188672289312	-1.5492098577485587
3.203318984880875	-1.3730392173356487	-1.6747996962352218
2.6928869538477396	-1.1539972534689615	-1.802304768394293
2.155755229539873	-2.0774914803277564	-1.9248173683041268
1.3569277985918313	-1.7854316036003985	-1.4684048194235773
1.6888334999359222	-2.811899291786323	-2.0523557368421494
0.8748674141601651	-2.4672043376104797	-1.5182893702627556
0.6257073935538643	-3.5224087867843523	-1.1043825211708689
1.007626855570332	-3.7859067590579305	-1.1062587943572078
0.7541368593214444	-4.128609873761263	-0.11153837797554222
0.14492890308004988	-3.4400902142877228	-0.07795535678655979
0.2569177253817859	-4.785442701931882	1.3177439016231345
0.9903637212706065	-4.7651896656073385	0.5830358129811551
0.3494249907442034	-4.7633576599196825	1.3184010340710266
1.1432259790737809	-4.9171358055687815	1.5829369536132094
1.4345151295822576	-5.1680149768301105	2.4983905172799856
2.1344249438881184	-5.275693345395688	2.4640921695634406
2.793683808643938	-5.097385445973124	2.5831555991890656
2.727554823126524	-5.730753041046601	3.04311929689694
3.9194786414200684	-5.357607228996006	2.2650612095276377
3.829353763079278	-5.593303562429664	3.056108113807942
4.348988002065638	-5.105705840858371	2.4594251656481134
5.54592229389679	-4.975281501223883	1.7169993507142558
5.135706733977242	-4.566599297363774	1.6088201462178227
5.893427554758705	-4.606156244738432	1.1608969290777231
5.262270049378816	-3.336249079045511	0.9088837961943972
5.917731480562865	-3.500926476780095	1.317776945590797
5.357157179677453	-2.3868349610751514	1.186961014055884
6.006689161209327	-2.2321153911682785	1.622111225812081
5.2612557041234895	-2.285878406336024	1.0044985634818002
4.971594590381523	-1.7203277726993653	2.468448654921419
4.850498984202688	-1.5503968682720386	2.2861979066854277
4.9286223869131005	-1.3654789373397758	2.1327306636150904
4.465793715534	-0.6055494473751509	1.9548115068391598
3.757842677074555	-0.19462820164978378	2.5355641282407673
3.3198761732660396	-0.6983770746648159	3.0388064158230392
2.600368789470919	-0.769393035321036	3.588021249157306
2.112386190335607	-0.1692167855061386	3.059346738937355
1.4912150857922954	-0.07597294775088392	3.26440493936087
1.019870670054591	-0.5406627776940043	3.022520936240133
1.7875680613533507	-0.43934948456777817	3.072282799660303
0.24357210899363121	0.6605204689664979	3.252846405601759
-0.05786111824885043	-0.17261985789213175	3.6793649332328897
-1.166553478066874	0.33725257745034654	3.9144273358321713
-1.0871472305065204	0.5951710183681622	3.7266595415690666
-1.382961638330485	0.22962883764728897	3.840491730111083
-1.7782969214537854	0.3769133962257578	3.3612584848193894
-3.1627504248025735	1.1428693968299815	2.7351095216705295
-3.6453498014438903	1.1476274183430437	3.123255093007789
-4.081513806956485	1.1249978866700068	2.4578854075638077
-3.532611589237627	0.6641904466523645	2.5248429309458054
-4.496458278708873	1.5615801583813411	2.486896391579609
-4.700128260897658	1.6748536874012614	1.710513254039614
-4.1929673474525755	1.330696360726002	1.7123636353899954
-4.51609954578714	1.8459416459086662	1.6627016325388717
-5.042599649951462	2.6524922687443233	1.406759438673176
-5.132574628817006	2.951279303089874	1.0445527351598027
-5.323674217364496	3.6549312636307874	0.8354686775559923
-5.664410308458799	3.637578048288115	0.012134067439836138
-4.690195767235515	3.852237496548608	-0.40042081188226497
-4.5940215205950015	4.866816879521868	0.15825423428551966
-4.038667880127237	4.434712181513528	-0.3316524826876037
-3.631663582400848	5.221757399005773	-0.6159452782769651
-4.3688669793351576	5.3580609625192785	-0.8661509220003858
-3.9343872692568715	5.545686712219371	-1.5995433413781068
-2.571770686557136	5.402063181949045	-1.8859302271686749
-2.6683441497551645	5.9286850912066305	-1.8162787559280351
-1.6876735602946857	5.365010655698002	-1.8497247649933732
-1.118015792024619	5.32993350731788	-1.6225751652610727
-0.4185818272551711	5.572579938353534	-2.295814801489861
-0.4993282679458041	5.146966222283768	-2.4633542988253034
-0.6212489848591143	5.029690992001606	-2.573849284740624
-0.043412325027962606	5.077498074623526	-2.9903763835647887
0.1802995104556852	5.5516249247099765	-2.7852649309857425
1.5843964170669869	5.236955816420681	-2.7986278361836625
2.29921697232815	4.488292733699895	-2.9540885505163805
1.810720805075036	4.370724154319364	-2.9625924318522268
2.2586679949537043	3.8432930850677245	-2.606229412730724
2.9362367261040183	4.300365150619342	-2.369712205701033
3.567364310842784	3.8034031016153245	-1.850765116170054
3.8348256376867456	3.921681224572578	-2.456887805902065
4.643769911845958	3.324262272030446	-2.8948418533579106
5.012220345383436	4.252711982408648	-2.360332062619605
5.001046056083983	3.32679592009331	-2.113317251519195
5.904819987379699	3.6659636984322743	-1.9336152981559933
5.97812751066961	4.159005391273011	-2.0073535681672983
7.1303643422332215	3.2382760082549042	-2.099990090336228
6.6887218625883005	3.605902787368709	-1.5961103316276413
7.45991311372816	3.280604454268693	-1.6563437620709638
7.97211901982987	3.1468919284818413	-1.27276874924157
8.118862957558752	1.991705863275451	-0.6309624953976636
8.317537623213722	1.4994631246137666	-0.5193685015596313
8.471305437907468	1.556599323300773	-0.04676839911343422
8.079287591372374	0.7714430558152036	0.2070224181743353
8.497070814912194	0.6480243838943468	-0.02863334803957207
9.051609276912876	-0.6439657693668106	0.3543961420988523
8.901973602737435	-0.8673626181576861	0.664908546596185
8.605523325969186	-0.6771906742509752	-0.5919947850661776
9.18313697388741	-2.116740093791606	-0.21489114898241646
8.745415569209339	-2.4177719144884797	-0.10069439715644368
9.141435196154294	-2.8833094320406523	-0.3820349411988343
8.81337242051733	-2.9491420904823773	0.20645266533810402
9.421275500150703	-4.255198707068491	-0.5116052289005699
8.512421199508573	-4.668859549002244	-0.515427876858126
7.915037302979852	-4.5064152173785965	0.09065622929568418
7.999636697375351	-4.732201640297499	-0.38540237113996856
7.805652375449	-5.332300456304961	-0.8449002650822166
7.622174259445384	-6.316615798861838	-0.20654485160049663
6.574474258422277	-5.734752605025978	-1.2627161592409675
6.142589931819411	-7.12795979959853	-0.004167637511452105
6.447661770465192	-7.409639598004369	-1.2302581324510078
6.076593761220688	-7.03221465085298	-1.564513805367471
5.213115143723007	-7.372294544857501	-1.0897037363524673
4.79582067035519	-8.112807056324023	-0.6313132301996167
3.96396162627021	-8.419681152708458	-1.7019454526117141
3.653503883548545	-8.643297345879622	-1.4663031884700954
3.762021511958351	-8.3045757743376	-1.7711404307770624
2.5100801878386476	-8.486314723406549	-1.1537090773223526
2.6121447006784564	-9.055153588852303	-1.6191600025145054
1.1464940949059776	-8.915420424873615	-1.739596601303194
0.536718009161063	-8.733862123667507	-0.8677443799670563
0.12674669416919265	-8.690215824715278	-1.0691450857262375
0.10219630552791104	-8.315716073606897	-0.6518158606669522
-0.05757869813631056	-8.57564687159893	-0.5631007537932637
-1.3918300965734034	-8.030013866500784	-0.13355418462744062
-1.6067527088732345	-7.953961695771018	-0.32156161517858495
-1.9444411721257544	-6.478651250888372	-0.8909655393062769
-2.204646002176582	-6.580495069561694	-0.20934743650193177
-2.8527408558181055	-6.49691094972746	-0.9107633124352013
-3.1099887458295257	-5.770140188519739	-0.47940631282192453
-2.8237446838134335	-5.75661551405503	-0.3661033938670143
-3.5997122618690764	-5.220661666201417	-0.5818881563905947
-3.2138480987029117	-4.655321121192108	-0.24997921722776534
-2.633339598366112	-4.611799744326891	-0.5836860249613418
-3.8407135235244003	-4.094556258892803	-0.11106978687610713
-3.937237728217257	-3.411466294205024	-0.1990720888894068
-3.3165508827743557	-3.041780166583726	0.5336708604825782
-2.9199996687399885	-1.9004119445540482	-0.43864516386221836
-3.6595210545747285	-0.8933406834311466	-0.11273356093007081
-2.692575180774638	-1.1887026270589174	0.06581518902013539
-3.1569533779225947	-0.8794555647535184	-0.08231069063366314
-1.9491014411850824	-0.31699460009531827	0.4326311230601667
-2.3914300486302347	0.5189620518210867	0.8676542983350378
-1.1661992374500907	0.32856151162360914	0.8599893213400804
-1.4917694774184447	1.4603215411236055	1.1701145606863839
-1.0256386727034412	1.150683656307245	0.8176456071888358
-0.6604526927335753	1.6561345071139972	1.473260342237126
-0.5861073741426416	2.370524997718123	1.2041633128327116
0.6478949749106304	1.938465169758083	1.9265637872747885
0.4531493789814499	2.878170838221619	1.9002378511754663
0.587751799699999	3.4555960387226765	1.420529359599716
1.7866611281225802	3.6681796588370026	1.0378382712144678
1.6230474217861137	3.3153464018229393	1.0040650226498167
1.882029707204583	3.6220075009646697	0.6041784716242915
2.4857996272113843	5.123286851778738	0.09691729239283733
2.833300064290003	4.912682364673866	0.29205868284349285
3.484648468931973	5.419950951530618	0.02062873260892728
3.526308855146214	5.034859286971139	0.011460631773844154
4.298551192143773	5.344977738165868	0.24348243120254653
4.248151321639081	6.706239954946101	-0.6573448073260344
4.949174471498244	6.80594754559132	-0.3683293061099612
4.357864321978789	7.354327934347793	-0.6929312041000457
5.029924957052762	7.094092797904823	-0.6944862992493819
5.555615113973079	7.900136867308992	-0.4943928707325569
