5.762187121260419	-9.537378510464222	0.6154331574063221
5.738494173187896	-9.572759051790406	0.3225382957829135
4.220902329233432	-8.92692061076743	0.9297591799327599
4.443322985054457	-9.049995795795143	0.5564842929541848
3.2193795541843104	-8.353507102916014	0.9806802582019626
3.3567472514546717	-8.119470970139837	1.320404957018173
2.4169665547957564	-6.972610271420752	1.1638967092169736
2.856237215466744	-7.565044051426871	1.4258855785024207
1.5033245800476258	-5.614439328756305	1.2629140214455428
2.001961755394758	-6.461857243981635	1.5659573617461584
1.6734505795648777	-5.258632698461162	1.2837987426267803
2.0243184807260244	-4.723800372624707	1.5344581998226077
1.4922618528327278	-3.8296647212248267	1.4183391400131604
2.4932624775460055	-3.5300517152920605	1.7935351105599857
2.1918145270952936	-2.7107047545951555	1.5862845025453518
2.814582628516411	-2.783719054434912	1.1859504774194876
4.114064482268807	-2.622036184169559	0.3699644712554717
3.4717395138668268	-1.9871708980246252	-0.65866509204964
3.733450280789614	-1.4323104455586697	-0.6365479662882589
2.892256393029723	-0.712447346258823	-1.4143534766303762
2.3399635650893194	-0.8791760363496441	-1.3668661930418886
2.9286110643751977	-0.8882864742436576	-1.9693106707001928
1.263328112918745	-0.4871441026598619	-1.765855782378669
1.084085491253689	-0.21748194364576018	-1.1083929858368569
0.6096374075900823	0.09324801719525941	-1.6984030987636585
-0.30396943884206684	0.6286413245934219	-1.8018617172891458
0.048732025547726154	1.0903372577465218	-1.8844926990711488
-0.41808832717060257	2.3910138336996614	-1.7231306749067592
-0.14465444280963236	3.123756346233173	-1.294789770173686
-0.400955496543705	3.2730784800342865	-0.7631458970015055
-0.39309003796098047	4.1583214236141375	-1.2502938299213875
0.42514930197058376	4.798071334726064	-0.38938789487591463
-0.5444763369189025	5.982784251277841	0.05093078509047655
0.4318173635949095	5.804676610289042	1.217291737989244
0.4449435551230164	6.372792021714226	0.8677152368168037
1.7386195259102444	7.01840825284549	0.6670550397949575
1.0112996710659263	7.366651845144026	2.0536945904200747
1.8171280093080269	8.394011839500926	1.4028984515541258
3.4346936222467743	7.739140392625492	1.6164707497162345
3.8766171338554756	7.362794676885298	1.6966901801161318
4.179933193702847	7.440424087887341	2.1125269968056264
4.572839882352944	6.1784507827985555	1.7884091744602681
5.552837605248058	5.641446371559757	2.130779742744103
5.50350181936971	5.128886954057107	1.023140172301675
5.07134669420608	4.401530431716451	2.146823012429708
5.556502634137517	3.68898158139503	0.5257936219380652
5.740219585102045	3.6795913699176857	0.46322395210762135
5.376691894866098	2.71171459138647	0.07558634299198369
4.338676643641924	2.214905563920953	0.2520735431778619
4.294506264972586	1.074372950695244	-0.14738060662632396
4.202412844902941	1.549668554551475	-0.2557849836266651
3.3184476322411225	1.2691828532228595	0.24077877671210746
3.8052093352354275	-0.055826329677283404	0.43376025792077
2.5463887399865826	-0.8969464390743551	0.8207143103317371
2.4421188920395362	-0.4155955478415939	1.1527050422746867
1.3597567188739226	-1.5855635517862783	0.5122190008878348
1.1775244646670329	-1.2913551815710023	0.585643112058156
0.15544835647024968	-1.2230811567749786	-0.0013551141150597301
0.936788580539023	-2.31524383634473	-0.6208617625077844
1.5036414094504917	-2.9812697775252275	-1.0386185923113664
0.7316529296652022	-3.8762467950307116	-0.5632348951275616
1.662951049173529	-3.1833830790509756	-1.4173299763418346
2.4381210546520915	-4.093807369691482	-1.1209414421844142
2.9104527556686652	-3.6706057830987673	-1.0037658550083906
3.576791147186703	-4.26796953229663	-0.9242508757898289
4.51394569780971	-3.4566882422101233	-0.29575014171452435
5.247053310318787	-3.4562876661847906	0.3840535567903758
5.729818936004247	-3.325435364573289	0.43329310444987634
6.818989312327707	-2.9641288596606725	0.6825166692632954
6.670810809377275	-2.098467612042567	0.9366604884137364
7.771649730522242	-2.3843917305096074	1.079003894722156
7.639675683116016	-2.2342139248583233	1.0260172125917317
8.397889764928776	-0.686003659640658	1.3930038282398205
9.076107282644374	-0.8978090866817852	1.2202195639649087
8.74893423679034	0.44527614046769426	1.0840777169814104
9.156821098202247	1.0698439444433236	0.3963669719877432
9.142692758900205	1.5323076911906746	0.21183177518356106
8.534192525705528	1.9182434470436693	-0.004201262035547881
8.166546285944573	2.6830772142618273	-0.3379679782207821
8.638353316106475	3.0450117843289375	-0.9594610665404297
6.703482537173558	4.706085105565309	-0.9716136058779226
5.987085481763069	4.317836955070474	-0.7847307241099795
5.67929061082878	4.254507082747611	-1.3152309833951188
4.856271382347567	4.8152893588838195	-0.9818112964447645
3.5626321399980863	5.1042162167691405	-1.6716909901859198
3.301768516331071	5.492131568970292	-1.659980301058127
1.8333917155467534	5.322757076000619	-1.8176337192790917
1.5242390129284429	5.9610474904165045	-1.950524794862273
-0.19655639598775326	5.790071269023457	-1.5417703611965154
-0.8616609604221441	6.162939283727346	-1.6484899624273956
-1.3956141901435495	5.847348941196666	-1.1473524549981786
-2.171299602481861	5.072128255570298	0.34345638220220553
-2.4173624629462713	5.230787073567722	0.6715223606121548
-2.7523011946869698	4.211139843582337	0.35684502074553026
-3.1160432651010046	3.502404363293158	0.9626210175749208
-2.9686726953932974	3.113755068159342	1.7525260054973921
-3.5152764702794683	2.8592040894158837	2.5437655588348833
-3.238295746977208	1.7755128920363874	2.1082508522925334
-2.883319020774951	1.750732221066557	2.779773387778055
-1.3270620911138726	1.6688856182642082	2.369707960753679
-0.7380206272753402	1.3526430373818386	2.6309771171306666
-0.8275284395972208	1.666938469863614	2.2437083678867022
0.006184825936756094	0.7040683969523516	2.707733987322028
0.8427283973358803	1.4047446410046889	2.747018441476385
1.7233922650708549	1.6118303499328486	2.3886589490177745
3.025266824691583	1.724133320354643	2.032645425103713
3.4545949582250306	2.219686053495379	2.1817975001917187
4.516931648439183	1.0681641822936379	2.1744843196721924
4.734291044574797	1.476842304153728	2.0591243508861377
4.95943476970734	0.8529928113147047	2.48019070133473
6.360214098891782	0.2829477314855564	1.8501524208552782
5.8669572740348155	0.5136161010122873	1.4930623673390593
6.884470603136579	0.27888643284074655	0.33089960258823586
7.247214172540811	-0.7468866759491615	0.3917440988313309
7.1579750252128855	-0.9562348683172401	-0.4429153311887184
7.2974715775456565	-1.074188112304531	-1.3022730122443282
7.2820563929772755	-2.219294025486021	-0.380943166648386
8.065931720740412	-3.463550755642313	-0.5378428878670236
7.369016506763455	-4.38874369095718	-0.75337625563265
7.6113863571490645	-4.9736716772827965	-0.762506048994972
7.048855241617069	-5.0894384333297875	-1.3625109194565903
6.403501297063952	-5.990281596291128	-1.0659146803724577
6.308341202674551	-6.578873622794008	-1.2272747941294244
4.825700739275968	-6.0382745239860895	-0.9772749235595714
4.200705403445188	-6.206083149091755	-1.4953606425883321
2.746478095050843	-6.345094001737277	-1.463452800238117
2.608922498939337	-7.278503697965983	-0.4129727423654932
1.896926593398049	-7.239254481196827	-1.0984733220839855
0.3925248143122134	-7.189330378158744	-0.6157880779918896
-0.39895916614799326	-7.05968023192891	0.08284032153225407
-0.43359632733134934	-6.500450711330519	-0.046441025191604646
-0.8904667305465794	-6.400753017213251	0.4104132415206583
-1.8024675700775648	-5.578418401162265	0.45412465297426213
-2.891570239113884	-5.709052874433997	0.8846358101869168
-3.0609415583887447	-5.1631199729553865	0.7274052568990049
-2.7092084854526295	-4.006182317471736	0.6619378695641697
-3.5819039953276643	-3.5554708922472495	1.1127346255272776
-3.5454826763953253	-2.2896017304699656	0.32027048415532544
-3.0665538976473705	-1.9759859637886446	0.38484888732002326
-4.006884954437461	-1.489961773354757	0.06023006818075377
-2.975880418458151	-0.7027354849600718	0.6232018086865382
-2.4724626678997867	-0.0647619605536017	0.37506429806911495
-2.386928501325772	1.4320614637567404	-0.3625653857439632
-2.5839760033734236	1.740978062795337	0.03460751879458737
-2.3571090337891483	2.4190918834130057	0.9591120884144645
-0.8239060174592681	2.1624785054096107	0.7969373975957438
-0.7837283757620437	3.6094427632118427	1.261606951460111
-0.3525666093939021	3.021665246575976	1.8413502721567476
0.4010813892300742	3.836900487759716	1.3797216446467675
0.8959808356328984	4.631834360390655	1.5901615970559775
1.9869091053820602	5.001567872894549	1.3456463842652804
2.45325722575924	4.520412754784642	1.4993848598079782
2.9648683423611	4.900183538760533	1.5221167966639804
2.9521324573594887	6.570421099367615	0.07662136437777751
3.4881849760255883	6.77839149360449	0.09748026734783932
4.279694383941786	6.6296352671871785	-0.028802414536414633
3.989705420439057	7.765012559186447	0.17043193262366185
4.679610477565204	7.949539029508287	-0.7015830120486054
5.126894692139217	8.79270163006924	-1.203139871131936
