5.205236922701106	-9.017324494581096	-0.14726216385867158
5.046933199023671	-8.54829083555445	0.22237880494787346
4.4597610285930225	-8.83205930696719	1.0857767870474244
2.371380247886861	-7.299805594851446	1.6265664744350772
1.465113102573622	-6.542081417734857	2.279764302155445
0.9645929575849947	-5.689549720870624	2.5413940665770616
1.558759717651564	-3.708376146781772	1.730847484344458
2.2919741190682195	-2.4679967460634904	1.2063581958603626
3.532403954300218	-2.533414063903334	0.5397515077650737
2.9031729795849097	-0.9776266615629374	-1.0517033965191374
2.941193762344378	-0.42150644967183615	-2.0671966770900894
2.0200824222665643	-0.4322123675350591	-1.0766885013393206
0.18237154075610812	1.0600620604299067	-1.496412095737856
-0.38461359098331815	1.2498464900084771	-1.7790597094722664
-2.6739186999649855	1.266639079747747	-0.8294131424044586
-2.1936828845335534	2.5615617600710876	-0.6762068417021414
-2.1261960254909336	4.163830665872908	0.8834135691153198
-1.2575830137744806	5.56535449007267	0.9068475884806765
0.4718251064734684	6.4264481346320625	1.3012152346266785
2.797718035030069	7.227404821933506	2.3632743737441126
4.8118986109314665	6.771748262710016	1.594855583930032
5.321571072355077	5.774471135575242	1.2529217277265694
7.267508758261973	5.324035856661011	0.6091660592616199
6.8016941303559	3.83694708043297	0.23942050762238792
6.164884261691668	1.7536864319439693	-0.5180993382866734
4.339874287355139	0.8373886959334993	0.11131195720414755
3.2859834130688674	0.2415258150304539	0.3137979539185334
1.7403249043446414	-0.11967215161752542	0.8468857850390514
1.2849312114793285	-1.6122766920554175	1.1235694912606113
1.0512333406265053	-2.5999865678678455	-0.2787107187565012
0.8574824336948658	-2.791020988443246	-0.8559987600426548
2.709940716658244	-4.663457054107434	-0.6997429167085223
3.5009115681393013	-3.61849086622898	-0.7117720130686402
4.750933873680486	-4.506633121997223	0.6622454494031813
6.58531896921144	-3.297502396248448	1.4208690088374558
7.695700203942389	-2.273504534768458	1.4606316983878576
8.136185877147428	-1.7573507327405888	1.4045624315872782
8.98642260599332	0.3743856253432032	1.1488234075708381
8.45976684580137	1.2205890916853224	-0.03113454393043945
7.957512235872473	2.9626498310519858	-0.26744523673703524
7.008009624440859	4.781494147025127	-0.9188997070009359
5.49963454225146	5.133838744352047	-1.8196664370106244
3.894111691821586	4.652115385723661	-1.2384378163382745
1.9672001605894174	5.4516653608147125	-0.8933407579828416
1.0333043636132815	5.679559685775355	-1.8343907695090347
-2.574718926415306	5.9429674008904065	-0.503512616243067
-3.8994424791366855	5.099966487259456	0.5911108487886345
-4.706526645706749	2.793641436214624	1.7728921386589453
-4.277153025448824	1.4729382670986004	2.866338621795294
-3.482952736816697	0.4611451631712587	3.0623586901830104
-1.2020326806710684	0.6026602646684692	2.291861765501511
1.5195411944885067	-0.1932426933696187	1.9016146515982555
2.6725642178334263	0.614018476830416	2.2008236060193997
2.836239006347885	0.3648500676787635	2.2921439010059594
4.164390725722568	-0.16140055392875063	2.301038529425052
4.458181229209074	0.22715352778773967	1.4328129270178902
6.392513653443267	0.14984902094680985	0.9270714480543251
8.330221618872136	0.2572478510273606	-1.1976968424958288
8.668432232535512	-0.9873915807605709	-1.566384943770835
8.805197719475942	-2.9322538463183445	-1.1261606917429252
7.82617575281591	-5.020647090143294	-0.5163875148621557
5.4723989721141475	-6.473443473107584	-0.866948796012158
3.9682055052367664	-7.0514007713083275	-0.31330448886377527
2.576748956761478	-7.471814001038462	-1.1090696857932931
0.6162766010175351	-6.634175393801645	-0.8089090432831532
-0.0033547806168208183	-6.231859774279092	-0.07050791930651568
-0.1711522848185273	-4.736664762902094	0.8024663955197633
-0.4106036965640989	-3.6588860889411525	0.8410377930040046
-1.2186010730576624	-1.7705677601948515	0.1393498521241503
-2.540151018026347	-0.7107726724809573	-0.42896032959017716
-3.0888279422971503	0.42338452388705616	-0.3355676857247047
-2.8913711216584455	0.5272342641438152	0.6888612013569348
-1.0302700165827723	1.800769641369606	0.4703704999697298
-0.2262504506807672	2.6086734233851576	1.5014255358243975
0.2714633592554004	4.000712039974697	2.114088370862507
1.2132817020410676	4.709915305592541	1.7336561780956634
2.6970163908860543	5.584560636412741	0.5206777456178151
3.275884408760667	6.516336680552135	0.459187486342019
4.748308604164333	7.165826380180801	-0.890364392602207
5.157701823527073	8.494626544136398	-0.47134288470495833
