5.390481715702929	-9.28625982833741	0.9793655223137716
5.54846376059376	-9.171578717707096	0.4347670107518674
5.244635689700767	-8.635131209214121	0.7803531148324445
4.814396547513515	-8.532316270200532	1.0047660091076411
4.77118215586266	-8.7596567689843	0.7216809877403616
4.329553025422171	-9.010494410504009	1.2603822825681938
3.484644272202804	-8.825896199488987	1.6930513793583755
3.493144678833673	-7.773549858995939	1.212568695640846
3.2041739638494935	-7.590575202112181	1.18109528732091
2.147845881278492	-7.8035828724141325	1.870560697665288
2.96592509261154	-7.286335095423581	1.4143818140787583
2.30572523434098	-7.295422707566686	2.3193165419746173
1.4123327811408086	-6.646543215669888	2.521959056483465
1.2342208374225823	-5.396590363040005	1.603145259459131
1.62615608866637	-5.49085572830984	1.508952615027074
1.251234152389384	-4.87639507573722	1.6001535787819492
2.2455478052417	-4.941866773967764	1.4992116551406165
2.0042561944140576	-4.953669226427369	2.217107398803998
1.3179678859782755	-4.046899930411331	2.3052027425685937
1.577457583935965	-4.193053619833086	2.3933394420442387
2.4470385315954486	-3.605593537795036	1.4450739493847204
2.2473632600736964	-2.8932155071919996	1.1030653117671838
2.918111231704993	-3.285617926343186	1.7231099516258057
3.3767097874082044	-3.2001463053466996	1.1377197643170471
3.0600669021293734	-2.102345337562909	0.3652112154296618
3.3287192322911823	-1.7418459022597872	-0.13571238404706432
3.022798023559888	-2.0733610330242294	-0.4091314078277708
3.497137359389675	-2.3040216329725625	-0.9927107652100189
3.786439411238434	-1.8016734494219515	-1.13249007564428
2.720563812126975	-1.2225352703719574	-0.7767874637331857
2.9329221053054386	-1.3724432800479471	-1.8917934740024867
1.842361441287243	-1.0893100181344024	-2.023402713810024
2.4018514955661856	-0.11124800127602497	-1.7018574503452069
1.8198763199482837	0.037042916049533914	-1.7558954258014625
1.4426964800061883	0.46586532204646003	-1.2804319863684435
0.48468593289928025	1.1622999262331362	-2.1093868177884936
1.1066902240971244	0.2340804075891241	-1.679797318486524
-0.355506707138541	0.9991189045484614	-1.5606130452176397
-0.11925290308612224	1.0884888148045597	-1.7710726250182756
-1.046545396012744	0.774323332853299	-0.8242586477346767
-1.0203110382403557	0.5906386946138895	-1.5195558934570275
-1.0284024218138148	0.4984470419884991	-1.2329453524833547
-1.6175922648403656	0.5364809846296702	-1.2982277143764644
-2.51158319318677	1.2468128680574222	-0.3321010206944106
-2.4855653914218405	1.8261274499549245	-0.42581078592880894
-2.4430161421173278	2.71594624021135	-0.6498760797242618
-1.62058868490477	3.3171457827607	-0.1054664448472783
-2.4595452953126444	4.376478325886216	0.18489380634413397
-2.1978276895518327	4.05472214054139	1.2388153153868815
-2.067702760708482	4.800774436417662	1.385487704073339
-1.488450634426985	4.627472805388661	1.1652082837647262
-1.3009444514414297	5.412517702975614	1.5261492021881111
-0.9083011115143286	6.48106633328122	1.5485038403371885
-0.09786153118567409	6.031717306372982	1.346895226134468
-0.5631967715271654	7.067674907354508	2.153039300225351
0.34311133854536846	6.661440541048766	2.614235145404834
1.7600329279560607	6.8365665424762225	1.788316104413242
2.9060926631963904	7.978591904893982	1.7894847718372533
3.5630735771043867	7.801586328753895	1.9583745675193787
3.51340978627471	8.012680630202388	1.4455277391337715
4.734808982678414	7.514524602905039	2.001189859781463
4.229026997365311	6.961953056854658	1.6664002494552093
5.301255485573446	6.884075587860227	1.6047428484241626
4.947274757535235	6.421079722151582	1.4735448123039274
5.382014287750659	6.355467886618893	2.023343290585736
5.755212815950542	6.272272698573326	0.9134036176885091
7.2467866845675	5.622940305796272	0.7638306302279643
7.020203612952227	5.067289706447319	0.8025522578938191
6.002605830175473	3.788638612935629	0.6194444949005767
6.697760674526782	3.6785414573498745	0.7953871173402598
6.18259130071336	2.7625627698250272	0.938621304324126
6.518733090506862	2.764566788140475	-0.28118699838531064
5.362640477264062	2.5553440472977167	-0.5141228810500992
5.078371534740501	2.0686086891641713	-0.3206654455938338
4.967205758408397	1.8098938209950644	-0.3405581514490856
4.151444625117962	0.43275833824710774	0.7904832369786627
4.692509513843097	0.35705716678587773	-0.009126891603709442
4.033544428086282	0.20657905276049482	0.37175380061574154
3.0703787317430207	-0.04010263167961259	1.1144772754752936
2.932758724019629	-0.08338068282328559	0.8987843632117094
1.8153606041096075	0.1480954867964943	0.7640019822692797
1.5416137343345124	-1.001309102832564	1.5531963515113367
1.7454118389933027	-0.8477405530503097	0.7207314047019814
1.0327713411602866	-1.67977793812632	1.6782678506863795
0.5168134160591681	-1.8272864825329729	0.40923244183375473
0.2987721834300735	-1.1865549878556294	0.26336876550699456
0.1458767323286569	-2.2997554812101857	0.4462203672066814
0.0891749713260258	-3.012598530947308	0.5073563207563407
1.1602729421244227	-2.753743347645555	-0.8020925726765047
0.7177270904141534	-2.8353965299731265	-0.2274247935857434
1.0529759438150954	-3.786182519564136	-0.32155206091015054
1.5180885282077656	-3.3624006601274576	-1.323373139705391
2.3499628714995295	-4.1620747639370945	-0.9408015215004562
2.4731719245110972	-4.068579628679927	-1.1524398180396638
2.90404559118774	-4.362104714218456	-0.6846322269815863
3.0180068889281513	-4.12683181727575	-0.01836253579814251
4.089527723533075	-4.818895430778742	-0.4698360840886504
4.836046563265473	-3.876334425517535	-0.5151921401149246
4.991276037639485	-3.585781815934693	0.039289739468518714
5.2288786980758	-4.286746201167221	0.4154400771661815
6.223667261654176	-4.172328756135023	0.5425848399855449
6.263797503617469	-4.009106514369159	1.1457073203301236
6.5916113132716125	-3.0598222837445292	1.1112479890753792
6.442816671951986	-2.8968100745782897	1.8218536983864513
7.541627073441512	-2.8820285060065616	1.636421935021953
7.961815615856752	-2.9893880850462686	1.00383143150219
8.585213409973983	-2.648638055234601	1.7567198384808855
8.475164877307842	-1.3265088487260155	1.7404541975585186
8.848420471689336	-1.8163736805453268	0.9727657846591542
9.167175925443726	-0.5948117881351966	1.016051156520653
8.828358254598708	-0.40564981388981747	0.7304934623542196
9.228031949276211	-0.4110026296001465	1.027185471763317
9.467695314182379	0.9510768774738458	0.49983080505268324
8.982386542445752	1.0996336295817075	0.4397143703907689
8.583381004351768	1.3703055808843636	-0.052265604887819936
8.193653655439418	2.9485077555153913	-0.042377431226021334
8.180570326785507	2.1697080480154445	-0.2549802913297508
8.640019729538349	2.685382277690385	-0.3812372809078872
8.58711909039472	3.105404423066985	-0.16772173121339196
7.024892564105366	3.9116075402274273	-0.33611373809501344
7.282270801932057	4.134203608838923	-0.6765316425093235
7.2358547536645546	4.377182796510566	-1.2137744450555616
5.85299305321594	4.11559688206448	-0.37444135783752763
5.23909560775411	4.652546269500607	-0.5946273159060502
5.319377244650181	4.801441657947362	-1.3428619084424385
4.728939578546988	4.821014862218744	-0.8829906949334971
4.42672614934725	5.005564955974714	-1.665478340733835
2.84341552481765	4.948041017514407	-1.0743764316120434
3.063661286401016	5.656568405388649	-1.4075769947664138
1.957538203565273	5.778131866014663	-1.6395316245122062
1.4022770313822093	5.412459008415786	-1.0825056263377162
0.2561647857248498	6.477251128879202	-1.9234454176368998
0.6820213568194058	6.153791896444639	-1.430515502699536
-0.38410589828734976	5.8265393202292595	-1.4560684182279782
-2.1886022837704	6.663019623224112	-1.1687338429103613
-3.079612270325896	6.089855649954997	-0.2252238957801196
-3.8008841712293417	5.713220504809382	-0.28673182991275964
-4.458341470819976	5.009458082589395	0.9012114225077702
-3.6862630617987815	4.564813053826972	0.46122942135581735
-4.98623430169227	4.618402847272963	1.3327317758076302
-5.315587059218284	4.432231742959055	0.9276770083816541
-5.556765249602465	4.202063984604539	1.5823763400790798
-4.294435126283022	2.6522521207505476	1.8054198692542545
-4.826879206392041	2.333375338457598	1.7241304977301732
-3.899000135810396	1.6165645921706946	2.0280552819496043
-3.4922179285265633	0.9844095614920638	2.837677962921795
-3.9953250503426996	0.5444567202675554	2.1799826477056317
-2.445275018800858	0.6424371517038392	2.531351091947955
-2.480694587204649	-0.2590259356132653	2.2249178127029126
-1.9725284437939425	0.037947659679847756	3.236331389418626
-1.3670996599361644	0.31284207764311656	2.43173657358503
-0.33225639365597837	-0.22767077276130376	2.270939779304252
0.6116094333952604	0.14409455909445923	1.8806344416719365
1.5020818415476191	0.03503824073735695	2.0038900061399008
1.045273370742244	0.2436421865117737	1.8606933520743605
1.7847479866446225	0.4611765818722109	3.0227734618285806
2.6462451602932684	1.1446590942995547	2.5317739613233314
3.3250862894336555	0.7076390468805339	1.9525844857248278
3.0259811309302638	0.1884353200202043	2.3611695027718653
2.8731908780620747	0.29650811886558504	2.8073482203296023
3.0887628625168118	-0.19752456726295742	2.5593686590881033
3.237371998778393	-0.027037451954102787	2.7393913212947605
4.117073235585676	-0.41562423830097883	2.333032814243057
3.7915546252432035	-0.08747837643086631	2.6079969639068907
4.951926890155491	-0.7306505057866901	2.3948493550896606
5.142253825757951	-0.6783142351815837	1.850902218780059
4.96675859050457	-0.035324124615096375	1.7066941900889705
6.009378062864427	0.5899599870827416	0.9230278220521575
6.477615736157808	0.464832382777848	0.33016957019746423
7.0595497025722675	0.2693983578172076	-0.010661121510604998
8.176204465908464	-0.538533317101979	0.04168421197228778
7.586093799199538	0.03967821900143398	-0.8460435815021489
8.274715948352782	0.06960038249237765	-1.0280485997328515
8.518201901739454	-0.5801088712458489	-0.9292736758243008
8.19722142376359	-1.4605155128274336	-1.0788334217065114
8.822519082166021	-2.3049540042417775	-0.8686375920614671
8.776620529873187	-3.292160707219729	-0.6428334149535533
8.529806226381318	-3.363829224818483	-1.257355404013016
8.191384406894558	-4.0171223486536105	-1.2582461073417188
7.76516707910165	-4.942371627446033	-1.011825582547563
7.474227236680878	-5.083942520099707	-0.8735878490923258
7.0926207911791375	-5.278758160970243	-0.39797296044695796
6.171348619342208	-6.145849119689921	-0.4261031447553083
6.314917758004434	-6.675436051563237	-1.2155761852394793
4.9633056585544155	-5.808362710880714	-0.7618272569523117
5.05923106693697	-6.1550252294751555	-1.3923805246704588
3.9909508559982303	-7.149436539095638	-0.7617862815966526
3.300129728571114	-6.33806306139855	-0.777646728750645
2.495351675821074	-6.1434534313785125	-1.3624791519150143
1.992807614314719	-6.628343611524021	-0.8927845088261661
2.1270493937241968	-7.100549200853699	-0.5945570547585022
0.8517276774224188	-7.11540652593705	-0.691152717497218
0.7660259234617917	-6.297109304716165	-1.1130053606311265
0.04526620965335615	-5.747211567226206	-0.7296004834465746
-0.22176400420862724	-6.425652091927766	0.017808368542514108
0.3066533185008057	-6.205516058440056	0.2351963364882006
-0.0661203288896337	-5.7050193374221925	-0.26538887699952846
0.17479454617012657	-5.019717493391099	-0.1617745741965142
-0.19682322629208493	-4.586796448384224	0.6786869657714378
-0.9467600009526388	-4.134460660371989	0.7535125703086991
-0.3894377370607667	-3.142422149456276	-0.08290819407113775
-0.17318917126937172	-3.350669243420043	0.39934755763042495
-0.7371028420505568	-2.3827188633361787	0.26643291104914385
-1.0531010702298211	-2.904086476674812	0.41408910405621957
-0.8910903621812674	-2.348468721446882	0.13893010328467237
-1.134378265962281	-1.3898677870095044	-0.33582159548789337
-1.6295504646488745	-1.8430209702321436	-0.0053811644097495615
-2.293093033917866	-0.9862556296417051	0.24917505723732147
-2.5709359513991195	-0.3908885772420312	0.1542359341503141
-3.1686329950492085	-0.874166214718364	-0.4185380003069127
-3.159305080720188	-0.5952778979817352	0.8722734103709465
-3.184004093487659	-0.00755925061011431	0.3305418639879163
-3.0645206048103555	1.373541875325852	-0.439590953710619
-3.0224811583344495	0.8619895795347209	0.34262537516226715
-2.7733324385174027	2.197809949724054	-0.3203553615985308
-2.407657191264392	1.7313260469185645	0.369797789328148
-1.9603067262644618	2.372390254153817	0.23805357976407865
-1.8160568675656512	2.2092707578982425	1.1204146252372744
-1.481757055232496	3.5605406817401803	1.008672732988317
-0.28433929729969964	3.039822035345639	0.8383571822437956
0.12812556315985346	3.064507348054159	1.8840312887503572
-0.4527435832028812	3.121941385085327	2.4382916927304827
0.9185141328873898	3.822197737616295	2.2406015786981692
0.5914957169287064	3.465106672751926	1.9504991759327914
1.9290937694311139	3.7593534087774	1.8509133270343128
2.108734477073295	4.564533917128506	1.7917568548560099
1.8533503349889981	4.77741354890261	2.303081994589358
2.1242250196502943	4.842954285254773	1.965210770253687
2.9850035426818637	5.132333780107222	0.5814496510824856
2.4714653685452936	5.311142514881673	1.593073284872171
3.0461499015921447	5.809657961135738	0.9996800365396529
3.060144921339065	6.159910841734806	0.19779693678464694
4.24737336542193	6.836254053892554	-0.4322991499130774
3.426988480561352	6.809529363931779	-0.03129916645030584
3.639015917860824	7.279675502854753	-0.15040718535693154
4.211103687838513	7.974650957751679	-0.44574820162411033
5.1449015138463885	8.379518254068365	-1.1706147003779768
5.570261793085481	8.430645425491559	-1.3196812084655627
