5.702972005751446	-9.610111783635586	0.9526750247472786
5.016718284957782	-8.949701671549287	0.4781500961317292
4.90724541732044	-8.635940848936816	0.13990253047356813
4.4314281264729445	-8.81112218701216	0.40148820255086215
4.466157924472032	-9.092809149001035	1.5383023914493235
3.4974729326823546	-8.141598887582877	0.8401647709200142
3.2452376314960807	-8.148961463237212	1.7687081563775575
3.11577179522977	-8.425009651421668	0.8381618303523344
3.7405070879664515	-7.797566279867373	1.2747164379157783
2.27101296151782	-7.059585468393039	1.0623387477270818
2.434031750849016	-7.36290674148611	1.3129258520169338
2.8983313875128554	-7.0635842798443775	1.3597290894537384
1.5677613103461185	-6.632490094872865	1.84144543774263
2.1164507551922305	-6.571201910908735	1.887889358297796
1.6544763065461843	-6.0922528200801995	1.8441654944668227
1.427765721361796	-5.317255120544974	2.0163222028337695
2.0028796541914606	-5.01851229513744	1.788061375847968
1.4478527997223165	-4.205271612223104	1.4433875756074164
2.1748886870187913	-3.8623908114511907	1.6549073900129823
1.656366588612098	-3.5518182435031616	2.397894941458789
2.533485001454702	-3.21456288991943	1.2644985196724114
2.716391847752473	-3.624520856927534	1.989467830772773
2.6379173636787177	-2.963065590585562	0.9534967462789814
3.272721434422445	-3.227676154030691	0.522585938541124
3.146073928779443	-2.957336608623589	0.013079138497633376
3.0896231739993087	-1.799430558028787	-0.3701294171341611
2.8046607321178314	-1.806794036155583	-0.4783407778759352
3.2015297488425074	-1.9932512520255061	-0.16971819535728327
3.86870112380051	-1.95297238417865	-1.531455862659718
2.998468561665871	-1.0556717036955863	-0.719127041366443
2.7073252493296778	-0.6883794193291406	-1.0512366048232873
1.9476385865777792	-0.12214044403685831	-1.861204579251233
1.916458873532748	0.02017167417155208	-1.4156931073933134
1.8747802808935927	0.05916140550629001	-1.4717620372471616
1.9426211320425266	0.1309678812632743	-2.145147471699942
0.8148005643385169	0.7752001077498905	-1.6841205634498038
0.6334845065385617	0.7389147110631745	-1.1056627921577102
0.7785484373752138	0.6746030517361625	-1.105284047981353
-0.09695029485430584	0.713733262692025	-1.8103300077355162
0.584169076737951	1.3947042923147817	-1.6821988239176715
0.31521708210469335	1.5825072034306924	-1.4264120854315407
-0.34259457672528393	2.8185023630070103	-1.1702565194758845
-0.78407281460409	2.8122565420565984	-1.5843162166077265
-0.3690436268625097	3.523438763258522	-0.9043380830274361
-0.28042404242563457	3.404046888688661	-0.6803540034199199
-0.13656246028797903	3.881341315542633	-1.1845775664787213
-0.34394504983800417	3.8613401510712864	-0.17585920333806737
0.3107075785866301	5.1113921885562075	-0.3484486598988778
-0.4531966024329159	5.088781825870051	0.9750538950149235
0.6273680818895796	6.094408842554921	0.19875514846030262
0.32466834134055184	5.711809239059552	0.5227143736507393
1.1665208947100074	6.497259020353997	0.7841592205664529
0.6068222187233685	7.375500451138626	1.3914603260588054
0.6863888756636943	6.706563600671846	1.6739786508217107
1.622068086526894	7.566712531173415	1.5290720059774263
1.9019265365409996	7.432718293022041	1.374264552013483
2.0877997888700075	8.049436690635241	1.1919620487749283
3.3935123541175156	7.533384815098808	2.2076936240056564
3.276768918182149	7.213726237886408	1.9211240261694016
3.8360123545071487	7.08612707570944	2.173045667596046
4.199901565395738	6.9692723567976325	2.233383570089247
4.373615376978091	6.8548023412493615	2.382411321559242
4.5313369196112685	6.269670383416626	2.5506797709674704
5.779952967518875	5.628813153760734	1.8010463230938427
6.148535802410982	5.164317611060475	1.4631521772082916
5.957551504213502	4.638899385422727	1.5524368081523157
5.473202772061877	4.578684034126957	2.0138108624969764
5.571019029059506	4.110996157294517	1.188120788972235
5.411003032255534	3.688705359282202	0.718304024323811
4.974307809175524	3.8293729844200755	0.17048717249746245
5.888476967103868	2.9480881569995603	0.43553159194308566
4.8678551355536595	1.969701816442124	0.8387383046197718
4.516858635591698	2.8414187542534397	-0.35270005589415665
4.464408503770294	1.957260001754649	0.1697141919397579
4.271827818514964	1.247237428779747	-0.1202609281886568
4.425792988690699	1.5544041615668873	-0.4139509533468797
4.248496999081949	0.91480553691097	-0.09859691586757807
3.607179476043166	0.66836379138784	0.6347299771784519
3.8886132747942317	-0.0551757198015822	0.4413573801525994
2.883487800835658	-0.7719640323263952	1.0806013463709183
2.4601761930152044	-0.7448908255173643	1.7597019716870896
1.6853065642892415	-0.5300857194565893	1.7821352171479687
1.680746794509055	-1.1574246527751817	0.5704064906507624
1.3847847807492237	-0.9047727767365139	0.7930501575819471
1.020738536197888	-1.5952832434815334	0.4071751820816495
0.5750797094711994	-2.2950354508603454	1.0426195788093409
0.4910562280563413	-2.3597450641812654	-0.19349823367387398
0.19689179535400417	-2.761581353517745	0.5638250581150712
0.46079520690164033	-2.825605863676595	0.22461022808803788
0.9280820600125961	-3.122444159411057	-0.4799777399103793
0.7076352532420307	-3.5445226699536665	-0.9365025101441449
1.072582024978411	-4.15799341428012	-0.9299647088044536
1.69791037909601	-4.49279915775884	-0.9885017973163353
2.197615599223581	-4.084970496714403	-1.150409896525134
3.256927743526574	-4.571433620600298	-0.8665903739444389
3.859848341336508	-3.923717213912734	-0.5966939114025736
3.4350165811311015	-4.408829335709019	0.04104336262584263
4.047116272588041	-3.4855265899971686	-0.5166935907399826
4.4087986713199125	-3.6784256254971233	-0.2566648389883023
5.033521852533261	-4.019452950129321	-0.06139908453260795
5.286186567702013	-3.5643464909643696	1.0127399134272155
5.728990097385082	-3.8172551729714583	1.5147801153295881
5.931686650268071	-2.566276480433525	1.1488263681864188
6.636705650992316	-2.95532799591909	0.9583221563464204
7.037470634582674	-3.1436517701961435	1.6429840439618606
7.195533154222913	-2.3177412989439787	1.077617781250928
7.636924064187332	-2.478253769154672	1.9719980089338156
7.875165683737168	-1.520100297402401	0.930310017647458
8.747578494006495	-1.030534380342023	1.7029710405628522
8.737125134055852	-1.0898626222847372	1.971742428273525
9.107231315496216	-0.6307140548724072	1.0004338506833481
9.381966864497706	0.3456667541751889	1.0761972914589377
8.910599867891639	0.6992014208754772	0.5308060882239349
9.625510149037549	1.3754217843119965	0.33664409831834474
8.69202596284821	1.171223162239139	1.1888223650392202
8.31610126435761	2.258623747103673	0.8612483973503507
8.158254940424236	2.757828013467191	0.6968516532517756
8.318473557367984	2.8207863142348786	-0.33969836986869006
7.728252971441412	3.0623032711026514	-0.7047951838423385
7.687783927290659	3.6733313016207476	-0.6923411332171308
7.3185716624145964	4.630997274898674	-0.7812857089244731
6.503117772803125	4.484094896949953	-1.3503223649130927
6.182615885211863	4.2677730764079325	-0.7954109867110077
5.204945467800712	4.507353786080072	-0.7119480626784578
4.969859497167919	4.709931607720946	-1.7163670987573583
3.985063875881169	4.66612234234042	-1.19372631100596
4.519414263164804	4.774779416365128	-2.142297669486819
2.7577133677730385	4.935703228388879	-1.2280375667566674
2.9372363179123098	5.091834548096658	-1.3082998307046911
1.6539701251023669	5.136305221434631	-1.7205533191471598
1.9317972633596472	5.269450976718705	-2.0407425572336355
0.3589578885382078	5.997894220897882	-0.9271767577566548
-0.13506894656991475	6.019212021182128	-1.2725814327181588
0.21690657497943067	5.5975833719180494	-1.1060196958302675
-1.391853712852196	6.313869060917103	-0.9958642695889337
-1.582771850087118	6.495434694529722	-1.1932077334052678
-2.4409321808422706	6.390951887245226	-0.7772748530786545
-2.267709985359173	5.322961731158283	0.5591108661886388
-2.9191553117752145	5.227413984023708	0.021141126859682002
-3.0211797094657205	5.555531158696256	0.225310857813854
-3.186507334588227	4.04742839224662	1.2827351589716263
-3.0602384296226646	3.672822347991014	1.0691237050935234
-3.8101883309553415	3.8430061750798425	1.9011978343399565
-2.7607591789327617	3.108041199206737	1.8321749642464231
-3.1862572797937063	2.2616640331492475	2.2432159134275134
-2.351822762777927	2.008886653211359	1.9635044852647074
-3.229805884138271	1.9594113568983673	2.585775229338059
-2.915084840611326	1.9241809003625499	2.498541255589306
-1.8972933783772834	1.1676770008729351	2.437570288072983
-1.2509105634527318	0.6214654214252263	2.0435848579642184
-0.7025649913557834	1.368584815783541	2.2658389942950943
-0.35399193346112834	1.5833447064627941	2.0177489598577254
0.10041327818486567	1.0293787972950632	2.00241889956065
1.0359647601780237	0.6703831214757286	2.279425632587219
0.9530671424923055	0.8571473960922966	2.317456613495892
1.8671890141574685	1.3515015977465015	2.6229572410666657
1.7496870390774373	0.9927711058792947	2.3361921393480256
2.063329758303008	1.179453664134864	1.9950220322915269
2.772983275672909	1.434894736854473	1.905176518748157
3.895304079578906	1.459674451280928	1.9670149139383653
3.755113188299932	1.213868446948127	2.409775141359162
3.7082152753648683	1.9303134900868093	2.716932782514831
4.245082222377192	1.2649019060998978	2.655706086707987
5.933588986370653	0.6973526206207876	1.8341611923329209
5.25821962961745	0.6392581857444136	2.5757441877980285
6.436651324688478	0.7355614359829006	1.6237163445659444
5.97395033531384	0.7074744654601748	1.2051696269493632
6.704771514433051	-0.09245740587455892	0.8426096929984845
6.948332732828882	0.020269417440485826	0.6878065754772195
7.232422106229738	-0.4995321234603245	-0.13539069391506708
7.1778187568588	-1.3682400271803907	0.3624111481748401
7.249598025137904	-1.6069474368879513	-0.8579931459500905
7.660931069603721	-1.9902987423196523	-0.7133058845616016
7.841827824983765	-2.424694137141751	-0.87346649344372
7.201625485366863	-3.025076757543208	-0.9455093265355194
8.008400721996994	-3.4588862546271804	-1.3887055913150803
7.444766848496643	-3.613228364920833	-0.7123176031536265
8.00385738007827	-3.983933875670208	-1.154284251612618
7.609521339381102	-4.958260136812444	-0.8202694409102338
7.408621072745481	-4.85675321878646	-1.3883683157303994
7.242340978110849	-5.3431238961063805	-1.432234115153908
6.910432290612404	-5.347182781271152	-0.6999337743481829
5.993743380105033	-5.513300715572093	-0.6265008865367998
5.663635302875063	-6.5798103380956405	-1.3825062554427276
4.884490205857471	-6.089486942346589	-0.4806764904290597
4.864721652338356	-6.669703680840817	-1.071122061120227
3.7170186642353156	-7.119082657018287	-0.12745143857014685
4.3570618561271734	-7.164606822900415	-1.5287131312812294
2.9595952190406782	-7.070076192688339	-1.2392726169676787
2.0945668995913267	-6.419812443917215	-0.974255194221651
1.7222590831724343	-6.915577562843414	-0.17103452826179644
1.2205936726101312	-7.275823300494744	-0.427077043830586
1.517179387903566	-7.503613149060837	-1.1401469075833548
-0.14164362023105675	-6.980983452615817	0.4054090724291213
-0.8629316398823257	-6.754738287559639	-0.08224370612381282
-1.384237428826805	-7.062997448828127	-0.07094079946595833
-1.0373897091839295	-6.024658448982821	0.07620686924467146
-1.3617730588783759	-6.57913411517109	0.8542997821911361
-2.006748464053417	-5.5818939091181115	0.7102090268673409
-2.00504485187471	-5.158399377516439	0.31621645357286554
-2.943050021293282	-5.057306637764927	1.3787579612694822
-2.684179179382375	-4.616210336556558	1.0020963275549886
-3.369886491489785	-4.266139042515737	0.6902682327013382
-3.5010056508559133	-3.4495859433775844	0.45200076627197594
-3.693491442421715	-3.1092745272295517	0.9728196589668945
-3.0256216970331717	-3.1791494813036185	0.680718948135799
-3.186850383771048	-2.223714726611643	0.6567412744858702
-3.5553369763004747	-1.7078758563187013	0.1638497118596156
-3.754132562734	-1.7566515716512814	0.44524247598327227
-3.571804865524579	-1.1381452212002863	0.28577785568633973
-2.8669466359381626	-0.7742620300532401	0.20373050141772786
-3.5780989980634645	0.3434598557200088	0.3695365864460267
-2.8453685291690456	0.14023876306563415	0.14115849906298195
-1.9548757544047755	0.8024045494961001	-0.1851502741068186
-2.7855868055141304	1.354430263950519	0.16504286464706386
-2.1079801933648983	2.073628984942232	0.33837677799722854
-1.095825534499061	1.747914587938926	0.6555234701945966
-1.5924729554019101	1.9934982251759223	0.9999531056998014
-1.0859838752670659	2.9118585418288263	1.2810575710557417
-0.6648000764970248	2.9504867473152747	2.0240680205503128
-0.876724458736612	3.9726539018489726	1.2029850945001155
-0.04891194061790416	3.4545804425792186	2.4805951946445917
0.120650928272223	3.7354407950862147	1.4882504586617706
1.6365760342462068	3.7834375022061604	1.7788398463132542
1.1498297472335683	4.840699133289359	1.9421246722001966
1.3243243777154985	4.670798797367141	1.9411142045145537
1.7850628979479823	4.381657070316194	2.347331236063207
3.301322560175219	4.576325231903131	0.8282214757558988
2.5272152609184113	5.047449274999927	1.9161945987981643
3.226168492917896	6.133098755372533	0.6265184296733541
3.3995983132581364	6.311430624857155	0.9157442224319193
3.6616019410519014	6.868781377981919	-0.40564808255971696
3.3599903195729626	6.807288096037807	0.32699951613176426
4.092083883289267	6.7617891902491305	-0.3567760546660835
3.9556226704006088	7.995491134503951	-0.011737227614283308
4.317450097574604	7.914529448275916	-0.8470475761269505
4.363360151848939	8.702614628574935	-1.1248343819940247
4.4645182419623	8.311246561926051	-0.40490091194940914
