4.198056295753553	-10.168758186372473	1.5033419251987779
3.8654082795612266	-9.275503376953035	1.4367441232518954
2.9370707668439877	-8.94707407928499	1.9717790594357052
2.1709546207131813	-8.58592271097591	1.2818572724624844
2.4706125396409884	-8.83225950580131	0.9872870704673141
2.741701751339003	-7.967990298571121	0.6244432723257132
2.6928839154639754	-7.4764348191637815	0.12148137882885411
1.6879070527757605	-7.353875150110908	0.8432257007509264
2.5606701709018598	-6.688960366956986	-0.6629077205682685
1.8460988010212447	-5.838612460785126	-1.3083793922716982
2.47792195148378	-5.066160817289509	-1.236901264812931
2.8547471784490788	-4.803318791551645	-1.1171046838323277
2.640204891261958	-4.03071210303635	-0.7750834808628566
3.392407610263926	-3.5220439905160412	0.2222786523662888
2.427689349738574	-3.070031078398285	0.9826144677562101
1.5928428931178014	-2.402775102419006	1.7025326491481956
1.7034602385663864	-1.6319355088299914	1.0879779913240535
1.3787724429279704	-1.1786734154824574	0.9411014786643745
0.8264262580718559	-1.2683068065170358	1.146937292083405
-0.1135768806765998	-0.443190106339608	0.6083448339132822
0.4632190258409668	-0.41827698212944475	-0.0774293659893327
0.1622102090603591	-0.5198400329549242	-0.6777368283470184
-0.13429082313998808	0.2641866246691018	-0.7354565725193329
-0.9154558895228959	0.9413095913315204	-0.7227167371969978
-1.1449106153873516	1.696400724240543	-0.8281191048840828
-1.2178896915162025	2.7125103503270394	-1.7802770038857756
-0.7809346370103469	3.5875379359713517	-1.2528364524392872
-0.8082217597757989	3.869447833489573	-0.7415201128900228
-1.2826897614685455	4.499705175715656	0.6143954283509051
-0.5552222956856713	4.3325823459941395	0.7184010673605141
-0.39244263952361125	5.092520507105799	1.3980418805543275
0.4512743755790434	5.574746534993285	0.6957587078650218
1.0071669892895583	6.091733806693119	1.05607535100907
1.1729253201665568	6.3867854910318576	1.6701682047431936
1.297711034830152	7.129277303410701	2.4695877126434382
1.982088298786123	7.307105656916644	2.0116103705686235
2.6274838832884644	6.333117429088939	3.178347350169121
3.2347063976588792	6.416777950713085	2.245540850039382
3.8680154351918783	5.911225193008925	3.118961909488372
4.068303865918521	5.3366479624263246	2.5025500591004692
4.5507769185639	4.50831098072862	1.8958180872542534
5.303221994486282	4.510437925124993	1.6379058887310975
5.411054975804765	2.9996498314791444	2.288360356972264
5.381752981617067	3.379559384593424	1.0983677726224703
4.897123339268119	1.9471396622490242	0.6654298825880743
4.398817685614028	2.1972960532627503	0.2321895514751742
5.119502740287895	0.9972761976136695	-0.4363473185199748
4.299589412311632	0.30717978222637826	-0.10894139808849279
3.869693836144857	-0.07529161512123922	-1.3356754748960316
3.495286990647916	-0.6104923895618055	-0.8110572610308999
3.270011020311169	-1.271024291726882	-2.0750600953448215
2.1370848705582963	-2.126832873083337	-1.1581348673105192
1.9656017635348793	-2.3653959656343098	-2.1181993978233113
1.2204094068642481	-2.9766112144622765	-1.5597519335166923
0.6971860507979402	-3.6760147315188103	-1.3102433344492463
0.9563329805294642	-3.9995139939775246	-0.48809405700880926
-0.13294063909491358	-3.4317235511541497	0.29712323966669935
0.21103005388937002	-4.906017909648348	1.315435817293564
0.7750757340617724	-4.783004700775226	1.1416495346331974
1.6739480718800097	-5.526883121613806	2.4784787549670817
1.955299629952516	-4.721982270554726	2.178040722862469
2.528376907703846	-5.610947208675918	3.272906350982
4.219172234058227	-5.424618446899396	2.4347958282805404
4.442613518669944	-5.478288484377072	1.8191080382184204
4.988122403303175	-4.716892208292814	2.095187384209421
4.770584674360471	-4.880252329682526	1.8519473932746144
5.250738680979797	-3.7715381668972756	0.706020970445707
5.553535584511613	-3.6659729026248558	1.3138610165234006
6.1235371977218325	-2.3582372479412297	1.1622643117353424
5.532071634012287	-1.308373372696701	1.3596526248498433
5.1013126415537045	-1.499136839997072	1.6173021326253147
4.0717086475175	-0.9729715893198865	2.738747453678661
3.809235520131641	-0.14757429111180498	2.2506605063135456
3.283938053515167	0.08020163398139657	2.5187635677813516
3.0674566005666284	-0.4528750122625304	3.4833848601224604
1.4324968108060132	0.003990664542489197	3.690183905001128
1.1730801889554179	-0.056831312193450834	3.0674859601620725
0.6923307987688725	0.11625974039870635	3.5519364316431377
-0.42685460192792735	0.1692277278233998	3.1475093671871033
-1.6311115622747072	-0.16978882253989275	3.009413499524054
-2.0745174307942795	0.9076398875442069	3.2148894124644576
-3.2957966658638354	0.21970427497862266	3.862189361140307
-3.3520447905697104	0.40168306108189356	2.635474836718328
-4.049896206242308	1.042571831928692	2.135308578080434
-4.80180418449217	1.4828597979786697	1.5297925509252837
-5.128011382513395	2.5847651101656837	1.410200395796833
-4.5473056007529795	2.0364275221726222	0.8394549140855518
-5.042652909823879	3.3729942050956128	0.24231281342070377
-5.591999592828988	4.227339627470149	0.6709967569222224
-3.943763840544533	3.989622195592711	-0.6127422871807284
-4.6999776119668	5.144734211536124	-0.31781818568673037
-3.7777484691282868	5.055815937985235	-0.19676765121558581
-2.985427497723093	6.198741923701878	-1.6718223413005817
-3.273417875239314	5.521624675030565	-0.7812465646209623
-2.5150094746363485	6.221331534286025	-1.5259717458057405
-1.2156453052733744	5.662976620020999	-2.4510166544909575
-1.2327512240194143	5.995293313708869	-2.1355353833951756
0.5466923396945146	5.0832175706443	-2.218041777620831
0.9540336290666735	5.526074644941708	-2.6915475430867026
1.6598352133297722	4.752759130863544	-2.337403572991309
1.8829220279372583	4.047439045893882	-2.8783408360269216
2.5852746448701915	4.206983192974727	-2.825918244943707
3.759564246757379	3.7731250882363994	-2.914471308510644
4.86837036079357	3.273302328490129	-2.8109256421181246
5.4648867555748755	3.718122480981974	-2.5049946974662145
5.450366615951049	3.6418290827132895	-1.853846945196716
6.319525892993234	2.8765884476810273	-1.3317006033364422
6.751667511656268	3.046834301663078	-0.9225511867810383
7.102782289078038	2.7495544102925953	-1.4708434181291365
7.804568448502087	1.8808542183401369	-1.3181278557522713
8.00101690623627	1.659267618090744	-0.9013773651886243
8.08633104088126	0.4772974952556083	0.44608592371664313
8.41299542915375	0.098305605795661	-0.6214527441080817
8.397453948707701	-0.7843596881270245	0.7208512652113332
9.455555910519262	-1.40615183720333	0.08244715661627178
9.246242993556063	-1.5191953063883672	-0.058237660811399916
9.38476516558719	-3.0352090697146297	-0.6161232057980566
8.405190166880221	-2.749230550951793	-0.3034493288196506
8.531630879028874	-3.8937472566310145	0.1310487639685387
7.559472932022072	-5.153895345816478	0.018876060916123927
7.278962730159712	-5.138413787145158	-0.558925740111132
6.799280825610315	-6.287421695809785	-0.6401461912945464
6.170697692171706	-7.308746728448907	0.07539290030076784
5.411595356158001	-6.987153239734626	-0.6053856608886488
5.201102380099831	-8.00945948729465	-0.769494174428372
4.271178690684757	-7.714607466638041	-1.212549782457636
3.6402261517475987	-8.137175123988797	-1.4445093463129624
3.3287056301748152	-8.452481902889087	-1.5172878232007665
2.2332194793010434	-8.561487918119548	-1.4654038110718544
2.1325307748886355	-9.234776924267125	-1.4776660157779282
0.03824438586437845	-8.083242129935043	-1.7194252710053668
-0.1337880652913025	-8.163346403041011	-1.413672834607138
-1.3680718987526435	-8.177386280037686	-0.4427019910849872
-1.188423100217837	-7.680842295856452	-0.7566154613860165
-1.8773898375841218	-7.004827198413185	-0.35707371489443485
-2.7670767768910567	-5.457878108154034	-0.496445598989893
-3.429521583582418	-5.114506250689335	-0.2515347785208871
-3.3382386599849987	-4.336291287786489	-0.029809685140667286
-3.3590930059649553	-3.9223358063964113	0.11414110750387152
-3.9399030873639864	-3.0362852995157374	-0.4619172452238594
-3.0538867706408164	-3.026611121773864	-0.5720670995872676
-3.2365094093580007	-1.8522110248434995	-0.21056543106142472
-3.0503521422309268	-0.4380149880579882	-0.4409410859024575
-2.822589985080829	-0.330146132174994	0.8970183069502612
-2.6120018772258318	0.33356502314606096	0.29796924764669014
-1.816195841765124	0.6956626713529694	1.4021180410485974
-1.2559499371600837	1.4875163242157	1.4403432152732685
-0.5101713757870293	2.563509508330458	1.249704521462952
0.4137872558438959	2.794878498737467	1.4187667972779625
0.4494948151375724	2.8782140039375665	1.1663930678545058
2.1273232960240973	3.212290392013884	1.094015180367882
2.392818858510437	3.9093062100244804	0.821177882127648
2.181739044585662	4.7732524932356215	1.1795198583572775
2.5077796073081373	5.089593100244846	0.4270309997088543
3.4152276816264138	5.195423805013651	-0.5019637380922228
4.075396552139864	5.459832848317585	-0.4684688718142312
4.663034254051614	6.618385208107334	-0.7432969516590827
4.676051154398693	7.777669081704289	-1.013827716371039
5.553638007831113	7.923562537273904	-0.5879079951325157
