3.6502734052221997	-9.270435619192337	1.698295223893961
2.9737025539478346	-9.312721788119028	1.488171298692344
2.734559989293877	-8.677822985935308	0.990075733839729
1.4559361964690987	-7.575180066729038	0.6504671612073083
1.7361094669018804	-6.415943920871879	-0.2071588411051304
2.371175601072291	-4.456231163157847	-1.394706630888293
2.8342388200798903	-3.249696641942538	-0.6395888371342305
3.0391219065094033	-3.2554171354269243	0.3351799881306492
-0.14724300619474734	-2.1477722523590135	0.9629276912703859
0.4526877761695768	-0.8452926892375336	1.0431034052321915
0.9186497367538395	0.6816462356541296	-0.690319695096849
0.7115779502245481	1.180006449019758	-0.7456290101181918
0.2617009395822584	2.9140264291380165	-1.4283012004997322
-0.2779204827961097	4.269008332579356	-0.6265085086751366
-0.44583134870858426	4.917936148706335	-0.44072357608788126
-0.12773328026201208	5.813948070086331	0.5354507712210419
1.9327030552552469	5.630305250548263	1.0266806006133349
2.586910285155959	6.60713716544318	1.4681020029067158
3.677801315194337	5.88105664167347	2.6700898556230914
4.262135815354753	4.3807834236369265	3.0597318958969417
4.908805981275925	4.312059882423151	1.944396788549988
4.499244791328716	2.8283014450015918	1.6729840061357963
3.843933693196813	2.5813230535880605	0.6325474223467716
4.302544570947111	1.005083016685446	0.2667712724700795
4.32377359308473	0.16324282505957582	-0.9772542549526664
2.3734314771674883	-0.9712456336672015	-1.502253078643831
1.47748289323742	-2.3636668357716726	-2.0480498980097623
0.13021490237690223	-3.314314318005221	-1.117985347839183
-0.878592234558484	-4.468665645641947	0.31309990819178946
-0.10435798545152786	-4.885412228903041	1.7337552420951559
0.9990719133631416	-6.598363705743251	1.7393831318522683
4.13164654602259	-5.699152896727216	2.1338923788846196
4.946028163112968	-4.952755887144177	1.9138918844091337
6.8544218661997816	-5.015852860800157	0.927280629322403
7.622239550421116	-2.6068437431943448	0.8670595366936544
5.083733156409649	-1.6186288056782772	1.9527938019538253
3.5898659478424966	-0.15840258633217608	2.1714452097862873
2.9527675620109797	-1.1168111969775638	3.5850904058089816
1.5406524146146674	-0.6318461843576955	3.2929224784998694
-0.7606665500317933	-0.15031339630784324	3.4415470815953446
-3.375033343930225	-0.4177617847163896	3.0889194938348004
-4.646070882059892	0.016280283275706298	3.253125128329904
-5.805715650424267	0.748270046420866	1.6225351454322579
-6.599574328461926	3.2205278837793103	1.8683214357618576
-5.763269139316886	5.605697449558079	0.4932942637589667
-4.621682725944277	6.701618106453761	0.8108515235049587
-2.725865966269574	6.653549114110217	-1.5078198986066873
-1.5432946765284137	6.6919878820111105	-1.103677482830863
0.6979740194800952	6.7751914354853255	-2.1920465469091184
0.16312664607678073	4.834393153039156	-2.9734843175020127
1.8247831553685545	4.867150276663751	-2.214798477267019
3.877178501991819	3.2680049763895713	-2.7712797670243132
5.310492710562993	3.808446439164872	-2.5670830886134186
6.513049307182925	3.524187218006563	-1.7846409036785669
7.0750218282043	2.9563985883792787	-1.415138336979979
8.839467959036588	2.023038520914537	-0.6397657059048367
8.274178924835487	-0.22763465951436995	0.26548158103979314
9.034337643964848	-1.6049214366926914	-0.28847997418289345
9.663197414058999	-3.074469135758547	-0.6139091443939491
8.484602276604315	-4.66375118763722	-0.06329081053712415
7.400157991154192	-5.987928941523068	-0.13223922865060533
6.989294206507337	-6.777498535879062	-0.5413897295330277
5.846886225238453	-7.80619102848187	-1.5553876645529927
4.397364456924159	-8.889924631979953	-1.6360915376830718
2.3914758763943986	-9.08282058912498	-1.202340266284836
0.7045316968694731	-8.745308493012656	-1.727649200339331
-1.0111332115872957	-8.225740765141067	-0.42136731327808363
-1.3898386726573884	-6.969521857799749	-0.6325346069688889
-2.31109558747599	-5.72900778920492	-0.39392195268179336
-3.1537349458582127	-4.545841405798751	-0.6117448129989816
-3.371802861020252	-2.6871238590967312	-0.4184786400321429
-2.7018299197969844	-1.2535883850551075	-0.3446000469579829
-2.25638116540156	0.9702147689965419	0.5112240534031481
-0.9792385780054782	1.1867011692177354	1.015730717059814
-0.13649492132321006	2.034192385693229	1.4400746611796342
1.2818842071817744	4.0695343938477375	0.9320117748957932
2.394869590453159	4.853954653389205	1.1035952104844449
3.1368943555614166	6.244606300395965	0.09929732714251871
4.960736620012105	6.012307245985528	-0.27675745421935627
5.306817461269165	7.668192764528755	-0.6370029682099903
