4.70153992384011	-9.898361787668481	1.7432842514862399
3.1598457794053907	-9.785556413433795	2.1743672464698287
2.593843841416856	-8.778651155619581	2.31424238839803
2.8822064253146786	-8.859714928929103	1.3323275762942173
2.628401745366311	-8.111275375627873	0.8928320305250956
1.8309528290397576	-7.514087830348896	1.3830154141587971
1.9025383448641362	-7.884455901244359	0.9399486695983164
2.0427147707724624	-6.487281594988694	-0.23096934440194206
2.308246061723447	-5.824027992845194	-1.0079589785468432
3.0072830766762153	-5.4690377383132525	-1.1625468173922155
3.2237223949358187	-5.557148243088285	-0.7653217266397143
2.3347225053947747	-4.48692497981155	-0.31345581299016123
3.03593531993618	-3.3535157791193937	-0.20480488118105977
3.1222965382865984	-3.0204869630933837	-0.09249843555174175
2.574889914226965	-3.51493754665768	1.1324059517139942
2.297691062044395	-2.2967555272260842	1.0129185744774307
1.3124741166821028	-2.5398933252593774	1.6143022342980973
1.6715360906827748	-1.4892664021767632	0.913337558458019
0.0955669752588975	-0.45200186865711744	0.3226620918785592
-0.00024770214340966157	-1.4689662995402766	0.1540248661501492
-0.42987437158407266	-1.124743752357586	-0.6647137883442067
-0.340197921943368	-0.32618641266628656	-1.2413110421623812
-0.4244488046955188	0.6786212901479339	-1.5487564224434216
-0.7479766242008219	0.617943240978471	-1.4504818329612883
-0.8846955890104427	2.324018380301121	-1.7630022792724145
-0.9147903851033068	2.569318380967642	-0.9795456962488607
-1.610710047117478	2.540044271765012	-1.2766757949627603
-1.5280577073693586	3.1388704595309576	-0.3707996491544048
-1.3583582880623255	4.093235014457558	0.20022213845040648
-1.142420539420434	4.336421568708859	0.09588705063793343
-0.43244077969162564	5.023663198526296	1.447975749331753
0.3899658191310993	6.120258131863368	1.0561335373657676
-0.23758184232124935	6.174261014052442	1.7428175897795013
0.8154560324814581	6.988276421365038	1.7682422300293068
1.3490118099146202	7.7294141009775466	1.9693584606683765
2.6209766367941265	6.7295401328432805	2.4938570871595207
2.325386297630746	6.668783010588825	1.8819264812557248
3.442813737659255	7.016118245223167	2.568267648944752
3.7566690251533763	5.761948822835105	2.4131796505878245
4.077700527838042	6.150933761912503	2.42642523105367
5.4334804732545425	5.170272325857331	1.9178696481179398
5.149339661319125	3.677319362033531	2.8966679864969027
5.5429314827650185	3.3073452355514634	2.0934384315994903
5.575840206682463	2.317021608499671	0.9861319754144708
4.914826421033568	1.7299474330207463	1.0006842406563037
4.468801532066915	1.7190464188216112	0.7326364019979998
4.354878248963418	1.1610509070683117	0.027724655369126605
3.638210953824894	0.10326332663602673	0.20920332041243284
3.499318258159668	-0.4748484914963017	-0.2958040630003267
3.088678737580759	-0.7713244539631947	-1.099975711422558
2.4945909517758174	-0.8409314202832259	-2.209072108645586
2.2339422178855535	-1.3356502859453103	-1.3194211827657474
1.5046025759716204	-2.33683580469392	-1.7783776024228968
0.9126476496119079	-3.11070145098333	-1.4461188719675344
0.7346927468457688	-2.691135360116836	-1.473346887239037
0.48713258256258996	-3.5923401410971736	-0.6299059797731767
0.16152598046364766	-3.4738695580505388	-0.025423581961058983
0.27566102656097435	-4.647784173407443	0.3979332752388211
0.6555933744977138	-4.699801575339669	1.968754765017719
1.285850935218451	-4.910018227865013	2.653000843369124
2.5885715969687504	-4.982954544465649	1.8382976847939008
2.586359812623902	-5.4042724738618	2.707106009513577
3.6521825215528114	-4.8268421306693226	2.1876427263532747
4.451267064508786	-5.415696758026902	1.7751492633718289
4.986162219508631	-4.925331156747631	1.6455811505724833
5.355197068968446	-4.85304514769534	1.083976125628173
5.8585552749358385	-3.2636861031834825	1.0391521063524076
5.457070196609929	-3.696311822012535	0.7821123988614649
5.793517460127287	-2.795199945619849	1.9792660294354327
5.713416613929899	-1.773317058019583	1.9430181527782202
4.72230632734964	-1.433226097952169	1.8923942919887538
4.6356147618670285	-1.2003188890710481	2.52709591733538
3.725374718828588	-0.45871605795655723	3.114538582380962
3.672936872981065	-0.637564661556774	2.8267499476611873
2.0039750462077883	-0.4223696494481635	3.000478044348699
1.7157888829435624	-0.2764597686036281	3.83363103109512
0.5784430738823089	-0.05536507089232667	4.251761479933922
0.35645888892460026	0.06410858763248128	3.099076377209144
-1.0841114519646702	-0.05974521949449246	4.20409827619476
-1.688630995068564	0.7641320824856452	3.0469205176407343
-2.227287822510241	-0.12237326514902219	3.583139831741562
-2.9057293906210946	0.8510946148878653	3.5059221018059152
-3.0662005207275147	0.8705364276758667	2.391752892777566
-4.209333597727581	0.9818947482316649	2.7544537292597604
-4.9555358297078	1.9180252583911879	1.6855165502738352
-4.093245499081705	1.5972573959477638	1.1412881120130753
-5.688057174121928	2.2785569508374546	1.5512299740851678
-5.051281301457899	2.706171421698674	0.3674041031284069
-4.393237637458649	3.6954715603374346	0.19777713288979726
-4.902431228556464	3.9544923868736026	-0.17473500950790394
-4.7509061819799925	4.612527371266455	-0.7800231490228641
-3.756317366684672	4.872991399420703	-1.0144004430209392
-3.6446283547604224	6.3461148103592455	-1.468631195901167
-2.9826725968790027	5.392010678473362	-1.678374787289434
-1.7450519273933343	5.7720874745934605	-1.581326861525411
-1.416997189924838	5.720637999343002	-2.513980800517939
-0.7640757288993265	5.399525228952112	-2.4618661670568187
-0.35661200695096934	5.3821488327764975	-2.5485882027622595
0.26864617828746645	5.030832278751157	-2.3667374090034308
1.204963791924587	4.7105348990321705	-2.5815636483024695
1.9132459630772407	4.411958601523241	-2.054394050027322
2.7054706801173456	3.5065002605676883	-2.035285078775351
3.297918164823653	3.770791966807538	-1.8474654634169847
4.180775780067692	4.123958678524608	-2.599285361471653
5.538217700742183	3.459674148869606	-2.1747018839877112
5.362210216604683	4.098273058615732	-1.9493869355038884
5.950510597445229	3.295212702663438	-2.099691599550973
6.582257883489741	3.4967089832724074	-1.8183485448847871
7.270715059011221	3.300304931434053	-1.5461000973182268
7.818990820498599	1.8506372950197787	-0.566902551728476
7.887125010247715	1.6594539913721844	0.25751022583188554
8.013650978611304	0.9926187681289884	0.017279549674629857
8.778149666020298	0.5922842525708917	-0.5116739603555548
9.255476440316277	-0.07776896470920036	-0.5182287490066655
8.531124427749768	-1.6229532338826544	-0.4919516514842248
8.566585247625431	-1.827420905580022	0.6149832399302496
8.360537032609182	-3.203260239156652	0.8435841550050227
9.0119687040254	-3.1865318470940354	-0.14652035408666597
7.957274766388391	-4.5218420473300585	-0.7694051305307998
7.786256259263301	-4.5624958700504585	-0.0438574769812724
7.880144801892323	-5.862766792319681	-0.0035242208798804686
7.1886136501754585	-5.6323277937775025	-1.1851561336778453
6.6820858654608415	-6.6056570181657115	-1.2195785560833456
5.942032087354338	-7.305920397702757	-1.330213698504146
6.0419398994502735	-7.701137900925937	-1.5026930986605074
4.460637636808645	-7.6197733658103575	-1.388775386211376
3.904862066184623	-8.824953996875884	-0.8938684551789149
3.2534668651248393	-8.112210810071797	-1.9563775387000242
2.3499540620360007	-9.121214277108571	-1.9226865714598549
1.6497887140387033	-8.99632167199785	-0.8918129852722798
0.36320618080245254	-8.703392282613917	-1.1133410529659535
-0.09586237242747742	-8.555104401324556	-1.0108765468255938
-1.4128689938495027	-7.578537897119808	-0.8989563202999751
-1.6509580608352739	-7.345131412115653	-0.0345993027696323
-2.0670071517911293	-6.278255883448727	-0.932794952021393
-2.5453252609980197	-6.619972074449374	-0.7592394501714703
-2.638825047840551	-6.189974882955472	-0.5749170495067217
-3.168972818634891	-5.200554128789434	-0.15923404083130444
-3.8051627403170194	-4.523097995666955	-0.18772932460444958
-2.979373059481518	-3.1171976152685175	0.11841756116526192
-3.109969385483926	-2.432896257681561	-0.3627081133185685
-3.365336910325141	-2.366071196954313	0.238933316500627
-2.4800587184253127	-0.6455175412942125	-0.36280703067454395
-2.941893048669578	-0.3712211081296617	0.023887185352094498
-2.0946138686954585	0.40838828809218497	0.005464791215641359
-2.119691636624541	1.5816005661882826	0.5540588959210516
-1.6775421424338537	1.0492926123631416	0.8074802647296414
-0.9325914717413168	2.1248399538900866	1.0098595196310551
-0.24526419232550634	2.0991881746581895	1.6335953866323272
0.29962330345270094	2.43584703490492	1.6128683591738693
0.8920429398922303	3.320235126194573	1.0394766969838785
2.2497325325677795	3.8180225312716116	0.8694221648489224
2.4282891567585763	3.949948825775989	0.13827998724554266
2.442985877705162	5.379954498570291	0.10319614017194526
3.382835820542693	4.986898050476676	0.6032012372282486
3.588960392114561	5.4840209772859	0.3548816812749047
4.776851530621615	5.978004839987632	-0.3256940531488325
4.834922401991059	6.984191915343727	-0.6847639756074826
5.501517318353519	7.274698093840726	-0.24559739019684712
