3.7533427004948443	-10.101158804025662	2.0995967945465077
3.3726798846772734	-9.094890602248434	2.2007153641920243
1.8562456372043992	-8.628012070544097	1.4770886245778727
1.7797226248814038	-7.470304177015478	1.1818445535847761
1.5617557089193304	-6.838912844678354	-0.6765135278504202
2.8467983351400266	-4.9593247291255285	-1.0217374593151662
2.8216174022679477	-4.255407135360331	0.1545812113974513
2.9331101710253993	-3.194227668294443	1.1504077274930766
0.4598242863405646	-1.8089752220495656	0.9989309749006163
0.7498047378128965	-0.23039612059689218	1.4264675229512602
0.597030129757278	0.6731255877026644	-0.2696018678999824
0.04416811738189451	0.816334167407072	-1.3738182742605896
1.4615072387423567	1.98418015920276	-1.5817194341837875
-0.21656025770726217	3.245173103017737	-1.367481698266915
-0.18961472911894	5.125008744349415	-0.09224876034293522
0.4438055844067837	5.17232571797915	1.0905561782513937
1.514531384348607	6.205287470101692	1.4225838370654609
3.7500176065138935	5.966554479468392	1.2387416848283026
3.9953221377866606	5.321988647960954	1.6073781620640568
4.255165999212746	4.757401548336476	2.5622857249671727
5.297333860886248	4.150369290437629	2.0923881803900377
4.251792035161234	3.915493957496974	1.32059596952191
4.213544926337261	2.53826269359433	0.593127057447502
4.123963457646713	1.2800720033676405	0.26676533805313785
4.174582127676605	0.5858990570677471	-1.3845789792507706
3.1119859141868345	-1.1610989898768114	-2.313629431161107
1.3436934865666208	-1.751860921643875	-1.4334027231082436
0.3882395731511643	-3.0133634106606575	-1.034268074372803
0.021321694716446515	-4.180956307412368	0.4758881161716232
0.4104044128025247	-5.5475348659683865	1.529198625583387
1.6997341960468366	-5.591703356490989	1.9806064881208685
3.7893956289049977	-5.829148269470448	2.0972612380106646
5.542067425330834	-5.587529881244478	1.8739161845205312
7.274194625366649	-4.201378821718867	0.2974606009846791
6.775782794028341	-2.1057770714073305	1.1700664495923179
4.79776715670115	-0.575322092465294	1.7509435997229
3.795264309290806	-0.4572377803874139	2.4287299981790045
2.1233313282446056	-1.4181844154844985	3.7515348504720456
1.6889043868155076	-0.5431982704985713	2.917838741284873
-0.9685806430029977	-1.0979740460951535	3.3529733446213537
-3.3298213022544028	-0.8809525886902501	3.6794672423040256
-4.469128169293216	0.6552786496197757	2.3720348510294813
-6.092869935122812	0.8599995408590664	1.9479134656286654
-6.633792039413049	3.0446626599843998	2.066836730787016
-4.790226931604437	4.691797020857744	0.6186128578376814
-4.04468758395603	7.2800073684808915	0.6233623868336633
-2.5177503531169005	6.699285430286587	-0.6271987209185474
-1.3390519583738834	6.594617060061064	-2.0457131457154047
0.09024126667612742	7.409212088930143	-2.5424863127285997
0.8885112434420689	4.51482384742531	-2.980703752304311
1.574143417398001	4.979835339555852	-3.0309761604242493
3.021690785443688	4.21085228910313	-2.5237436338904455
5.2649149001206	3.213320871940248	-2.4418986936497955
6.418220996185255	3.188768576751625	-1.7012546185948598
7.400296011829276	3.4057857866170798	-1.575419406788998
8.753778768072673	2.036816372135	-0.34465907767891224
8.969478233529468	-0.061200036480540676	0.42026867205506224
9.09891723214422	-1.043898676876736	0.000875094992264458
9.090226323735372	-3.1284796255855514	0.2576772481837688
8.24687188035298	-4.220723879458934	-0.24974839762087653
7.7097728470262155	-6.071207574430411	0.047357731127690705
6.476467703132669	-7.276608792596915	-1.161187170659104
5.597888559894829	-7.947702092177593	-1.2537831731099995
3.625742694909586	-8.678384426441074	-1.2777106316253821
2.155485220205564	-8.897681794327418	-1.3519263066167624
0.20401487328654294	-8.22123599952008	-1.1151774626422517
-1.1056405199415955	-7.71187866331268	-1.2079772961201616
-1.7124438832987487	-7.1253923212824715	-0.2290976925022591
-2.7732965304586292	-5.546693866934733	0.14714040271267204
-3.84139053298703	-4.335162861525161	0.3936148766884502
-2.7029699107605323	-2.5101977130977593	-0.5934964722996584
-3.05653750474994	-0.9696129505885387	-0.08374987033217918
-1.7435168834374295	0.5556453390125948	0.5707176187655933
-1.2526239809035735	1.6659813231451235	0.9576407269762546
0.49686419010745525	2.8330952522538766	0.9845355194325299
0.8810380489210197	3.5678682496373457	1.9700896662821044
2.7436215982933096	4.706760143031184	0.9945337070098897
3.9795028911846906	5.7346462025846625	0.08039320390771121
4.054746114801651	6.897090578855535	-0.31024792912769517
6.118339520983603	7.254503339296301	-1.1098105432689742
