5.308524400181575	-9.483812446704132	0.5749575693166827
6.024273771673251	-9.138191559657562	0.3269401882312531
5.140327420823059	-9.04437300718424	0.6029294757646185
4.649352012310385	-8.994096684604171	0.5196807150675551
4.1234503128111974	-8.929926093320228	0.40211329526118433
4.412386830014742	-8.755338550835729	1.2899541961043552
3.5482529082074423	-8.431134906036672	1.626991461910642
3.0303315958528874	-8.475719296524272	1.8738710243401844
2.468421209463802	-8.125724474340846	2.1222921815469036
3.0110136748297265	-7.72013423682907	1.9284699689001508
2.181234190690676	-6.998620898632238	1.9431649262849864
2.5881424815216443	-7.374431599533747	1.4089519735525116
2.2099999002893327	-6.769991302823198	2.258414762135952
1.527551460492464	-6.2887514429688345	1.3391599350799843
1.4083480011982195	-5.494552605501114	1.812112335182715
1.3722091970588277	-5.841866436606398	2.04982595618045
1.338148378031768	-4.512328827238534	2.156333241498894
1.313869639062339	-4.123052472165703	2.332278895112947
1.5217155468064139	-4.118294755033454	1.411599820161544
2.770786605159759	-4.147467476052306	1.6896595739786227
1.9717507212518526	-3.45453364656559	2.39730103737102
3.24736715798495	-3.7217170769313865	1.3486398673735032
2.756014716610418	-3.28166450483897	1.7350128410615615
2.749860943229071	-2.6993530915278416	1.188604902655547
3.1769464440298494	-2.026822985048694	0.8323728489613144
3.4281958111480657	-2.433486442419501	-0.3615558215048849
3.60838835876267	-1.5951185771583727	-0.7166512933281919
3.43891536725594	-1.127512000595761	-0.9251944621829619
2.8670630384110543	-1.3735856199971144	-1.492555938852352
3.3146149109078396	-1.3363990121442741	-0.8819520900128479
2.5259033822063417	-0.7734903651783525	-2.024984775289954
2.7986312998579677	-0.734349298257766	-1.621116815123877
1.931481251043254	-0.6955751299841324	-1.1535074609114513
1.4908511593418465	0.045629605144898666	-2.140691533109088
1.5519186394016016	-0.491349852452781	-1.505005396180851
1.2855380996923778	0.45242630438743775	-1.8101572802702273
0.8230819290593012	0.693757380583289	-1.8074150843564172
-0.34348312571313794	0.38615304127591327	-2.015495949876641
-0.5682497707284939	0.7931608481498765	-1.2595906501258192
-0.6891686086489375	0.3688858135580641	-0.7684775365505767
-1.7705770240845198	0.6453845893082526	-1.5356917995544075
-2.235402577938021	1.2888415535324573	-1.0688157179403113
-2.295314279810034	1.1012672085975246	-1.4306693347382753
-2.4164792012402367	1.2768756981986704	-0.7477481599859801
-2.366496008446315	2.8494348049372267	-0.4198589161197559
-2.6410551883580875	3.350485351402895	-0.05929103391581059
-1.8654599949873298	2.951290265936709	-0.43735424243010235
-2.063788971113232	3.550652966210705	0.7492541441332585
-1.8345923680402885	3.9189452759632184	0.3190829970449698
-2.3435376616446777	5.255569566785045	1.0392371119997519
-2.080400030951416	4.943127801812619	1.6041079127775588
-1.1152946769920316	5.3162871965303555	1.610664716094457
-1.031748793566706	6.15703908677815	1.1531738690592057
-1.0237837759099917	6.520644307343869	1.2934428059863021
0.3869488427391925	6.502102178148228	1.315644187933979
1.1061915480757791	6.581919820689633	1.9183844454622618
1.755899203010424	7.03565504322776	1.3833860777821774
3.057399626771379	7.638823758093464	1.9752768850040154
2.5249887572930394	7.082617934369127	2.589880415384264
3.5896448227842015	7.009313252597109	2.059790174037351
4.185956901340356	7.485794690660959	2.2660682847038953
4.151486009532214	6.75085303619925	2.2428541920180436
4.85773880524684	6.219730267418693	2.0362479185245705
5.357566216148271	6.069119398207597	1.5717986744400432
5.819764053854617	6.252822846263804	1.0602481311182617
7.034522405161459	5.599003593122055	0.730264887378682
6.297474441213456	5.664952840327745	0.555914820898118
6.202975653673416	4.9764953680637865	1.4539363249761483
6.583491877384965	3.833321093325152	0.13198368610879957
5.999478321090349	4.11442651199269	0.1398546411264145
6.437291779151927	3.1187903165946835	0.7155459084215854
5.6962372865663395	2.0187080864716305	0.5211049235831594
5.809848710230233	2.0246721304626814	0.20837722641493117
5.726085322586376	1.4705359663012827	-0.41809816819445905
5.312723580179772	0.7577789656790042	0.1061366194484763
4.590693222688951	1.2392624706115176	-0.10639867663525865
3.732676124038328	0.39539911822135243	0.8146268294704961
3.3002395588376685	0.46425063497895996	0.5332046936569649
3.5257544079041723	-0.006937133521105032	0.937438854605323
3.378807731072262	-0.7581314495578599	0.5485927474654511
1.8818639064374783	-0.8535667633872417	0.7160697979102344
1.5991073782991974	-1.1501913717482597	1.1417580989436547
1.6705332307471523	-0.998066708259499	1.0962168078562127
0.8701856439428904	-1.800249566478762	1.2270218886149136
1.4059713979890684	-1.4153781002704744	0.8708695647938874
0.9937545872899815	-1.7257264210202448	0.5957200683592394
0.21173711403123574	-2.0259614929105085	-0.3650279792117992
0.2064650784834812	-2.721175421441462	0.3310319003523712
1.0579752845966461	-2.8100767720804294	-0.4906376122935509
0.844385959574378	-3.390646762398116	-0.7319598473145865
1.574505623561918	-3.0232643126481538	-1.1348716106174206
1.4135126804399667	-3.1779287284659317	-0.7504226229307279
2.0229449900645755	-4.427300519889224	-0.5648128395019247
2.4389866598087084	-3.755022808356484	-0.7260210512855488
2.8733753404633426	-4.390210473059879	-0.1638467134723609
3.3370155923760265	-4.0602847285405295	-0.7645307421147665
4.740631815035155	-4.809768680464472	-0.9417884327027566
4.03644254974181	-4.265243364733498	-0.10994607764747044
4.490496678918364	-4.10310400420113	-0.25585510129591976
4.834023887835724	-4.209617134223683	1.1244597096307913
4.988924984659908	-3.4657198898958512	0.8569516485808297
6.634807553715193	-3.5171175873958003	0.45711684489420534
6.305682561297434	-3.8471608442663303	1.5660835997155205
6.671901844792358	-3.523359399995518	1.6928330053831782
7.341408603166968	-3.292810418035101	2.1006741705532823
7.306162282906197	-2.3652254135201085	1.982740209660732
7.959508583800397	-1.7965137164979272	1.0795549794689352
7.997420185832215	-1.9344115298088265	0.8814034462094523
8.310512093291964	-0.7688819280950552	1.60609273617797
8.704732396201432	-1.0308483551717547	1.2546527714422582
8.478085509755292	-0.4986741402927489	0.7586206234670725
8.801757648754432	-0.21887424599502758	1.2004523997482546
8.917408015002234	1.3305085324786639	0.6685253182407276
9.716388230259508	0.637293401035417	0.4671405770209468
8.992585535836351	1.2783885052298696	0.12300762736829947
8.705125005653466	1.7809574694632413	0.3730566609414193
8.075577733752805	2.1393871400301703	0.21031375685956866
8.231646826072037	3.552299347396741	0.02100372466631739
7.80912099775963	3.3960107105192057	-0.8835000187876045
7.62705553474918	3.5887552081324805	0.031136275159136417
7.267183696585545	3.654527495695648	-0.11553016581032205
6.82023484904828	4.374972531067744	-0.427330905150356
6.782748808399685	4.6327889490137535	-1.089622324189931
6.025728402674419	4.439717012212349	-1.79501590517679
4.769759499297691	5.031837003692305	-1.785276958523616
4.2623591675069745	5.54966307425844	-1.3730981975357914
3.580201089836037	4.619487006462196	-1.0949598346457556
3.7624845775704774	4.731970167432172	-2.0296071601356642
2.6423284101698563	4.848999780679179	-1.1314859186215491
1.5699052876990012	5.734036724327997	-1.4622215200369817
1.0516843218805083	5.782537563517854	-1.8075318215561729
0.2796252339308163	6.659937111385214	-1.5377551833371756
0.151666596622275	6.021938764207306	-0.7562044909162955
-0.845579167123264	6.694211552184491	-1.3312555888510444
-2.6455992962859876	5.823093237487999	-0.6476702474437052
-3.63098922547757	6.099360110971515	-0.6837923707490938
-4.081097275335665	5.872346720683157	-0.5508570550555906
-4.303938849257257	4.693880141728602	0.7437529473131342
-4.832517051626027	4.635882745203349	1.0803596399643158
-4.188013887339117	3.801652564037398	0.5133511654366232
-4.95170634101406	3.4104196794391455	1.79639477752455
-5.2301612125562915	3.3499220317576137	2.3944933207984533
-4.8744994155394865	2.59597185384383	2.1734664864157516
-4.781727735413434	2.0431205849722627	1.7313835245556874
-4.118225310869448	1.462901961673888	2.394947047164449
-4.046842980429191	1.6500984018257694	2.8345924084749674
-3.794232793744536	0.9737417710862865	2.996252022474044
-2.4089073146629656	-0.042731313174934005	2.1789668094108428
-2.673972717497575	-0.246719561284498	3.0927843804274024
-1.2945551064087701	0.6589764920055524	2.1907376888600396
-1.2868358573117307	-0.46876915355043247	3.3411632714660593
-0.6870429548986912	-0.2544473033181769	2.66322971549131
0.8650497038791707	-0.21577035013383378	2.0712988091702536
1.3639957054069642	0.0754959153189877	2.0993345304076536
0.7754753020475361	0.2245896664208422	2.2130853647586326
1.4580012274790242	0.12211750673055925	2.2984534051633565
2.362596858371881	0.617275664452553	2.606761282472342
2.9491596037213794	0.5744501903320094	1.7878523941107545
3.3220648715437053	0.35223825198709136	2.1166922425189902
3.683065075725369	0.23730785816489205	2.6643632820642655
3.0776023546341147	1.0038311890663596	2.3756309535366342
3.439020681346079	0.5935660206325687	2.4992094360672006
4.059094822816653	-0.05690236214933886	2.5547144420010564
4.414747829012727	0.010621347140297721	2.5801858286637804
4.72045987347498	-0.8949656080350561	2.301881082690207
4.627553830762624	-0.2092379890863152	2.0497914410584954
6.059242367408202	-0.6927264274594473	1.5918158564835494
6.334773657197951	-0.6220193930738677	1.225473498982039
7.314728778063776	-0.09767779115233993	0.52219726441829
7.857474225706712	-0.4666985691772184	0.3785674043752887
7.953820990254412	0.3286548021002125	-0.21479205167803062
7.944827253366387	-0.658517984635249	-0.4847680181281462
7.7870174367537395	-0.9739339283092682	-0.2699824640688524
8.462796445760919	-0.6655951152480317	-0.9966261174171922
9.365497740006415	-1.4519363230281483	-1.6535779626920961
8.458542628816573	-2.384059827080281	-0.9997248504277192
9.478816767725291	-3.1723199115654164	-0.9877453688914539
8.815655138777142	-2.72915423029152	-1.6694797321515755
8.862817425074748	-3.7050516916636984	-1.5810373477083366
7.701480626045291	-3.852262943282219	-1.3445093444355773
7.776650106685063	-4.817020005820565	-1.5306283873709254
7.706461302801621	-5.736462705573938	-0.9157251386190508
6.14143819817752	-5.057657083515787	-1.486085864833714
5.165965955266708	-6.651464271926183	-0.2451359061520526
5.075786489986467	-6.534002945016815	-0.9214320564847052
4.5310954290880945	-5.9145699320005445	-1.1216761992778659
4.140153056555221	-6.191157060112914	-1.028039079648372
3.120201641347978	-7.356904702765241	-0.3952539937209687
2.7003876471825983	-7.470952478222098	-0.12225099255588323
2.771965463596844	-7.160290547872404	-1.0962575909062657
1.888528553100179	-6.769200728261369	-0.7636619437404037
0.8675756770573392	-6.4677256940633345	-0.581159469418143
1.402175124691119	-6.982488267672755	-1.0905015057436533
0.3001008605306199	-6.153016241044037	-0.5083410976163103
0.5663461731835431	-6.020293334517778	-0.4888648598443832
0.4642823617522954	-6.070888190556282	-0.4899518746346755
-0.25643325757654933	-4.921319126998933	0.13986573848444506
0.42566365175860654	-4.855905626589634	-0.025888395032648392
-0.8123347949049833	-3.9639789750303462	-0.18222772375849566
-0.7673609101125614	-4.254295597462971	0.05719145281517235
-0.6520900865699787	-4.090666554153962	0.465468534266149
-0.7909965009547872	-2.9721526521016695	0.5721444742649195
-0.5869175005106242	-2.633088050201704	-0.3135934733909638
-0.3146336770032443	-2.261919198473199	-0.09552118842666157
-0.6959372192824036	-2.2469743175306403	0.03821086062571405
-1.511155520612309	-2.1636326741980882	-0.20883704773086587
-2.0800596836230087	-1.5672947472821188	-0.26642994123363023
-1.7926861361252966	-1.222743738224577	-0.024104800225271672
-2.7618450161761463	-1.279789907324787	-0.288400880843746
-2.7104431464152876	-0.024056769398226763	-0.3700645686532808
-2.869770607549634	-0.7985259451838906	-0.08834335124868037
-2.491689143683764	-0.3146649964428784	-0.16615399289877886
-3.099187063365049	0.03637054133294383	0.5571257854069308
-3.3166822341596722	1.140853811686135	0.6944623468440452
-3.017876639468176	0.8912303048640944	0.7059749623187841
-2.293547102950975	2.028675611863762	-0.031484110757053874
-2.15810250254716	1.615508508204114	0.789291589594145
-1.7742667567664505	3.163108848491576	0.45764461155594877
-1.2740484297516228	2.901617786497355	1.5710169900198396
-0.8927486299729623	2.961894800699903	1.786425939806107
-0.2185176688542294	3.137433685304136	1.8416598582144201
0.019349297613435845	3.9396798723239383	1.4934178267462523
0.2591021818810385	3.278354436739638	2.3039409547158245
0.7918534981311409	3.476720070533742	2.1688518632404694
1.5420064894762944	4.0180474019449965	1.3705145144233442
1.8551297192661553	4.520567018232261	2.048831062656656
1.6529176414713445	4.592950061195173	2.1058572903534927
2.4082165149485864	5.692600043245068	0.7725365254099993
2.333839513781381	5.908150774000447	1.3759229972909894
2.5437620692820397	5.8794699347438355	1.147286994308887
3.561281198485866	5.7888154572403785	0.6810540371403156
4.160510163875302	6.426855042425169	0.014869870039913413
3.3274346760643185	6.935092674850658	-0.5937826877535113
4.148039868880444	7.05693956814553	0.20166029505760708
4.178002621628697	7.750259320982963	-0.6406074220552146
4.825750092057546	8.29463273007513	-0.616885908231556
4.282263701537177	8.050682260329374	-1.1890002340803496
5.602348694571063	8.282565567513123	-1.276662696470236
