3.93725965792414	-10.334636232682227	2.076618650386148
4.245792485060127	-9.770669458015298	1.3319599715203005
3.5521395316190625	-9.168176368515445	1.4281444285287181
2.936181176873896	-8.837404963738058	2.233878495530194
2.3515669331495137	-9.279574018442432	2.1444481966603943
1.9988734600521347	-8.721878172236034	1.606282808881322
2.9221288546041486	-8.544898023808802	1.3287877709320455
2.6265024150316263	-8.089604622856069	1.1862703992012809
1.604025835980152	-7.569532804068212	0.8126991064623794
1.4065096717856562	-7.453631100348827	1.0379504378066693
1.4861999150024638	-6.919941215924764	-0.12793727773674163
2.2258071922692073	-6.5582902571673225	-0.05376710903391824
1.5239910940615398	-6.8087597586900515	0.3113872087150802
2.5214515259700305	-6.101170748849733	-1.2032529079038388
2.875716733642283	-5.692314815831171	-0.4020189625508106
2.8406053996632714	-5.182246180252607	-1.3127674881870894
2.6079833561453962	-4.986621559716554	-0.19657519082359554
2.59569880203413	-4.137374671697039	-0.4405177235799991
3.0654166313446654	-4.400329292381565	-0.52388984474284
2.541994798244902	-3.3263946563039144	0.2539199182217453
2.270704941232872	-2.7268577915496666	0.7485139311318807
2.0989069778271094	-2.2657889965745976	0.9025776544010663
1.8571941889467092	-2.6041773991748576	1.2403824048221237
1.9060725369967484	-3.238070033502358	0.7754775847997513
0.29531402097487214	-2.3987471107317644	1.3755332552045263
-0.04139950468791534	-1.7115479177085802	1.420014845712878
0.6101350054130035	-1.3581899981692636	1.3845401519598037
0.3729836465433689	-1.154853284057663	1.1642108332968233
0.5056262372180591	0.1222917256886853	0.7791188992773883
1.1616259058655092	0.19786317354803362	-0.14813508843497125
0.952480257033097	0.5563960035511567	-0.34598446921738174
1.318478282987095	0.30706019233564874	-0.6765467040165931
0.12961804589184883	0.8376022496737172	-0.36439278880978176
0.8672431632362599	0.6561860871009477	-0.6630973562065237
0.24948722147774038	1.7434458297478015	-0.9818616453805991
1.0006910685698471	1.627641135808508	-1.3975641047739191
0.8406796206623702	1.927514349999833	-2.1000318383524688
0.2738463737627237	2.988997618582057	-1.8400673769296376
-0.017859674081260102	3.895597676529417	-0.9113705640416636
-0.07667446680879797	3.820057594546947	-0.672520778566743
-0.4935602692862711	4.198336553970998	-0.018351251596642415
-0.3931580228365103	4.472197604464628	-0.5712409670512488
-0.5683473333321397	4.636771323987998	-0.007811985220164908
-0.3178855549886479	4.631509516864639	0.7048300876477429
0.05319816314430725	5.101439998440479	0.40106574127537037
0.20981252017111035	5.215564349969618	1.1486646807952068
0.841392809690185	5.509375225586911	0.7629326710334644
0.5744387206415624	5.298018437293248	0.9412863259616135
1.4753039871458116	5.853400266791474	1.2326500416761457
2.6969816746811883	5.355007867627959	0.9847784279923328
3.0399606901684795	5.722140281023115	1.7648608307182618
2.7236787904903252	6.653995925436027	1.0325040793448403
3.1152894093915773	6.083770030871678	2.493168885951338
3.635022978722667	6.225480593524507	2.393444530212329
3.707907925848662	5.543788852721397	2.065191588752144
4.616297230518317	5.392038783963504	1.6525906167289586
3.6159066284662464	5.041300256158385	2.699932070026592
3.8178226027186755	4.680049791508945	2.1024634639932995
4.749383405730304	4.189719413990286	2.1301169690487374
4.186983257722529	4.520900533572773	2.0308363184283493
4.96957715727679	3.832757964796582	2.7957840653443577
5.005657672140633	3.4179455090339217	1.8981463674193535
4.344350804073333	3.1526017365176178	2.2673403474093963
4.250705416156935	3.176413740996875	1.3246986119595463
4.219094317233779	2.9872984465142975	2.0388261403476537
4.7543601170966605	2.2967024270251377	1.4944216385121165
4.085809783975977	2.3077387281416937	1.3207021121950495
3.9859589075088113	1.481857870561698	1.2403138873203048
3.9942076358464775	1.2639288556524497	0.8423597693861459
4.66455891014587	0.8073711018566878	-0.009326048223023964
3.844033338629214	0.28012255021308563	-0.4177603097057282
4.031733086644259	0.44392629945219675	-0.3705320766567275
3.3736625088476204	0.270581105045052	-1.6362149220825186
3.6701244375011637	0.15270337175245885	-1.7334371047188326
3.0308822939561058	-0.2303954053368069	-1.310642890910411
3.4824274639110695	-1.0105472036502694	-1.7624127919967283
2.111284348568441	-0.9592356758445876	-1.6239141115641211
2.213554775921551	-1.3876698401940861	-2.1241652567761493
1.9271724307958704	-2.122118829333458	-2.084754188889699
1.1871560748221182	-1.7414196551444185	-1.9442181342553573
0.34377117254551653	-2.8755219317156495	-1.0308436434533825
0.3883826442813133	-3.604323388816815	-0.3643321733791929
0.04546309315413277	-3.6588363509798993	-0.8443098391194575
0.14947555844623228	-4.269333424898418	-0.5805603899216376
-0.12305357866863542	-4.743142774063777	-0.14652963051522655
-0.24737010228177514	-5.192483114327931	0.5227128822815053
-0.1438656949114152	-4.860681189733825	1.0057343031257389
-0.4531655778660231	-5.397915702394053	1.4221943370055372
0.005135686087753846	-5.054002164618446	1.9488328785248905
0.7635538291893318	-5.178931596042359	1.6812764525492945
1.3744614364720151	-5.8159192196085066	2.5972824961730527
1.7154430467606323	-6.079993965925095	2.921668214079243
2.6891589404148015	-6.576051485501605	1.7755552241672206
4.24945948912003	-5.895354069516409	1.7761602079427279
4.001282175722714	-5.569512914221936	1.849220853130537
4.870087885714633	-5.251181124647397	1.7682769321329066
5.154363746839016	-5.619670394574272	2.3406337217342292
5.475843978424659	-5.407588294081295	1.030855273980512
6.584049953709341	-4.704304670100391	0.9247660234147332
7.210741927610105	-5.138680304035069	1.1554765255307724
7.727690855223855	-3.976451248870762	0.3502541679388148
6.976919312779593	-3.120830727412679	1.4029299766830143
7.7686814965738105	-3.1586092309578606	1.4243227039692004
6.2479732190493005	-1.9179859158739725	1.135869878823918
6.371463257479028	-1.6604127885931539	1.3700901547560396
4.415192326093885	-0.7552758207086381	1.9888638746432257
5.477876337711784	-1.5691458122990996	1.7489259135099173
3.8598701124345434	-0.10457975300550704	1.9381723715582013
4.044919421158231	-0.20813011878680854	2.4521554537528516
3.0024139708005064	-0.7215582340932867	2.6796467468357554
3.0766407326270864	-0.7667596957176475	2.8406164011052035
2.1115689059417324	-1.0020341233787626	3.451227355142034
1.7391968411682672	-0.00979123570000362	2.9451450315518297
1.6390983594780002	-0.6507555203859121	3.1141667564852464
0.48280130382477526	-1.2263826628392167	2.8534115995175355
0.5429611349936176	-1.0831854429097398	2.8697876285120296
-0.2177492257829441	-0.992786784452557	3.193560048913199
-0.986883000992059	0.07037268249814188	3.3435794238964864
-2.0192567052347505	-0.1728232021807392	2.976261001913389
-2.399825026805974	0.026641465420072175	3.1300844683280826
-2.924027260120709	-0.3197205957100284	2.732863305350066
-3.224620818993037	0.17507218921960765	2.6197320740778753
-4.18561770005998	0.7239954324885678	2.755580847580294
-4.898550550541109	-0.384868475217238	3.6593038814619394
-5.189181702365456	0.10849166055558673	2.122152603988589
-5.841032392879667	1.0717479729661215	2.33278397160004
-5.648375071067599	0.44688279705278783	1.9623663502029096
-6.931314529630573	2.1790374371641836	2.292459427332508
-6.5115407796322575	2.9195208974676885	1.2846875247395637
-5.7531975990834265	3.623415174002522	1.189659115598825
-5.786724147227867	4.029062924991276	0.6514501133314337
-5.453348235781114	4.414168897013985	0.7040579464326263
-5.121034497739865	4.8980580217021	0.5991344377794544
-5.510008156833747	6.348574534295759	0.4110823669649822
-4.112660430245842	6.287094065453651	-0.1425147472189498
-4.539077238357312	7.800502620899299	0.5231640280295657
-3.5951992392909027	7.5425493169205975	0.00016624284855082383
-3.8191316360437275	6.48682774816582	-0.6915730140638403
-2.815922190491908	7.324470778840486	-1.4162368331160307
-2.325947343133134	7.2161992785178235	-1.3022859087218168
-1.331550378303761	7.101036936511704	-1.466441821091666
-0.43843996944898467	6.821719909309891	-1.975762067291547
-0.6091197511351469	6.635296602145468	-1.386794962051017
-0.8664115191472788	7.085228410542983	-1.9429726721976528
-0.3762571094888421	7.602786900255333	-2.640165001136515
-0.013580901384456223	6.066852458737109	-2.648967914736811
0.14429002550391773	5.696366518123	-2.7970237670112827
0.28933628325019944	4.797134374562941	-2.0989729142341558
0.7571323668062211	4.836115166319881	-3.106262215244776
2.1039333881038456	4.045597000632075	-2.212905144573681
2.3644648905064765	3.8015126605862375	-3.1150493148163143
2.7410399728366244	3.757068217995997	-2.430618916863992
3.197608199677156	3.95452115644656	-2.395600445505499
3.7578309559574685	3.6206522184801067	-2.60220900077096
4.1848322206359425	4.237596825802334	-2.52515986687866
4.619773613735207	3.208081981466291	-2.6081807000805233
4.787063802272346	3.2532869842143013	-2.0911743826217974
5.018663420966407	4.074278277032351	-2.350923613160416
5.853033140244892	2.907717089863654	-1.7880717344410981
6.422561329840696	3.313670745365457	-1.8889053109686902
6.281113240701192	3.6059768028012753	-1.0912239026097679
7.149336316050836	3.378490366397509	-1.287227136280406
7.5146217216216575	3.3266680744752812	-1.2598462222250026
8.325694068720077	1.9566841932071477	-1.081691235621999
7.870689248537306	2.299607322403289	-0.13211840846875456
8.921992349154733	1.8343002896282044	-0.5445105579445144
9.220388369612854	1.3498440354356198	-0.5671093426321479
8.835492597530965	0.3105383467333136	-0.15351128339897147
8.56033772828934	0.4898378599170138	0.19754014413228138
9.621118613922029	-0.24355453171255093	-0.4564462863946202
9.138853589857609	-0.4296771380618549	0.278968451465301
9.333146633209832	-0.8644840326869427	-0.40604742987335823
8.894549590209216	-1.1539245127138942	-0.006049987025956383
9.646691976339174	-2.480548666122585	-0.5072273869463761
8.640375604503888	-2.8339104327931506	0.15137143156311295
8.501137445326975	-2.715895668524435	-0.3436220168933659
8.063940566105664	-3.9621342480889137	-0.5743320718521696
8.396802275603736	-4.504144674393156	-0.7841449811986736
8.42043938930691	-4.5846742626867405	-0.8452189517578613
8.646980987864657	-5.028475500208917	-0.6665163422677756
7.452764877344822	-5.836216746808481	-0.43090419632793986
7.1143066670523	-6.021143121572279	-0.10280879852078328
7.448836572936534	-6.009161496879119	-1.1404822372455403
7.3282366033077695	-6.909705120714567	-1.0345294718129738
6.007302582751168	-7.528114383487542	-1.1920623218631892
5.3109162792768005	-7.742299147333116	-1.4793160362439446
4.771984319046131	-6.7551060289959475	-1.6980073231600732
4.418360361882788	-7.375106617346892	-1.5126097388163575
4.035322095205284	-8.65888890306144	-1.738684425262496
3.592537564234103	-8.836224154123075	-1.1470991266127868
3.1534918032808226	-8.80943192054554	-1.6926441951072082
2.8896732611072653	-8.233790814953293	-1.858428398497018
1.7438212426673712	-9.102142366659088	-1.0484526068878812
2.0164898923792984	-9.07116816657066	-0.9390321945840117
0.7542953816800702	-8.004489241498378	-1.705939109260345
0.16463836366666884	-8.684428871508434	-0.9118066389805257
-0.025350205015327254	-8.059673996453444	-1.165079242940168
-0.8533802716297332	-8.517012483348168	-1.2503806470194385
-0.9597984393429091	-8.160313024317873	-0.7710933942692646
-1.8027046931050128	-8.081345820399324	-1.025951022900091
-1.4591091259623974	-6.8465842471878435	-1.0777776556136223
-2.632250129467669	-6.754580708056307	-0.5275931757028713
-2.6293774328991124	-5.6801622204470945	-0.7753567679086598
-2.717855371235986	-6.304522947831109	0.3590084833291919
-3.011771574397204	-4.86086482482219	-0.418001722735988
-3.372436348488541	-4.717619152799317	-0.6169580089980877
-3.654495660097501	-5.10362565962337	-0.3831196268094598
-3.6376117395272187	-3.8175635896186995	-0.6763855289554462
-3.204051005199127	-3.973144773532311	-0.5278574110510221
-3.887398461079966	-3.237567102039625	0.6530472676927503
-3.0012001062544433	-3.140898433747205	0.3907114367807134
-3.3839965941308794	-1.7878404502543774	0.022555098233772664
-3.1349562936943887	-0.9329187962225576	0.1254740012347687
-2.839452684574404	-0.4750015873279776	-0.13374828143075373
-2.449579342974573	-1.1788632578889582	0.7876265604893546
-2.9123938681841004	0.009337226122671627	0.04712067073868015
-2.1041221321300085	0.1317099094850478	0.5450725257654973
-2.0321880425083587	0.4579142417910367	0.931102764230688
-1.9684889235009437	1.7237779210059165	0.4113930764259344
-1.263280358522018	1.7940931298424152	1.3375745434111987
-0.6252601034920874	2.378252775520984	1.3268433742357146
-0.3235052137301476	2.3209657393240155	1.623038746249975
-0.15815074743222624	2.7346958812091033	1.575054270418833
0.11871598158576244	2.912293088840461	2.0870809039802207
0.9091099723486887	2.7433918050158597	1.7405851058436652
1.9017150685603772	3.5331162965998684	1.1745058932823582
1.3074993941989044	3.300879570475755	1.551709459885986
1.8546354722389207	4.411208988764436	0.4605828931515588
1.9805105117655464	3.955554834793174	0.7097214079285562
2.2573690275927296	4.239814772320859	0.6253307082245665
3.655564146162951	5.044684295353553	-0.32336868618065256
3.64827969661553	5.417537720046527	0.48530862886529136
3.509932245581547	5.597904766009018	0.5849571486797569
4.882501013158285	6.179844025288867	-0.4886685740165611
5.094375917397689	6.726797407792323	-0.9060334733208764
4.988473030158898	6.274945060858253	-0.9069735957583012
4.9094459121316705	6.823591235388822	-0.10968677051332898
5.235695534590417	6.984034128487177	-0.4395500271084528
