3.7387299499049274	-10.237195592053778	2.233089051492372
3.682192061748387	-9.305616878882226	2.0794945896788986
3.5318454123810317	-9.750120523313612	1.8103223975558627
2.926139722419387	-9.343134752937042	1.2228154380411802
1.7774923728588679	-8.820475922004242	1.3308021629339277
2.641124445061161	-7.960816631532627	0.8005078585526031
2.265192824205613	-7.415794197002818	0.7337422942989095
2.7809864752842453	-7.33969468890618	-0.09759438865271197
1.662325135158215	-6.587854114259939	0.2707976620393906
2.698747067610511	-5.485039753990055	-0.5674310588492442
2.3375755847988087	-5.4668791048292915	-0.21990156016431706
2.671490970181876	-4.7273061515116055	-1.0636542831876188
2.544265899242769	-4.37691340902431	0.6071508631229267
2.6208468121230024	-3.1565269677107692	-0.21908380490679874
2.383720430139921	-3.3118762022799784	0.8825627990371405
2.186462267624922	-2.552177344959655	0.5053031194253825
1.092397601551376	-1.7951540967365136	0.8022742457034504
0.7876718851856881	-1.792294481234533	1.83030051203266
0.4206503252725797	-1.7001700205306005	1.682496566653247
0.5033150280196151	-1.1698358276808853	0.6806734603810529
-0.36892659951748763	-0.5251397979042874	-0.7658552333973796
0.11362096176927561	-0.4303295987725207	-1.1559642159622894
-0.5290345953354159	0.26457391564358046	-1.294103363849827
-0.048829673540831786	0.9026566154114479	-1.8965691104973987
-1.0376263708483395	1.9128153341686231	-0.8929726086999206
-1.2882730442339712	2.9746851335357873	-1.3795150282538857
-1.3135206258899441	2.7346445755022812	-0.35998910369283554
-1.412611487951104	3.477960201302806	-0.28854045420984775
-0.9234865768971321	3.9137026621736437	0.3574406928728374
-1.245278063598315	4.6036671400719715	1.0570471284274572
-0.793679424294851	5.416416998619445	0.46709512864946434
-0.4030908050026638	6.275608909868608	0.9055001807048246
0.2429360915143814	6.109531476875089	2.2555419025555796
0.40835912045099426	6.630771230355335	2.290733610104026
1.7097401163309647	6.687958148296566	1.5658961624041083
2.1008703959616213	7.397727777135997	2.075260203572677
2.3330548759844483	7.1489806040862	1.8968022214763132
3.643255645844392	6.361211766550088	2.3131019010360414
4.216443916588038	5.93338545486091	2.3987393553844987
4.854689259305271	5.258457032673737	2.367873727290491
5.168817544617411	5.019747445333785	2.013418889432826
4.8929252590204415	3.8874664064288016	2.03228203954342
5.024933820186121	3.7485741361605296	1.8483696114622308
4.720112969952176	2.653126938036921	1.6976864843443091
4.8537797365931	2.4294965787553275	0.794363312531038
4.357849071852609	2.0640570449066025	0.2835740739847402
4.581266557369483	1.754714617043188	-0.2840361902016666
3.6932557185121144	0.6195702989892684	-0.7960447266623323
3.4291501632126495	0.591972434215555	-1.0033596142004593
4.058611023420662	-0.8996544892645149	-1.9383097112179022
2.3730010010589377	-0.7778190734399875	-1.201332774489261
1.9380470865957093	-1.5801631476573077	-1.3084900076169894
1.354958488128602	-2.551215124944117	-1.3732795211175444
0.7438050006117083	-2.0625468560387032	-1.6651319932283384
0.6247984915658885	-3.461109765987585	-0.3566062340375651
0.41418600326369504	-3.898606024908769	-0.7291941669858998
0.09922014432026113	-3.8056684441243487	0.4318959609516156
0.38719391939916925	-4.985673566626998	1.5099851951791197
1.3744484442445866	-5.118654730863961	1.7692136416284823
1.472903669099868	-5.462148855588173	2.0308942398326324
1.6692676623226996	-4.836701812005065	1.9062772269061001
2.9376479894494407	-4.836545025785198	2.2762287985278262
4.144456096006641	-5.84105481284248	2.7357900960767814
4.565618779923831	-4.758852390844815	1.549276001903626
4.449797294195834	-5.242305358848838	1.98712053123076
5.280316020377544	-4.134687918297693	1.9968873760054193
6.254680109199006	-4.288097024400644	1.1298980678876176
5.4368644792563	-3.543552501280556	0.9571756214952307
5.883006731363364	-2.810786795848741	1.6875188503552954
5.516159723688045	-1.882423930151126	1.8168154985971507
4.641495376807497	-1.7300314725434516	1.8606299212200028
4.304932444638202	-0.9211878341634041	1.9507514284567866
4.395142542924851	-0.23956091253124634	2.496993260342589
3.227658316308945	-0.5077507149411531	2.694196249030156
3.073372631644026	-0.05302736512014361	2.700059052726492
2.2704469861771006	-0.3907090105035155	3.4074581423967576
0.6118353140580994	-0.3254991170048533	4.315567500405589
0.2618105344084027	-0.08325664208829503	3.1848946677438685
-0.9442069210980086	-0.16258205585991709	3.5746549016935214
-0.754082514782406	0.11509063877024384	3.372656324813319
-1.96857974973727	-0.05499473806278238	3.139856282991151
-3.3290707628790863	0.20211006976972773	3.3503588075647963
-4.166973661957706	1.5250568345287911	2.555935113736664
-4.358183266115226	0.8234297755752844	3.005141067100169
-5.182916784900812	2.2819781930275713	1.8789103535627327
-4.791617793507919	2.017430658505463	0.9292533947681679
-5.538933402028697	3.1422799950249383	1.0764254757010696
-5.437698939143362	3.377854316100442	1.0864982407497437
-5.465451304219921	3.9264051458340132	0.2546754352714966
-4.759359528042094	4.238828233220459	-0.4961670940671068
-4.17021286909686	5.528710789940772	-0.8564003389590948
-4.302008143815795	5.580289530483557	-0.16822213320551338
-3.1426018483341904	6.054894917842388	-0.9745942363184784
-3.0712282506808606	6.371775639540876	-1.6680363155979936
-1.5238007460320857	6.082660944379999	-2.390992161450111
-1.3595960170504156	5.444682618536251	-1.737667305665728
-0.8747314363653493	6.45622005669365	-2.914044766770954
-0.2788101884020613	5.159523013339633	-2.3989050106734866
0.17818580382976934	5.70793659599824	-2.9881640674629257
1.3644898679632214	4.6847851903599835	-2.1804759882257496
1.861864182099531	4.0116594454418895	-2.2378211057671114
3.531948493429098	4.100762395819506	-3.00007626591502
3.4421600774131953	4.318427870565507	-3.0409489236045273
3.875833041333377	3.374889973744067	-1.7345718638184109
4.571512461991034	3.562824437375955	-2.166260114180921
5.88855740579397	4.00624951583027	-2.0882196025590423
6.758297779807075	3.9311103687720506	-2.158043275118255
7.786584558186784	3.029660391469141	-1.7158600834481463
7.3877185012421736	2.9686893879935727	-1.5092313517951825
7.574584841670694	2.230730591255515	-1.367739128556016
8.07751705985136	1.339810377881856	-0.8247214026724392
8.046263560528818	1.4975450242048056	-0.1498706462875109
8.642284531618591	-0.09306757563993051	-0.15909153075693305
8.789220994739582	-0.6870857713970663	0.28247488538373466
9.559427814924904	-1.1453291948737447	-0.33464435450290064
8.43582921888723	-2.402345423107821	0.8403172406327702
8.283527837538204	-2.7712079093707622	-0.26736310568261695
8.75818807293187	-3.8842174436663166	0.3217997466171929
8.829080637940363	-4.307353629632816	-0.5589438898563579
8.931594988710343	-5.427273928764028	-0.7619236879364861
7.19991233915538	-5.85913555820018	-0.635988003260971
7.968026440951881	-6.389457216542711	-1.1802122575317866
7.0765937110318795	-6.347401877003683	-1.030706374030259
5.802082474202262	-7.325785594315012	-0.40427876137887586
5.695666478393016	-7.819472411276424	-1.2691959588588069
4.509986354796638	-7.552872451282491	-1.8623036083803743
4.190410558248095	-8.767153561141074	-1.354572761429209
2.5139405318292187	-8.627567476588581	-1.3281727480164778
2.1337472325959714	-8.82484092722412	-1.9597323092201173
1.3533342916442996	-8.428337650726142	-1.6996343693818685
0.43830878352361835	-8.859975705717563	-0.5825050184447296
0.43929735861781993	-8.135145219534452	-1.577290978783981
-1.0457559037664723	-7.815082418828493	-0.2248455343604927
-1.6504262631950763	-6.727874717156657	-1.0002676584409738
-2.4422020502365194	-7.271236456409678	-0.043660726372959036
-2.9525812575690686	-6.342095694736185	-0.8093446738905649
-2.4774590218787704	-6.1175074748071525	0.24661936949481988
-2.8380104463331746	-4.81760706494355	-0.4601530650661226
-3.79133731348358	-4.214160663607297	-0.5471339877910426
-3.943830853731391	-3.307557248218127	-0.13833628228314698
-3.6993007551426857	-3.103997741397323	-0.51087502990118
-3.58580973462081	-1.5789994568886367	-0.4792779176626201
-3.2279800039085815	-1.284714761009582	-0.22895411612019584
-2.9472437140335828	0.14642372054945152	0.25755252321327105
-2.282552165192974	0.047510889735120854	0.07489913124084446
-1.8496290278293075	0.7591697054679047	0.31118332472091187
-0.8369677854781652	1.95498177705369	0.7909900899670532
-0.19713196354599305	1.9318057517661746	1.1764931464021824
-0.05748903965054086	2.2529138660913564	1.7859736506474946
1.284212660162476	2.4335562166248415	1.8587098757973675
1.9703853468627557	3.26534326596474	1.3246880368046576
1.9985508437776929	3.8941954954244173	1.2291290312128411
2.4080221792888157	4.527541731982546	0.22199351744870963
2.7600810084208773	5.266644244786762	-0.19891497059656635
4.372186018986911	5.064818572694513	-0.3227994549529002
3.6338007836001314	5.539834349550124	-0.2096343443955141
4.123445686023494	7.457861626968155	-0.9059401595484619
5.376851047777887	6.718531618452189	-0.052892384775087065
5.7178030683303716	7.008834151317122	-0.7483873783735577
