5.873874531784825	-8.726461432841784	0.4888501629912826
5.351972415169734	-9.068783737794746	1.0266612487196953
4.655544545765193	-8.757717008124892	1.2970662181961043
4.012797818257192	-8.932864734516562	1.0628789413797992
3.509779135567929	-7.838804301402069	0.8291552670613279
3.5440405543187756	-7.815076978561786	1.4444203613649627
2.3307120254295035	-8.04834412472579	1.1735431505789267
2.471969838447018	-6.814510564076652	1.9218933662817081
2.610917472543502	-6.756276775232871	1.5304721157251762
1.0761757422865532	-5.87167496015485	2.46160100631937
1.6839615056557822	-4.973805455794415	1.460401535222239
2.047081357324702	-4.877369998112394	1.7236627910207543
2.437331345473795	-4.221064778932555	1.8491551733339966
2.4350435744230294	-4.18860076108086	1.8635971291321485
3.188755815853063	-3.720644483165227	1.2760441553618687
3.2696699015584807	-2.764555863578016	1.2822669655922676
3.013887692859703	-2.9313497248596754	0.07816660221409294
3.305063025643455	-1.9628178541357153	-0.21222204460346855
2.8619078850182067	-2.00134701721813	-1.0516036397567654
3.356817522557361	-0.993583127413022	-1.3372957461605386
2.6638172512222975	-0.3997793977378954	-1.4784884280191957
2.0281915411403952	-1.0277333263050121	-1.0832956648774654
1.4498914202166873	-0.4647680621203202	-1.3458309669408197
1.9056787275816252	-0.37763286439021887	-1.6859841066140429
1.2733931908509608	0.2734823329294361	-1.9431995111804317
-0.22935843637422176	0.45848725305937177	-1.8883565119955705
0.10235756520514072	0.8243553939513388	-1.8819574808757291
-1.1838195389725434	1.1168468257396456	-1.7586382246923056
-2.6710021829793997	0.3425908244217367	-1.5713178428614274
-2.244865268168436	1.522335097538149	-0.3493637663658471
-2.805553395129955	3.84177470345291	-0.35367379491455275
-2.882075040583281	3.483275709603869	0.35403911000255334
-2.3699276159336655	4.729999261143659	0.2818911250216962
-2.434053700382741	5.127683470632637	0.9412751065799894
-1.0587728370554785	5.2392889390309	0.806688893803635
-1.320705012853397	5.9185675417330055	1.7166633584738906
-0.5146525987751169	7.549192420932531	1.527174665809773
1.0639977975001362	6.822280339690241	1.419083980359079
2.6679333607610314	7.653773571151826	1.786630370246603
4.082169619547296	7.053656398906829	2.0946789282132494
4.809444172548859	7.227635671556122	1.8575196756046957
4.288828263621229	6.970600965302074	1.7308223282665427
5.061752573419655	5.796376358662118	1.361947215026083
6.100175251814331	6.0659012582991085	1.2195958195222105
6.454530337792037	6.292964192834492	0.5147872323256046
6.59163434999194	4.911479344106037	0.9401105681973806
6.1794843939345885	4.478654179719298	0.09803697218562928
6.225333170869798	3.059719176497633	-0.0028691005179860007
6.028742616826957	1.6776599238012908	-0.2699421297225439
5.5149075761085795	1.0586572706376058	0.19417102699060684
4.0420941669751205	0.8887261551431973	0.8358723146777076
4.356735726566452	0.7340662558028556	-0.14771535299047583
2.7154033625127645	0.4020814714142996	0.8098669307281462
2.0327282149710646	-0.054166410174132706	0.7194574777057006
2.243497420766458	-0.4150535805759681	0.6846240730073859
1.1744226068339718	-0.9434214036485681	1.1969027062485114
0.4632023482433978	-2.0579686336148924	0.4821922828915606
0.1609517845466097	-2.41485740121317	0.6752751169875466
1.1358994350489355	-3.0139106268914677	0.20157623074783726
1.0039206701385803	-2.8461118194588915	-0.17740409327700468
1.3827635314810767	-3.513210180386179	-0.44370060253716104
2.335619343398739	-3.6447250302492757	-1.5137306600175287
2.333023834451291	-4.129089754261005	-0.6608793757136912
3.1072943923649383	-4.645013663908143	-1.306686657146555
4.420138845718463	-4.0797609903749334	-0.5453601693115948
4.360664101939706	-4.188691955070919	0.709882341283004
4.591044610983256	-3.6414618127286476	0.057776727230435865
6.314118229240428	-4.131404982067574	0.3516644206658741
6.175196249080141	-3.394579651766813	1.7767153952860004
6.683217227120025	-2.7594091854805662	1.2246059435613512
7.768681126237965	-2.4897913244457825	1.5282051495189006
7.812739226958942	-2.3539311784074037	1.6734662161531115
8.611321848347762	-1.6385618425962152	1.1067824118625436
9.768734832145517	-1.0942391766939505	0.7949075610107365
9.278860570888416	-0.3641799389029185	1.3118115548706948
9.503382136509423	0.6652432695634174	0.5396817013607649
8.94108687808117	1.6632900307077694	0.1035630582611622
9.088025807838672	1.8843053145734252	0.1795567392947428
8.93211787771827	2.5277666029762056	0.13084224553767665
7.785591506075004	3.115812656097393	-0.7795472096050182
6.723122619993489	3.579616625665024	-0.30312427239799256
6.390108035849195	3.846833706552846	-0.9184216679486343
5.168964718607124	4.330461325304072	-1.436247924686373
4.356692706809122	5.044274266273632	-0.8107725974492195
4.014900777715978	5.612425150654978	-1.6969758802468464
2.9964784360403067	6.016130782714573	-2.0914403054971786
2.155383387351581	5.1556079851536385	-2.0216793177403476
1.9433204257444612	5.486254820978233	-2.106131075639727
-0.023668249904652106	5.8436420209795665	-1.4647838147698051
-1.649404401078998	6.742349419599055	-1.3421198896995987
-3.1063491004621544	6.171990118471438	-0.20469050269757516
-4.066203302009174	5.598823240915206	0.8361598482792862
-4.851119161550758	4.807571258479028	0.2806015365775322
-4.558392840132595	3.6802251508143606	1.890704528139569
-4.788869130639936	2.9514927336803756	1.4490510650784185
-5.104263255376307	3.1522873499900324	2.1512216260077133
-4.8342506121699	2.368998849582897	1.8830042586319369
-3.8109485978667843	1.366179177150218	2.900160046491683
-3.18486607920362	0.9236165544353174	2.335946146666298
-1.8501738547265698	0.7309329502780945	2.620321872659042
-1.6612838286869782	-0.41561833452500285	3.4271710139272136
-0.12266145601269918	-0.3468263087862252	3.040609844928059
1.0811818830180868	0.04090848537789016	2.278692955116917
1.650916130187519	0.5529161006463812	2.620619251727572
2.874171286148963	0.7410412443762968	1.7381223170141857
2.553553782972837	0.8444802569258247	2.1426149852018095
2.87775841922498	0.04488479200963011	1.972848590952177
3.3296494360016156	0.7971102980066267	2.125024876385446
3.587921384377576	0.3021346882782887	2.6360180014262644
4.458374257768641	-0.5057329506041666	1.725023913613098
5.272864729570345	-0.1557727768013012	1.4555557185094616
5.890033659024566	-0.6617867454695101	1.799326620452494
7.251782345517379	0.5037067466672791	0.1611171935363829
7.197377932812288	-0.07775988083374547	-0.40043543001029736
7.449188752353627	-0.4140669858020062	0.19368437041086595
8.459149287751343	-0.7713685163181013	-0.4992630255994428
8.155284280115593	-0.878602850921304	-1.7646590217788383
9.017953377254791	-2.9046204727142735	-1.1435656913362644
9.15339850436987	-3.9387546442767385	-1.3815064463885822
8.795108094692676	-4.279189909758485	-1.51780709951801
7.821730658928605	-5.116720001799604	-1.2201974372577356
6.28129933083147	-5.633020288632707	-1.1422501510435863
5.365124530455987	-5.892992623259396	-1.2559136023129
5.144020741783848	-6.193650157059129	-1.0257893232426336
4.2931535554746505	-6.778090746950024	-0.6635816421958725
2.9146896919556387	-6.700753546393235	-0.3015721950386905
2.320647798747374	-7.201605885288494	-0.7697196205907386
1.5461596040639611	-7.430626699520929	-0.24924844561213755
0.2636592479876858	-7.238489400603256	-0.25782410971975556
0.8421343729812684	-6.932799936237397	-0.6466521129290428
0.1997199579053056	-6.295029679758411	0.03500239151350093
-0.1790221936009858	-4.679711301362876	0.043646534338291354
-0.9004648606802969	-3.8847100363864695	0.006069717637676442
-0.5549322585342631	-3.4085309706229476	-0.1503172204275397
-0.24577159932104387	-3.614305148117432	0.0013856155953470561
-0.7724292157764334	-2.4202835815815775	-0.2785147802174582
-0.8845276672750306	-2.12432243790795	-0.2902899841930079
-2.17825246209429	-2.095019551795638	0.5196457034224466
-2.4528302092012546	-0.6627180028231612	0.08775900018583882
-3.0247084036069793	-1.1782429537226486	-0.2048600217355191
-2.7238908398175443	-0.48503593093561065	0.3605466594168324
-3.237769223735095	1.1317022911083252	-0.3530423261230044
-2.7014215215400523	1.3694192483426622	-0.04480766001711628
-1.5574433417810218	1.097344163840446	0.09739316151342867
-1.9122608585342629	2.6443979519805754	0.7529182932154243
-1.3366949790936038	2.6521854221722094	1.2447597415716594
-0.05221197963205415	2.8203781726241095	1.498286605160085
-0.5435724161620097	3.2668055912138323	1.7230706444534256
0.03375815562735794	3.476379415698942	2.43574354253701
0.6807594110962926	4.646979894902106	1.542700484516707
1.5292048395774436	4.7786242182283605	1.8541036272087608
2.329987336929237	4.715098296909163	1.301960335881846
2.7455490633305413	5.595000028514514	0.9359946875632523
3.224661472896994	6.288041765660233	0.5768965895287347
3.3835297234913604	6.365412296460291	0.8722107832033511
4.3409904863469055	7.059375612390123	-0.6661062428680575
4.0596150224070975	7.252920898690044	-0.39627793756258245
4.9142437593971575	7.545159785214063	-0.5642916255676489
4.552497554010223	8.852696229450325	-1.1970124512440945
