5.648727432143398	-9.356163013694431	0.35079771897634027
4.737445903780543	-9.107516490527843	0.09119385743640121
4.81156195328251	-9.184550966792118	1.0728293966454419
3.6515631737732575	-8.676003300252285	1.2002223917144412
3.065291617218746	-7.771342112430808	1.6192518148429489
2.880802064600124	-8.170011717333404	1.8219074471301844
2.5955720212551494	-7.909912542369979	1.307842096597848
1.9288732341350274	-6.7848337695561565	2.2206015394167933
2.4701313806308454	-6.509048350898967	1.2715439924419942
1.4083176909374724	-5.636193374564479	2.0776246154619944
1.157137160269603	-5.117956435785539	1.9562010681619697
1.3166203925420104	-4.6431613761444455	1.8033454959493938
1.2544853892512968	-3.448767446693738	2.0415169794050483
2.066743757238377	-3.1748384308693653	1.684835514755493
2.8944691041500574	-3.7106835574745936	0.9850501033545889
3.0943708957163505	-2.3479474496392285	0.8338644617636446
3.5323286404558916	-2.7511075379125227	1.1492911661800118
2.97449206544431	-2.6441346080217265	0.5588653383494958
3.2922444468324463	-1.7930611374498748	-0.15079416184508676
3.4850223115171572	-1.7988549022841083	-1.0376172097386518
3.4226054437061793	-0.902956107709709	-1.7540653713871026
1.7844994666122418	-0.7413893820299378	-1.5322196411039923
1.8056575468885194	-0.09396772870576309	-1.165143952691907
0.61133270989736	0.7649960676586361	-1.2136686329485893
0.6298197831498703	0.15771342935187907	-0.9064464578421079
-0.3717062616773107	0.7654830947669221	-0.9184617215968884
-0.39988117866162987	1.1449413187360278	-1.3454434205874326
-1.7697354268184733	1.0478689776051429	-1.3175326617359784
-1.91521871366031	0.47888356315292147	-0.806453843029616
-2.131424205029485	1.7998273108644538	-0.15970256352954237
-1.6338561949670618	3.2981215222918188	-0.848842699554383
-1.8093986156731274	3.349896992048143	0.5104919054932253
-2.43786780565732	3.8907611089096736	0.32292848073862895
-2.1596233088870513	4.598825360527009	0.6191812907132036
-0.6394800521941715	5.335045990491885	1.1089745800156603
-1.0017882127101223	6.186868144924996	1.350786767859189
-0.03443541514006321	7.096603046483767	1.744911269099621
1.5526070202380486	7.010294647745149	2.2416367802918487
2.650729387387096	8.185146306420599	1.4605186045283638
3.4417657641340984	6.9730961757611984	2.0222622817241276
4.0948673513834795	7.112240520914262	2.4601194843546526
5.0588730624948415	6.165380106087374	2.290316765780348
4.955743328693654	5.588695227384254	1.4957700162293381
6.093621141920959	6.249796979002758	1.4267297378232615
6.474901193726304	5.307945824735483	1.4013050759101415
6.419080419655765	4.626505976075977	1.2999224054667797
5.777091783691585	3.1189359398977103	0.6767544505684719
5.768960831787738	3.3149316032912446	0.1633411879195631
5.480474624175655	1.43495982366084	-0.1330958788528388
4.912671799366639	2.0449923671403463	-0.27101903102078195
4.157365715601056	0.7893101145542285	0.1315768486357075
3.487623782148399	0.8963989813092543	0.8103569091856748
3.285822648463308	0.32521201966613844	0.9004138380745801
2.0239558209069375	-0.8371111532335065	0.7324037587936778
1.6454278127062971	-0.2289114134190069	1.4863599169977886
2.0037285299939827	-1.5289180776315565	0.4937883829516444
0.6064117847272967	-1.6332541926761395	1.2300744414783218
0.5667211949731276	-1.40543297613704	-0.060631023018702046
0.5424205344393598	-2.5088401442268022	0.3947724214289965
0.46408871458637285	-2.554258483187314	-0.5448116042372066
1.6624980387116577	-3.905203138345555	-0.5656404609520163
1.9984795581433512	-4.365209188585112	-1.1885925280473593
3.149315542416681	-4.025955341251008	-1.4005463416201527
3.413106411990888	-4.64393676977094	-0.9301025667436364
4.002068173751848	-4.425434957510649	-1.0146626335818176
4.072109994482978	-3.7023920917395126	0.37887896076252503
5.909323679879378	-4.463538530990698	0.2733702471892085
5.336108022551608	-4.063567996138003	1.1984781222219905
6.359470081091746	-3.0069441495263023	1.4681363167859482
6.584547068653006	-2.309666523298264	0.8769561009521676
7.286886095832101	-2.918826661106484	1.5158111236252538
8.224082764930422	-2.428700863141763	1.628599933678731
9.054468947292214	-1.5862131058707298	0.9150448063746329
8.629305775981278	-0.393937569199583	1.6666731678463174
9.161043580072143	0.3089725200871033	0.7209453099134228
8.620981862155404	1.4156659579831663	0.7871904774554075
9.667064253856077	1.5276809748960598	0.5532963472619564
9.175495665480588	2.158658129118718	0.12013694187111201
8.540045363682557	2.6248017381253894	0.4457657052490466
7.5436668529437085	4.006629431958427	-0.2825993556155074
7.013576461372342	3.827970798659652	-1.2442255193816667
5.902382179202453	3.9222688357721234	-0.36537600412503335
6.147016292217953	4.57230838582669	-1.625416196562505
4.360599507007908	5.1323846233982	-1.7732293724325687
3.9068587156892103	4.731930623258376	-1.3817242466762714
2.516203070935214	5.857947155683709	-2.129176313709365
2.356983736115784	6.076157126025362	-2.176968314475387
0.9127030787650583	5.914258460790853	-1.1957412847227493
0.5865507910301611	5.513289142917893	-1.9943430112822638
-0.7177838399025134	5.929390462677275	-1.3310763244594932
-3.355515230653688	5.840112685454047	-0.7594039596009823
-3.603030710582717	5.839571293097757	-0.23460930438738958
-4.338312561998773	5.371926357380578	0.2948552100281183
-3.9509267726166133	3.79443764199267	0.714760255382524
-4.116587273858001	2.892359872091072	1.3438349439674813
-4.775329401543448	3.0026224905589434	2.006196152242094
-4.105487692234992	2.0044965748680936	2.1156252493072563
-3.868049074942098	1.2696235575967447	3.0348035420700574
-2.9491754280856326	0.520690000843496	2.5752246293095022
-2.2374604744553244	-0.14988316307785976	2.5863209690957243
-1.6206523656297813	-0.30006243357527956	3.3867707594827157
0.008245110937228906	-0.17148222002154678	2.468485813119444
1.0301637464115239	-0.306914517832358	2.499122011352584
1.1021980148580357	0.5013698537451973	2.887222988647216
1.9532760567968666	1.45577013001127	1.7284924140674593
3.3142120136765865	0.9190531860174747	2.1675966818242407
2.994003831813336	0.39122341812877215	3.121325133360112
4.072754727232043	-0.25688378318332067	2.4190333783393916
4.202135345765036	-0.1817722353719533	2.80604577525779
3.8305544865037002	-0.6912807833947892	2.679502696183039
4.971662966110141	-0.8884596577341399	2.4044248497164107
5.334824071777889	-0.7299200350429111	0.9056626304858775
7.618978355070198	-0.04259306968860599	-0.006172724183684053
7.372116831367826	-0.2898558729412735	-0.39883386325695214
7.94478676861619	-0.12068315283163356	-0.8129046311203887
8.998265365760176	-1.2775893010259387	-0.7769194937051934
8.850485690020509	-1.971090479730843	-1.7144127229135426
8.9200548898467	-2.759738836446666	-1.532780588416725
8.847258594183717	-3.574231107558905	-1.6899846075792544
8.824124385174349	-4.038846016830644	-0.912149881208195
8.01434267703509	-5.372688425685911	-0.7388721892818293
6.837351563574893	-5.3595002590034975	-1.2262313956335478
5.520648373365299	-5.708424419239913	-1.3812194427011297
5.486263612080798	-6.747987969829919	-1.2214888430142963
3.4953964517010427	-6.075843824104282	-1.3562087139893477
3.4349345663573017	-6.840367703678096	-1.244330913731356
1.9446522780001265	-7.254730968667809	-0.4214132134561983
1.6354317760722696	-6.917639427681453	-0.3499733765048618
0.21797588383446795	-7.384911818497448	-1.0323111388373227
0.3668520789486974	-6.025011464395633	-0.3084095098910874
0.01831999321037381	-6.2053051399828005	-0.4348993175785239
-0.6408509818512113	-5.500759972412666	-0.41551149679955357
-0.8153872779611484	-4.298048668418646	0.20193959406326695
0.1776030730590975	-3.777451196856088	-0.33576301425736244
-0.9312425875186121	-2.911063283040655	-0.2665570994827334
-0.4178850706093701	-3.105754267633266	-0.04970451251812913
-1.0184224691650567	-2.378094692429416	0.41575180824812474
-1.949507164871923	-2.0564896285696252	0.8754884468612127
-1.9387063409409402	-1.2877785331929021	-0.21590002325091712
-2.267616631238215	-1.1634578846561419	0.22116735781794727
-2.4808959221262605	-0.26439533913023094	0.27590889824807363
-3.4454123441908133	0.31941270116818266	-0.18587907529100417
-3.2242861089705945	1.391043504848298	-0.06056165432725402
-2.277823564522836	2.221640509261141	-0.10474724338288913
-1.9499343659890118	2.3566942024870228	0.1621460796082856
-1.5303721802911445	2.0728554971286104	1.5483626144662095
-0.3686010600247258	2.664194068939018	1.702478140923744
-0.16003466287887513	3.2363973470797913	1.9407798603365087
0.5181576488404304	3.9370895130726664	1.4187794573813937
0.6746811310933347	3.864432078228596	2.3764833685167943
1.3516017055279632	4.341848310688481	2.249315598531571
2.11543662711509	4.454754900980155	1.147422566004845
3.4700185364792357	5.4129890098597935	0.6530820792454926
2.617294558198921	5.5701906335834135	1.3859442379331286
3.5642240597147596	6.3791471305937595	0.3426203397769182
3.481897464559246	7.128898128089575	0.12917796406874005
4.060534076828729	7.056267193297179	-0.44802479339153023
4.0309113310723355	8.197229552551017	-0.6457845831263315
4.712318070474178	8.740138949153273	-0.2960930176450287
