4.298444781989685	-9.746293787858543	2.0524946236579127
3.3516238462871537	-10.087711200601222	1.5330082040480693
2.7740075987593777	-9.161732335042572	1.3942061719246837
2.2563238581556666	-8.2478638840049	1.1495371449597436
2.08461389354847	-8.059896254303831	1.7653530508698776
2.6485939296205028	-8.079144566813248	0.7577205576444566
1.9972373692628729	-7.777834942057222	0.05321817093569696
2.198555227621804	-6.984314937356054	0.14001803702822813
1.9589954074241742	-6.320345906669557	-0.15199590846287392
2.1718648340943716	-6.190224067395583	-0.2062646257083891
2.4954260584608563	-4.773865630844611	-1.4835062057030521
3.5923087306160064	-5.018281396068661	-1.1933155922745085
3.780057740647388	-4.189691155566218	-0.6131946290377083
3.0127981008106124	-3.665876039013481	0.4197434103486089
3.2713641609461352	-3.0687721359054705	0.6738532716659342
0.9112101455428707	-2.6041056420202664	1.6937661636860724
0.7434552128257617	-2.2613689653809246	1.4968392078702175
0.31741273382654117	-1.5471758973211243	0.9212632469575572
0.7424963807277842	-0.6693347597574841	1.5732043114809455
1.0369348662848747	-0.12028234545817995	-0.058450002433595355
1.2506406281916538	-0.3628501844138477	-0.5380926797341932
0.37723422001939605	1.134087607828106	-0.3178699402991818
0.3978083933564132	1.6091548812437704	-1.302161185958519
0.9633930371893441	1.628219637070401	-1.3819107556128007
0.805552844081849	2.057881420394399	-1.9164406155345923
-0.04964751286174063	2.811268395267596	-1.1728872959235843
0.7905386552199235	3.292219904260037	-1.35153547604087
0.1741714722347505	4.60035433962742	-0.2420001806324068
-0.5631695841182166	4.010566124128408	-0.2480086183911666
-0.08801418065556271	4.857845740042557	0.6689495951231532
0.4756961164895755	5.495890499296779	1.205143941896989
0.9775962912187575	5.143607844537226	1.3305821181754118
2.2335444989413364	5.449171564232961	0.5612684183019737
2.7743565986486223	5.94269338759601	1.2257531458925364
3.1242256415369316	6.681519864529554	1.553538890907603
3.1248886688622415	5.759668529776926	1.59903218489238
4.688569751319311	5.932098899610437	1.5438969294328597
3.6829305165195176	4.802841762503346	2.837718185010912
3.8125017135223587	4.815951438449895	2.3658027992342605
3.968872590171048	4.434816382157469	2.3006825838264637
5.338924551694063	3.991417321474559	1.9605310575340569
5.075525414286507	3.300426445171794	1.9778441247922933
4.922687683375797	3.3859269922748427	1.5015053610905709
4.577161459525001	2.0712061119943668	1.7870043724729996
4.651308974296793	2.169049036555007	1.0332037501665352
3.962522088431649	1.1419748428962062	0.40629058854095645
4.318220523832201	1.539019668994543	-0.5771964510720584
3.490172377372438	0.4965334143618402	-0.6778466790340361
3.2391750818442255	0.5145726232430412	-0.8669826113356753
3.3295570149311886	-0.59686899082448	-1.9055303675722028
2.442968154539213	-0.6738308735137778	-2.1395504018512286
2.0280114666361744	-2.026653583809235	-1.4886192374980654
1.7257516224270297	-1.7150790883642986	-1.972372943980386
0.7447255832639696	-3.1724549205182098	-2.000382823135701
-0.055469968038710155	-3.2407141397532158	-0.7634173118962155
-0.17961834545736627	-3.5705506871303303	-0.8314579280322443
0.28176958424335263	-4.27150418655909	-0.0676487759447848
-0.6322913501820235	-5.32728673528124	0.4652531461875794
0.1445304888969613	-5.631633604094299	1.6725077542968099
1.1674034058863871	-6.127536132707466	1.6374269384715052
1.5083225447531505	-6.292316603819753	2.522760950547661
3.212166217923624	-6.241633758937288	1.9490472624832138
3.8411940710546424	-6.400306382167796	2.797646707500476
4.580687993885291	-5.921798105270111	1.5566586857036173
6.178904302686911	-6.01678696734577	1.5728771666611399
5.808327927198276	-4.57586541256306	1.5624236850604465
7.397512663983278	-5.074164949431225	1.069863393606713
7.622703153956646	-4.087775002485045	1.0613663923075223
7.618379034025136	-2.5083778290206697	0.8098142164485672
5.836148151963967	-1.677188437370583	1.68681785888934
4.883402304934775	-1.704623015711569	2.5426545225184887
4.137049625032102	-1.3420371491059078	3.124635685423208
3.7724867496006262	-0.7220345513044426	3.199607407370285
3.7096680756057654	-0.9267073657444351	3.168475772556079
2.223326698798276	-1.2960716698908565	3.724319314480006
1.8769078098673897	-1.0567980344271368	3.4789750457949045
1.2073180025550787	-0.6079265814698982	3.829307726764184
-0.3159446625809466	-1.1573290356488193	3.6671280289295822
-0.7188765328850458	-0.8013466475097113	3.105778254189709
-1.9581723512397655	-0.6556986114787731	3.1383440712990365
-3.217709975668131	-0.6081089671085571	3.2194458417693568
-3.5522775022405666	-0.41206318733087305	2.9440697163960383
-4.033161709604434	-0.37851522320845077	3.0838701863947753
-5.574500916383658	1.013053992756915	2.4235600820136214
-5.678886616598282	0.8343679591488635	1.5168320549835124
-6.633756260788599	2.7527904247601835	1.4251155655587064
-5.681748471726838	3.2486637037915354	1.3770485573289792
-5.235487106743702	3.7697357776735574	1.301053872511374
-5.333443451663494	4.675472175179649	0.9155358985711554
-4.871226480268486	5.849021544501227	-0.1413948788353168
-4.63257773368789	7.375519146935517	-0.07167566623519572
-3.195731168713797	7.214719856258935	-0.08567913769704916
-3.3976592980026874	6.76270861344165	-0.5499474578610151
-2.142518407059315	7.335559077500038	-1.5916812275595684
-1.1315555576628151	6.812679314470264	-1.139204803689085
-0.7258919360894952	7.279413883912264	-1.9137884399990677
0.20260404904483098	7.380139665135145	-2.3461448377465564
0.05997763817226931	5.967537022252633	-1.6026133844546175
0.8968051964902926	5.103845499653648	-2.0324563512723834
1.1453081869295039	4.121485431740619	-2.9677994465432724
2.0263598301246137	4.026070568920719	-1.9440739084507328
2.9433680293405073	3.5664547133593816	-2.679929665151377
3.856012935129531	3.5915523611865803	-2.864110213693733
4.440868378146017	4.086472061624431	-2.5302389245327532
4.528720252982299	4.3501424751677344	-2.181333756173507
6.333678632240599	3.4582523316228007	-1.9997658260647495
6.5633840036289595	3.5188205529521417	-1.901783786733535
7.687388664075356	3.0947339396595526	-1.4857919006122091
7.58234895054126	3.037411762380472	-0.6832864297053634
7.425417707349036	2.2412351473197476	-0.251810400696429
8.979956320403717	1.279187214640314	-0.9409980836594098
9.215288704060288	0.6450026000165747	-0.07764643699687224
9.353506598993556	0.4523783379972539	-0.4689232659624142
8.681484553629934	-0.24844664498757663	0.531223919475982
9.060263057112223	-1.1807880795178909	-0.07159952634674094
8.777826213721731	-2.4609665319037246	-0.21623256135121205
8.801750738418594	-2.87012917291948	-0.32121849670521885
9.05617932208029	-3.5636387010764965	-0.25804765226619086
9.11718092310357	-4.574147075765483	-0.7055031956731488
7.5754364271402626	-5.10403624971107	-0.45897151888554377
7.857046123254344	-5.250940865512524	-0.7625440180752566
6.913122628074218	-6.105081874503315	-0.9269104696928527
6.285472565341622	-6.935755813894105	-0.9426687375205736
5.469662771621235	-7.716950111188352	-0.08827615126380506
5.379284098808945	-7.295924082914861	-1.2109159094175421
4.019364720533233	-7.231377234784589	-1.6587982350033874
3.9344497908807963	-8.55645129600966	-1.9283660340809412
2.48039875453762	-8.238334334847623	-2.0511687488098183
2.584132357526102	-8.451304555777895	-1.6519783887153512
1.374827598315432	-8.70352115181303	-1.2512421364747153
0.26820016925459433	-8.171527827992623	-1.1298339413362781
-0.7690260148866899	-8.687722060409385	-0.8575805153641078
-1.4528027569840845	-7.387953625601874	-1.1986887102144328
-1.7548318828003837	-7.072755979932161	-0.6356826837886894
-1.5089932535585133	-7.095547092286897	-0.8179173238416493
-2.344603647141514	-5.995142678818647	-0.7537588617817739
-3.5171119579454153	-5.839158006379961	-0.01826030492341446
-2.7030727340921867	-4.602728782533863	-0.5202974472060597
-3.4628377405732635	-4.084604018325789	-0.11828825725384617
-3.3610414300075324	-3.83506346387465	-0.2624685105724408
-3.8644282946724564	-1.7163178114714688	-0.4108806283108984
-3.569161790411614	-1.3019670426759387	0.39467900974536596
-3.4913458598944866	-0.8901611727831392	-0.3505026182053015
-2.9521341206587777	-0.5133332454830947	-0.11910473255224435
-2.7983571870166	0.40220906189956174	0.9508179184281239
-1.6559793399054286	0.8236270336677447	0.41544797711484205
-1.6521627791755193	1.2383839081253618	0.6195325327166927
-0.7632235373045344	1.6731727028589483	0.9557031728848357
0.2203409383369031	3.132437190447792	0.956761740927949
1.3565747320127703	3.1651100343106395	1.2523362893976389
1.2414489831745783	3.2093670221954143	1.0041584980712601
1.4955968292573023	3.989925084202201	0.6908810853243855
2.1018291019215836	4.8693685117628105	0.35672930133947833
3.4263565384591845	4.80992347787821	-0.041499828900274566
3.543625696422887	5.775501401866142	-0.3713286812508005
3.7891014425528486	5.898011728201846	0.06409974757574477
4.614391402645249	6.985593487507605	-0.8198891144622587
5.073422918230791	6.791843326140619	-0.9935246453613837
6.097788091124709	7.122698200228447	-1.1048248662981717
