5.71728732845094	-9.457815022246985	0.621797350889203
5.261822206584909	-9.261125988416387	0.07701460261972554
5.9556635731545935	-9.418108171986308	0.0202977926562177
4.362250180999004	-9.402712217710596	0.4011453634780391
4.604657207678571	-9.05254157325434	0.5456260329016827
4.334098311375918	-8.484430969048397	0.7954287093159614
3.8176380943438204	-8.289171339764028	1.140024594619826
2.9557209776644036	-8.232500145187338	1.9062238237192108
2.752157836130168	-7.708950687722063	2.2411246443641124
2.5239000062622514	-8.051224858427357	2.1256178241761816
1.9202923603219175	-7.152046820997563	1.6568800497540423
1.6112888231917917	-7.371670174791191	1.9777475027969325
1.7823480448061362	-6.530704512006312	2.341897149770821
1.3094838279844738	-5.963967835412726	1.8103631880396631
1.122644381735975	-5.81277840815105	1.9090473883415302
1.5956229804124331	-5.4195961523451315	2.375178040864906
0.9766119369149632	-5.071523634538036	2.414574367586174
1.2131862208095885	-4.601321032532338	2.03451808324506
1.8433780853031583	-4.328774281568479	2.2475710912206237
2.7973072437551005	-4.25967943401674	1.399301418821837
2.151412194841954	-3.457683304373033	1.4539549910238598
2.1544998830802005	-2.821726848091607	2.0984381819870075
3.389235212824465	-3.0850002755072325	1.01640541263325
3.934686148176951	-2.794893938695626	0.29330898815172385
3.2253422669241365	-2.30887283053572	0.1040228434394348
3.300670894174127	-2.3779576226053596	-0.01331498827044808
3.570253355917982	-2.4634487963885356	-0.4935564824163908
3.1205660740973418	-0.8676861820742297	-1.2168163254675597
3.6137554390361766	-1.8803538786815763	-0.5242764296587379
3.135977519676092	-1.3048106859637918	-1.3346340135413501
3.2653986315298313	-1.2551623370048361	-1.9595959001443126
1.9775654081022362	-1.0096015300893275	-0.9642428904975524
1.8568422908951951	-0.2257475305016552	-1.2570660915762333
1.1324217357497806	0.14475884880889	-1.6371316929496023
1.049706563345799	0.7674534681707695	-1.453761015789173
1.2229607458343232	0.042618153899279476	-1.5214987884971545
0.3738404589187819	0.205415250235942	-1.8726701448273437
0.6413409830461541	0.29824896720521943	-1.0737727677744306
0.6878997983957764	1.3227862004932622	-1.730668456241942
-0.27430252019909684	1.1970672941265355	-1.3397153581682608
-0.738568090672314	2.2380440628882496	-1.7360237503877987
0.33683261063473846	1.7933630335312811	-1.7005826848421746
-0.6527422635648825	2.2554062414308746	-1.4631534399950845
-0.03513032244103598	3.152945928205507	-1.7125065716940624
-0.47970269725249526	4.063610713956124	-0.5124679690997611
0.5581578591198411	3.8275058813076406	-1.019520400326798
-0.17538829725190586	4.0262706868326035	0.07547831647991365
0.056615269760192266	4.4325753632564915	0.6680561816767504
-0.37403479212448437	5.309913823618722	0.8144572821037153
0.009748492589177149	5.229626848485426	0.6413877696412742
0.02392143988958928	5.736171466923059	0.41282412589143147
0.18293126047089275	7.019643096030118	1.4299315035383708
0.8433877676818713	6.332391823297601	1.096666356125009
1.326324967953806	7.476074502651989	0.7756919646387572
1.6369005204766178	8.10429293144136	1.3150771628075237
1.7362179501715629	7.843402440067649	2.147230634125768
3.024686402132395	7.97524192496397	1.2574583480813624
2.4971614337906334	7.821881173290489	1.5558995932400248
3.517287494191275	7.478381948666026	2.438801316486262
4.179618512912695	6.886651746488927	1.5066790821538554
4.540668782999841	7.494994343944046	1.859520260529869
4.504712952884354	7.226193925276961	1.4540947841076888
5.484203852603904	5.9648178942117065	2.2799599811649056
5.5941513594188645	6.184569192431576	1.3133964500835345
5.039631949081862	6.203903396747749	1.3853360125664298
6.158852963719381	4.753917854553805	0.9163419574121268
5.935929109975737	4.183864902906619	1.424370911591999
5.358854830750205	3.8180290378472024	1.150871248215936
5.880221577916259	3.434320036468211	1.2532669744043576
5.908301229044322	3.543813986817464	0.4671524242223253
5.274274704021261	3.1358001444814745	0.8451536643402933
5.178040439527594	2.1017335617640307	0.06795602157802
5.061814838388771	2.187095833716385	-0.2429186541907677
4.615918343015748	1.6355488159322726	0.0359117035828691
4.138389190912449	1.1559408723174502	0.3646163767806314
4.049617800323546	1.2380845228257478	0.6245461768376959
3.6095352376396534	0.5099840134559379	0.139515246122568
2.979654617050818	1.0470251695114168	0.4148636439385094
3.4897916612022333	0.30190950933396643	0.9681066247009744
3.055874413650415	-0.7942424698426392	0.9018808002506826
2.7044915806566814	0.043918411653332656	0.8054957533223703
2.154625532767705	-1.3074805712804023	1.3618723293505097
2.1923628976651943	-0.9378184630596329	0.9359465209832551
0.8820589388307555	-1.6946531382152825	1.6219999126185567
0.8525123949376455	-1.180732543857201	1.2045520194191437
0.39143229319903045	-2.0323129183983033	0.6655218463719088
1.1424920120596025	-1.9936733480896227	-0.0385084614166426
0.44585911759132446	-2.8514437303619578	-0.4371840879892457
0.8973124626299785	-2.2538401355926285	-0.7424849929299677
1.0829053599800416	-3.0029532467731705	-0.15276359486916014
1.5441053886607978	-3.087465010099202	-1.0195193290476732
1.7250058206384948	-3.121334998005011	-1.1812441768392277
1.712204092844366	-4.152353926207914	-0.21540569061282167
2.709912662477856	-4.018955878607479	-1.3028371455004628
3.1366439921789975	-3.8326079982009373	-0.5988377934887716
3.7318351644400884	-3.854936046092667	-1.1056307115043356
4.005413719862654	-3.7272114687088953	-0.9565424950971255
3.7716247514074235	-4.065794630757961	0.1400861472131506
5.396412122786737	-4.371974103172619	-0.07142549595304121
5.176128605684921	-4.528510416109611	0.796617089017271
5.7880365097654005	-3.3508987235177807	0.3741839257370307
5.873871401830961	-3.5560761400529644	1.035105677816974
6.004467610580296	-3.190427445433511	0.8034469097852104
7.109828170475505	-3.600635458078178	0.8474733605000067
7.205993702651024	-2.164994334440594	1.4216975324487309
7.74700145454163	-2.7241215287740057	2.1370998745227494
8.582360480439881	-1.9423198628537364	1.2090175253534459
8.638906378637476	-2.19184606156103	1.0822523865780744
8.593143968082869	-1.8623221488330852	1.7310414882999117
8.566909133458003	-0.7533352576522016	1.2468243962720544
9.373550046085342	-0.5587436133540686	1.493494801724352
9.991855336942791	-0.32281856807177006	0.656493731085598
8.63469042456907	1.5343067262359689	0.3689389959621913
8.84034600950018	1.65402599222619	0.6253647871092484
9.201932530995979	1.3584701147048988	0.35937938439902695
8.251051949572737	1.9558690034130675	0.017662516520497273
9.312607060803009	2.633419315904359	-0.40367475273314474
7.81057075750244	2.644067378796604	0.7314940559621935
7.799925483732917	3.4118321559715916	-0.7742374681797144
7.460266810896377	3.351568139613077	0.19991079931573852
7.498141609354938	4.311527590903648	-1.2521291636228602
6.368623274659827	4.09635919043493	-1.3871425595401194
6.00071827782511	4.777823655957686	-1.6257042363297214
5.282856109049204	4.860407759993239	-0.9796418830429912
5.336883336932942	4.497322139548458	-0.9878208338226792
4.699462593187397	4.5925776519743815	-1.2055430159124467
4.522513209231173	5.294045489320583	-1.8228119886967704
3.2678362786604893	4.980676573620595	-1.4052017215963992
2.1585054981283145	5.559363557352855	-1.0436953861289864
1.6541754825940251	5.304768700860132	-0.7857977287886668
1.7138408273015964	5.37297930811133	-1.3408898783488803
0.32001466746150764	5.467685847165081	-0.8855434070613057
-0.2534067265138375	6.0439689724703705	-1.7385127249598604
-0.6488447434425736	5.791423037664535	-0.4701314458541581
-0.8641222477058745	5.473499032065775	-0.5376868008729601
-2.0069378956656103	5.911994667099923	-1.302877084817943
-1.960630394938776	6.103854482430355	-0.18974692974314877
-2.536965657273967	5.945988520904428	0.13435317125233392
-2.873089962167565	4.800995840574031	0.03177430956469757
-3.163551306901808	4.597303435880027	0.4645592502664987
-3.198527058083472	4.17067768088605	1.611177079076062
-2.848356416363889	4.0295095709076225	1.5188803037626022
-3.716025621634731	3.8788954976795353	2.1389890614668365
-3.063928843448005	3.5624454155869882	2.014289681469558
-3.6561579047000676	2.5003913686655395	2.194645932528002
-3.2490961334156974	1.996901856780965	1.8598460918208428
-2.4246202002462667	2.434032366632291	1.9067211144950336
-3.0633801181347406	1.8839881576555861	2.614835167612747
-2.340652400687319	1.716366829910362	2.9444991532682194
-0.7642475040070849	0.9898070824377347	2.0914986873309833
-1.4010391821628123	1.5821170666507964	2.547525465111261
-0.17417350737640058	0.9483429454005428	2.337196732997742
-0.420342319768475	1.2656914263695076	2.960870923816505
0.3113307943032848	1.6521223258454896	2.403083420988417
0.9988429671995457	0.993086415868482	2.14844993533878
1.7367070810493872	1.3590479867016678	2.258504172284307
2.0603728926654648	1.575243237169887	1.8461486618090805
2.060882543668486	1.3043556666196119	2.4733111944652175
3.1208212878704003	2.079502946393913	1.9110119385624624
2.77840363022909	1.66503450771169	2.883967639540665
3.67046792191526	1.514868102810318	3.092384980653339
4.5495255759265625	1.1647839207110808	2.932079360603697
5.159720665317079	1.100515522223184	2.171765886861955
5.598460244235132	1.2722726778069544	1.9326659962360297
5.464975640115255	0.8185651618668845	1.8638091018733576
5.3550824305363225	0.07967905920769777	1.8045235879384411
6.093961434174513	-0.1450609245897706	2.010806368902505
6.385163774569769	-0.22502158629604052	0.7204476682927585
6.807487505918359	-0.7477743695771828	0.9269563739963862
6.6955774568833615	-0.34081836485278216	0.8741072473820458
7.716416652437601	-1.3974455875878857	-0.6419417028912477
7.248249208418411	-1.0675126344067556	-0.4658264747561067
7.382191470303883	-1.0917969503121299	-1.1402031849072785
7.7254854485238855	-2.25872456561533	-1.1203672411549968
7.925582479977292	-1.905622577681582	-1.3788585164477174
7.360027872645737	-2.5824256014830578	-1.5473585997022852
7.51168926667414	-3.064438499934041	-0.5690234591238021
8.482138616352863	-4.151404368110277	-1.05299857602636
7.114424246205615	-4.939906630411915	-0.6301241381549656
7.492671659890996	-4.325139415193897	-1.1464695771346916
7.384410358400197	-4.98720328943047	-0.9515868010579405
6.477745790539268	-5.364251649638507	-1.0060249514265203
5.553621947860764	-5.761137739030707	-0.4694077356256745
5.5103823366290134	-6.435365887042953	-0.7343685641023254
4.680884772327958	-6.390445759353851	-0.3892862853414205
4.37104009656017	-7.002776414459284	-1.2814265503145215
4.192155685578731	-6.462241795290505	-0.7340283748180079
3.6678976360573934	-6.537916520170366	-1.4911855364188227
3.483221090453535	-6.840531836907297	-1.2007025396671007
1.8030741077317505	-7.35177815612274	-0.6422063283795035
1.4318063501737714	-6.24279292408939	-1.0839482197901589
1.0091876711752952	-7.591227679796909	-0.38503934381848337
0.17195120104891773	-6.360047713186239	-0.8964897516742861
0.3398245098940882	-6.871777534233397	-0.325880743928195
0.4990994355036966	-6.9677386195624935	-0.4534662998154816
-0.0956151982827782	-6.885395956999812	-0.3400395937034793
-0.5871388064724388	-6.427635994103486	0.2305935194898181
-1.9409197363224466	-6.177119873521381	0.5139714137831748
-2.6181632449020475	-5.958127467181862	1.1970133218380947
-2.7368636923437943	-5.990616988113759	0.8962772559935686
-2.5768927475677854	-4.7283327077424016	0.7742822138482176
-2.6545460552868945	-4.519698934167664	0.16577444532036517
-3.0642886038415345	-3.641183946367656	0.24546661920973642
-3.30983751153434	-3.7038403429385225	0.5751304696570039
-3.4066096170372715	-3.699331997806702	0.5557884252559956
-3.3650349662290977	-3.2464486367678016	0.8284534840652341
-3.963002648019993	-2.206832797314212	0.9471246858713055
-3.9581536222975138	-2.2374712927007048	0.37102586914122887
-3.8349849784761165	-0.9962675220897397	-0.1823040436173078
-3.4019719599129212	-0.06174303440030293	-0.2744719056988549
-3.9266015990360303	0.5659793933964896	-0.21544820486107308
-3.627297438837318	0.6191589872279467	-0.15585772470933074
-3.2066083653019177	0.32975953058920277	-0.2786972804870434
-2.12118459247953	1.0050240599583549	-0.3018806234607489
-2.5361756855670006	1.5568967681684058	0.6714793254850671
-1.4418790866409505	1.2222253089295785	-0.1094708031232427
-2.0969336781915118	2.7136836468091636	0.5256719064582468
-1.9553237245195094	2.271903480763335	0.527420761974128
-1.404238700963841	2.2737716631185476	0.9340472854530204
-0.8024791399271463	2.7697976318151896	1.7334386316305022
-0.8177865597794807	2.8071166651790036	1.0533470115728523
0.3268892326563638	3.6205935865646977	1.3850296292279005
0.5264902583220025	4.0637079678996475	1.9647301967033806
0.9607466790005137	4.749652138938011	1.2999564195317928
2.144903779099094	3.9408748543483325	1.454034671844576
2.1204029579949326	4.276250026739026	1.673419886876351
2.3422074357216394	4.322562714364638	1.7193309889449504
2.0229186604020755	4.686691682692516	1.081681071535138
2.3035621078170885	5.9479587138631125	1.0175166507607598
2.546926592865918	6.066319431983542	0.41329531640130457
3.2199843516064344	6.552727720336717	0.2972164044972441
3.0996888425007394	7.12743165702347	-0.1481055968965433
3.429808810371568	6.4088284068528445	-0.1494716472444544
4.1505368875323345	7.495739544823537	-0.3420230751016652
4.183583139597188	7.258642206527212	0.12170013761359821
3.9975674087378925	8.248925846889888	-0.3761145444139379
4.2438342515701315	8.275838957513416	-0.3991748358649192
4.521349875306805	8.434564079900598	-0.8902780001366444
