3.6101771742386433	-10.287579661705822	1.7639201150053738
4.3033069912334	-9.62837577196668	1.3808721682697342
3.6158939098778413	-8.876202873501697	1.6101878962294265
3.65217789384577	-9.20513095819551	1.3074265631713053
3.2299712055045147	-8.729212063672973	1.2508679040296928
2.343057808692385	-8.213920513450002	2.0153427140316946
1.936949682494466	-8.853850329475955	1.6431942579018552
2.6202520266277816	-7.869951804865641	0.8755920529548225
2.5673004104716646	-7.959401248222612	1.004702553838854
1.3552170499460758	-7.648728330731937	1.1972771818879586
1.6860251082336486	-6.672546754342409	0.6105016832038554
2.194800648174235	-6.508073258368524	0.3055002300984352
1.7732399393617806	-6.533379847990009	0.10597498393552662
2.1849457742823186	-6.355183091330126	-0.28910790990158264
2.257316515912365	-4.905885527265509	-1.3513458736202337
2.6278668072079108	-5.563796631989807	-0.7834612494346638
2.9979223003862003	-4.710966487026921	-1.076564736846577
2.4984601975632876	-3.8253538121819046	-0.807998798632878
2.9340751102724054	-3.3064893343509367	-0.2089455748026824
3.083742928949234	-3.48446297218101	0.5268724488218386
2.533310987111329	-2.6683062450673223	0.05486452217162202
2.4019293077103994	-3.2673597585289453	0.8033311721466574
2.373091640396473	-2.6577778321054994	1.2956495792973899
2.335311959636634	-2.8746073870628814	1.4132070079688888
2.221950388855234	-1.818320726344315	0.8535334743253816
1.2403269678122069	-1.2611061572070137	0.7487167223546869
0.6724961733580401	-1.2207468109320196	1.393559389611559
1.003830546602986	-1.091544651941385	0.9621529169601544
0.793909494463558	-0.5882143325474218	0.14226832012665108
0.03176202832057712	-0.6701359780575098	-0.04519519160605201
-0.13029213223608893	-0.4917918468985567	-0.2940738463380481
-0.4359351171660444	-0.07022551712763925	0.03330863275299345
-0.5382293904011892	0.8928269795270617	-1.2157241478379799
0.29715499757255726	0.5149440432636821	-1.1638479782780478
-0.2554987772425109	0.7453099736385982	-1.4937519884704817
-1.0189463680642363	0.74878268518349	-1.861388136056244
-1.1376989282122887	1.4748364762541581	-1.6755497837251565
-1.1635607622630784	2.018167849540903	-0.655272517195653
-1.3932853581208948	2.912232056323049	-1.6708814942959194
-0.40090556826923307	2.680849262781659	-1.202103455238471
-0.39117352161033336	3.50353337512592	-1.0758276959740716
-1.550573527531204	4.58139220513245	-0.20490824275551478
-0.6775621624827076	4.058397191756036	0.2496574298574531
-1.4607031887432662	5.188431518597313	0.27429206036705645
-1.3337955397639139	5.493215936793156	0.3782410976518355
-0.625502665712875	5.445501564702334	0.9106676324548435
-0.4877636273866229	6.073486097341501	1.25489432382216
0.035479891315166934	5.820542590438487	1.9236439767999527
0.09161529724638773	6.609912495281629	1.1787535316600737
0.5932378881106068	6.257802952928435	1.7883776343374902
0.9490182038295153	7.332525367979435	1.728777576795385
1.6579386080175622	6.834229316287775	2.4574897861918914
2.4692171297969514	7.449117677836701	1.7962662559550944
2.9518700772318445	7.011872686416744	2.2472432777365206
2.901981849173149	7.257019390091492	2.76715415666918
3.0107295709670208	6.740396525263981	1.9769460162168493
3.262610300776268	6.566771892401259	2.0466998983041953
4.77244612659443	5.838084295933822	2.7766250514736583
4.070450677259555	5.453711790374824	3.3683420372594433
4.732449896550076	5.6919676548354055	2.655783796497056
4.399379731163615	4.887824235008671	2.840947433658132
4.565125293835389	3.983266193621665	2.0358091849340436
4.570874949743724	3.7850949921605803	1.6843369259780103
4.987172173444093	2.875552314780341	1.6480935341962413
5.786939130608546	2.8790885262012225	0.9792036207617698
4.878308278191266	2.581823720249007	1.337300685347497
5.764659237378479	2.1549259638376723	0.6138283569430594
4.393618383694619	1.2660004400717049	0.3557249199439686
4.117636349604999	2.217793550412236	-0.2385391021735509
4.045806485389466	0.7996922387801417	0.6230961245197921
4.350765387541785	1.36229920860173	-0.5903132876856758
4.011491153010328	-0.11012740773147783	-0.9334239224221872
3.7313260694604335	0.23286241335168306	-0.9096864800926873
3.4136725666028505	-0.38891550614397	-0.6298706492917272
2.8221481740055046	-0.2591991667653759	-1.5264318392171974
2.774034026246907	-1.3768827370097227	-1.158743086008756
2.9308899175096346	-1.6450860238946472	-1.9459117037862224
2.348989107331376	-1.1377403166469469	-2.154719804666214
1.7165911453587746	-1.727433075063913	-2.3948121359138894
2.1271767888480544	-3.042303797436789	-1.5585359372525576
1.294586670486117	-2.239029132775147	-1.850376839150983
0.46670050602840973	-2.8707389387525994	-1.5682351186575234
0.2696856048993746	-3.9190415159842424	-0.16117997342185908
0.5925333220461078	-3.795145791871904	-0.6468246341729396
0.5336219220586909	-4.452700026416518	0.6506837454332868
0.041925151574051245	-3.6200866142028074	0.35338152508491133
0.6598938070167917	-4.257612247198531	0.6487575332338976
0.6709740730290558	-4.600719798468598	1.8834677979060048
2.2003782673987757	-5.436193826037135	1.6626815887811706
1.9726869093462127	-5.594779882472823	2.533096434682225
2.4290734134584206	-4.8461790418244295	2.199957609574426
2.0968860353455887	-4.8089636513055565	2.8297265516347747
3.1309248762818966	-4.993930194200363	2.1858293183101383
3.6443234352150142	-5.312928627656811	2.961863746561098
4.351627389453829	-5.470349864815774	2.5154553398025246
5.2042632499750825	-5.524645808196172	1.5063281710466438
4.671569021919573	-4.763475494378326	2.198435316259303
4.709420057296832	-5.002038145496519	1.5995825418349385
5.5436236906149405	-4.496257067926068	1.6874953947098714
5.098098861703143	-3.40425529656964	1.099309107522326
5.174960137118643	-3.235452692700201	0.9350577950165591
5.264870714808878	-2.410244004323181	0.9659554328202484
5.6362650517962924	-2.251303554222254	1.8250213762023941
6.247454644784764	-2.534261649262515	1.1865007746854055
5.333049643049357	-1.5179674596824755	2.075805308866989
5.545815589924095	-1.1189617914482146	1.641590217681933
4.997537939019491	-1.054106390415084	2.2080128163864052
3.6965980138706733	-0.12357114880329889	2.5728733571161526
3.467194904605527	-0.9562629503211291	3.398579641165523
3.754591832530207	-0.45776842491159175	3.191440556846871
2.7913399425389183	0.35372178041629976	2.9298433323571706
2.8780812832575062	-0.3911733524390682	3.585281765795337
1.5910308421497394	-0.40015862377649264	3.530071229244458
1.0645511622508728	0.8656881420461195	3.1514421741700445
1.0889290938490954	0.06104810069953237	3.030018132743521
0.8248298524444672	-0.36368892619649096	3.0671920659782326
-0.05405520371906003	0.24343783124585572	3.8681781607668793
-0.431630460262014	-0.061506776723311896	3.432399928203921
-1.6458460672720876	-0.034610219222492966	3.2493149154919214
-1.793322997814226	-0.19529396092864215	3.6759424024528498
-2.3538776620227053	0.6103984340560716	3.1941178495433924
-2.242789929167816	0.03015748958010367	3.1842896140506003
-3.512781034410502	0.24174962851455	2.5493714210688485
-3.24465958863544	0.9936833657756834	2.8394625983342796
-3.7670958972999986	1.0021835717060816	3.013738062322367
-3.63636451396479	1.3519050344581174	1.8754332028329046
-4.926607995177039	1.6254138429121554	1.4952652518598915
-5.263037561404851	1.8101711121586546	1.4701584622335435
-5.5896085388484	1.9475837769879054	1.759530186295671
-5.117970132289258	2.596098830272801	1.138158480557804
-4.9297827972466175	3.021392216679336	1.1348155537157494
-5.6757340282170805	3.141181690619924	-0.03829933177799063
-4.940845650200069	3.3121076748177427	0.8288805314180003
-5.098823787167728	4.848074343872763	-0.2749238979846819
-5.173254619504199	5.301094064470691	-0.1008858406909694
-4.803971562901143	4.774966294132831	-0.24702947785176743
-4.620719088318239	6.066254815263884	-1.042483354292322
-3.999089620887565	5.642093674567427	-0.9282365840767798
-3.8043551533720947	5.907626805154673	-0.8109425740195289
-3.5232925301615214	5.292554005461528	-0.7217827980845555
-2.8634995440771216	5.287948844752484	-2.1413856298822203
-2.4796694505447183	6.044353903080128	-1.1802532413164255
-1.366739205989846	6.213229253477104	-2.043182697583511
-0.7283608229171175	5.660514342557657	-2.0128391650165263
-0.98310312202164	5.2177334344817	-2.152226572157486
0.23382953164268305	5.352202636281322	-2.6492262397670734
-0.2697963166008589	4.973392272044732	-2.3754397256807698
0.4368351407569945	4.52449973962546	-2.8956106759117866
1.3876985554731787	4.951016815109261	-2.359186155845168
1.0595248980359324	5.325013824099507	-2.5191172299213145
1.7640523782540936	4.167674020362358	-2.31491472938058
2.391034279639722	4.014233585699403	-2.2095789764347225
2.56438225727324	3.5076895858736012	-1.625641357523652
3.2695510152326963	3.5732311598110282	-2.6193255194537017
3.6678277139756723	3.9016604324563575	-2.427247888778674
5.2665008899406	3.2849916300087223	-2.8508635946890575
4.615413807251782	3.9418690092984137	-1.68953927207031
5.355112919438971	3.289992465155138	-2.588160077948878
6.397919541117501	3.0799311081360083	-1.974812937294812
6.981784809655363	3.4014833994281677	-1.880801891610086
6.9865693866091805	3.4144585227388893	-1.4941326422022667
6.838022022544356	2.5191968496270953	-0.8057932621584232
7.0656527777829075	3.5707257834850497	-1.6580033731089219
8.145779472805918	2.414990393512114	-1.307688385374781
8.097853195413109	2.6318745855779215	-0.9108718159979947
8.966190097181606	1.3058693419833831	-0.6453599294940509
9.177347283478664	1.135292865591707	-0.8093170699786753
9.104503959638743	1.1521799232664807	-0.7211550273013012
8.696051006026138	0.10371275456755252	-0.4691895238160605
8.541825944638187	-0.37541199490420324	-0.5402487483514617
8.503575955582935	-0.48004766923555864	0.4321104756616465
8.966056064839462	-1.0289369066535896	-0.38188636296104833
8.630146069788148	-1.714821167798815	0.6068462474432846
9.290844973684397	-2.7036273117348095	0.1529287590553433
8.73097703158232	-2.658456100615215	0.6409422850622783
8.678508992485733	-3.5869336462228545	-0.29953567752727867
8.144590429339493	-3.8452011934340904	0.6411343690871825
7.938350836851384	-4.262440694753204	-0.49484260325978036
8.705998770560846	-4.68262024256402	-0.6977223103808413
8.767195330188603	-5.411591731438573	-0.9283956368804956
7.324688871737547	-5.078272622270758	-0.8569709020080275
7.815080558844605	-6.030548753077635	-0.626686734510445
6.951299752731909	-6.903103654015356	-0.9296026471611976
6.765482982503045	-6.366879462662907	-0.9625065397374026
5.725946024933814	-7.037488770664315	-0.8994338876562713
5.910148010567948	-7.269892928413472	-1.3458104834944655
4.784168802947356	-8.22832791294556	-1.2251797797706951
4.630801518925512	-7.479841088645289	-1.0468593953871586
3.7889808130564173	-7.692537645139691	-1.5522664870625165
4.307282026541479	-8.9305343209779	-1.7453097815950507
3.084458359928539	-8.374426569665685	-0.8793461393538831
3.070388268875434	-9.138823121525707	-1.1605122299685413
2.0523869089692437	-8.348756095829243	-1.8352592292561263
1.4231998665278651	-9.269361254791836	-1.4448910312723133
0.6135446792382955	-8.860484367658218	-1.7121942089583613
0.01238966339545372	-9.116234903191284	-1.7417671394381415
-0.1958168383597062	-8.88048906180609	-0.5395208135678877
-0.9359959125212582	-7.8552856678963785	-1.2949215371688143
-0.3864965584254789	-8.355860194372713	-1.354945025251828
-1.5640638759075614	-7.4134401814033	-1.113330995115228
-2.0156518533059544	-7.230869772597313	-0.7980410287805367
-2.614282092297842	-7.093751433835411	0.0911870895910113
-2.6596029279409548	-6.142335967818566	-0.029533265011056575
-2.7000064432274695	-6.235117530220505	-0.14556525811938814
-3.165646440853301	-6.010012267094412	-0.47401354232906595
-3.118325681379659	-4.909619904627317	-0.39198713238117705
-3.563137850059958	-4.227870203992094	0.03008308001949278
-3.7823068954740666	-4.639966309559503	0.37384035827455553
-3.165177984420575	-3.387852398492973	-0.4945503440813253
-3.801275938919225	-2.6118002121243156	-0.2631351690756502
-3.3685225645256938	-2.7398783980646817	0.1352703065313241
-2.818481090064675	-2.6336881605251445	-0.32569027989578986
-2.7102787602696057	-1.2649922128715652	-0.47961977164924186
-2.4300945195395913	-1.632441126947977	0.47309598746000703
-2.8923473570292386	-0.6437507168277361	-0.30369645551667707
-2.846709794457321	0.47585579880721063	0.6871960520356493
-2.054348490558406	0.3718281421957119	0.3100045407404533
-1.4920286897614397	0.6700352076045185	0.27021102177692735
-1.4519086324165087	1.2869055646536665	0.5978638572072139
-1.6132358260726574	1.313935470562532	0.9700922336050966
-0.6252175668531597	1.666984297824592	1.7084471667385608
-0.5934611523673337	2.7157857489470825	0.8360345978575746
1.0116891676511899	2.322407398198667	1.0379698283125443
0.45596145175337544	2.9106597926779925	1.0055015762358226
1.4376713522567162	2.5304706387007267	1.778644758122155
1.3573177031615686	3.553263065647752	0.9822041913886123
1.335982938244323	4.035085849354345	1.2532073156835764
2.109819482432053	3.909221254341736	1.595413528627605
1.9625225730963318	4.598245379582952	0.7756731527080291
3.3205333640336665	4.81057891824844	0.37917061065107605
3.4460579086594727	5.438577439032483	-0.2306698536413026
3.605569809073959	5.79851896572759	0.46731446827244116
4.0883356348142135	6.166543716660828	-0.38524931392581274
4.41884932740061	5.994823231128601	-0.31336281879653327
4.927640667896972	6.5416999412840005	-0.3669305232002985
5.345759279872861	7.230852683877647	-0.6604760147375814
5.657998389719166	6.909449536522992	-0.9173339731777663
5.636144397393854	7.985941204143151	-0.5739731784738994
