4.667337602480375	-10.029437408548455	1.97090121899652
3.3751845594116303	-9.228441964906075	2.119698874162242
3.3721422973725694	-8.8721867060347	1.328636360552163
2.6922488295952482	-8.830675342538706	1.4276090920381537
3.0945951254182926	-9.413589145892512	1.3166143345242098
2.7129901941701027	-8.04927005223175	1.465061185957956
2.9113977893353074	-8.296711147851816	0.8934362928135418
2.5334073374932036	-8.000480292372469	1.0430870118056246
1.6471533328152481	-7.260917822575912	0.5526047245321342
1.8500048229487513	-7.070888291092112	0.08676352317191059
2.4737745148865056	-7.178520558726577	0.5075438697683714
2.2754978115227478	-6.646069005119971	-0.33256777332902643
1.7350864047704486	-6.610624578128975	-0.5768726506398036
1.8699077244283677	-5.569175202074437	-0.6492394675520752
2.60744981393087	-5.1014939270665085	-1.2139991976434057
2.581300530952512	-5.248500595097489	-1.1466512446432433
3.6669403563720646	-5.1056506570852145	-1.006440904007516
2.841021065369705	-4.1450969648842815	0.0698414838321344
3.34606793206328	-3.7544229939901586	-0.7542639560814528
3.5347064907848282	-3.7207948339280117	-0.24941829658471648
2.9016304860618223	-3.868022388285298	-0.06956727477225533
2.738991765745241	-2.670873690305803	0.5360581916324287
1.9765199886925995	-3.1356329996180525	1.1267273313044917
2.0457964665522104	-2.7647824976934303	1.4870225883994568
1.5707581506167498	-1.7443155882639705	1.6147015438443897
1.7670717470796662	-1.8040227466642629	0.79666486748377
0.8619307780185137	-1.8882622349342992	1.4868213214311823
1.014030831790776	-1.624293644611822	0.8079456786974331
0.18447725450208793	-1.250963342773768	1.0966118455792326
-0.24065664331929743	-0.2571541466062299	0.20511801186286965
0.5959102589555303	-0.5201046632397339	-0.7376519283912234
0.07104906208467121	-0.060669888265343475	-0.7951760087790674
-0.5426567740906176	0.4218483979846618	-0.9864377034809787
-0.5561387386017838	0.9543917051215537	-0.8832163172474643
0.0378823914925186	0.48657386636906225	-1.6084868673983632
-0.2126227817508246	0.8417784927099161	-1.7258047878625344
-0.8900274051555879	1.3364146077745818	-0.793016928663568
-0.6275760489774199	2.6487046523293936	-1.255211862452167
-1.0717651227146099	2.3705266634006623	-0.46498796320214586
-1.3925836527628266	2.551464205178083	-0.16135390625546964
-0.5286842130606653	2.9669139273979637	-1.0013180787059186
-1.4539139836638453	4.58849479422127	-0.4240345372208203
-0.5002198921929268	4.377953910802811	0.044827581103154324
-1.1493379439005105	5.238554520260963	-0.07745429235408324
-0.9641543771652248	5.829118913440188	0.1351014864210482
-0.18917172674303462	5.605571178954824	0.4468472804377203
-0.9065273806863313	5.433250525478025	0.890456879824716
-0.37921373452154883	5.641093343414176	1.9478750026834701
-0.30185909516683634	7.006804162640697	1.0655923642868588
0.45766140423812884	6.661228576984419	1.1410058304509303
1.535881873274434	6.917409733803304	1.4785709267674125
1.3532517483803357	6.922735558919775	1.9325533731295639
1.8368893367711865	6.4729278980341025	2.3824123565189232
2.824728811353904	6.958986275416761	1.969793436292575
3.312883469623044	6.806049906569666	2.042059858436407
3.2071174329691443	6.188815591680123	3.3432406874410936
3.6297558440794067	6.35526863943031	2.5202826350151186
4.352752487516937	6.653318574407441	2.492768190991325
4.155373014228856	6.3930735988616565	2.108982043060995
5.042565125741495	5.284296373161449	2.7158147058015336
4.629535205605771	4.959231650401008	2.1849746102442693
4.613505918663405	4.180620636876034	1.8596643378322628
4.854503434732305	3.716004627087202	2.1687831263944037
5.758066001821906	3.1802177844540265	1.7129263827963708
4.882065808034757	2.6925360924980852	2.095311614930589
5.075447574199671	2.528592221164793	1.7725507504384161
4.8012043207633575	2.359431574413757	0.7724943354392431
4.574326757592167	1.5034131153029175	1.2008192063748766
4.33770121661829	1.63251507825863	0.5587275702482335
4.632802383137964	0.6879262642355841	-0.6763299121191059
3.8417348109926293	0.6893380649577951	-0.4858759935629351
4.69323994406828	-0.03264077210186206	-0.7162380817016977
4.019141253302883	-0.4515791508196957	-0.5776496928049606
2.9954643360140514	-0.30939492037748684	-1.06305794633751
2.8704829964894465	-0.6632203228711939	-1.6923321832918012
3.4320833885960633	-1.5565770828987051	-2.07482055318651
2.9238405873851443	-1.5122220318923367	-1.9805167235406036
1.6498810777844044	-2.0262524897285408	-1.5116322943259402
1.412471086069471	-2.4137111003913105	-1.378684795670317
2.191459875003383	-3.034339615931735	-1.4737730114928351
0.9860543918467187	-2.33036524540162	-1.830199193752964
0.7369660703505504	-3.124323161346293	-1.2671118368782879
0.158584704824768	-3.322490347341682	-0.9082839947164253
1.0051771847984303	-3.920595813562968	-0.03826321511682995
0.15952556683376987	-4.5705769247624275	0.8219354686874696
0.02451340863098822	-3.6885558111910024	0.537059872677838
0.6393200567033033	-3.8972228670840128	0.7656277805041254
0.6387285548596429	-4.893300093514148	2.2351310077506463
1.2093274612001186	-4.913398962202958	2.16192648479087
1.4409999391356552	-4.890168956968649	2.233134445425982
1.798818885428635	-4.968326814553823	1.9453398123421743
2.8129048287104697	-5.61889230808164	2.630945670733828
3.2790947491321916	-5.7258656610294345	2.7248971121273113
3.658490879483943	-5.270587881639912	2.8846967304184306
4.313874325021799	-5.513438196963659	2.1507678700956383
4.856280172758656	-5.583127397533407	1.9450462020366828
5.449941883727389	-5.2345026472980924	1.2611680312995317
5.208343908362116	-4.348860799626451	1.639063951845388
5.592946160781036	-4.586422578074661	1.0063349791033476
6.261244134019275	-4.01144348511094	0.8200098204918754
5.714106722997136	-2.9296466476804204	0.8653523742616006
5.267939621801373	-2.573809515278573	1.448878001338862
6.018660768347441	-2.7328607501778746	1.4458894756715184
5.069985834113775	-1.8205134103209284	2.170663285665783
5.04710918317784	-1.3242417495345615	1.6293968111966954
4.608266763668494	-1.2084822358223983	2.50546285250735
4.41729049036943	-1.1231842438014765	2.9652762971769793
4.349783575865505	-0.22756484636575958	1.9336511552595568
3.8111482581842377	-1.1268663650259514	3.2211355480146633
2.9109288800261095	0.3054015973342237	2.77868597867623
3.3732113299111344	-0.4471619672025238	2.628896828084148
2.7628292287967122	0.10722957513674203	3.3538873863604803
2.19535183516457	0.21212522850203608	3.543458718353347
1.4069258365753763	-0.5319599310511831	4.1850277299263405
0.6277767837965709	0.5233889799912792	3.8427999127189
0.27845873355033657	0.6630958622381122	3.447223902678758
0.2672732535412816	0.16211678449499345	3.9555804406159
-1.0058275544982047	-0.22075613013921125	3.632059762039842
-1.570477731938099	-0.09897074540477652	4.042643657136833
-2.24414800999129	0.34046500436430255	3.00002544065903
-2.533860478572157	-0.030978860242033335	3.0876558191106995
-2.6051603041263087	0.6523421746717157	2.828772023091249
-3.4868110744556327	0.19472679303129936	3.346276051717039
-4.03905596874722	1.444822355183157	3.0192940240003807
-4.3233989699777835	1.2273974657914097	2.6722099201533096
-4.482371756831082	0.7877148265897671	2.1083421710946535
-5.258582024159172	1.5987808462840936	2.068566047284917
-4.0406176554064945	1.4722374094769322	1.5455689917846942
-5.016522109011838	1.9504618194917476	1.7276503066098137
-4.693973578543194	2.9996033390028067	0.7288735529105705
-5.37581760906528	3.0462262240691285	1.2317402368132877
-5.238494494017732	2.9707524650179273	0.9951593235428511
-5.125399003691411	4.204065770964393	-0.12383163932542263
-5.431122445462122	3.931962375039893	-0.45254051228311254
-4.449646948125535	4.435521891939334	0.23352717490918395
-3.8877656293617138	5.108447505632109	-0.660191602540958
-4.226065819395089	4.704600701852125	-0.5313813868079158
-4.030377890602547	6.130678289997537	-1.1926710412851458
-3.272593783733639	5.879044855911456	-0.852989526088876
-3.460913508078044	5.84641254183028	-1.3365271152693936
-2.978800205198073	6.6172819013474555	-2.0970493967302932
-1.611508854843642	6.045088478304033	-1.8794131288197389
-1.5075561020498123	6.349014480877783	-2.1235910132093587
-1.1067832695491855	5.190352264349981	-2.7716733708947876
0.03769303270876567	5.1408710547733305	-2.8000878902408273
0.652034975203494	5.009350153672725	-2.7243501935736294
-0.16692515914478911	5.242606293333718	-1.9440059399048544
0.9488788587577782	4.742333510667354	-2.7971181403451784
1.5811064031203488	4.40692863814481	-2.4726151875357374
1.2103618555837097	4.106416038481528	-2.041716031573406
1.9578485418737819	4.032699008490118	-2.822328967365398
2.3861356455898295	4.288213360868745	-2.1928212809424488
2.4793657359618138	3.603541010267794	-2.068323583779157
3.7410968549425965	4.439844837781999	-2.648419230599219
4.079125047811937	3.855869404729191	-2.983882484937917
3.957314652030591	3.781932073972447	-2.3217468632291136
5.454790395567111	3.3882568284435415	-2.5129251786762543
6.046500418159829	3.1639303709606246	-1.8904597989701961
5.712752895635491	3.1608784077437857	-2.0746109271246205
5.924876532794994	2.943103216905871	-1.4289678381206223
7.39809582751537	2.7392335484206023	-1.8340362315223582
7.221439899429581	2.420158504576171	-1.549319889952127
7.128501814606947	3.2044726692602516	-1.4574364447230848
7.564275236412856	2.0683920922363757	-1.1373848355443312
8.546562790017804	2.193232440330482	-1.2183813498441347
8.411457201447206	2.102742259158017	-0.21146412176795937
8.38026008694252	0.926292271108036	-0.05504782671179442
8.949194739947856	1.0759781919746263	-0.47832745695866147
9.08442844265236	0.3676131812539005	-0.6489718096112507
8.928216145607397	-0.3745360536214839	-0.2649953868738686
8.758160625315869	-0.8420218190080723	-0.13041868565237258
9.299149116555302	-1.551881687981837	-0.19543607506092597
9.386911477142874	-1.720542553319676	-0.18846137985967398
8.964102271830686	-2.176268110971532	0.3554343639581119
8.324808367590531	-2.777423588998591	0.042548918955241044
8.170842264308819	-3.6318661771233063	-0.12383883742437396
9.048952313423655	-3.6628149102975645	-0.41138257890040125
8.300875213103872	-4.361091128946694	-0.7038737366291681
8.7471981115335	-4.874300026556997	-0.5819060028006672
8.002629652191265	-4.658906091240521	-0.37083612372118313
8.169128877477647	-5.743337543738647	-1.0304753611875892
7.441676812261558	-5.383389816259428	-0.8788336420434457
6.715890140929863	-6.265744461713075	-0.1882929381977989
7.235989515789191	-6.859285041961067	-0.6899730467265653
6.119831422724508	-7.262113508109462	-0.7733889882467029
5.306914828111635	-7.737328943525215	-1.2201960434138854
5.602710370424066	-8.22617639955794	-1.3879916856282002
4.964329614722066	-8.303441255347773	-1.4420109959483733
3.782595159076541	-7.919240180348353	-1.8549837804183473
3.393531961932557	-8.59345915403197	-1.994489474134971
2.9229383840768643	-8.694051877337651	-1.0833832246475716
2.771662994810669	-9.133508619666264	-1.147675364106035
2.435786172012018	-9.21925942900827	-0.9601897722851733
1.864140472094649	-9.05418100904609	-1.4398045746879289
0.9331924076136964	-8.950634718565013	-1.2398862364824348
0.28133970285603754	-8.736750978436211	-1.7539640150855105
-0.5231546505874927	-8.769286463050559	-1.2771917272511375
-0.9068005400958561	-8.23128315897683	-0.9306988665690874
-0.42300967370187315	-8.275114413880024	-0.6532680843213201
-1.3275091111677102	-6.987140568565441	-1.0914425003824133
-1.8901088467396558	-6.9918822867706565	-0.28074618825628983
-1.9843289017388592	-6.323035581496246	-0.6628977676358166
-2.19906821875235	-6.189147351566648	-0.46166238150916966
-2.9222271529477593	-6.314632614535477	-0.10172172669024515
-3.3031635712956873	-4.9319510606387915	-0.4673867828487441
-2.7665418218980347	-5.549428687743115	0.17011123655487936
-3.0818968948539465	-4.828838998064241	-0.003428335284972439
-3.5578528442540422	-4.2016672639166845	0.489555284500911
-3.636415348162048	-3.791563199735286	-0.4372696914163124
-2.9733537783356407	-2.989575378974126	-0.5098651949539615
-3.682149997769895	-2.448814135097236	-0.23442249607295862
-3.1705311081138436	-2.0478305806254147	-0.08188554690919259
-3.1324907644592406	-1.0047384427195736	-0.11662489936910625
-3.546397078700725	-1.0558143265404365	-0.17432006710639442
-2.2459646724993756	-0.4167296159332582	-0.01807925552400108
-2.5388233782451453	-0.04520383991170529	0.13964820393707933
-1.461090024195165	0.09871428869381754	0.35153985128310355
-2.347060152358464	0.8296675232539701	0.8936420878936414
-1.9237779463676064	1.7272884997241382	0.6905849004386995
-1.224256371976785	1.482490159465181	1.2942736147367975
-0.930124532209954	1.7172410350691811	1.9048950812876162
0.28026907683827507	1.8634683579262648	1.2975971215774393
-0.31823477552211427	2.8423941872564535	1.4813541385023772
0.27740066201575375	3.3598202767104137	1.6820677548576375
0.6722315145409987	3.0102014446336582	1.7917361516360175
1.0764963452276703	4.042169281045283	1.2237678869683812
2.3973632471808175	3.8256540280076496	0.6836319049567464
1.616579864616481	4.465920502239788	0.31958382224063253
2.2536826349339742	4.1329066905263545	0.9692459620122108
3.3347946249268006	4.916765428285584	0.05614386083751445
2.838378803697882	5.817307994999712	0.23462408456906403
3.4579720141124772	5.4284607322487295	-0.4113868777048226
3.941473012616526	5.541137378096461	-0.6451242603653199
3.6534987490047657	6.897389583732535	-0.5421316501015341
4.2403329750541205	7.39101565017989	-0.6617173955770609
4.933997621173106	6.945269313897833	0.10713563115745917
5.133546469805697	7.358091063872288	-0.028674804995050707
5.038508170197423	7.560617571126828	0.018957512822498357
