3.7632195222693112	-9.614213191479838	2.088342658320909
3.2702308428870497	-10.255535044147122	2.2272966394975984
3.6048250125062298	-9.397123960713696	1.543500659572334
3.243117868168987	-9.334313866535492	2.5016983748561055
2.466510963972545	-8.86347465946383	1.9902955016131478
2.9968563097925816	-8.776387523302875	1.7471528929418874
1.8726609219619048	-7.675488917061598	0.9425892948529646
2.743968469622649	-7.94726838846918	0.5880381933551266
2.320493357636549	-7.068270122646772	0.4169721390442032
1.602221652199277	-7.14109714516332	0.34842621075977875
2.3282317146631653	-7.453672515583873	-0.32609714449351923
1.6391196120587175	-6.578972458304433	0.32025451266642435
1.645598344121324	-6.080628813634931	-0.008892651632174786
2.6964463241667818	-6.481472053824021	-1.2130221938621084
2.420634728891897	-5.720394338711974	-1.2227775241936725
2.164233572743248	-4.871088824670934	-0.4575546875481409
2.967210249633234	-5.210064676549419	-0.16455171611070507
2.4667627699726125	-3.878141110112133	-0.7533672662523758
2.8801217752082113	-3.446847223365164	0.032528298195021565
3.402252810102429	-3.5998778817751895	-0.43224021885410496
2.385167394554981	-3.573227052554551	0.2806535665171412
3.247101771441568	-3.520753869706101	0.5976046844856319
1.3068283763209365	-3.082492405102183	1.2606204228176636
1.372323757271129	-2.786505803393404	1.340170582909737
0.053074620101109304	-1.803311303057411	1.5852468627811285
-0.02840910611302741	-1.6623457271064384	1.5709554788392854
0.17412276111159816	-1.785887411036829	0.9786200021972529
0.5719126068079771	0.010867419999856853	1.1501906080387196
0.31650364142274484	-0.9944806058692484	0.7402241105356878
0.703942108813125	-0.2496297297816581	0.8509197382993782
1.5330512032636188	0.3017960365239215	-0.34414791495396624
0.3767947674603941	1.0904715452588258	-0.7004775899029037
0.8536570268047552	0.7504977811289432	-0.8089409054865098
0.44840178289765775	1.0704334019192516	-0.8284675139811302
0.0425746550165579	1.1646726017721576	-1.810986976005461
0.3420956329625793	1.6356449341324435	-1.3248345147620324
0.5275131106231656	2.859163610908677	-1.6900158510931218
0.3570460919803584	2.399520376413628	-1.4554889407306313
0.19150948289257974	4.043446371878295	-1.6552619279698098
-0.3344274242145863	3.206747081769399	-0.9237585185999264
-0.5429567757568303	3.885998523217634	-0.9420114469284349
0.18630982948455466	4.7551052180923525	-0.404658556745806
-0.20850198058201996	4.560201498044747	0.5279707197460578
0.6111714209709058	4.69031865284368	0.1454963885853811
-0.4804374183061502	5.075669704638028	1.235969609889468
0.4229660678785068	5.4151205582659	0.6986660802809245
1.302386423535889	5.24019110562114	0.9476966747048056
0.6039952736549721	5.5956415428318875	1.5046247025361923
2.1870625613244243	5.484171981829494	0.7110238472000465
2.2314151139682843	5.626293014829017	1.2908640573691508
2.5260823899826397	5.985920174320322	1.5554877927190909
3.4398881601324227	5.8258296497321735	1.088776853244711
3.4513966612092646	5.725390563878368	1.558367125988493
3.342123853538912	5.644371944132811	2.2787733217299513
3.935307711676071	5.59813895167684	1.810582826672153
4.376460233319723	5.53754558557007	1.6448810896575163
4.7861299083475215	4.644768840422157	2.0050113862229084
3.7047622784756427	4.563019711667012	3.153620751678392
3.9347183199932925	4.954132619846117	2.6411635471035733
4.540852312777769	3.9496888497648115	2.582977968909177
5.174196141666767	3.5746598079145806	2.61024110322746
4.691840949519236	3.426843538843128	2.211253113453532
4.797812890281961	3.492236423541475	2.436719097368772
4.211780838308124	3.8397605469339693	1.77896381036523
4.795379493826394	3.087499526484692	1.2291072777375327
4.035145273012693	1.885689217260117	0.8444100278954223
3.796065367815657	2.128669722712894	0.9329375620728055
3.7932421713568667	1.9332156642482807	0.23680202028773664
3.9480607335939837	1.9136427344598597	0.36692087190743095
3.481995597265769	1.8153087872612024	0.27979944044505156
4.5880055086106655	0.7682951805891023	-0.6505634986299158
3.5277281114370407	0.03391630070182411	-0.3668073968242742
3.3731686363937037	-0.3538830718129685	-1.1055432791293205
3.206004299543616	0.09598595446207958	-1.2523975428318124
3.0558718488340273	-1.1312297932435873	-1.1289823482882244
3.122960090429233	-0.8376652592163643	-1.7658322119646532
2.774033180767161	-1.3920267467307876	-1.6910411400909533
2.3166420395910974	-1.2404046565525213	-2.141189039159071
1.322544998738218	-2.3590980491830633	-2.310697602212276
1.2007668688686204	-2.7283891268383376	-1.606959377126909
0.8825883410362059	-3.165497967086184	-0.7540725011702196
1.087586960919443	-3.0903198134523917	-1.3078546355398897
0.5730964276745707	-3.5249755504480786	-1.002697028442927
0.7634449060877196	-4.44626323622197	-0.45224988988984816
0.48222109927044887	-4.686784739562211	0.066021844795213
-0.7318853737911587	-4.529279668531121	1.2126194896276505
0.16414442517860695	-4.782612877644516	0.9296487773532747
0.5282013405402511	-5.48916147215564	1.4805843948825768
0.1513988060463614	-6.187027340508504	2.578957832961062
0.5164017736365445	-5.396860443977818	1.7863649305361446
1.7228376215577805	-6.298478401255884	1.7590926683289638
2.5739636398459895	-5.777906348542475	1.7905944647192422
2.954089679557171	-5.784220242793473	2.4803556057014533
3.3690068472662906	-5.996705381335996	1.6466392729258923
4.707231766113147	-6.156727829841289	2.1815811641107548
4.442467017425189	-6.196687002303158	2.647785644845965
5.847028055038903	-5.472102014570512	1.0929575629707635
5.486676932759522	-5.64606685596538	1.5592810664415722
6.85815759698076	-5.117706324970971	1.493829717603039
7.089959753752391	-5.241954948787703	0.9524621225771717
6.590414817258094	-3.353851391624408	0.44260099646818485
7.706256792268894	-3.3354433499120986	0.6545994771979431
7.3339358998602115	-3.193044777408079	1.5739529356513906
6.696179047230288	-2.6387267552060036	1.8315483560739159
5.623540802506851	-1.9744563866395963	2.26555486025525
4.989373996202521	-1.4619925271370113	2.565248030916014
4.6651185996997855	-1.6530078164298425	2.26424436386581
4.881308850979169	-0.947423326987613	2.2286103678398743
4.255402584032303	-0.7405184099054551	3.1690752321352096
3.3221904455551523	-0.6784782647920663	2.5484220142781697
2.766599576878681	-1.0634191508265745	3.524220893460517
2.8808365748879607	-1.1020250165451349	3.1543691911087244
1.6119419376075463	-0.5827880095040727	3.2428197278282624
1.0118370138027912	-0.05823721519057723	2.8196677815803577
1.0674696271066784	-0.7614709416697372	4.008557523679236
0.9680859379834497	-0.9972936416753528	3.6674571943206997
-0.6445522503957322	-0.13376688058485886	3.2924302726250696
-0.9901340747088079	-0.9642701847594297	3.0223837122353623
-1.0470589200645575	-0.7959889618423932	3.714734881035693
-2.099392239594785	-0.4411850572793492	3.233577360329439
-3.5623706058978843	0.20598204455308466	2.815968065309655
-3.8881400541428834	-0.1796458689964502	3.5799458721003092
-4.6907530247147005	-0.07064016709231491	3.068206571983048
-4.938081260702424	-0.029355782408164555	2.5807648909515337
-5.598796038640614	1.1348060520861927	2.0687487831349873
-5.905289470226715	0.46647077711276846	1.7631559371908008
-6.751280612130034	0.5045490360353571	2.5688795900555137
-6.5622551813677426	2.3990127459777377	1.7072668443106185
-6.573114004524734	2.3628729410222076	1.690180358764978
-6.466548195685903	3.554171842383287	1.3771297287237605
-6.158140997606158	3.555872549714867	1.2166297503541892
-5.795378877214824	4.468455735652476	0.48225783343875916
-5.450475359549304	5.675715439660637	0.19425770712929322
-5.509235863054162	5.454752700211279	0.15176525012035424
-4.173949721714549	6.120304949825515	-0.1682892081846481
-4.483254199105585	6.78515435439116	0.17283251633195246
-3.872543229202013	7.6273092443608554	-0.7995376932298518
-2.5936383148898488	6.9316552925811274	-0.7686789298074223
-2.510096213343798	6.357238359706474	-1.004976715343662
-2.858910813453072	7.019331574002705	-1.5616443215233078
-1.7673855694347411	7.23603317281366	-1.9977329314600873
-0.8693605288127031	6.730043651998973	-1.4847201157822085
-0.8366601304533399	7.171700576471909	-1.2980316873336282
-0.3685792017743733	7.039305170393684	-2.3329011355521647
0.027056210488975996	6.356663376102063	-2.3852509242772766
0.05819818069339677	6.255686704286448	-2.289062358840802
0.7546042080793403	5.783405444664234	-2.0616372281712465
0.8505521800074605	5.732208082880738	-2.811857783062404
0.7834353183027213	4.483592609116323	-2.1365544653217343
1.7760257306691445	4.592518107732421	-2.421151603093802
2.560362993663715	4.541070723472899	-2.7346512503846157
2.334996250398039	3.603335157297362	-2.3155555283524176
2.65079456805164	3.8471972970641026	-2.6378894886273714
3.0924993964968097	4.163756649473894	-2.854749854966415
3.6334688610214254	4.41283717027573	-2.89475014220936
4.0994312620782125	3.469244682255887	-2.0505723885780105
4.801884168325355	3.642384036847315	-2.508886435767888
5.0592925278152086	3.989241996504881	-1.7887391271230744
5.92727843157641	4.09484006554278	-2.0015220929066535
5.901708663817089	4.181832643950993	-1.8278831644133375
6.418204449632988	3.405551723764061	-1.070981391550197
6.724953657490103	3.147618920358072	-1.1589509904077206
7.352725035453493	2.2313538940508684	-1.6173273981009613
7.9696570914776	2.5213004275502184	-1.4635440307977685
8.285497448819543	2.420725870202271	-1.0671031969465872
7.964307193721648	1.4332047028692454	-0.10075522330674547
8.361944515086831	1.0432182260136125	-0.2492659784779846
8.36270391144257	1.064164387831241	0.12460791042981889
8.35046190871476	-0.09044903798609333	0.48094637985316757
9.395621797765035	-0.5544100607958653	-0.2108512069204439
8.749656400666662	-0.26099054686309076	-0.45893567476039127
9.148217959589573	-0.7688994083482544	-0.30299750033813927
8.996386491642536	-1.8324560277842927	-0.33215787504933003
9.03225053607327	-1.8682663407259879	-0.5954406726283706
9.080520928419011	-2.3001749414187236	0.08821396311337515
8.652350196477348	-3.6736014765133933	-0.6821627482230594
8.718985822209255	-3.958238901834997	-0.6696805738109678
8.389443496535726	-4.088214018064416	-0.3471790198403892
8.593272342654803	-4.095616182884109	-0.8021711382981935
8.398042508705672	-4.7546178179785255	-0.8823689807658306
7.939423047236537	-5.921508567616081	-0.6804532510958664
6.86230773481824	-6.429921070429196	-0.9112178259327581
7.100848972839032	-6.757780229136337	-1.200479478062673
7.28193593911736	-7.167693972924244	-1.0244954525567538
5.905332387330665	-7.557356421155299	-0.6178384797606686
5.600988058257777	-7.4844293773340125	-0.8602311156464691
4.967338845032794	-7.3420055879645405	-0.6450255018791167
4.7317317122535485	-7.670703741884783	-1.4047818681095663
4.451348559367878	-8.548549720485264	-1.6903102243850798
4.212123154781518	-8.629431111462702	-1.5348235627232387
3.2870014871133337	-8.178418610901982	-1.940596161506679
2.7149727832006363	-8.813779640870472	-1.8295529968879394
2.622618390454617	-8.58152139333993	-1.5895032835822096
1.927812708208228	-8.963146247971453	-1.5363231154380024
0.9896198199256124	-8.5061401354044	-1.3651329564562722
0.9121204392427927	-8.999517110246975	-1.7367328180300854
-0.016333233898019328	-8.785010165685259	-1.4927463903721452
0.0752922474140183	-8.563705429071863	-1.4110978979654123
-0.6194481656184243	-8.400249974949658	-1.0523984586664274
-1.575627482099999	-7.792828212282036	-0.9338101929292799
-2.0799028774584194	-6.885021064202757	-0.5867748853380682
-2.545735714140366	-7.510509911307998	0.4133423919128124
-2.079458861699847	-6.273541230731499	-0.4555259860401666
-2.675691025695354	-5.282935488287427	-0.8172133599682523
-3.3049208620370862	-4.9073462847721885	-0.132898173592919
-2.9454282004195225	-5.381225413752009	0.2492502638489611
-3.6764813860989105	-4.220346588667625	0.26750936017215476
-3.7822976670162776	-4.04161102386895	0.5696495032579694
-3.58009374016751	-3.530884430059255	-0.05350175163511428
-3.5834463600458504	-3.288156189430112	-0.3811898324086571
-3.4559548569026024	-2.0106639974211045	-0.5004728490979726
-3.791597153149514	-2.186865712848025	0.2077216683127162
-2.615772622562091	-1.6504033671491656	-0.08060241614496977
-3.276521508320403	-1.2476839424905406	0.6006458409694301
-2.560204311160848	-0.40802282026849457	0.6248512907123472
-2.719455540175051	-0.6252806181626251	0.4568219311121733
-2.249245822485485	0.5513690391275197	0.2272248955725561
-2.074881042539177	1.147195042733061	0.4179981304919267
-1.600821880276892	0.7283506492297332	1.6837860221322176
-1.2998802682875845	0.9864492296679329	1.4775256895593492
-0.7833172535211068	2.063230756066031	0.8790764044851798
0.148508269183815	1.9852284848240065	1.0697202519865905
-0.28088517353012993	2.5685658746002686	0.9152408953232418
0.3732011187875962	2.249529684043914	1.099691686797835
1.1233085135990972	3.5716672816007007	0.7813075779504705
1.5353788129211052	3.447733405889793	1.8292109509960763
2.1477320217446936	3.508537712424208	1.1809150278807121
2.138964449835264	4.112455979372063	1.4288987967405646
2.8216056355915415	3.876436935396969	0.4664598435675563
3.0726217537055396	5.071643185844439	0.7453161286482742
3.9904267107817764	4.681778145125949	0.16812962974256485
3.587210119508232	5.399731567210649	-0.30848814980113654
3.989103239905657	5.5052215068279935	-0.1547574267856161
3.94816125224797	5.6815988172082115	-0.12586322566406571
4.179408521499886	6.892375269927714	-0.5383966296265292
5.001832942614585	7.238052062787332	-0.38970771548744365
5.037657260034215	7.780104185763926	-0.5636065143563568
6.217715814954765	7.094008042797202	-0.2923306917517874
