5.2449335374740915	-8.7959461103932	0.5166283917045711
4.767487214550638	-8.43662184626896	0.43765433771842127
4.862187627355229	-8.969671995024397	0.7699751669969236
3.6309965605930588	-9.119227169366216	1.2746796126483633
3.562298036811592	-7.801051296783997	0.6947647236060507
3.1291408244556407	-7.542534231526719	1.2955145349856583
2.6644604129744502	-7.382098854137979	1.4236383831709125
1.8162603606170744	-6.934459739956043	1.3982537294463315
1.588918655888143	-5.936040016919691	1.8508612620528364
1.2258961810767919	-5.703665058302627	1.7509877457906242
1.1427695341280688	-5.021032285888134	2.0433302918083855
2.3666794059396388	-5.1959139776360015	1.8619855165787071
1.4952710575277222	-3.9173475694681077	2.507325779315237
2.3866650070531974	-4.008264609607303	1.8626881676633467
2.5100528217804636	-3.4755185998791682	2.2860361522525317
3.4527107394052043	-2.416149726894444	0.5537517707713645
3.146516594850222	-2.314415243257048	1.1583854918409153
3.4592756377293363	-2.580400582851621	0.4113845001893358
2.9645166821435844	-2.0741789038769047	-0.5127231754509971
3.4921698847439795	-1.3429829719028232	-0.9800282480902931
2.1645673339640212	-0.930135377667577	-1.0359314064694576
1.8302028295269137	-0.15648352504351903	-1.6473461957149986
1.70169990156238	-0.32932649250240953	-1.703299582256167
0.6187375193760223	0.16676224836922848	-1.3454493337316806
0.8644568755910478	0.6265529418346739	-1.1161849454807895
-0.15740554708522797	1.2548918830008935	-1.3562133954041262
-0.31117428109342693	1.5890975774509952	-1.3414398049655512
0.08623032906285844	2.309864596044462	-1.4723799956892902
-0.4572179066276034	2.926547097076807	-1.1544904712828588
-0.6523614019219419	3.5150057894521582	-1.3127974644306564
0.30319539209921764	4.160961205663183	-1.1649975844265892
-0.46792507913560716	5.378645514980034	-0.7320762429104268
-0.4180275319715112	5.957270371002658	0.0867596162979587
0.2654625077559778	5.776577860866951	0.9396039814478103
0.5597463375926566	6.32647742798168	0.9742565304701598
1.0554334263830802	7.566784051904703	0.7982671285439186
1.597311498317595	7.099076645661783	1.4352998400144954
2.5247817883430983	7.618753352709716	1.370147098206746
3.7420631831834292	7.438750604378688	1.6333189163379094
3.6282381033385565	7.6084696306063835	1.365761905484847
4.117265745247512	7.194443395674005	2.593754687059551
4.394539743656926	6.447938051193456	1.974960777507265
5.1023587149382275	6.475384027511896	1.5698400270837243
5.789010306552332	5.7515860152013385	1.1825170059267789
5.62972181939817	4.1689913911149885	1.0795508274570498
4.987647317183996	3.8165123862895953	1.4081760488878317
5.073369111672154	3.0485994747640537	0.19419308869294385
5.495620071206224	2.2514388899276243	0.9428968900101272
4.613297625541612	2.519925342903518	-0.44845957744004333
4.688982454872443	1.2516991933421855	0.6206277599882541
4.560249229016909	0.4357689684215424	0.47150398033333035
3.681983204082467	0.7897971780422952	0.18227548893436968
3.9466600657202853	-0.3501213372391136	0.8196956649238127
2.9296069147997845	-0.6837084098020954	0.9748455522224826
1.923769050312675	-0.7121544045771045	1.8457315623486996
1.8708249845765064	-1.2107881127429356	1.3710054010255557
1.273452153827633	-1.8416022991822374	0.9826627278531309
0.8999965412714794	-2.1570548357590633	0.8371577696822299
0.461667788581588	-2.0094478003659844	-0.20931813803669075
0.5239346284327583	-3.2884855861018742	0.006429439980792484
1.2886545079924496	-3.9129660003074753	-0.4896189562726585
1.648234266117493	-4.229397145842911	-1.0660839328113678
2.217372122193977	-3.42686973374218	-1.055495000962286
2.6470278636275446	-4.749489539895114	-0.20920672775626614
4.5246651436002905	-4.336673906992226	-0.9445795890787436
5.157770799512072	-4.692714670733125	-0.05029381692367085
5.667260472083017	-4.1690371263559385	-0.18245736582198085
5.4042030487527075	-3.3326535789309206	0.922271801540833
7.053431017711107	-3.7773666696972077	1.054234544945906
6.689015361419045	-2.764308861980825	1.9792232868305697
7.226545335931316	-2.8684011163985805	1.985364502069002
7.761276629929351	-2.16904261051238	1.367242449564462
9.34073431046522	-1.4524194568157283	1.2343351976286405
8.840489117371092	-0.7871368385393799	1.0624602002674595
9.322486225639016	0.2236356714687976	0.4312722949383138
9.135676306510824	0.8759720108477461	1.2754472649201614
8.619812230994047	1.2597427237487837	1.3320136347684477
8.37717416871562	2.909856408246366	0.22153125149852682
8.537003634575761	3.555431782874602	-0.08309656728492543
8.237563290185616	3.4919786140395526	-0.8256112118883772
7.122119921662604	4.252734968949386	-1.1619096532534297
6.891768584444714	3.9369637698478908	-0.5808757091132954
5.605599393184716	4.469782102466014	-1.2302461012118875
4.848635602209979	5.169918304149867	-1.3986150329201417
3.9092153348585112	4.5900270921124475	-0.9404900577671671
3.1697688456159865	5.355124477305952	-1.867690380424258
1.531101497247714	5.233679877280306	-0.9016613033932419
1.4200632767269217	6.153713260699682	-2.0630802264296437
0.30746002741207595	6.23790081248783	-1.1856650341345143
-0.7824297421150797	5.998591422575656	-1.063317610448769
-1.508949769661949	5.417060274771163	-0.16758136879087826
-2.3111804294188443	5.510429947442891	-0.25220043160202243
-2.5081722249808562	5.004106598283896	0.5895202795686958
-3.074951954217448	4.422237270074513	0.35582329634936405
-3.090599154275768	3.8066792575932062	0.7597896370363889
-2.6888557832208617	3.2960867707647123	1.7633634536871483
-3.2284139683873203	2.726597198346424	1.7143439726327419
-2.963057480410474	2.5556968087647154	1.8295468898945286
-2.839362578092635	1.687242846470265	2.8836100832389255
-2.1970949104980355	0.8269637258978537	2.530361156105702
-1.1745321348053392	1.0447800418911501	2.9482852852567496
-0.9016337984434537	1.6598589355198403	1.9722632266659106
0.15623181879478412	0.5154963388809639	2.435975823453899
1.3942428845642347	1.8393232918875804	2.2001808377445125
1.9249367705253049	0.9997232610869116	1.9701526696762548
3.279638394617381	1.1828482067992507	2.1846003785260355
3.512335926952389	2.25663438502161	1.9979416344128687
4.671544366689892	1.6439979544797072	2.1255005395850994
4.438092919770393	0.6936803817182386	3.1500255244181856
5.040940659491348	1.4202103016253975	1.7162335384133993
6.129757430731132	0.8725154237486226	1.3573743262189333
6.044436606644919	-0.31670308936987535	1.8195386187447125
6.722916656114485	-0.64620594254335	0.9412094237458878
6.412269916086318	-0.2684425051182776	0.13600522971835438
6.995974005631923	-1.6490784644272396	-0.25061400786756105
7.043361173354311	-2.176656520871723	0.12192011715025064
7.954855109002754	-2.6799091014561327	-1.067632204224042
7.742594068019179	-2.856505664935275	-1.5200997653945547
7.844325103179156	-3.6344429007542747	-0.8760101029872971
7.448223387555126	-3.873083778553398	-1.5022061651884329
7.325889632618233	-5.023387654941437	-1.2440112487596298
6.022845090311441	-6.184779018014763	-1.364833752233556
6.029998650422419	-6.203105810155997	-1.174877211985573
4.75860608434487	-6.640886975394393	-0.45519038365814035
4.060333131107344	-6.181158776173022	-0.8554906150619308
2.849010507718693	-5.990629812661335	-1.4183707171215958
2.665224632493662	-7.034154159613822	-0.6913669246863584
1.59802327422684	-6.765361367980041	-0.7302105117069433
0.8697196516120651	-6.863205867841443	-0.5433608608926873
0.1724430723636634	-6.46740874219818	-0.7689050283339548
-0.9978478315073479	-7.239578289224401	0.3050686481432717
-1.8712016012839228	-6.437756042450043	-0.13176506541875727
-1.9347593024918441	-5.818380629449376	0.3589289520431142
-2.7818343372047987	-5.370203644176384	0.7171767161684272
-3.1956506517740486	-5.191499541469504	0.8722747311605733
-2.5118919079169553	-4.179752989846802	0.4392178360873168
-3.183317984676506	-3.2591502162654375	0.19086612117095592
-3.788558623732979	-2.357102668597016	-0.006161483441915749
-3.8404481602018707	-1.7681084700458363	0.7324139778487113
-3.567714671371446	-0.6667676149495995	-0.019939743025303047
-3.7221889818546043	0.23268904766665188	-0.22842214520235604
-3.6536256075526397	0.9783085195434836	-0.17116196578588078
-2.812469109380638	0.9390159593111117	0.7649957947172021
-2.8061404691049523	1.1943232437934288	-0.14696176230206423
-2.1354520447102168	2.2389159301590476	0.834997330532508
-1.0534538681813086	2.9271962861109992	1.0469886006943614
-0.7356744655112464	3.594712593912104	1.5333562136558165
0.30534371863558185	3.0195159700929346	1.452012665521207
1.2920303854284414	3.6551116662838483	1.3435314532464633
1.0539057546532868	3.9096272555850256	1.6763983764831099
1.5985186931996138	4.805064857127079	1.9559742725141729
1.9662174850923715	4.88982919031558	1.4177546554119742
3.236994691735008	5.1704692242232575	1.0240020985787825
3.0494478490935264	6.46063521662887	0.6580529750090417
3.3177963871106657	6.21314834858573	0.5160265595509458
4.1260989943100475	6.915899874807129	-0.0944815594292785
3.880123470781135	8.221864983362668	-0.43138513083042096
4.754352676024302	7.955513648264111	-0.507610727586542
5.6447315219433225	8.52821472961286	-0.9667972724115045
