4.4853779910073825	-10.312605072678396	2.0509069871234527
2.9477032846484237	-8.935665644486543	1.5836183843636453
2.0095743652794136	-8.686322119013518	1.0549769743627633
1.3280969622140884	-7.545640029284756	0.18501669479218652
2.8214296694474754	-6.670758304950109	-0.5060337200897551
2.4987876388969976	-4.459984026822097	-1.2277011995129432
3.2914393833184468	-4.362884431288005	-0.2239564211244356
3.0779105017612167	-3.14996789498221	0.983654195319362
1.8331665927374903	-2.399093028460117	1.1952421532257225
1.3774395400569772	-1.637511914229904	0.37013943899791985
0.014881243804036604	-0.6583158790634767	0.29360277875237073
-0.31488973614754384	0.04182244335011934	-1.1053836282173692
-0.9011323898672519	1.9855197800861777	-1.7525636361319314
-0.27527000343450103	2.999246893454316	-1.405797351149592
-1.4108534481832897	4.195440085906799	0.7498889714784959
-0.49801594802589766	5.2039506111956015	1.4291013152115002
0.11042977174238461	7.183647551226407	1.0627816411617315
0.9602686746479403	6.99813245501747	2.2435431311028307
2.9611309814023574	7.053006708245592	2.207595693825981
4.128996037881045	6.088107795264641	2.4755317243562374
4.760089800331982	4.7839327061052135	2.295277333036795
4.8240352833154825	3.079981233816619	2.5933099152679207
4.809140486072438	1.6686334567779557	1.0238952623852002
4.205695243511456	0.720778369860563	-0.03896769610770867
3.462962885029834	0.22541757129449774	-1.3493531386471882
2.813139573331739	-0.7253341728428588	-2.0422563024576954
1.6257723750662758	-2.067493280747496	-1.7444152698373292
1.2012150659439242	-3.1108695384075067	-1.1962076374177164
0.09400763239687851	-3.4854214138615998	-0.10906510551193566
0.9076846125638373	-5.224801494561223	1.7241841752126432
2.004681416543698	-5.271176086615256	1.980953653845591
3.3664143287465187	-4.5518959875424905	2.251949170365037
4.631207451774148	-4.211595427586129	1.704137470415347
5.689585405064825	-3.7121413148311433	1.0376125997601742
5.388086532312835	-2.163574260525058	1.1020334811791597
5.592791179330472	-1.4806186980868463	2.1430253412701745
3.514320725347828	-0.9105312697956363	2.3857366031771883
1.9862573789350382	-0.4610570919388117	2.9169967141025
0.5899086828713238	-0.4613744945581296	3.9493472997522536
-0.2169802373968741	0.3205604006358864	3.255376669148508
-2.7534186304220314	1.019561110223181	2.895614565337685
-3.4515124403977016	0.640156004559175	2.8114321538325475
-4.062983019244967	1.6848165281059968	1.6557338456851454
-5.532434144256934	3.255269848255545	0.7446006216283108
-5.3575688034644955	3.327369465428461	-0.08325749721294345
-3.8673895048833544	4.680416529181036	-0.807441533530881
-3.109359247418986	5.580991853989778	-1.5387602558672115
-2.1529103421846445	5.361680067693255	-2.0741008618947823
-0.7626770109100219	6.061992080410137	-2.9015993802526268
0.47049566267952636	5.118569963697911	-2.321936223578181
1.8110568665643467	3.8089627025565256	-1.8037849279057803
3.594258518456006	3.53906262197609	-2.8500709397380004
5.509746984489213	3.096959763837889	-2.448149797481801
6.436104189022459	2.960926511879613	-1.77717500884654
7.204707541822882	2.5739374880574863	-0.5644769486370949
8.64981441450045	1.4081915334549322	-0.6341362541557295
8.764435859163946	0.902765908293177	-0.5950194269680154
9.242854961560083	-1.2940524695942348	0.28013505099165503
9.36899938425931	-3.020719429124684	0.03795797596316852
9.046211442417128	-4.187494061729276	-0.7346663296187917
7.589896639725552	-5.695340783079479	-0.2817042802589098
6.760991037787455	-6.661526093975168	-0.2384234265214611
5.927324065621633	-8.207895754925582	-1.1186946941827458
3.909142315352675	-8.090409224756309	-1.3523263934474095
2.023208191641257	-8.690838647850315	-1.795375330904703
0.18998149596351388	-9.09822812507773	-1.761222167755966
-1.2828604554945957	-8.31684925339313	-0.3002041331093641
-2.412028014282485	-6.232960065168779	-0.8559963128713601
-3.256615252892496	-5.615528068156795	-0.3003539484734408
-2.855112433312481	-4.050331286376034	-0.2531452542877297
-3.8478425242560355	-3.0236528325461367	-0.5965167151555366
-2.6513187362304853	-1.3955751861150123	0.19345350303540798
-2.6997284296744275	-0.020345306165179655	0.49269443485194514
-1.483621617908745	1.522454240313476	1.2241038535844413
0.17863481830823352	2.206985046007047	2.012444303069045
2.1722765777782245	2.915954709035148	0.9421904132743799
2.7989110145868845	4.774145343320196	0.47656479055406065
3.1050990576741326	5.0565052162529485	0.441972981387485
4.758075375699878	6.311119845485394	-0.48170711145882555
5.87964265330203	7.37599694013084	-0.3382596091171166
