5.256918138510264	-9.273553163902111	0.05795333158192312
4.689870803771898	-8.350113208870896	0.4550991401810367
3.2105550007549373	-8.869143464824324	1.9906285366092853
2.6857569944574013	-7.614980797629005	1.3702942037395744
1.9330560186802375	-6.806570753517715	2.302882703007596
0.9242791251424212	-5.224880145533265	1.4925207128664915
2.0955202489833646	-4.232314877991935	2.118876267044642
2.309418774261266	-3.5491460801571826	1.3156838711967695
2.881431055592956	-2.7897562330232755	1.3251044269508043
4.049852184898069	-2.2860379536706548	-0.7440330196199614
3.2247100692986344	-1.1105934758756102	-1.501547292540054
1.6694052960926724	-0.013558132890251984	-1.5146094718825276
1.4424985696761783	0.10591623884041959	-1.9607456243573622
0.1718192255941089	1.3847662888952477	-1.1678135338553155
-0.8938539269423222	2.9664961713689206	-0.8915498434879214
0.05235649799621367	3.90153032160021	-0.32620976503728005
0.16009022598441514	5.790491253026003	0.23214178073400493
0.018301473159107073	6.652701127053057	1.398015100951966
1.4356934293750157	7.9166837116770195	1.144549103639093
2.4412414330933236	7.8893556736135935	2.5276371597705234
4.054252139812502	7.113995183910025	2.4687914310161787
5.930451101701973	5.692051556342392	1.6140583682090566
5.241415629857259	5.367404626557986	0.9882048215104737
5.268096602649012	3.9126329930536037	0.29944277694480115
5.30368604618963	1.943501377247015	-0.37870920907061906
4.065310538083371	1.4371497968749734	-0.1365893347942303
3.4331506300976984	-0.2008165709520292	0.5767206143359236
2.2075313139068786	-0.875338190984293	0.9196165238781149
1.4423942538339523	-2.1678648008033807	0.29569072596717483
0.5806900175998233	-2.9885000986526826	0.01001748798005242
0.9331156260311959	-2.8055904522954993	-0.9666233007551596
2.495481702193435	-3.601730556998125	-1.2215511129541234
3.3319165494727905	-4.427094714454878	-0.7153636179722667
5.057564195787547	-3.9587045186305803	0.10033472871548638
5.829643057760754	-2.848357934079735	0.7593685862789612
7.297507672917234	-2.9863059855618888	1.1492924024910935
9.05390384765757	-0.9844191742023123	1.5171127900002848
9.658109654242365	-0.15343427009898386	1.145029963591738
8.622601612568346	1.882823378003783	-0.06968436809253813
8.580524556578077	3.2989506982817747	-0.3478530389254624
7.448911905467184	4.054176349067097	-1.1320343476775991
6.099244568118186	5.000263412870143	-1.2309700900906417
3.5160964532556456	5.628738457310545	-1.3009034878488175
2.0631050653157854	5.059376653560459	-2.0765663591938166
0.08582039282824327	5.95818772729065	-1.5228138511231348
-1.7468527376693126	6.76039627263353	-1.0615407349955674
-2.83853881447354	5.892211064273266	-0.13862336847561196
-3.9089453734558104	4.269784290545013	0.8474910385369289
-2.8908913407008003	2.4672316255639766	2.153414130669076
-1.7250207727173263	1.291570403198942	2.03141412606543
-1.0545203212467469	1.0006321138013339	3.11513200046838
0.040532852121045265	1.5360114801597855	2.0052491371508374
1.9993480024620593	1.3709451280731306	2.736183373505205
2.861551895889708	2.171395974066307	2.6879215395138134
4.975443730658611	0.9664747448923476	2.462856190907395
5.68819513855156	0.4814987494792512	2.321682721532331
6.8496700757303275	-0.6846122783478723	0.6560508862368946
6.84976214973573	-1.0949444162215705	-0.9940797239259873
7.862355263860512	-2.6845281443341764	-0.7597733528576609
7.68636585640973	-4.500174990258652	-1.3204707820522814
6.462347396415434	-5.391851029748063	-0.9425424277830841
5.92899626823491	-6.575376266183273	-1.4873966232022289
3.5304102462572344	-6.579963073395495	-0.8346622378191196
2.5046438586430666	-7.170608441806916	-1.331851295255053
1.1862006958691966	-6.780805082906883	-0.9107024676518856
-0.8514586818507279	-6.076921362768237	-0.10410189369954082
-2.622464167287242	-5.346269034973568	0.265000928308106
-2.4683442498399017	-4.5984202194249955	0.6451269354604982
-3.852249522664044	-2.8779396225527103	1.181424697150035
-3.2329426729543362	-2.0430960251259083	0.7064845049787944
-3.470423841996996	-0.0012931337407575683	-0.01692017241312821
-3.0712582908612327	1.023619806525017	0.08534117937564872
-1.7286462927971995	2.713917653157446	0.06674952883515357
-0.7112708711849096	3.168664739656953	0.8779909331952839
0.32300300518342306	4.5622598385120625	1.7138981400090887
1.711517921471714	4.650775589415975	1.4292489983736336
2.4058199558772997	5.00910157337023	1.2905142461758616
3.8915724889704446	6.660010988600238	-0.37142107214562003
3.7315455643565327	7.191403449208163	-0.8318711791872002
5.075156942268522	8.829388293577038	-0.5625913028964586
