4.763394630558991	-10.3089667431369	1.717872745299253
3.522884863698545	-10.107759365139474	2.061576662072463
2.645519870434636	-8.695887953533676	1.3044270775467768
3.3278900424495683	-8.517538833901442	1.0838749360585793
2.1365494838050223	-8.353064641078552	1.3541200151295076
1.5610689669130968	-7.760536979421953	0.9804559637676336
2.5432382418516046	-7.772041463993669	0.09199408218463599
2.1693887842839863	-6.720183332679052	-0.5081380249035178
2.2984267467755	-6.760619470174232	-0.6992059861338642
1.898568523620154	-6.22812783863444	0.0534043836014666
3.3797042056118536	-5.3985945457362785	-1.1574244701311651
3.1697875275474705	-4.457679974804522	-0.47499898260334383
2.5826343303160244	-4.377952599322181	-0.8355911548732436
2.7868556220383596	-3.903624037823931	-0.03055100667632099
2.689023988867457	-2.9252120587976274	0.4164647334679554
1.9388628475164844	-2.891894926973525	0.975796739509214
0.9869729280175665	-2.7089584804134414	1.5222656800726124
0.0670676813387212	-1.7495563275722186	1.975483391623524
0.9322984984176453	-0.7707635875038238	1.4394564828098013
0.3165812672623306	-0.16246628990588563	0.9321910232793087
0.49184976754145027	0.5285996627559081	0.15777139359225478
1.4759992253586276	0.22353059130559927	-0.5797721513853844
0.32831379515322023	1.331341672526764	-1.5012394432696574
0.22325286598830266	1.2572782761036585	-1.7036578836680414
0.367159979342671	2.1179341403199037	-0.9115443340431608
0.6328923599685649	3.185771885315728	-0.8539971841335106
0.24972916180541116	3.511230297153772	-1.0469523849424744
0.3231073387241771	3.900396896482835	-0.3790638275943252
0.5603955934269037	4.3675101671600345	-0.16983982754865123
0.2698078549721469	5.0136275667575525	-0.0438016589125641
0.7137205341852453	5.285577095707233	0.3032876452525438
0.40040619047267706	5.776702020042882	1.063178558102974
1.3701921029055844	5.91327349224532	0.7110503943020929
1.9207182133972902	6.54559702348824	1.3176337748986722
2.9825410383163193	6.500617025934957	1.8800227594025711
3.9617046757674483	5.660275365706909	1.9237428466827557
3.747734803501114	6.309918887889605	2.201052980907412
3.629757922647376	5.40847463497444	2.447601926969306
3.590680200513007	5.247776497908788	2.0040644293219536
4.365452775735378	4.80297710756315	1.9085166943506753
4.298995407966879	3.7195643563747014	2.621321183905126
4.949906616066976	3.816751182381099	1.6346037488673195
4.480962167773122	3.8103292100001056	1.902790685606781
5.293857725983297	2.1393912514468276	1.0446130446787925
4.051080491828895	2.1987828016271846	1.5962688965529872
3.6455025868979574	2.1731013216473793	0.46761966653173737
4.413337979723838	1.3519067646220884	0.023241997600745634
3.872086494811363	0.9774901595043194	-0.8211876277855021
3.788978931638461	-0.022306544467523948	-0.9503191669366831
2.8187836145514886	-0.9659367294455947	-1.4786111574563225
3.551330957777153	-1.411222561961159	-1.9333047381075112
2.1595652528026843	-1.628766909858967	-1.5561206538748245
2.3755482992674115	-2.650506636464221	-1.9265050718074246
1.7357296560797661	-2.873733143095187	-1.4319433499602114
0.273734932094432	-3.676465429880727	-1.1258568578618888
-0.25932648485016274	-4.294329087838812	0.48843360235514777
-0.2224905739848998	-4.424533459380723	0.6961706338731283
-0.13038507573019198	-5.163659267211932	0.6488962022000152
-0.202577984951526	-5.273876259356843	1.8719281575775972
0.31074703650065527	-6.37746490257419	2.0730219745740737
1.2412603405122438	-5.766811149307624	2.017389872878987
2.1779998910434584	-6.005038786160455	1.9145130400940615
3.1803438675687863	-6.142404615924267	1.8908589333551449
4.505821969061323	-6.266648124813904	1.9894476710794238
5.526901521971812	-5.538295525309404	2.1839199197302603
6.178712645250981	-4.8318496968557305	1.2365392908661583
6.5640783813083665	-5.220640344704326	0.3366064258195205
7.677177493073368	-3.751304104043436	1.2302894233370492
7.480857632379847	-2.468585166382555	1.4456825279837928
5.859059636802768	-1.4172688571254277	1.3134498656384739
5.429988621229468	-1.6306114653612567	1.5576135616203
4.077179487396467	-1.4754090687277424	2.6093606212934843
3.6607791735350266	0.018437304497398443	2.731428618148955
3.3251016803350852	-0.17248216046981568	2.739042396586984
2.6892185562762725	-0.49854145520944804	2.57049981600319
1.6748835726112317	-0.9111600835865841	3.068831897995019
0.633466470759697	-0.5797524833800527	3.9814469044151632
-0.1740496330371935	-1.0112733782546424	3.2229656859782585
-1.252114025154478	-1.0130122310150287	3.2184769023703996
-2.2064381543236014	-0.3709559479368736	3.206218899748758
-3.451510994711453	-1.0283234382691828	3.383681229745732
-3.270549938850187	-0.6686077170904207	2.9871545123757777
-4.801861725437975	0.35599055633502574	2.7258450568729407
-5.932097832067461	0.7219549205070005	2.1357207534969254
-6.780709915429981	0.7597609330224528	2.8371339025025337
-6.8901421812276	2.288818644662718	1.1566949448701327
-6.059020709869196	3.9045502395659755	1.1750471077360198
-5.2821382920513384	3.6335989601879533	0.8692937384105563
-5.217582296792028	4.342913789900771	0.33944907108000255
-4.6575190875126555	6.356515924149046	0.23034179797998974
-4.333761144763294	7.376247730015532	-0.45666881141525945
-3.178332621430851	7.403457404855775	-0.40315725648620404
-2.67268310776679	7.342816385151935	-0.9601347025158643
-1.9694581642005689	6.893290264160344	-1.0544531074804153
-1.7969940422958812	7.953007725983778	-2.100184697539289
-0.7305090687921045	6.429505232755883	-1.1641081516625431
-0.21058840273774088	7.3897249255105795	-2.088141261653317
-0.044308222246989104	6.8592660211102405	-2.8176573249629318
0.8141042426127207	4.549783247200062	-2.8025025649645783
0.9225951865580678	5.333528047063524	-2.8434052015137294
1.9469464473664646	4.2710074243908345	-2.6165116065954717
2.7347206170622003	4.8578311482874685	-2.9585142114458494
3.424923508821393	3.6894353927310988	-3.0699167880135523
4.50897663226077	3.6967913660725067	-1.9893856547121431
4.792358649230043	3.974824053566556	-2.3307424904139333
6.01057681436723	2.9322609398831374	-2.5825485999900812
6.441364843841926	3.880053398066546	-2.2967865263652962
7.301401212873823	3.319131121659869	-1.4406780225125806
7.537725499904089	3.322333688014897	-1.082335714667661
8.034161858266378	1.9560647927288348	-1.3284584300809494
9.167868293675157	1.668334358326274	-0.9145652311136611
9.009996140746983	0.8827689161860941	-0.4448395006155437
8.900502108487794	0.013621066584130481	0.3867062545703869
8.568211487671167	-0.8261718509508522	0.5329870443919276
9.44126174256187	-1.122597902019351	-0.45727176142415443
8.571326895555089	-1.7747801938292047	-0.2548690049283017
8.95616959788709	-3.22938978341104	0.18177922039400163
9.081581109589198	-3.5914991586103366	-0.3770961780970513
8.206017307594736	-3.5420203398352723	-0.40648983266484695
8.021090622547213	-5.3213896343688605	-0.6162568265359487
7.894034761631188	-5.582024690141436	-0.8423343617605554
6.682618634750695	-5.426516564191113	-0.7074992400371164
6.685194942430417	-6.461428250249236	-0.49146065925108484
6.158245771351158	-6.939840971061159	-1.1050843970391768
5.2453909628441115	-7.290584054717814	-1.5105845114737428
4.052900114312542	-7.697573031295199	-1.2826848169704714
3.4753190512267356	-8.12498957999253	-1.933495902363018
2.602997393663603	-8.85507738852129	-1.1252554094215717
2.339215548570169	-8.242296573346136	-1.4940588183192154
1.6527232267973488	-8.975237625255067	-1.8827185432545295
-0.029868030536135792	-8.671456597400704	-0.5453310568704879
-0.5014075949707943	-8.413965859523257	-1.1505929670965451
-0.30790106475135914	-8.097710678646083	-1.3752760029771334
-1.1626958353147714	-7.814856603011182	-1.091411299844606
-1.6210054924664377	-7.285333614579762	-0.871031884001386
-2.324755453246154	-6.646934078142431	-0.47119929915984554
-2.621351803923815	-6.078667889858584	-0.16460271724302866
-3.6417731999634015	-4.728558339336237	0.07830293068689165
-3.8304858231902985	-4.633823601527191	-0.04448024662659522
-3.0523592551264445	-3.406262909002661	0.1392295372642235
-3.156780670892245	-2.3073769558655326	-0.3854968034312991
-3.0431339608402257	-1.6679267600535208	-0.41575352576917524
-3.487742832111956	-1.0849537132598888	0.8447133095675637
-2.892998566005549	-0.2242212327709312	0.5297169305984121
-1.9043549092426535	0.6794715557349326	0.10554140360312253
-1.5295542469996606	1.1236484117740027	0.8629428321604712
-1.2528703723004533	1.67017534506653	0.7243622936571812
-0.6923770387477088	1.9731656031329838	1.1008906382912977
0.06329273581756772	3.0192714904886295	0.9407857669719014
0.7914772983426409	2.4488295235229325	1.3908526029585793
1.9890275750916588	3.1185173575939453	0.7690756997714032
1.5956838868034233	4.568269912064512	0.5044726270910598
2.2102343590633073	5.142713675664512	0.5971616312115091
2.462702619116661	4.735466060133935	0.37390058743860466
3.3077893259391415	5.522492271209293	-0.41507551757565997
3.9409195133634722	5.933123395255981	-0.6881731041011918
5.348604148550111	6.419492663098819	-0.9439115715850483
5.060348226374234	6.834517816604285	-0.40912156560550095
5.467381787180492	7.643261612149076	-0.8814362027452329
