6.020787089034881	-8.596075844710127	-0.23304932800562317
4.9756137997786	-9.359478392969812	0.28445204404651037
4.0788590697518785	-8.626071925969287	1.005507901548575
2.260693392242327	-7.681830809924651	1.1500172197971903
1.6679313811043206	-6.723233924078189	1.926416432811119
0.9411969165434471	-4.738767322211028	2.2028546858421496
1.4517820509849324	-4.314708763538682	2.0784496628667606
3.0069869543764014	-3.015990871948503	1.8699655711595022
3.2837349178502464	-2.095272676616455	0.47207755931887685
3.2077023961343776	-2.2197233458997627	-0.6132935428062081
2.88805260744574	-0.9538873784135715	-2.0076561880009725
1.4558072388142376	0.2817073901309838	-1.6344425333867885
0.7621185373093463	0.8570645834839322	-1.752972384995179
0.46805044889848935	1.452368713775398	-1.3926545996122701
0.0126442169254809	2.5680789422883596	-1.4587943682400952
-0.16025480559021532	3.883175557173354	-0.4140837256094704
0.8790389119737869	4.77987698887963	0.013376498593739128
0.905621269304322	6.064614037140734	0.5923461890735664
1.9223312798515377	7.025909791265826	1.8125294481018863
2.3422266682416297	8.071127125897378	1.356847100449029
4.337869474856961	7.407810696414775	2.3258269464276067
4.979354232866005	5.629591613398163	2.040179819694704
6.134636926811241	4.21375535401585	1.690563840662559
6.170260812811644	2.9617965790156906	0.32211806813151267
4.6904859058293225	2.5110918641833626	-0.4356397156294114
4.605056280440183	0.42686503218289634	-0.2567648787333881
2.8758209254686644	0.2601770824146886	1.142535755675059
1.5056082507566808	-1.002219564714722	1.5158384157896023
0.5591465668378504	-1.244367905698864	0.4860679573627086
0.37031746537616184	-2.176647410569548	-0.22095212345108683
1.6569114957118993	-3.233784158777396	-1.2247910784889142
2.1264477661058527	-4.395546901332129	-0.4533066979332454
4.236362283154957	-4.2560937345105	-0.6045815732029767
4.608655960787687	-4.212507098619851	0.3908321759059463
6.266462542294706	-2.734488425147113	0.8520774086340457
7.85704335320672	-1.8431457484839668	1.1101267377904924
8.781026945185587	-0.9920638809384115	1.735203388293765
9.644826068109895	-0.26065520360754596	0.7209831532031767
9.32140118533189	1.1363116878298496	0.6354236423109249
7.874180279701452	3.0104174871248386	-0.19113198917155783
6.7713686773717905	4.235679521706495	-0.31646885332157226
5.3096910204086205	4.442777321688768	-1.8446167573835066
4.423198347191279	4.873918856635329	-2.08098627240842
2.0157708356738144	5.906579020530765	-1.5118595667515287
0.19002604104513682	6.003067590210786	-1.876301301486478
-1.2229005138777123	6.374968112467878	-0.9932475469762849
-2.1363750430951844	5.003862816200411	0.05913602084875008
-2.9827550254273714	4.502962452804225	0.7465189675591992
-3.6805038442813567	2.2728423735932917	2.5439851502529933
-2.297471021009444	1.3267969821275631	2.1836991772686916
-1.590363421065381	0.7237484911679208	2.152802953337206
0.040637913970794276	0.7952469283050838	2.2861090294302215
1.4182842911729456	1.1062572471310863	2.0319834005996595
2.8740557091476577	1.8798082843841804	3.034074409446119
4.624244558370768	1.130601566924899	1.8736896575356035
5.602507481543007	0.7084910054985567	1.9565376527160705
6.487358309320091	0.15942849696799377	1.0960592213249039
6.949688985251764	-0.59430996358059	-0.41276333802765475
8.415296686161566	-2.7242944792170034	-1.4999573131022768
8.33325592488201	-3.8869864459054053	-1.005807392764494
7.676520795609187	-5.811514141535689	-0.7337008176913875
5.214226596233918	-6.588246824820139	-1.0456415409564466
4.8137035354636515	-7.007663186883202	-1.237623822104788
2.64877214103399	-7.306493499174169	-1.31211094671357
0.7893890704002113	-7.202961702406628	-0.7363945518939855
-1.1525643289034264	-6.13876088558824	0.3102653859425596
-2.1179153951195677	-5.724803006739167	-0.03546318547593717
-2.132169681747878	-4.9474891777641785	0.3642747550154079
-3.7159467928356014	-2.7825266654082172	0.5453356557383566
-3.6756282844458497	-1.6218669324168955	-0.11060334166914315
-3.1380416920982297	0.10303921899797808	-0.40493613240999937
-3.207929090150739	1.3329470494651225	-0.31145929723426174
-0.985941140568845	1.6372396181815776	0.200286389506183
-1.050701274628585	2.764277796280145	2.1332025688115657
0.4628155483212503	4.028815291717114	2.454888965570867
1.9729257130057674	4.1259864925972645	1.1990081132538213
2.6440591785374776	6.119158128509623	0.806089424054474
3.137080815876081	6.237040013561472	0.2637584700137682
4.685692146822763	7.044550352401142	-1.0118379964873088
4.680975542498963	8.147023410497319	0.04255300014800123
