3.7431388839308504	-9.818098248851122	-0.7363176442698407
2.9527466870196237	-9.370159588451784	-0.9839803213848971
2.817084783640019	-9.468858480901696	-1.0652986622283054
2.5646921594555376	-9.371483577284572	-0.4389948403063999
1.765513421284022	-9.502872460316272	-0.3700770768526159
1.7817977185051808	-8.436232529092633	-0.6520270832114055
1.1615947556768598	-8.390205430719671	-1.2845560730909853
1.276903422349595	-7.499330217057268	-0.8222400916406845
1.50611227421315	-7.6082799560546945	-0.9765197565934316
0.6836420052925415	-7.462491211666825	-0.7379671620140942
0.7905720810796695	-7.502656021143891	-1.3209284453467713
0.1734631339119651	-6.518357097554041	-0.6190605511156821
0.02426463611547558	-6.661826650362996	-0.23865228747165168
-0.2840109585250768	-5.443545155626782	-0.30306291125724627
-0.00791138113202905	-4.837768301041352	-0.8054593377026238
-0.7515883395991709	-5.3967784933364005	-0.35956799761249336
-0.4504178477108919	-4.836389575224273	-0.34237636406462535
-0.6831909401515288	-3.588198913195198	-0.310379575906919
-1.1115795794981125	-3.6537660666680027	0.27757438934137935
-0.8590902026718242	-2.1722641936837954	-0.9785173495468347
-0.3653203092290134	-2.243136807361548	-0.4423693523652952
-0.4477727849900899	-2.636927663645249	-0.6390160509676929
-0.5300672390878965	-1.0438478498995898	-0.465133522878751
-0.07897424663678199	-1.5919988165917904	-0.25280470477405725
-0.21893047786745368	-0.5367737520490665	-0.840105189273378
-0.6221437277836184	-0.612310952614705	-0.5673079279992974
0.329862378665855	-0.16138682730898998	-0.882889003744654
-0.23202767650545564	0.6865660912406377	-0.3041285922257737
-0.13884037683185424	0.8788354661841263	-0.3324523190856612
-0.15539855933734847	1.5159183920289285	-0.5705149533637378
0.04292189309019079	2.0824648858204795	-0.59192353711695
-0.8594947914277151	2.669350428107285	-0.8833215467943509
-0.10307655818622374	3.0336902216002004	-0.8575577203430698
-0.3677501837392542	3.5334697249961167	-0.9697838874365908
0.3981890587029205	3.996050770290499	-0.8663496949166258
0.2841390583761327	5.102238433578334	-0.4287024810021264
0.07789487933307616	4.635784387839057	0.10823897301040886
0.48538310107016713	4.975283186399525	0.09202527671939686
0.692372130009929	5.88570561727628	0.07514103663097904
1.375351049390356	6.655501293462607	-0.26199056559082684
2.6209991987412193	5.658859632175184	0.1681390473235777
2.0250937676803766	6.8371615607268446	0.18603150324804013
3.284257529841965	6.400963575184898	-0.04197461422474523
3.629007298074603	6.0792331221902565	0.14075618405952567
3.425767045040359	6.015676704378879	0.4389907130437864
3.6481211620143994	5.836067315485059	0.5998140381379606
4.5941309586718475	5.839495105097313	0.2769412590132098
4.597604365189074	6.051591612612949	0.6898778174943153
5.573184774122512	5.212590082787277	0.5555114879993013
5.173355832564817	4.945026796752638	0.5089254282383743
5.521496208985482	5.304454514526811	0.3652309920133724
5.072648134002077	4.589123606453615	-0.3451180299622878
5.510428562030369	3.5909699839030353	0.783755127682118
5.549845784502308	3.868671616099556	-0.41260650626814205
6.06184597982922	3.236072405515695	-0.20195446930762762
5.822626611784257	2.3673702938925834	-0.08320712574495254
5.459381263517334	2.716964247472847	0.11194105694835227
5.2408748082494	2.258197326144338	0.6043664484841411
5.139487273588591	1.3112875004817077	0.6175995075431657
4.994965531993052	1.1673715032263432	0.37353686713221007
4.680281154866324	0.8686898921928166	1.0154318808298892
4.4867028763883265	0.5188240519928765	0.47820465217581626
4.836321643964441	-0.11376944077264792	0.45266845607561207
3.7681565119692375	0.5347475933028564	1.2892405890042835
3.6332549095157916	-0.7866324235276734	1.3736508589904903
3.5936375005629775	-1.1871458451702606	1.8274714464814252
3.0829892767036364	-0.47526861872277637	0.9378134715479594
2.931924219957596	-0.8953440232067984	0.8697338282693934
3.5076282390484614	-1.4544635308216192	0.7101180869018997
2.233807208762332	-2.1472390637006984	1.6226624889867343
2.2192684959529996	-3.0424058741107194	1.436330082095941
3.19284392253888	-2.922775461132913	0.8281269010023973
2.1460805832858045	-3.279961230397909	1.1320362151343413
2.79843115296788	-3.738011446250579	0.05241161369843685
2.7581145914667875	-4.148971426143348	0.8782434392782702
3.375611765237084	-4.445105033028527	-0.005042530290763625
2.3506857158275274	-4.710485803403744	0.638859079808332
3.3443189007860803	-5.156568382014638	-0.6037465397965291
3.2021459232000202	-4.555775026211851	-0.9803060156565844
2.7758187630742275	-5.519228806091935	0.06077560886216826
4.206566834497029	-6.05799307991432	-0.5840007162274139
3.3392751595916152	-6.430738186694924	-1.5001545593531311
3.873708515460967	-6.467508889987401	-1.5574138440010175
5.166604116920805	-6.183492976598971	-0.9957321398744781
5.44335011135202	-6.606598555997678	-1.5329664186615193
5.154973573483211	-5.717238025578032	-0.739349166808124
5.892696977104344	-5.162139193594099	-1.7392653551457142
5.861192287628003	-4.841828869251985	-1.5514566385425277
5.506661560733625	-5.302202249626595	-1.0632175092327039
5.661801796396746	-5.150936668589217	-1.668020326099157
6.230363715163794	-4.469343014947613	-1.6134989760027076
5.5734919680682715	-4.367205134854644	-1.6822588827906606
6.72521598790231	-3.862210618383118	-1.8622915971045926
6.312922187880251	-3.522608269659098	-1.7708964671423386
5.614090580731866	-3.0597629766368377	-1.2784178045351762
4.859697652490478	-2.5688077731897376	-1.6898882102089499
4.785896412407795	-1.5187803569041545	-2.1722199388328884
5.29582384160678	-1.943667761071596	-1.7394013950597595
4.823666774950707	-2.049866933860305	-2.230453390212006
3.8731322749068764	-1.5852887853190158	-2.3321056025823865
4.546023665327735	-1.0881417808100622	-2.23560985271015
3.1155818096765784	-1.1432618198316522	-1.6919153035993042
3.3783878150984137	-0.9909100252207221	-2.118840412109872
3.450314994589926	-0.7184946627133612	-2.526779684904213
2.1704510830992927	-0.14843908345364099	-2.9339237774221556
2.4924221192490936	-0.40473853862769754	-2.77007071146199
1.7240427721862805	-0.4667844026402656	-3.098847702323651
1.2043643143336102	-0.026045566436099954	-2.289802443133468
0.3730318242919186	0.7901679468405736	-2.9582239470244156
0.6485950991182365	0.45444919748354096	-2.4576568376892283
-0.6445998814128127	0.20526908839532387	-2.1588604353668774
-1.0268224891994302	0.6643997047009622	-3.187554139640823
-0.601727676474341	0.26782569633349007	-3.2921541234756977
-1.1825320743987573	0.6328647054340966	-3.236145689847294
-1.4560984798245418	1.00163432846341	-2.4950508927839277
-1.51910659526814	1.2278180617071928	-2.3001122783099213
-2.840659564228546	1.6433997591891316	-2.2279530174937814
-2.227717892047501	1.3198324091679356	-2.22383320922164
-3.2647128982980362	1.774367164595528	-0.9909778831128064
-3.2136221865695216	1.6184889473500859	-1.499688142114403
-3.576339557528966	1.8892152899970713	-1.4436703902089159
-3.0565168307204655	3.0689132659100924	-1.3559747848517336
-3.5386602161607295	2.7915590261514796	-0.3572881324103132
-3.6111131543302464	3.218219443469657	-0.17248388722498487
-3.287024373864213	3.3728592395745762	0.4203527724308941
-3.171023715878894	3.4786733410194506	0.6729055275949138
-3.5990340604437305	3.8572282754610985	0.09104945489094439
-3.1450445488260383	4.732595633527156	0.9032720386242852
-3.7870378730455228	5.2408606073500845	1.4808628367456294
-3.0910478911453856	4.924628726681767	1.357105036537732
-2.4431859836517438	5.1862211991169	1.9492672362437649
-2.2899877626234035	5.179190233582842	1.4367528769323816
-2.3488503788547024	6.1472163555464014	2.313152296024956
-2.364188451863966	6.231844477817486	2.509788646181838
-0.7261163249147344	5.911036731974266	1.9123156948468771
-0.7644440000370968	5.961447395107854	2.721760328043769
0.13983560700026776	5.56978353167926	2.2469069980487237
-0.6666340425075741	6.027401221944397	2.613785014561338
-0.03270179796895262	5.0739315814690205	3.7855897155386447
0.14500131411346717	5.560830398924659	3.10209723115593
1.1211084085784175	5.306916187082957	3.7517250022284294
1.1766406655619337	5.341279759501585	3.3781912487319556
1.5757913379262585	4.576990243867512	3.8362095929177036
1.8638544728884645	4.478630778435551	3.5242873735702536
2.5158133039200465	5.301452528839075	3.182897863383045
3.1644109653543064	5.091796482998322	2.9550577046049105
3.744821184245371	4.271585622695215	3.207142995281083
4.089998716345225	4.433301745417031	3.4572706994663838
3.9260454061401484	4.32849882814708	3.5202154572463504
4.52210298003458	4.460670930608175	3.6771413505588617
4.56711738701045	3.8064731816507162	3.4593888791813976
5.4471238078916455	3.598720443146579	3.1605109272689376
6.195018550514902	3.8072080710592267	2.909662614839153
6.08199745785518	3.4825263719669524	3.171476869043905
6.3234881316802465	3.513723740745246	2.6003031371180803
7.1495016049594335	2.41498987195741	3.1291941686890947
7.65843956104821	2.2388925688162424	2.5322417506082373
7.891937634468774	2.427877826652782	2.387454450870078
7.8670553495494175	2.647504079980008	2.307343452875677
8.223518348259152	1.6964263315584478	2.2951092262109043
7.924728970847372	1.2046194672880108	2.514075180086887
7.48932495916474	0.5176997357492423	1.9899803594638859
7.944419398808054	0.2765891137528869	2.584548504985472
8.798873490189354	-0.15724689232991473	1.6963119963181634
7.66492369934547	-0.36577189657738673	1.6151334331395506
8.308621710283374	-0.44089743239209667	2.0400948775839884
7.816684334359991	-0.3987308696542047	1.4606208301228027
7.634688949499993	-1.3889738054152736	2.5109591128643207
8.108912372947133	-2.4788536113086286	1.4865779614662396
7.7081756337874605	-1.944637421772387	1.723619728014624
7.760768347527872	-3.243900823257229	2.261262821749618
7.445168669561813	-3.585278306915817	1.7805446162986027
7.1561803716844485	-4.028824529397873	1.7862690431397479
6.204789653775821	-3.5775253149716053	2.8961654824723353
5.986110205228937	-4.862032347469455	2.3795021746904927
6.111073997780788	-4.917183936636648	2.9977401063228886
5.246850394495892	-5.487280923179673	2.6831762127284153
5.3895314724951255	-5.218221684159048	2.316447015997639
4.521602038673556	-6.113709899930412	3.4671056140681316
5.032773399883276	-6.204793398666633	3.167421208845025
4.157753252175867	-6.694621600254905	3.2707458563837095
3.9079840836620265	-5.762642342900672	2.628676259029654
3.490496828257405	-7.1218792372545074	3.315230197142
3.6564589331985733	-6.967134036159406	2.1126757247175374
2.819484757648393	-7.389160520539292	2.3996106375835744
2.527091191708446	-7.106645242558624	3.0853783729254456
2.2551587673970275	-7.698849198459351	2.072620337694029
1.6716305015452542	-7.287096173033205	2.72149496308566
1.0636990499166858	-7.279956502389924	2.907241041857959
0.3910513404526802	-7.443977643551333	2.945876621477722
-0.487597075267838	-6.970916392819491	2.1953570608437425
0.04740995996608932	-7.7207566087505235	2.2590328931608035
-0.5779936422595038	-7.755429419827748	2.15230860844472
-0.5887833033412591	-7.482777514224669	2.04513784793192
-1.4525355052563709	-7.383932961305265	1.6410308682310406
-1.6575094093071614	-6.620988969402966	1.1926422907068408
-2.6047891112326766	-6.881593266683823	2.0562078063950135
-2.9434424271881148	-6.143165803483428	0.850801373252244
-3.283896502229162	-6.3440220104839256	1.6545466036607395
-3.4851033999775876	-5.510641367469049	1.1904558272682615
-3.6363584331860292	-5.222816127012775	0.8982570811128208
-4.105396178585708	-5.444221884346516	1.1925697822962116
-4.25256400369508	-4.935253987803588	1.5940990179470416
-4.297334454784717	-4.466227400316233	1.0239449683190462
-3.580047912034716	-3.862613005341768	1.4521173124064584
-3.5339947861745986	-3.854176322700874	1.2622578323277456
-3.7507502590515367	-3.3408682460949803	1.1107562528038508
-3.0841294025740957	-2.459967704317962	1.2451725808396166
-3.4013955511112934	-2.5612981565328945	1.751194251523224
-2.891847113625622	-1.8916418638817212	1.3423919439519414
-3.313959841178625	-0.878885249248034	2.0783445935546596
-3.451379121805769	-0.19099317792589088	1.7573834263567396
-2.867989810374929	-0.13749356899114518	2.0305134120139443
-2.3836046954618424	0.5833479762516229	1.5521148998337033
-1.4235828935688548	-0.12230894453047053	1.5778316660289855
-1.731524630376672	0.4335306667546757	2.5852080049608794
-0.9079195455855325	1.0980852664486025	1.5743578038347614
-0.4984687921050126	0.5961180184444781	2.0356545631815277
0.15578462694536288	1.187912273259674	1.5358373616167438
-0.6898391708037961	2.5686092482781864	1.6119981035573696
0.9348267771439562	1.68342050555737	1.2537464126982218
0.09133782820884971	2.0490804895995525	1.667963529122626
0.8739330218692452	2.266145867163285	1.369114394576909
1.315489942194377	3.069882354684582	0.6195071802304772
1.206793714704522	3.3812625692746288	1.0606312906799062
1.862443371682553	3.237736363225335	0.7900880037482914
2.8441135996814966	2.9347197753715406	-0.45210046487922184
2.635708022463145	3.8375101395327684	-0.1828891161418258
2.8452117000445174	4.007009016803185	-0.9754126299648183
2.8366397573042588	4.932136844486029	-0.8355717022961314
3.4886701487585614	4.825663285037904	-1.8449823720732645
3.8476951043200995	4.785583782445443	-1.308705424593921
3.1154792248618493	5.607893523256718	-1.5739748505078337
4.4947059998105345	5.708346522305766	-2.0815950501637133
4.282856842054596	6.059615902234076	-1.6468564593642299
3.812301817171092	5.966537251245483	-1.4422592153213223
3.8495740024004226	6.916792998376825	-2.2574996318371015
4.036640991268099	7.649316318035522	-2.485580878839379
