3.177686928562369	-10.217481082730439	-0.25266609742707913
2.676474425576231	-9.615455020355508	-0.8612543599759859
2.0609583109661074	-9.876678693228499	-1.0350307076190153
1.4077180655647876	-8.375103130826865	-0.568762362017202
1.1773511518128774	-8.917318095505403	-0.9035884615249111
0.6598737601435678	-8.206773295491482	-1.2356547769983854
0.9046686306151189	-6.922292509995846	-0.9741658147169199
0.40040017070012657	-5.987316628993199	-1.3427509007026677
-0.1806360116857385	-5.849529366676701	-0.41007393566709327
-0.43088239418323954	-5.525362676484841	-0.3791152180258438
-0.22550042708974993	-5.090910833587344	-1.2657707722791336
-0.05924123837820516	-4.41658841834822	-0.27056241210719245
-0.6692376275726755	-3.7141441613899064	0.12496510265913896
-0.04122521310136329	-3.322476421751742	-0.3225642089737153
-0.3046242036878357	-2.363118899808959	0.15627547236821426
-0.7918425056441065	-1.0939383598786019	-0.39444900151700546
-0.30556883266062895	-0.07651012761030751	-0.5458320494369069
-0.548771795562475	0.460193525981367	0.0007008297441588596
-0.2516263106462242	0.4510448475674665	-0.02454089515836677
-0.37405153861676554	1.5091118529616927	-0.46529250778140196
-0.08822062766170757	2.50577242929378	-0.7401456377714057
0.525168444335981	2.8526975368807435	-0.8080161078304686
-0.4467174853086928	3.4438367886014993	-0.8694499262541293
-0.24484315735542406	3.920734372987072	-0.07571196075892628
0.000840269729303969	5.788941849576117	-0.46736150802372134
0.687063700702164	5.432849639861184	-0.4116017085205532
1.973984927802427	6.268211374858597	-0.03908216351988292
1.4759971101969567	6.976739634132146	0.28191561646340785
2.0913453415965924	6.070694129579171	0.80392500968032
3.4664429640549583	6.6407397530228005	0.8277387519981443
3.5482526873715914	5.752150357808439	1.314925376810765
4.790178495210768	5.685317808070256	1.058163301826577
5.188547041896648	5.4694008677287105	0.017913462822647414
4.912560601107765	5.593513860977724	0.4800304332390312
5.452296232993154	4.257312946375321	0.5564528391965855
5.0188485902724596	3.74569261216936	0.4871882462328988
4.951855958820588	2.823610452267068	0.5920768986697276
5.954256087400038	2.3702068958032005	0.03743224765941433
4.872650397333809	1.4802760412904856	0.20846010000357612
4.265270218403243	1.0284499776309297	0.5266296827667901
3.908568469421274	0.5815940854709265	0.7084223000487004
4.405584920087797	0.11029199684847188	1.1806558895908223
4.149319370627998	-0.043510641236411685	0.56664041713874
3.768068440194529	-0.6727696008829056	1.5811717620183763
3.1560880688520045	-1.4214417934303787	1.0189495876940957
3.0953732519282187	-1.638842641466982	0.9922287461402794
2.8444269414753185	-2.0099997244417445	0.8962225888276546
2.462515130816087	-1.957778486591633	0.4692771575387985
2.44424110822843	-3.62935497336142	0.30382710053915435
2.3397759468289765	-3.98119159010317	0.3077468789176188
3.489792465364487	-4.358875740450099	-0.44676676460643716
2.916700628954354	-5.181748137733641	0.028635799758884972
2.8831876683101427	-5.086009591628976	-0.33857573741806535
3.22743811457304	-4.811975088664387	-1.0371654604710283
3.5514040206509443	-5.780892365740284	-1.387701721091701
4.224344664925782	-6.467100664229587	-1.7006066237200403
5.0761705887965	-6.514068475991096	-0.8924088168940312
4.875965431556331	-6.252243301434501	-1.8061222437405817
5.915399364330814	-5.634007615317694	-1.3589467191738893
5.667236492495426	-4.677277113819889	-1.1368594569640333
6.249729336592044	-3.843631813698332	-1.0722133105405647
5.42546974628812	-3.317047446007417	-1.4800547454163069
5.619363754873797	-3.642173382565705	-0.6574108038801245
5.029880474400401	-2.0749950964521693	-1.5408170363418494
5.827156513944476	-1.9315739673940122	-1.9639896855387091
4.779290390489081	-1.607811196502876	-1.9088608928544732
4.782559831511076	-1.1830280456407554	-1.9792054019562033
3.883576996915853	-0.838518057245943	-1.9124772595058652
2.6789704390734435	-0.026351337319127976	-2.659431135797288
3.1295627808036572	-0.8785655283509626	-2.6826104456888085
1.8572795690166	-0.2781265889365279	-2.793420851193808
1.0387258837930058	0.814387400669317	-3.1369023867268515
1.4037181228795026	-0.3075891807727349	-2.6154339966708586
-0.242031456094827	-0.012475945173499398	-2.8384153231337335
-0.22131930458561655	0.29319625756421336	-2.3792410661234165
-0.501835304756058	0.5514359598761781	-3.096590065170203
-1.7481907877122298	0.8126679333274045	-2.600247937688594
-1.445534217665741	1.0584711678185947	-2.8163371045600663
-2.495974840268841	2.2475171286898936	-2.3032435866040224
-3.2257650564183304	2.1875154455371866	-2.005223729258016
-4.034850621637976	2.110016663340028	-1.4058316358332776
-3.79140458357624	3.009127537871934	-0.8158606070137352
-3.4313044954277063	2.9837942635706707	0.2358657178365099
-3.9685638501059906	3.755306735262053	-0.14951776939359968
-4.122044739003719	4.25724407366704	0.40734505721010056
-3.4389146529701793	5.00102171500537	0.7555834199184289
-3.1068312361116193	5.38793994701617	1.1648239466929635
-2.4489400193905304	5.48149564504397	1.290622563565377
-2.2171081649978763	5.166636115177683	2.7408526556105173
-1.2567711089199158	5.233981382433286	2.7870517159410046
-0.3336572465126999	5.552431468786614	2.0550412424030458
-0.8426528645175241	6.487682193206808	2.659444710249439
-0.13653909970497885	6.09082362758192	3.162216556078582
1.4172568521142774	5.085991797477389	2.6787635518419064
1.0511003507547545	4.809793003880602	3.5951493124185365
1.8980042050136583	4.66278439202221	3.531602998319634
3.0160364840965994	4.881282627622501	3.2342966018482486
2.67127716500149	4.090766756724154	4.384977175374699
3.4252893500727715	4.279282430391418	3.246449344064163
3.9068298150591194	3.967190815418925	3.392786895022861
4.815961236582992	4.233917430829128	2.9028015817012425
5.37648912167357	4.163247866382739	3.388517480293114
6.749984763973627	2.8998117875401315	3.329157782573092
6.587206954153435	3.581849893926685	2.7562988029214677
7.444297769728568	2.591699450868449	2.931135610187636
7.063622877913971	1.9691886552641507	2.7886392029696045
7.384235882779832	1.581277127868156	2.732362479432606
7.706943504838273	0.6502875167800622	2.5681631503191014
8.204844349021144	0.362210150291553	2.3791874472007715
8.68309289869229	-0.006653125509262892	1.3874367608316742
8.699828597498954	-1.2377436398336414	1.5817942392107567
7.530530271545359	-1.9157505352518138	1.5722377908671454
7.564876601639527	-2.225697463990653	2.3649679081214297
7.2919150585034105	-2.7367782632420283	1.835471036377479
7.192355960382933	-2.7038286451448768	2.4240972923342587
6.248618768242184	-3.961842543964201	3.0737493240346327
6.581153443638571	-3.8345967646193997	2.134664793218446
5.3514674733346155	-4.27111157923018	2.5105163725436688
5.053960654583949	-4.528673663869302	2.146555105739136
4.39161001130781	-5.345447501306014	2.5103722143370404
4.1604417341421325	-6.249769108656029	3.215550234341817
4.059385508785699	-6.504361489569119	3.0186514250111016
3.3810433860468843	-6.6221831716665305	2.538471336989465
2.0199408154614753	-7.444458419732723	2.1728665589502905
2.234543965310759	-7.4900180781378	2.5705114877714887
1.9060568784791867	-7.298624256978273	2.091526481767104
0.30048266718227046	-7.16400348955503	2.416480213902581
-0.05658352739655581	-7.2816086395646	2.5183602794409645
-1.3724201466354682	-7.416791595528502	1.9276399357708898
-1.5569430977011467	-7.396945307422742	2.1395334920432316
-2.1791016711863165	-6.536919802824316	1.444106383380933
-3.012630711890516	-6.526095210539516	0.9126430236230586
-2.6788216139740753	-6.096232820255212	0.9219274969696639
-3.896567583699163	-5.799986534527568	0.8496451336853454
-3.657742809333792	-4.744739087942924	0.9962094505555326
-3.3045158741704546	-4.85946595135046	1.6006503909336907
-3.823824237921964	-3.6160303751552254	1.304996175418705
-3.709759096065558	-2.818284024141237	1.2414020559308323
-3.2773955724017423	-2.6853540720585882	0.9471333742234844
-3.284699001410341	-1.5447663846027007	1.8225277165316687
-3.1357689591789653	-0.6488981119262465	1.3263610787738358
-2.2969202013697014	-0.9826607535255145	1.3802379954434232
-2.3281439106598585	0.4041731018117978	1.9002633733175491
-1.5025642179518106	-0.21745313857988427	2.373292436098186
-1.2987417373606385	0.6468257717889094	1.7494963549659217
-0.7887391024587972	0.8237573560088908	2.0854160635006256
-0.022385814418800276	2.204055133041645	1.3735905609466474
0.7245477692037829	1.979336759583517	1.215530743053639
0.7568665249441187	3.1888533419686134	1.111892168692792
2.332061125598039	2.2817155833113074	0.5221099883741869
1.8028067609988967	3.613172409816772	0.6557568350836676
2.7177648862718695	3.632477723721571	-0.515790746412223
3.1505216882410103	4.177476640045932	-0.8499058156213042
2.8141359891049946	5.113663610257918	-1.774034238762824
3.901509835453702	4.6754487457382865	-1.2577414368567543
3.159284211070865	5.650285338178547	-2.2161933297095993
4.194484693037879	5.682683612227995	-2.534769572199838
4.00410288105514	6.977764130168312	-2.359495280276354
4.530030613209291	6.867646339714916	-2.233421453049215
