2.2510669141129487	-7.793130217503019	-0.9726590974898068
1.7947835063203676	-7.727569849781305	-0.36641535007889847
1.8213925437860161	-7.278004533184965	-1.1621229183040898
1.8368412914274097	-7.053387089789439	-0.9555393309755913
1.0651580410854669	-5.909404621317175	-1.2318618807366766
1.0982330040722768	-5.477833916928946	-1.0615131566954301
1.2759347382086113	-6.27810629773716	-0.2734004642270613
1.0757421228865658	-5.047424793242119	-0.8134398043904684
0.3606008989571618	-4.889699350708447	-0.2912046300056783
1.1097025975326824	-4.2432558338203075	-1.174064873720391
0.8747489483231148	-4.537498296620865	-0.6446197266130167
0.32349402049477605	-3.7996565888080243	0.019326882102752352
-0.1462104689466579	-2.932195801360182	-0.5893828468796847
-0.05989709503841362	-2.3241896932817503	-0.18827650052141598
-0.24130930047397642	-2.442670606025114	0.3023585880938784
0.08573833218130611	-2.4160621002925726	0.2711541203353365
0.154672925200252	-1.2707180175023471	-0.023009974170304703
-0.019008453921637636	-0.7940907052973585	-0.3597437570999762
-0.5728289984683834	-0.7399894869479751	-0.5394489552029553
0.3007433030051131	-0.13484843583742856	-0.4511969881250204
-0.6529002055832722	0.1850417169046213	0.20738236377548336
-0.31693191605968607	0.8791287937399968	-0.6535875438218177
-0.5348277259039567	1.844122285341283	-0.6944688304614716
0.1371879925253079	0.9916372963203423	-0.8961369733191453
-0.6805096594364577	1.8845350211531167	-0.9001891042161723
-0.7314693032878726	3.0204414714865715	-0.6556263072555433
-0.5125687282894963	3.0665135659157587	-0.4833244347944907
-0.7431998344503332	3.4972991635856463	-0.6723775008568221
-0.7714928180551974	3.7526171768622927	-0.8188612624388258
0.23963718619562635	4.30304291661816	-0.699769850083737
0.1278288994356832	4.972317150832759	-0.5170088120801468
-0.5835855603799054	5.854539136503086	-1.011110301350549
0.11862140840226854	5.751015694173192	-0.15028887144243153
0.9373728978805492	6.055547130077115	-0.5673253822237178
1.2114139807075135	5.889292541222887	-0.3305362421507662
1.4991911278170944	6.404144364867299	0.06309000570840062
1.489785648796984	6.531146784183902	0.4209952527454892
1.06352955654637	7.060868292785713	-0.09378255700201094
2.1647245033700098	7.520196441105055	-0.027021420690571868
2.216941431053571	6.529112281767377	1.0920733111716256
2.387942753200603	6.8887378932857395	1.299375156223048
2.984032623075973	7.020375264009547	1.2566560494175805
3.5362051016148692	7.5402515101932295	0.3093088730268324
4.096860494610492	6.165704993831355	0.7150032918414885
4.678776329547958	6.411672194489774	0.8742818590364768
4.5627947987313195	5.787583215896947	1.3031428777239746
4.922368390115568	6.356779446769005	0.464929411679475
5.4680409254628675	5.236190687234536	0.4309542667071403
4.997855355412037	5.0714358244454125	0.33815307225764535
5.380509318074427	4.304956399436251	0.1974045124106033
5.299634897514497	4.614163495024006	0.47352980935782024
5.291284063207684	3.94996103082409	0.2955494009784176
5.223272666377688	3.4672574711803197	0.0509065341036779
4.857696232455657	2.9267728283354377	-0.037079895247004224
4.673346395560539	2.9274780396637294	0.48209340238913745
5.419500290489609	2.2728856114191833	0.15779009504894592
4.438527615251881	1.863147223605273	0.5781246590233655
4.460514178355684	2.1392545211333482	0.9093042521721062
4.714970659458645	0.9619813107140848	0.5018768617360301
4.065297471895874	0.8092449529514296	0.6932977140082915
4.794051214000965	0.7495838280833828	0.537315018136916
4.5461437562076075	0.024203270637565166	0.8738343907635826
4.026992589126504	0.08597007754231933	1.3368844832339053
3.784805863748364	-0.993316329187621	1.1272559992741087
3.948963458155094	-1.018161785733534	1.24014007066874
3.3646871225115103	-1.7470728685455073	0.40137597411127734
3.7148158180879087	-1.8880374903410193	0.48320976787232917
3.4374939904489863	-2.0309031603135494	0.21518602252072686
3.8863428986710016	-2.7166026072253873	-0.1280702613040461
3.8263772655034947	-2.2772673088735953	0.18155343143100933
3.7035801211288586	-2.5004576786226758	-0.45458133294982106
4.072386276427078	-3.137323186130161	-0.3824033240437184
4.056789065989795	-3.6908114343457745	0.1344199724618118
4.282104836064855	-4.568937306033362	-0.47878293437785735
4.318300738444838	-4.079874483509794	-1.1166546356772864
4.132556818453028	-4.807783722326625	-1.1124623820148267
4.6637659569232826	-4.778591733387925	-1.4151652046256527
4.995712833231866	-5.015618048242118	-0.6719564305658716
4.7992194336515785	-5.373676365855452	-0.9982279924475121
5.194300767879001	-4.881167110313544	-0.7888415140642133
5.619897585533725	-5.455508589562976	-1.6368972986014116
6.334537396258308	-5.545616534322693	-1.5452459154340314
6.696778922627866	-5.338850570139358	-1.6659960044248587
7.305593568528564	-4.575517410561476	-0.9949181712197112
7.118993504417444	-4.754691333501295	-0.9373322174691471
7.615542061442042	-4.386997499834483	-1.6943394807143808
7.305782196663124	-3.864610453257332	-1.9059391005711082
7.0383292533637345	-3.570354125507736	-1.47729144881695
7.61146863824681	-3.1631101816861804	-1.7470310883254052
7.789761415934508	-3.157087645186378	-1.1423123959729378
6.579042591624608	-1.9081353781533172	-1.3339967677275628
7.272837742786989	-2.114473905723208	-1.6059758531219823
6.760739671242262	-1.7100667921820045	-2.099635206200397
6.440557234226056	-1.489466398608609	-2.0597513391860587
5.847659913692766	-1.6062384225755333	-1.5003992752312383
5.227429795008815	-0.3638979053664051	-1.9077683018651745
5.5910452174361485	0.002642576303057087	-2.451646549857932
4.73609988702318	-0.5790661443449476	-1.7693909392528078
4.086891783631179	-0.23420538190655715	-1.6621444705153332
3.881050569018854	0.2519551653971296	-2.522085606952233
3.5434857394510484	-0.23680802798317424	-1.5609424824863583
3.721462591311175	0.6170614253180389	-2.851935582962302
2.722780351753726	0.9675245863341311	-2.4502519082876866
2.3734558109576165	-0.045099716792239064	-2.0802673437615846
2.5241603850913004	0.22345855609715232	-2.085215835176137
1.4498691789907863	1.041421512226971	-3.115394969436543
1.7018770303111421	0.19204078659020513	-2.9423473954414545
0.7531566395875184	0.19695475089582232	-2.402410749642377
0.1116593178910063	1.2925299128854426	-2.5075236975783985
0.09280138158472562	1.3769457320197065	-3.245828550870901
-0.7214586677566387	0.8237562624849004	-2.021063558637493
-0.22776739752336783	0.8803285379443166	-3.2448034805320844
-1.4400582993108686	1.1298431632778252	-2.3552356644785695
-1.7653582709505264	1.414278745947437	-2.352066957571492
-2.0937912085071773	1.5361951776224418	-2.0324538488501314
-2.1763007711873197	1.027011203183395	-2.0524844310966746
-2.5166481123553064	1.391606348996735	-1.6413521409449614
-3.1006792270858567	2.543269440772653	-2.1545893450524556
-3.111246583871673	2.172936345315305	-1.5050155832257635
-3.943768617065825	2.001794592208502	-1.3414907157455032
-4.25687354073823	2.9341726716389864	-0.24984191832012526
-3.924352009791777	3.740159177128648	-0.9064841444307816
-4.139193491853806	3.8702587920283102	-0.3228521644505995
-3.785263885826465	3.411709501637516	0.6000382323142931
-3.300340740213729	3.675839059950497	0.15841012055891035
-3.6985008925304776	3.8217788807552577	0.8164708555284772
-3.502980998176144	3.9870630371834723	1.4401869120607027
-3.699212998602659	5.142968089856741	1.5219234889197926
-2.8317867886116757	5.344773412783921	0.9082004695277671
-3.14140360204992	5.0497520810536916	1.1035526721570654
-3.091526468887887	5.026341070869616	2.5952976253079507
-2.430887773829498	5.611327845856975	2.169089893576866
-2.36446901426796	6.437507538702915	1.9650388820147655
-0.8964804285449386	5.291995868042734	2.1007548223149954
-1.4342117490972306	5.325124341057446	3.281844700454159
-0.5566900837892299	5.541054511867536	2.658172285215129
-0.5929743241436937	5.672597096573867	2.621132726095247
0.041917852181832416	6.021654325306216	2.797747132623929
0.4588950058378076	5.712622938166714	2.730677297072746
0.5098173046947939	5.029011672233307	3.299002351335961
0.8105071073430997	4.927908654057155	3.0364343079675145
1.7899116450167833	5.283515066442309	3.5512578191652575
1.5820252670213513	5.369219737545317	2.9434505029557183
2.6165322123279826	5.108829511770254	3.6939340049629976
3.0387324608971067	5.029718826075255	3.6121336631557783
3.4124094319538987	4.750094869234268	3.02753218084907
3.8059080891388923	4.55492688764517	3.1784764590819443
3.7589184388181525	4.80244275522549	3.2385933534453746
5.295958915563366	4.291693486556839	3.1941834798077116
4.914783991609243	4.642044419988699	3.5541611920104774
5.0071576749578375	4.624402283057479	3.4263039853766473
6.300007827022083	4.02898473493476	3.2421983378767
5.785756742858469	3.2480676505519623	3.250570303784947
6.073963837284947	3.883102047773089	2.5962610119408933
6.427831944157621	2.7172667546057374	3.2163131667545257
7.208082366325803	2.3928695925765204	3.21430923277848
7.541348630118475	2.561446786168562	2.5766281320453057
7.2970839991395104	2.2464049352510993	2.144056886774666
8.375043439652188	1.6181243919597748	2.3804316089613664
8.257498031765135	1.536631786175689	1.8357090724194567
8.756407823954191	0.7580829604147441	2.4077994035858348
7.842931691042255	1.3813846882488257	2.301955097901788
7.83509705568486	0.5150248218067717	2.07630707206044
8.00445218671967	0.04245682863843547	2.34876496867762
8.888061823287595	-0.6029888831857598	2.3156524933849925
7.774017537409013	-0.03534451479961942	2.2185211934023683
7.7504792943990735	-1.2730421515128771	2.074056164775807
7.427347870960393	-0.8953703515008098	2.352828530984483
7.696158834266765	-1.22848456639254	2.2036848853604214
7.85670531611154	-2.3478528948932773	2.354217356871263
8.16167499407362	-3.092611290089971	2.3152167393502605
7.297837410677935	-2.848532338949811	2.6086800103448087
6.781986520347905	-2.8098456106361764	2.7842115082180294
6.2152187517839375	-3.963746987783076	2.6530486419403805
6.610217111487723	-4.462992493232605	2.3691072468701764
5.571231578559939	-4.649185143539377	2.7193715473889704
6.086818319343012	-4.341955871075129	2.189916814971139
5.215098106597652	-4.255005562440865	2.3709367462397846
5.192366783653309	-5.054538019691746	2.4144687328760925
4.434627369535006	-4.8270361573750815	2.260483380302528
4.437199091784999	-5.716909107210699	2.5108020803294298
3.4968018148442717	-5.50289671405838	2.9849981542798525
3.255682574995822	-5.973781732962752	2.9273609346281213
2.5954116718377755	-6.065010129748463	2.3193723230074754
1.7907718156668888	-5.681121900150837	2.0574693960794974
1.5729945164223613	-5.750546607249092	3.164108098881493
1.28023545740542	-5.524528675318336	2.899699187942944
1.186484248316521	-5.70478621912326	2.2193838209755716
0.9027201442571612	-5.959291533338034	1.9549436388502226
-0.16266276578768607	-5.599209641222528	1.8630055797295517
-0.40098259429970096	-5.568107549342585	2.413274519721546
-1.0608182489975813	-5.404920091203577	1.754974960248227
-1.1231525308858004	-5.972713924311041	1.5358141389255746
-1.473811980822474	-5.74466224956094	1.6949969450883917
-2.045514723204124	-5.404848213417615	2.420140959764903
-1.99926942615295	-4.677870609481106	1.8096463695396343
-1.774299441114657	-4.974061084424937	1.108931767668833
-3.0572607901691415	-4.357738378424155	1.4319760603413387
-2.458885149481561	-4.379027231711929	1.8868084758221908
-2.9824631706482823	-3.3446598386008053	1.8901310444979538
-3.114658334482761	-2.454872542290331	1.3429042601820438
-3.8029927258534473	-2.448824500393303	1.691976770580899
-3.2611502942543704	-2.299927572025232	1.614433165970726
-3.8117319455562337	-1.8972977562278588	2.087740799945049
-2.9259425862101414	-1.6549770216218922	1.428369270530576
-3.137928911072091	-1.3527156329032823	1.798263397603983
-3.566581461280881	-1.297904898011244	2.803419822076714
-3.452147546962579	-0.03865136829743632	2.5245875733357437
-2.090458622026537	-0.19447637284727237	1.7602440740111343
-2.5786840808977107	0.5451689505901802	2.6874102681305536
-1.6509478489369944	0.3479167274736497	1.8695505312699603
-1.4037162671839893	0.4094913539453082	2.7403932487853186
-2.117076182623082	1.106833756749656	3.038429011708394
-0.8410762560107224	1.0926236546089632	1.895274179143167
-0.5948256595084547	1.292711705155726	1.6999849263998024
-0.617504303577727	1.498907219759926	2.7573939443813438
0.26156466555449176	2.2693658697329964	1.568858518042008
0.48885315415635355	2.1955968351026156	1.4786381061245213
0.01709740119952012	3.013071137966186	2.235811561272368
0.3739644860152639	2.59223256322729	1.4807390397891738
0.9234203856445765	3.67008714306793	1.3097233534627066
1.7423459916001902	3.7303362986521447	0.8450732382526516
1.2788925181986777	4.360508074515906	0.4030462078595152
2.1816379159239485	4.217841677175988	0.11911254556296452
1.9643042263909887	3.679481017477909	-0.49320269314991233
2.511426257750521	4.37832120189682	-0.14345786938245997
2.189046710300036	4.529605147811319	-0.9712729772225268
3.5577349885676934	5.009770293186955	-1.7487354236898947
3.333710447101308	5.369835618272863	-1.1756671951786037
2.8091989296107385	5.3879903253737025	-1.6164026344930416
2.996209689530679	6.39905603610798	-1.8270742126895516
4.228285819501384	6.278525286388486	-2.0405257597719135
4.482068842057255	6.444283406505493	-1.990618166917606
4.278100967507823	7.588971076866327	-2.3591072954358854
3.981178933358006	7.351591655222598	-1.9938790886863786
4.426214261859734	7.547305499165813	-1.6218785385914836
4.9169239721890055	8.309369645723086	-2.5292643402837456
4.986775247577635	7.990769144578519	-2.117728300360214
