2.0439894357909285	-7.897994962005188	-1.0042265777590051
1.369110422090936	-7.435661058011488	-0.8236501509180353
1.6823512372381342	-6.302828863628585	-0.9974300799663713
1.068617325292889	-6.516406407832972	-0.8869970877879594
1.4467932542433104	-6.036873374277236	-1.3358813510604692
1.7134213276850039	-5.241684614415008	-1.3977802683377882
0.5475734535855852	-4.97116990037991	-0.64968340971006
0.28977506840408274	-3.4901157233991267	-0.9976335655541473
0.9278957750527097	-3.2649616050556056	-1.1060899152151225
-0.013063879728128058	-2.476636032712721	-0.9272941463341822
0.6083244052526324	-2.6046200322067077	-0.7710574269751433
0.6724625293902212	-1.8672618668545649	-0.6035813111174946
-0.6490197409748828	-0.12635818162804013	0.08574410713702352
-0.3318146752638893	-0.5250434149643703	-0.11647029776062812
-0.7512461002300093	0.02966551728873075	-0.7455474606173678
-0.3999148907943064	1.6188799288783886	-0.40145183534010137
0.08851943986113864	2.05477482003099	-0.8678950494110871
-0.2556744040651502	2.704761377703322	-0.6993429846879118
-0.9123705466844794	3.9840634018005168	-0.4503443704735005
0.4674143049003936	3.9238233249986463	-0.9965579840891012
-0.25726478328153857	4.600629780197449	-0.3657326060375885
0.8524273978287146	5.068094941375204	-0.9440404297999405
-0.05649620291673968	5.48528061992533	0.3868842156915552
1.1986264807363978	5.793271854650138	-0.2681583259949108
1.6509083578920618	6.251993952547246	-0.03051750544726861
1.2444405964518783	7.297855397738225	0.10879242732160674
2.683071036998539	6.741147027073791	0.9664164798219013
3.654698485992003	7.0458773409377535	0.48258066641677405
3.1477100529271502	6.896997275571829	1.372640370065963
4.532356003557848	6.302595829312713	0.7107082925314977
5.333557873927795	6.316692912700436	0.25214136228746736
4.662629162665178	5.317877645415899	1.2116253374493984
5.33574151126579	5.431573293203765	0.27022037632975815
6.068644378064705	4.564983421326087	0.17280771184215188
5.510410325178924	4.008722022293853	-0.24236755504788748
5.042474987661192	3.613450455973176	-0.08402362049331502
5.218341419702338	2.326622636002762	-0.08769221584363412
4.9386194949366296	1.765817919245453	0.9517642658443688
4.504750058746927	1.7718590386421593	0.35572143879037404
4.132626836236158	1.624487498097907	1.0325293769275972
4.947525664978642	0.3280966520521791	1.176910343315122
4.072252634010974	0.014616415164027563	1.5363767747723232
3.347919682968202	-0.38035822677114184	0.9738401680676125
4.228837953457779	-1.6202577467895534	0.5169781538940921
3.48989322217688	-2.1599396510859474	0.6765975467904167
3.917130107092596	-2.4025308188848817	0.7397110118444084
3.608832530939388	-2.7418203684791105	-0.18129043039787257
3.3766140301087137	-3.433031912606777	0.012063582810580953
4.2355976594596285	-3.8947316271299113	0.18931272954843426
4.70143406389828	-4.717933375729944	-0.42960032914933266
4.367230772726094	-4.4414231108913516	-1.3118957035663557
5.3410116506729715	-5.265737813899334	-1.2419276402878627
5.343151954449574	-5.297363551173204	-0.5494709676296625
5.709435960946178	-5.719437719141399	-1.4567440504783327
6.320707396690553	-4.657544747945647	-1.812926834499565
6.432859046674473	-4.587359621204583	-1.5762767616342566
7.090328156359799	-4.394257248043214	-1.5377948920300692
6.819297691283926	-3.979488620644238	-0.8804441835278565
7.60031362169544	-3.5072964885894904	-1.6235332393600483
6.860067544278452	-2.737571154548184	-1.3540751558968902
7.3396531603481305	-2.428167491754923	-1.9715683606164456
6.733354304391906	-1.771883794946289	-2.0851358619944937
5.987344741181557	-1.6440598011635248	-1.4822016771319475
5.955466070312442	-0.4869093323211393	-1.7415965156077646
5.287696783490568	-0.2667554511350547	-1.797664075863879
4.405378684614083	-0.47185335092554676	-2.13610393464772
3.739501400428861	-0.43185158230197684	-2.6139045036891697
3.1653290670238796	-0.29558141059085574	-1.5516589021649627
2.7492173641759567	0.014572296731903356	-2.423219085650694
1.968477415164811	0.47628743494725434	-2.854228652850072
2.2567114864650426	0.8140431165730069	-2.737086059599637
1.2604254230463772	1.3233634906208942	-3.187874470052202
-0.03322359059815977	0.22086694019665412	-2.254187799090988
-0.5178420753571021	1.016909172539116	-2.3119589999505106
-1.1605918585114379	1.5864816895225289	-2.862818198544786
-1.8327919829917063	0.7202306232781432	-1.9288897456420406
-1.587667597248229	0.8867377003304565	-2.1846254262684677
-2.446522818329923	1.6205491676709727	-1.956096073391626
-3.1868501559012046	2.6649490040570236	-2.0126043397573397
-3.9298301026619016	2.0335540634477565	-1.504001201211208
-3.895694076042021	2.170793827888531	-0.2908234356917656
-3.0933067311941334	3.07344469574925	-0.681309875584375
-4.076892670444177	4.112756389045173	0.055817626767563966
-3.8442866306291967	4.378832098765972	0.22320931904076696
-4.127506858960662	4.962412089908644	0.3189671505271155
-3.581517365006988	5.070350976318957	1.0587723657741053
-2.4044707813249078	5.008957304090789	1.948634816916633
-2.6201878459230485	5.640449617033087	1.4065205241820842
-2.374250152188435	5.9916129643625755	1.9737186542653795
-1.247652854862531	5.7331408397133545	2.8427433054191225
-1.1571131309509233	5.243368090911442	2.6000415988370986
0.14947471794359968	5.841371279887093	2.851154406081708
0.7893486147974156	5.292097771823139	3.2519610680160045
1.517300327922706	5.552329096639223	3.3953234629696043
1.3573146291203722	5.875257875371249	2.999616641588528
2.17248659782853	4.7209384117093	4.223342335978359
3.54150065007397	4.492620710952871	3.2136907635370227
4.227779201513266	4.8688286447809235	3.215625215611479
4.771909765297895	4.292682063743181	3.334162423114738
4.4469755304545115	3.7543215729912314	3.213154483820583
5.555558354296926	4.433527290321412	3.3614300017323933
6.312825040546515	3.2321647687439747	3.2633029980918087
6.58656534770442	3.236263253350254	2.7622024580016653
7.392048693936243	3.3705452456268254	2.254403291890173
8.048551669134419	2.2982443168800444	2.7283533462575855
8.148738059067139	1.9520915113811599	2.8054146528893713
8.335110294671317	1.4157787162414601	2.7665544155118034
7.688561930199164	1.5489761167306324	2.1509145434044155
8.206155380685697	0.6525319023684537	1.973039366809509
8.18385227818866	-0.24166891514567168	2.133539762830468
7.643870582409168	-0.709465358291973	2.9760774728460273
7.44230076688958	-1.3761340926143943	2.4717823444639215
8.442426693143762	-1.933865128172053	1.9769859998725274
7.192902235444477	-2.361456959862147	2.2617273493377335
7.32011602635753	-3.3971750506274097	2.810437658703451
7.305052172444286	-3.7973064225987816	2.41333586968646
6.134872844795272	-3.738572967112294	2.548747696061017
5.696285664951963	-4.74967501739152	2.7040221057268767
4.744462015894079	-5.220375473348135	3.460323141159456
4.3324875789083395	-4.969386227148058	3.0220557897791265
3.549726079369318	-5.8392811923242105	2.2425395370846384
4.040951446701018	-5.966518632992639	2.788682049472206
2.186417127642658	-6.139784049112151	2.2725587544571018
2.04722951620505	-5.416475235716463	2.861157867569191
1.0994026832601649	-5.383845122215934	2.9385503356703344
0.4926719416008151	-5.6550096944899675	2.0355629816323177
-0.24955124555276947	-6.017982135827852	3.0591662064709864
-0.37581161469469504	-5.35351953636444	2.448031893810176
-0.5565491845012276	-5.607394415511892	1.8116203045336206
-1.327151547803147	-5.315364669913096	1.2972625961223536
-1.9036370883287999	-5.370769370249671	1.855106196024247
-2.8246278394209483	-4.722505899981984	2.388477679177093
-2.3170838691768743	-4.33204977912066	1.7535998926762595
-3.3033277396192195	-3.413332257400954	1.6322797230461998
-3.674798284713106	-2.695145902761886	2.0368109016367666
-3.2432749220074117	-2.0187322180043017	1.6656825178654582
-3.3628031696541107	-1.5084913048678832	1.6253230467137765
-2.6931119221356594	-0.809567634442982	1.9634279528685188
-2.870897464982614	-0.1937318790112701	2.06423196420543
-2.548791520155036	0.18664931233541415	2.0890808237160012
-1.6225793255980194	0.627442222967085	1.9748493341431164
-1.43552301924248	0.7306398201194306	2.2453646921238017
-1.6755170805143869	1.3392985174230825	3.017605801392143
-1.0533935011110807	2.0085740616547936	2.9594403284232267
-0.16869608176923756	2.1337739044483524	1.526460116379606
0.3586458207207961	2.368220605366611	1.6351447273725728
0.45035571461463364	2.8876554079963137	1.628764721123739
0.9141458640961252	2.8069284892845343	0.8574045425132042
1.3312067484298082	4.479755044462532	-0.06628933828312156
2.20914411537647	4.345056819323009	-0.3975164568123556
2.3294656588292124	3.881564538977986	0.1524108829446813
2.2955620514913093	5.136061118848249	-1.4740186345679274
3.2261072118546084	5.132085065075917	-0.9090235470681365
3.5191043780806557	5.746752037589494	-1.9037219087966162
3.599927387712296	6.429839204735502	-2.494115663188671
3.569637055445451	7.554457552777146	-2.2670221630806733
4.1952970267470375	7.736520539690414	-1.9064265565062057
4.722377157336071	7.425732392312122	-2.2001574696408865
4.5118590473223135	9.029406720539876	-1.7560165541891095
