1.8065960307561644	-7.986808147300253	-0.20242957459866395
1.9596665320868372	-7.006658547668893	-1.382783128913483
1.9088135771231618	-6.653586961025954	-0.5894649337500932
1.8703969960152287	-6.5399343380176775	-1.402213330649399
0.9166944210847789	-5.706547047522607	-0.36878979006041024
0.7705918233655024	-5.068091721037952	-0.2724768754179496
1.0661122102171179	-4.270332912362691	-1.033250212515139
0.9529285586541775	-4.503735627355472	-0.8603999459519918
0.6699657787336808	-3.4466153643652464	-0.754032728866572
-0.12779550752215568	-2.687541144569796	-0.6166865899366553
0.7664762934751774	-2.022619041711644	-0.8632691049388259
0.20998037677390458	-1.9576541402695768	-0.5500676086061262
0.33301163211461304	-0.5735175376759165	-0.12253450678617672
-0.801771422670084	-0.2725475108905295	-0.04847226049773368
-0.7667627093774428	1.0528450618892586	0.2691538697780288
0.28329841567315195	0.9449488403597621	-0.6997580270278335
0.19669426685722646	1.443039255509356	-0.8511859557397814
-0.5882229028364228	2.8687674206510447	-0.7029726602289152
0.25687576323690275	3.168400671084659	-1.0043302598707677
-0.5459200376430071	4.043379671573709	-0.10185034759602085
0.25702813726140217	4.892455149659976	-1.1564064325630565
-0.3415808760733359	5.628764255768779	-0.9039206108445451
0.8454558454847446	6.023198454857528	-0.3191140497230903
0.6704836171676918	6.359421903172036	0.5685908483124128
0.6562463715217561	6.686095161504917	-0.44718681750161854
1.9616340491081494	6.8568458334182365	0.7039746579524916
2.052632544636547	7.1214505524870555	0.12441398210239193
2.436707017946638	7.216023848823911	0.23976965602368605
3.3153255116545264	7.446491542857052	0.42982412946508386
4.636233425399132	6.550973807977804	0.1458579271077114
4.307367776703814	6.227371619776179	0.1518641456910252
4.5479560835469295	5.509274179765031	0.00031793101254967704
5.631609198514337	4.725515047766087	0.8331804712093698
4.831971164993562	4.837529249004122	0.0478121860481191
5.094961777241307	4.193943758677172	0.49733599341000184
4.738166058539124	3.0893216311026093	0.5046941401381468
4.7946277404566615	3.6547065743050444	-0.18554377609405037
4.977239954908071	2.891418552927264	0.16298246171751554
5.0237967332389815	2.259597396639963	0.35300394662707685
4.8118575881474275	1.4611838144948293	0.2971854190181963
4.885651256877317	0.73826270529942	1.0017587698066395
4.560618342286584	-0.2917051952402242	0.9571637062493333
3.531751792413993	-0.9684672071044195	1.6337724568877876
3.698565368333901	-0.5988029462215547	0.7251448634456925
3.3386423204624327	-1.586326822702352	1.4543449028869264
3.470852028069403	-1.337000263426039	0.06350333702826774
4.083203945345208	-2.6095985527444188	-0.3097471637617081
3.2963570253548715	-2.806081036275808	-0.6398619447157344
3.900471702577769	-4.1213098676106155	0.3603417989222848
4.847083843113272	-4.379872087231258	-0.49713090786990277
4.126805458958388	-4.243416319782222	-1.083175780582716
4.395702856028288	-4.340886204895913	-1.2045052398574572
5.384362199364705	-4.746373814997353	-1.193089058176356
5.897245869921778	-4.975356959759108	-1.7625630083658053
6.591522354574341	-5.347283683633375	-0.9562598245719169
7.053015866899188	-4.533730261744858	-1.0251950153576441
7.0368863496520495	-4.163805990329808	-1.4928386319253184
7.246448533418154	-3.327700135054152	-1.6764642215334555
7.548771740130393	-3.0953909030471403	-1.8153380389314675
7.26445679340034	-2.173805289133816	-1.5532942427753307
7.452490094292013	-2.603045448836569	-1.084241624100617
7.425449114361264	-1.7685514188276752	-1.6862362975813667
6.579564531063383	-1.4257413778370494	-2.2046860895745266
5.510946302619704	-0.9937836680795333	-2.123641401906409
5.241508369973014	-0.17196337050596244	-1.8617115548124652
5.149164454553817	-0.5142679038707823	-2.1830320317320604
4.059150985140055	-0.2541897357762074	-1.6172467419150665
3.0725887319077767	0.04224720011472938	-2.605289627663711
3.227705732691197	0.12732789404824418	-2.410528877944173
2.234911714197143	0.36452894066080355	-1.8593056142568143
1.6974287057736357	0.7851117912173402	-2.3076997301542397
1.487341899343602	0.19241621700702072	-3.1429131375499724
0.8068684557802293	0.7635208686323938	-2.7845158522955824
0.3927885449427574	0.35331932524822834	-3.1238503065199588
-0.2136384123810826	0.7260339837388632	-2.8494953672948444
-1.40569604039402	0.7655543832703391	-1.8310861491078105
-2.5295747507432385	0.847209631253891	-1.4439195144100208
-2.392100061121626	1.5256221671256243	-2.0157175961382725
-2.9605488444958166	2.3599006473025956	-1.653982936231509
-3.5560678096784124	1.9555974406485181	-1.0145390709199495
-3.714997855795147	2.861849769054866	-1.352088052943541
-4.3558926584856446	3.445228170481082	-0.30452325897307286
-3.31629336397339	3.1615278830297306	0.06124169288719139
-4.103997218252374	4.11289724186569	0.7961039965775528
-3.877934807072956	4.114840321449666	0.4057824373409742
-3.87395988143237	5.128347986951926	1.862269834588273
-3.4712334464608174	5.839784076680387	1.8012876720021072
-2.700112952470029	5.715255628842579	1.514079337139325
-1.751226620059183	5.896971930896937	2.053818431549714
-1.1838666478245679	6.0738739207348456	2.728068591649028
-1.2789639346439525	5.735163768429139	2.969218054817336
-0.5680208351896426	5.954766375415646	2.5156906600725932
0.2639334656505448	5.948546264159227	3.7518477427516777
1.3012289554080312	5.299787540659693	3.9410325044928225
1.1506077780042052	5.907770823312589	3.2161078167717907
2.6207087789158807	5.154079115872805	3.573307776250484
3.0280672928100705	5.048945099474778	3.2295600551211714
3.3935231986909207	5.162474638726245	3.1480695642174474
4.134278481617639	4.853916474975518	3.720884940657173
4.278716327300776	4.326541823079387	4.164237373407483
6.239345481298804	3.937023996278937	2.9680886002405256
6.382192442147445	4.16722809074004	2.6100883997409356
6.413173709984406	3.8706982476104663	3.348515681573548
6.785050572827424	2.7331289091660613	3.5363347915892946
8.197467696849339	2.2441271749369136	2.4151066652846525
7.9823985483631095	2.739164316249103	2.262815835983396
8.39690371899323	1.553802215490614	2.279389680265198
8.20073660109894	0.6762286815394947	2.6303819471495644
7.95194030254392	1.0368108434995915	2.3623911037395247
7.892103821466488	-0.2500767605455796	2.6354367133401473
7.770590716519067	-1.281646611104956	2.626197181701187
8.441991740336773	-1.1748889450439206	1.9030261631499275
8.114763383594422	-1.8195456288539695	2.211388208237574
7.792098092377937	-2.618605714020835	2.2720638566118874
7.130091476066682	-3.6448463147042567	2.1350241827707563
6.299582648369387	-3.355598415333755	2.884147164467313
6.266217383213417	-4.305601405883183	2.299931937746278
5.416518335802799	-4.5366036520594575	2.4591034976534356
5.777289989796068	-4.539263243597858	2.5918942120864394
4.1518733037646935	-5.56859181587216	3.4123077116401457
3.4514705922719555	-5.251472071695352	3.1889954455646707
3.724385480864025	-5.306776469608226	2.5306458154868268
3.145887144271677	-6.215785249461242	2.7479316723942215
1.549311997439826	-5.485831295207326	2.992376396912732
0.9062934001814396	-5.412804025578531	2.649094113824269
0.25624077581995547	-6.019496751942863	3.094755552230656
0.8070047711646311	-5.852536661818036	1.7081354435033607
-0.8857235244695116	-5.616278894135157	1.976058244627139
-1.3919092013896397	-5.950552506045203	2.835239646237328
-1.7041136554934255	-5.172277836270444	2.352070943304242
-2.487258789426535	-4.962675534726112	1.7635375397092798
-2.427514351101734	-4.699086329816419	2.1455039936672295
-2.6081304869391904	-4.034834684243979	1.254921124239635
-3.065349295825878	-3.5477111839273907	1.2742883252855695
-2.756098675065112	-2.859557943837875	1.621019245036204
-3.2372449670367165	-2.400869486755192	1.2817267312447091
-3.5395846181152257	-2.0029085951414087	2.2675405376599906
-2.746970680932555	-0.8717348561155348	1.71649150024141
-3.012697490118725	-0.765867259967778	2.021565655393488
-2.840997406664501	0.5992857872527526	1.6947754041746919
-2.5700279394502785	0.871587787280676	2.351538086325357
-1.8200067362974985	1.149353153350237	2.392230325713397
-1.3743039054517294	1.9113184805369947	2.1130845210659976
-0.31802830421795525	1.7796072372525507	2.589693996821971
-0.6199320575744354	2.7631345513789967	1.8632532122442973
0.3256788597249639	3.3169809210974734	1.264577832960321
1.0452480094964336	3.11825805531283	1.4604965543018391
1.0422142135010906	2.9061728841775762	1.1599739668266569
2.192251496308635	3.762212491487694	0.44143223453800134
2.079170226628132	3.694789387364566	-0.02107740204748365
2.171336138627073	4.995522754261219	-0.34954325667661257
2.4190127530374026	4.370965640079397	-1.1355470865148114
2.638481708856853	5.547701570291566	-1.6719666149173946
3.582137756814337	6.362867220700499	-2.297175159415027
4.046472358578535	5.888467390895546	-1.612655949742329
3.620636877843073	6.8025503622474375	-1.335990756671615
4.016580137027672	8.097208208920938	-2.282948779787726
4.810301691656905	8.089422802417149	-1.7943864839923214
4.268005329432056	8.238429826974036	-2.3639549881236683
