2.0021211251667554	-7.072835918780379	-0.8526900149798928
1.7186563589952697	-6.205741011944492	-1.21516014469691
0.77518808960128	-5.812933353995993	-0.9147945981195553
0.6171825553349747	-4.158540851009965	-1.1004482352010436
0.6811814128357145	-3.1942226505519904	-0.5241330704243627
-0.4026579861326346	-1.7788590672386202	-0.8518889101149651
-0.044176636695811844	-0.22533602725261304	-0.12380293774618878
-0.17806521912868256	0.3925083874231796	0.05784952096703322
-0.3280448683522166	1.5961480424535424	0.10887396484246914
-0.49986280907661107	3.1533891079686023	-0.8177988244090715
0.36069527100965726	4.6864404739713335	-0.7350856056562902
0.3252203901382138	5.43688717304959	-0.3395053042681221
0.8459229169166411	6.778064871541651	0.43231639787351595
2.8168208274238964	6.572281310397756	0.5859117780835718
3.384011502193914	6.665998302512602	0.8911080893095122
5.025762081159195	5.939989931970857	1.076304618586907
4.779071399346989	5.185400955075296	0.4629345178136852
5.879082243530078	3.6010235790946385	0.3909570058553465
5.335358011169042	2.9021987710871975	-0.04922594064223795
4.881798862836197	2.426906027274603	0.09187876826351622
4.252720524489967	0.8516233766202048	0.5319463264117593
3.6911560008127324	-0.38936589235658237	1.1883470243207575
3.519017616146842	-1.6387885746076576	0.5619868466520413
3.1243477865362914	-2.1502698910025875	0.25144901653014395
4.057277447315907	-3.7808310281367024	-0.9200322412948339
4.735060139215079	-4.2612198102074075	-0.6812272393323897
5.219301073629669	-4.67960924716341	-0.9423656199746842
6.647271329036835	-4.9702834055583285	-1.0168791641195056
7.131192756445903	-3.8552495649728105	-1.3994961936623942
7.591687054164577	-3.360166893450496	-1.149654422971021
7.025749953443423	-2.577919892972817	-1.158727832299982
6.202791201851898	-1.76484584573078	-1.8757675466019479
5.4988104386049645	-1.1374695222109437	-2.4610355856356736
4.7570887222525755	-0.4387435058764847	-1.9170452834605842
3.3350917438752936	-0.24387679312512733	-2.539159016822415
1.5921415093260949	0.17664221023589038	-3.0851891450249624
0.07809241110089793	1.4790641767573538	-3.2926214387910457
-0.11110973269191615	0.6271304510492499	-2.7932415338123473
-1.890749760318462	1.0346141036596874	-1.652068158417198
-3.1353190836612934	2.0841724256912215	-1.4980670356229009
-4.118586608643429	3.4303254526512146	-1.2532798720364955
-3.786208108028001	3.978002644005119	-0.503939203166502
-3.7249255634999963	5.301915582550929	0.3978985900627865
-3.3217242101384867	5.60036306208447	1.516771590282747
-2.4239086476319454	6.28768905363351	2.41297154957115
-1.065385893705588	5.845419916685591	2.6669631196231585
0.44305631842082493	5.96363034171342	2.9186476081079
1.3697874570371544	5.779052219111994	3.4198199067805755
2.6790553615282486	4.569119785661931	4.352890972038965
4.442945093412002	5.1403624115441495	3.230032649436479
5.626946260949211	3.498231486475327	3.347763287064572
6.570268059263556	3.691138298644426	2.619416949503931
7.165909598082324	2.3377124473833537	2.7429934682797983
7.652606506498956	1.4801224948573013	3.0312169798112234
7.871000085350418	0.20692757138844606	1.6535132474524412
8.182983837476934	-1.311965069097957	2.477076826821878
7.2849635829833845	-2.5582916672573988	2.401031325225744
7.308187413470196	-3.158241371447065	2.7145986308575343
5.855003092023308	-4.423171569727081	3.3634659002295146
5.1463121143565385	-5.215040469511213	3.343693129526347
4.144997472735235	-5.256660077245464	3.0825388720137
2.576242820739277	-5.447158433502737	2.1986088950096287
1.5826177075945767	-6.133428396341827	2.810028131723527
0.48819239677659865	-5.2133710701156115	1.7316144776307139
-1.1541566286081275	-5.891540575986112	2.6191532548456156
-2.6254436121594864	-5.137032957942645	1.6050647083119571
-3.1484535978133548	-3.810455699540217	2.1826309804631037
-3.638180179948217	-3.050645387701717	1.9490872919853022
-3.792459668005395	-1.8261468002943109	2.165564041252882
-3.0900431575887723	-0.2959245794753902	2.823179547560032
-2.1486668138169	0.7957351432393749	2.0788287514148474
-1.6591791951711004	1.522883154622018	2.5577859669461334
0.16192769248520855	2.386375783384624	1.7193843861902358
0.8624282339953466	3.5396826730614506	1.43763952974895
1.8484158045708323	3.321414571954664	1.1655528742662682
2.6601395628035505	4.253261793682359	-0.06837737108514053
2.872325451590688	4.999265312164028	-1.076459489650109
3.203006981826875	6.402214054375439	-2.447448049756488
3.9171417156672006	7.918524699433258	-2.2920920367546356
5.066744026578163	8.53203623324695	-1.59851689809257
