1.891541561349715	-8.049080187895775	-0.4335976562141477
2.6392331157489957	-7.68907221315618	-1.0285037821580905
2.484297928191594	-7.361158774132432	-0.9928142953093895
1.1914095594882104	-6.269485035703479	-1.2633277421394449
0.938140312422175	-5.959372067473588	-0.7203175940331454
0.7018980214112809	-5.316722069745042	-0.7611126498306595
1.4051299353994033	-4.801197965045656	-0.9166787649233723
1.0778322324962957	-3.9461342929406626	-0.7876119488794162
0.22359003911450076	-2.8823139222718375	-0.3673732772616707
0.4142295117379771	-3.231683554413552	-0.22610228952742872
-0.5675180748510581	-2.4564208767332834	-0.3073226086537697
0.6052819530015566	-1.9784224233293488	-0.4945573533754313
-0.21362903277674838	-0.8783273352196046	-0.3865336604988737
-0.2282999572712806	-0.6388429165325731	-0.7149350915622275
-0.8367714260965626	1.013351426975289	-0.23395723137106295
-0.3754496364091623	1.22779611481163	-0.5927298731323751
-0.848942236463122	2.2086902908914827	0.05432158677927024
-0.2619302388946365	3.043994454829751	-0.25633271293988824
-0.7446861122686337	3.6997159107140636	-0.1376332566186711
0.30952232981266725	3.771347711969825	-0.9955914675296795
-0.15905667580639726	4.879111919474523	-0.2478778667189523
0.1453503792718568	5.995805191058253	-0.7409351813896461
0.8107287973166176	5.614213037763538	-0.16488257592096267
0.5710284345194447	6.117469287555172	0.22376097384963523
0.846714471559582	7.0499692055773515	-0.45536579315802855
2.495240021508057	6.496263283685629	0.012553473303909518
2.4436909908267266	7.108947309706647	0.8795454982711289
2.5521903671718285	6.9552277547236105	1.4374685866939576
3.213109009362272	6.429348298775595	0.35056969880714106
4.137330995112766	6.359194807043646	0.26433443641562016
4.501193417949943	6.161264259421829	0.25010341116223733
4.984584419717622	5.145807633638059	1.1100213565161172
5.017552840533206	5.2854574006416835	0.891657073436307
5.329250317740383	4.661769153059324	-0.39345370724033873
5.633297063798601	3.6398629580999193	-0.39349248064555137
5.049025963856287	4.2465341971276525	-0.16287882999664588
4.7246801418259015	2.7513403024750995	-0.3291189785405456
5.2066717900019315	2.4214077638941047	0.7232478724989395
4.544695917183275	1.251718392023699	1.3350811331748451
4.539764157863949	1.107783576093856	1.3274063961836957
5.071417761699376	0.35759566928201647	0.43490079799245973
3.581055908193452	0.5218324446384874	0.5873192417081117
3.6263115526875027	-0.9280894142239495	0.8627878852119143
4.4866296938270445	-1.577435234619532	1.0457988064299168
3.525009932484642	-1.5255166200457078	0.3512033018553945
4.2031220523063615	-2.148358993406262	0.25205010277356255
4.089601036301991	-2.4862969481353883	0.3151006527122825
3.7383546276124733	-3.195547833490722	0.08308525247912857
3.669005732527841	-3.0408856492720755	-0.7471435838088953
3.8701756987773273	-3.695503163806484	-0.27494709811173057
4.250074426522996	-4.549007096965318	-0.8823217709090974
4.491886729354872	-4.639115439613973	-1.1638616197680853
5.768810231358868	-5.485707159565533	-0.8384085606322589
5.837951190661398	-5.127799309211076	-0.614529362397418
6.859512237702237	-5.663070087103556	-0.9827433522221702
6.7205731152440595	-4.620587685219397	-1.5154535784171976
7.0378999384803125	-4.040881404725323	-1.7441896416837084
6.833953317493184	-3.572970178804058	-1.0950916237055364
8.060129815916955	-3.334210896467206	-1.8607308990589653
6.748211996901421	-1.9254055695389494	-1.9671951205360576
7.318096862938617	-2.033269706703301	-1.9052404513507966
6.796295447421599	-1.9530214240690111	-1.9101655919470915
6.397241282646609	-1.068337247315687	-1.7321307469022011
6.142307574409669	-0.868499974193078	-1.6993022329205887
5.109148723758172	-0.4507733960954008	-2.580904524051047
4.8086434241984115	-0.7092163441537642	-2.5766884311592473
3.916939037728649	-0.6124476613130531	-2.241360798369959
4.285068208473333	-0.30517238347801995	-2.536686296197417
2.9617683610784216	0.8375681479683217	-2.9331399638225073
2.343436201655233	0.8486818538880203	-3.00054309372188
1.6618621965969234	0.6506220481399143	-2.4028094457104214
0.5381849432056736	0.36274696041621785	-2.683722131978924
0.6683414158134686	0.8353217058090953	-2.924599563604061
-0.07704660257093421	1.4726756403355985	-2.7796125244770993
-0.7242548543619897	0.6889155852120415	-2.9883782861812374
-0.7588295534438658	0.763078513568747	-2.4622111017620587
-1.584716679601331	1.0820306483518047	-2.311215273909372
-3.126829540805586	1.1909815919511784	-2.330474893788597
-2.942290413832727	2.253644926566556	-1.588023711523592
-3.854887949248101	1.9570189550573192	-0.870348264128634
-3.77307138831401	2.263384079129156	-1.0654802285542446
-3.2431891314068997	3.0035083384593815	-0.6629161929750523
-4.087852656343096	3.223995108309912	-0.06988845412336336
-3.81251768172001	4.489548294526327	0.8677351887462273
-3.297996656191689	5.069726690487306	0.5387364128110341
-3.3288029515637874	4.8413278447077435	1.8023532303509606
-2.564371430417447	5.585224884005553	1.4194941624765938
-2.5398868190928363	5.86770785086618	1.5666794362029106
-2.411844305818556	6.443711225194289	1.7293876979536984
-1.5881253353481195	6.052508226008459	2.7656893768641284
-0.9326611871754964	5.308612640991068	2.43018245260221
0.5317785497341384	5.3791708716969895	2.625609772979707
0.023032818959732804	5.608020563764765	3.5851168482244
1.0144318153368972	6.040409556569665	3.029828069671001
1.4121935109710204	5.190469007686283	3.3990779814528267
2.463928513967065	5.451068832729422	3.568582141028542
2.565515316687751	5.322367941746484	3.1866174807247813
3.7621826962769314	5.014339747096565	3.342287860133592
4.003775946094415	4.251004826491562	4.039874157779854
4.485172554969535	3.7663360921774474	3.212817920190508
5.230907556589419	3.5639434025145107	3.368316921483018
6.271006679877808	3.3071791462325457	2.9337936983885946
6.53611796547941	3.0752629674883516	2.412294474308517
6.6153068709057266	2.7857132065376105	2.529384825730515
7.155061713967687	2.7796792429354524	2.8067283719950753
7.208772808194492	1.9413732667252308	2.2560731270649392
7.7046074818721015	1.1272132909388863	2.8248749971664076
7.611479451180347	0.9715785749392318	2.7186138048315303
8.001379823840233	1.2494421098640038	1.9025404926645435
8.671794501340324	-0.20239285790665373	1.7701708940574257
8.012533570877807	-0.6197677327446283	2.0791276158700303
7.8389064692663215	-0.6181978350801729	1.9564058824085282
8.187492435750137	-1.9450569494167773	2.106338226132566
8.195608279419243	-2.961323554247036	2.3553071686786518
7.663262945478957	-3.5784181083502524	2.379218061439143
6.780596593840356	-3.965129851132715	2.1331391526245813
6.6888039966522275	-4.364439148374742	2.2844882635104216
5.513924250606819	-4.136593832536556	2.9658883051844462
4.83945145461108	-4.72186814942549	3.0699288705904078
4.580207052896711	-5.44177326804545	2.760356525974661
3.397461900990322	-4.405056966788127	2.2831880881557205
3.3855618953217776	-5.7522978137001495	2.807003200847621
2.6523715083387964	-5.622672043689995	2.1625728821199908
1.734742704876424	-6.0613696826622645	2.4497659076815146
1.2478236485763579	-6.2134499491667885	2.241770438416643
0.37034695236021065	-5.659257305790653	2.9869942613795275
0.3393100581220959	-6.0642290506372785	1.7049026930196252
-0.25177988468937085	-5.88851088097495	1.5687591694487422
-1.357628078414322	-5.48978800988705	2.22756509239179
-1.861955875889966	-4.8191991208056875	1.7850993560337058
-2.5452008756502016	-4.514863585214297	2.109227748620601
-2.023734187582945	-4.823826278405128	1.771167914641773
-2.546201989963409	-3.807683619648635	1.7058858884933426
-2.9125128683021666	-3.6181151549824144	1.9653973932368782
-3.4169003678479353	-2.1677511193539094	1.4596307959700616
-3.2268859733297086	-2.6778054508531914	2.0788456241155826
-3.7062800519735126	-2.0801428513214044	2.0917460802134493
-3.2947407828857425	-0.6137504537324987	2.422284067835467
-3.4605804416668575	0.08880998785692373	2.4833071713264316
-2.1123038987161946	-0.32137469797882817	2.5193529500879475
-2.2480191182865132	0.4937708022572147	1.8284113701117046
-2.053049682850137	0.7740617316171368	2.04201730835658
-1.5858289688051326	1.804770354915432	2.4912121734077837
-0.9120924798675369	1.5057611881993274	2.0026447649010075
-0.17904375160728403	2.002735250615002	2.7197295249934594
0.2158861006014066	2.202700132683386	1.1935153012133202
0.8841528374304768	3.0873305414177774	0.8603657565391574
0.8361258874091619	2.9417257202450577	1.1927148479607748
1.5315880626640659	3.7530798584915956	0.5555167875289015
1.9911113341331512	4.736006552932356	-0.1586633827920716
2.8156588674756295	4.681931803395709	-0.9813158366940237
2.4071199843831215	5.348062740310482	-0.9595973407126973
3.477931534828451	5.033399867008881	-1.9774939521936044
2.9017514358745586	6.2868846645937015	-2.1215611599213937
4.000513649346937	6.676063132919197	-2.0188023787606553
4.104401235817063	7.450855466654587	-2.254409060557774
3.6069551090201197	7.168086036356431	-2.3836418034072113
5.113487889423702	8.118467801853289	-2.4074879125184303
4.92541014730593	8.489681826320279	-1.5973394627772635
