2.422210480363945	-7.397456435648127	-0.5855733522342128
1.2025985221840068	-7.014774082346644	-0.8040531416433616
1.12638217774782	-5.865457535334953	-0.22649286931947676
0.46004307638920117	-5.074832620650919	-0.32180785113546473
-0.23725722315844616	-3.2017731363435082	0.09398409021713361
0.48195148759750106	-2.3086700249068755	-0.32038437177807055
-0.6164361875322514	-1.270640777359608	0.5255186191129596
0.09858481081738468	0.5786651001233212	-0.01294128581393672
-0.48155890778629606	1.8937645250334316	0.16653003647867515
-0.5005725615771857	3.349339485804349	-0.0646076316376929
-0.75149137667115	4.241817409869902	0.11987249444022985
0.4973987160633203	5.342715268299702	-0.7658491335392665
0.7013438988235535	7.526933800484595	0.007142100955494335
2.7396753387833463	7.128240351112818	0.4233697743413919
3.6380889599253288	6.618137263943547	0.6750361974733962
4.286508228451152	5.85757763058327	0.5997802617989129
5.7134015194535674	4.727079990116977	0.4297244183729654
4.918998650148369	3.672037801242044	0.4091910470491596
5.2846331231553805	3.2494729378991347	0.4289394753629213
4.796989019476642	1.3940678721582591	1.2789742474866397
3.832462543725337	0.6739825987853353	0.8557445709008544
3.7475616044187214	-0.8773851674011688	1.2628777710427384
3.735742218795235	-1.281518609195442	0.8810112415361873
3.6115364887542656	-3.1936021493507445	1.041233705469749
3.4891002863946383	-3.5304735754270204	0.2857816583456072
4.221058464285092	-4.19148389456943	-0.9934315397353982
5.111895014752758	-5.08060304542676	-1.527867927617565
6.603595309411237	-5.294936551744474	-1.6357041627753117
7.626686959217648	-4.655262173261583	-0.7931458431780609
7.476085117279398	-3.758058822443906	-0.7498088176929469
7.787305375991346	-2.400992074456418	-1.7472970694095582
6.872136787049442	-1.4792321549446497	-1.553981201462067
5.405273691586055	-0.5643634293027965	-1.7200894948840153
4.741719085287791	0.12626860870965118	-2.612491639770327
3.3543394752428117	0.3349834906804363	-2.7547038923266505
2.2808114270686826	0.21954673916717765	-3.06223919250349
0.19322779319852967	0.5629661191001332	-2.3192311874117655
-1.3815167879163865	1.77009808224013	-3.103343998119186
-1.9310403309899806	1.231176149958285	-2.8616378379319594
-3.261044591831209	2.3998373215005926	-1.4999489381834268
-4.089041042717992	2.5902939074782294	-1.225575182508838
-3.494974165994961	3.117245874902153	0.2971484839742766
-3.59619397237065	4.349640114460541	0.7337438864857739
-3.340157205660984	5.760633765725199	1.1356785629682213
-2.4615818174098636	5.329973095315504	2.939219578255278
-0.4554370392900725	5.78333530530591	2.8373462786864794
0.4666931183350045	5.790630137873051	2.7927242514441026
1.641190284797729	4.996197404689268	3.1666481004153537
2.429395915783729	4.596660081127016	3.466212233451553
3.866284700418835	4.309378810846914	3.878457624923071
5.5064554740414	4.3785962804602665	3.17760195095181
6.060181177447968	3.203305529654989	3.4063427634933334
7.706334606785558	2.2158907230493066	2.1948916725934877
7.593960586360732	1.2788551385501117	3.06354100833956
8.372571034579444	0.29905441495838114	1.6254488998779062
8.247803763777052	-0.30923034223804047	2.4719996839684533
8.566399379809987	-2.4860387287156995	2.0331181098196556
7.0060790518947185	-2.859213636397329	2.5433010273109025
6.144707083847804	-3.2380864983616484	2.350556956152845
5.2296199181465655	-4.503704351058776	3.0932350311351526
3.5018657334864627	-5.7038988263647195	2.237325749926227
2.692301942999445	-6.188094999927966	3.263583222515938
1.758615414778233	-6.088408838892248	2.650723122809718
-0.4600641266855229	-5.763908568046939	2.812694122850556
-1.3178199563223636	-6.003434104531225	1.7355253984033592
-2.052078149201753	-5.0478257780661995	1.7180934639331709
-3.3749277002817215	-3.781298910943066	1.8896496171807744
-3.800240296902774	-2.854085254924085	1.3520200049669941
-3.3602300060815673	-2.043603264970925	2.4574657895745027
-3.426835192136553	-0.6612826344149821	2.809443253974874
-2.501837733409373	1.0111389975517697	1.9104948350413944
-1.3200837944492436	1.312593492846446	2.8632708758452337
0.2582435945801095	2.57342901954031	1.9094020306442396
0.6078917563668497	3.5099908001435574	1.409254925499024
1.6891097261349244	3.8290194928682686	0.48049287881485464
2.6711567681185153	4.101388830224059	-1.1065811840092328
2.6474295908956607	5.743347055958328	-1.6644689397894248
3.840033198100914	6.182325988771507	-2.290555991014235
4.092618784376389	8.034054082527572	-2.006981253668614
4.9708159360769955	7.974160133339553	-2.235767502038563
