3.236020238740557	-9.904599228476808	-0.5655103721562565
1.8627185057941495	-9.037107963769042	-1.029374458047922
1.3204827295818335	-8.219657922890015	-1.1296394523215887
0.32007155033613577	-7.251916644447944	-0.9561117309199703
0.2117735045753979	-6.035662368631321	-0.3149621008617576
0.24343121801231504	-5.3970452699867515	-0.9429052744622388
-0.9776383381886304	-4.024956205306465	-0.021224816051562234
-0.41462782628187367	-2.1313420601587563	-0.40919867498502227
-0.6562362975215371	-0.04627285843570639	-0.2452492374627484
-0.6090460974696696	0.6731100023595644	0.367064071656773
-0.8803255819334614	2.4260134346594193	-0.7471809809055043
-0.39475856216359656	4.406906876325719	-0.3586481722573358
0.8513614355277931	4.992583125637956	-0.7029554748372966
1.7273589850336144	5.9108104492322076	0.5361254672702455
2.7065767372764102	7.144690910131747	-0.07290690190865899
4.4794071038114	5.695744461542906	0.5781304694162227
4.7046500313523385	5.892916832572656	0.5837558174808049
5.1721753221836835	4.5723324113314305	-0.014600474596195567
6.1312304821935655	2.903822617134633	0.1899369588224673
5.660012952915747	1.4391678294267427	-0.1851604866416353
4.887980592921385	0.8802002383258403	0.11801558942331908
4.465711650191345	0.14702337006343213	1.1012461197727528
2.761209560049952	-0.29517605696417193	1.0142688022465591
2.435711263204464	-2.1913989619296177	0.6704345444399936
2.9395308143622705	-3.420248476784949	0.8550583921488875
2.1857509721509834	-4.785504246788313	0.10332167135181969
3.3461281380192696	-5.048120715299147	-1.029305516910958
4.131622072072542	-5.963875171985504	-1.254630547012487
5.632715437766622	-6.23609867435864	-1.8246807315839153
5.349166449740331	-5.314916815434968	-1.6068168052509815
5.694255318318492	-3.965154463395246	-1.237739228593659
5.989167740767528	-3.093924828440046	-1.9466358016721546
5.420198879171505	-1.8414382949043966	-1.4457417504827776
3.8232929866507654	-0.9097195483194221	-1.4636685236388227
3.1725585557151046	0.00647167589298836	-2.490498167640327
2.241762676414882	-0.3721194379417689	-2.350045778551036
0.8260630463018812	0.6588749586991371	-3.1038411547317257
-1.0750144486661686	0.6106318149748566	-2.842789786678931
-1.9988971905876958	0.5389033748104801	-2.526746869776746
-3.1041467643877954	2.0813173360818924	-1.5702288921330942
-2.8962978054976376	1.9272571848388504	-1.2117216267386977
-3.709167700270771	3.6167718982225656	0.06225267725074157
-3.8838488596546927	4.660722322037465	0.7871556103839781
-3.5329952155488358	4.85923070303812	1.8647496260783383
-2.3636968845467408	5.86487657889713	2.312977180757751
-0.8127087521465719	6.175801686175945	2.170313820485454
0.06312327931909079	6.031989266020934	3.3181055524331624
1.6221479163716748	4.8180304475874465	3.6845947807332315
2.5920297605827614	5.319390584598983	3.692434779757828
4.496986994669884	3.8580061578138993	3.6681882330821907
4.997115940654336	4.231632820075776	3.322702887258769
5.858703686127995	3.115768541617989	3.2636343133937245
6.869003577509671	3.38362170074303	2.4027911383802274
8.347743764122816	2.0259057257603263	2.0291319478086614
8.683604424743626	0.5078316459432546	1.997377652155798
8.029839178093457	-0.45774261770470037	2.2684588503997283
7.115353267443392	-1.653173650560263	2.334340630399767
6.578720087109087	-3.185399883827825	2.0966738782456926
5.829297120382641	-4.5020859696249085	2.587500079382453
5.136227807865621	-5.4629031150121135	2.674556205557956
4.043117689468696	-6.670200119767542	2.929571405187868
3.121521436222904	-6.503893723015693	2.871817469856001
1.3589457623004875	-7.65165920224726	3.4274133989949154
0.5084812589276348	-7.098756842748469	2.040893959103194
-1.3091379243030832	-7.007257629709011	2.1184801800800885
-2.4347443102457498	-7.275330881049249	2.0052465571838187
-3.42988327079758	-6.626208984662486	1.406136160912653
-3.6916028289699057	-4.906039855232428	0.8434787218695781
-4.1250662018621655	-3.431412013556446	1.3554363136623317
-4.147171807266359	-2.2581710809799183	1.2938982853947776
-3.1330302461969657	-1.6455205629553198	1.4665279474517696
-2.819017975505156	0.07093816245121876	1.987308147492767
-1.2685484354125	0.48206553002891894	2.389116160166914
-0.1656328498878279	1.3908469198869247	2.594852295527131
0.523661142851394	2.16619174393555	0.7730498763541189
1.8785086496217405	3.501936427030433	0.633297033085775
2.840526417191653	3.9705234257243607	-0.24397493694291295
3.2262642356668874	5.14754124324954	-1.3821730070002554
4.703940998496561	5.843136525518229	-2.312805211434973
4.152739490990698	7.2536961754163976	-2.0289030929605203
