3.2252126839034467	-10.532966811134978	-0.3229777745236647
2.274308084398923	-9.670943532737718	-0.4395175981924172
2.52854707447505	-9.725432297106574	-0.7193048878486274
2.1312663133330103	-8.98530093986128	-0.37023551698719204
1.2081979807287624	-7.671764924727373	-0.8436691114642658
0.9536176851762427	-7.345501721481005	-0.7246692498430944
0.7999995551699949	-7.782387919669624	-0.9188896317070225
0.533561825572389	-7.044829372830689	-1.091772187906871
0.6778281254774523	-5.892673788347465	-1.2350225554274659
-0.25727337431224373	-5.572108156637778	-1.1849909272504244
-0.3109402803360122	-4.101782460278024	-1.1852526513572097
-0.23489116335034443	-4.699667177029784	-0.9706981131243331
-0.7839779296116431	-3.7043537898222643	-0.46349357797741675
-0.6857049302228544	-3.185051473071331	-0.6523264763969203
-1.1820308091514096	-2.169952366997207	-0.9283453811563571
-0.2859399077741869	-1.6434956108911472	-0.815157295042229
-1.1137169541213128	-0.9979061092432294	0.1932210342785734
-0.9559320295143319	-0.35815855156359205	0.35923816872941794
0.03327665715886474	0.851753673998435	-0.565594098674836
-0.8997254132450183	1.0810847091804745	0.13568566891321376
-0.5610824989863468	2.4482653391857983	-1.1048291912843087
-0.1510849082289627	3.7475768743145124	-0.6136992300928039
0.0033509887047116216	4.201668951630944	-0.9269882302686432
-0.07273028882811544	4.979654066512392	-1.0541904614035087
0.39470681063362195	5.629118933408392	-0.34327367186184243
0.7460865148166602	5.376155080771713	-0.1336539300522891
1.6582926167753018	5.71594714963066	-0.3973230314620803
1.9675889257192787	6.1844752220155215	0.7365203581257347
2.953312874505121	6.223071558416455	0.022023445253922927
3.3634924961783903	7.116896981577822	0.07456256381002857
4.123841398239684	5.687985596046739	1.287403681200554
4.296557196151129	6.618156465519635	0.48280486530768246
5.578302892845551	5.343832616709243	0.052217705581567825
5.379435807198792	5.391111687936869	0.5486580740161588
5.67479211845522	4.823764074018272	-0.41989024531091906
4.964406798472466	3.9220032961044335	-0.40639137478328624
5.046632668852923	2.8111460060878457	0.6920775054085577
5.000070628163356	2.3995046843902017	0.0954503030091014
5.058482939873539	2.1980867688716086	0.7171045333002166
5.307022982938278	1.2337787907655857	0.1660813171784687
4.951346473872647	1.1264953174992407	0.5017652011490326
4.562876026061626	0.8285762388109831	1.0205742133131186
4.316816599328252	0.07916956830879018	0.8285817703574481
2.9516568613847642	0.32714028613597024	0.8997343679644205
3.2155603058064695	-1.1720507553748383	1.7818573635319281
3.0816492226609844	-1.8035563405702362	1.792048262729399
3.1288954591559768	-1.7330928997872803	1.0587915400504708
3.0762660717352106	-2.801914011857227	1.394344415946743
2.441963427326801	-3.4881142562760097	1.028228406844145
2.423576471561366	-2.960546880545529	0.08544317783962757
2.9675254867872978	-4.847796676051524	-0.12565397404944767
2.644881692197237	-4.420378093075363	-0.740856065304208
3.3701461335789493	-5.382869235416268	-0.892542832936598
3.2581757347779314	-5.626681658891113	-0.012734567945489772
3.9693095416140416	-5.784485567869212	-1.0347765185662423
4.432965811083435	-6.515154978581626	-0.6388365607837516
5.385115850464304	-6.146825008720744	-1.7294765319574381
5.244017407920983	-5.106288989071466	-1.4573165237181323
5.7936021888409766	-4.983834187484136	-1.364545665854784
6.550528612734361	-5.151663582872475	-1.481126721015483
6.071144816609753	-4.738740374032701	-0.9168676924664362
5.444756127103432	-4.182670459042729	-1.8704118323401726
6.037017059438359	-3.2335508521738348	-1.771135424393403
5.694489580695954	-2.527173707886315	-1.461579218989741
4.733577458993976	-1.641157333824554	-1.755780845548347
4.440912358790453	-1.4730004495106628	-2.190733926721952
4.179807753355086	-1.7384459099422498	-1.7055329798859695
3.3880375429092493	-0.3347246211528079	-2.209033305188547
2.808566823647749	-1.1590207475797725	-2.6456256440732835
2.9354219695192034	-0.7879494558073405	-2.633839981634041
1.99589343844654	-0.2960326848912801	-2.1127460434887615
0.9833219603473697	-0.04141008045336281	-2.309176819660994
0.7571679904018761	-0.27226679226579376	-3.2692517284337743
-0.3552684297453401	1.0274168016008935	-2.7223304649038393
-1.0620610526040646	0.9615385899298659	-2.5852056186662615
-1.5515587468061651	0.8360177957080268	-2.067259741003597
-1.8235540529257999	1.7380739154760887	-2.8257763627580057
-2.791479785587082	1.9303328380150915	-1.9182405608340187
-2.265806688570825	1.653327156727695	-2.0416527638988695
-3.385172435648135	1.7623100588641443	-1.8196817547991953
-3.8359910347787953	1.8387499708349153	-1.1660725299906363
-3.430489825018224	3.355895291282585	-1.1949213663392426
-3.4152537401752268	3.3214615603402744	-0.20735298606432184
-3.973715410246702	4.0065552770426205	0.4101167400293945
-3.9135899474133833	3.709136573246586	0.8392572144954968
-3.913296696873769	5.260234072261279	1.1056965869652418
-3.403415296582027	5.180564247880028	1.5358130703450286
-2.719561109124742	5.771782953119411	1.650780841600181
-1.402439772143567	5.188261576416898	1.974134498279739
-1.7358450853203007	6.292475123963842	1.9834072760079549
-1.5031626620257967	5.402799473417404	2.3981569116614776
-0.469877800509543	5.739091963052433	2.206733609525354
0.584047377422655	5.421047955076041	2.9518874838354927
0.9287741413625112	5.937177162877248	3.1672446072726057
1.3518519568888365	5.007708501729207	3.956407374437281
1.5760356115553018	4.847959614782008	4.035457828930353
2.598488451466261	4.736333975081698	4.025728444102548
3.0600170077164677	4.216678136144592	3.1890568286863665
3.643997369108361	4.1817950123483305	2.986337065752856
4.123132464151338	4.45902380201927	3.239817082494454
5.145120672085857	4.63238053686862	3.028258382356176
6.374257042060977	3.5862121331139525	2.837765252933098
6.2622816031119735	3.455901264367793	3.223099670484996
6.427164737710683	2.852127915277625	3.2796074506640456
6.993525371437608	2.9894634647332663	2.8943917730860282
7.985477169688226	1.9466339517988012	2.6445174831250853
7.994372155769181	2.151136198342618	2.0675085476805832
7.532326415868299	1.2504305376012295	1.882240218471376
8.267733157106985	0.15592459486013116	1.6551449480097873
8.142036274429755	-0.6458767464047352	2.681298727646134
7.6249343459681596	-0.7712830214263895	1.4352926410443014
8.28398056458534	-1.4367842088167777	1.7129780183408307
7.175534800474346	-2.498007780009544	1.7786561900523392
8.25948566360547	-3.0130742135490984	1.5457395136605716
7.06421493341316	-2.8312562924707603	1.9910523721067124
6.877596593963572	-3.7821785826254346	2.216501691142583
6.553360986624292	-4.8238994219584725	1.9453632981446323
5.989880387003644	-5.0756876877045585	2.1957600506325328
5.999325071608397	-5.050260544958796	2.5102185116238314
5.123425722843971	-5.844767400450129	2.0653524159577117
4.171509295648329	-6.542795585255023	3.510864403778673
4.590035809875809	-6.823851750311769	2.175882353764488
3.2148161990150683	-7.06227698244136	3.1679301911551354
3.116071071372586	-6.963756027637377	2.4030740336043994
1.6127360449470856	-6.596688344731744	2.5237303388737167
1.1345565730383935	-7.749341375367203	2.553269491910314
0.1339070704218198	-7.080908056270372	1.8010188409361305
-0.3823128161070459	-6.534031643060331	1.8621201512022556
-0.6578429432945547	-7.7543693557740045	2.0256779807683785
-1.2543420866506159	-7.5812429759398565	2.066816921648266
-2.5823908241247713	-7.2711427279650245	1.281437644934445
-2.040361027057663	-6.456850753875555	1.1042790869278076
-2.4645283770778437	-6.0651970822792425	0.9020371640574344
-3.705405868170841	-5.328428948583457	1.2973337392606963
-3.3476581353502155	-5.214522832726539	1.5470972305884079
-4.39365480717617	-4.802389856642726	2.096026180306139
-3.462261386626236	-4.202103122181404	1.2125830338851147
-4.248157752542448	-2.887574348458382	1.9280939792683118
-4.048152855433052	-2.560026785269918	1.8978757332579104
-3.37074351856738	-2.426764637119235	1.9107633327942817
-3.7703970255000043	-1.3295605068967786	1.3828786012760848
-3.029013811197474	-0.6543126947494604	1.7858802021544915
-1.741634286218168	-0.46684693420838386	2.0026391783195967
-1.6819081704670469	0.3101367112169473	1.967679526494534
-1.33433732912256	0.9690902817888793	2.601987334584564
-0.3976570320325721	1.636579041081824	1.552984987048378
0.35685522031924766	1.2974041546657724	1.8844652529366703
0.7052943421804327	2.0691056898710984	1.014222069727056
1.6088183272360692	2.7203963803936904	0.76516493566518
1.0562626917631552	3.311708513949645	0.40857416819541825
1.4307016095872012	2.7423399347764508	0.555525468683673
1.9369267739637064	3.2917639584184037	0.09127686660519219
3.189765084604682	4.427048174128766	-1.1617651727417437
2.7516934790821876	4.788666857859441	-1.3577345776215475
3.195709939684245	4.793459735810592	-1.9057816319626197
4.042567422995352	5.3282708550097375	-2.116010969860433
3.5284705977189037	6.130932467594301	-2.0103197270142994
4.1536376698891475	6.34693083108336	-1.7644991084067627
4.294425397516682	6.81017507941452	-1.5270897597714734
