2.713261705961978	-8.248341881151543	-1.1731020035937436
1.6667832951096384	-7.007114540293728	-1.3244261184279174
1.5035828843186891	-7.380362575474402	-1.1636429920595863
2.117420197521004	-7.050775977672169	-0.9868691908400815
1.544165904164037	-6.574267991233567	-1.0505598784255978
1.1454267200697879	-6.599654418904257	-0.13023408854666196
1.2265714282710705	-5.5207835653457495	-1.155456964145686
0.43052359375100835	-5.04708337403685	-1.0137372522298174
1.2078945539289392	-5.426886162366403	-0.982993745373549
1.4736651875607878	-5.017659848891252	-1.1828315136428966
0.20982354336299489	-3.502381016685457	-0.9718951835570226
-0.10215423292762782	-3.4552876145809592	-1.0761943729157697
0.8884053966526619	-3.1806369095586606	-0.6489018171231773
0.24271420520455178	-2.2159385572734145	-1.0540538450365426
-0.15064979446412746	-2.385514259225176	-0.6720314679901136
-0.18487910755537207	-1.5647223646017023	-0.7024656605756099
-0.21553691474403008	-1.5694483095149934	-0.7042892644651777
0.07698021879042194	-1.2105702436009917	-0.014951871673764439
0.016598568458155105	-0.4439304319289532	-0.7275180470107532
0.4949209551163548	-0.6465745166349459	-0.7258513221818049
-0.5939209243704108	-0.04951043897724322	0.1437310991933054
-0.434405959183261	0.3333750767994373	0.6014854794977055
-0.5231581435627294	1.5112279315097448	-0.09814750970246167
-0.2931484916327647	1.6781717779025667	-0.3093584694148557
-0.053914242905819476	1.5792391388265097	-0.4182218432787306
-0.12222958465662037	2.34984551660047	-0.2791881835558302
-0.27014395476434805	3.5270602449579815	-0.9033711197001495
-0.8672425889890745	3.714876515075917	-0.9439989556247983
-0.3300957098997467	4.186237128181244	-1.12729079217099
0.3467002936069381	3.8433649969302386	-1.1515561230101663
0.41794518350159227	4.706321826293268	-0.95583771835885
-0.5224226491653943	4.677724780760706	-0.4127751828438433
0.03931516573352306	5.525237175261237	-0.3540512876317916
0.7619933042817003	5.4251517180285465	-0.3007201037855224
0.08565052953566873	6.591842053573302	-0.4898381308663106
0.7701161483858314	6.476173102382418	0.4960629491733032
0.8914373395810111	7.147661482669349	0.3972763348045102
1.7282227440353828	6.413517187794916	0.588797926383609
1.974334543919985	7.321754954855985	0.6421912207136942
2.1356695937393773	7.40782460273115	0.029667121413990884
3.0395825097894567	6.958809507521359	0.3066141208792227
3.2193166759482748	6.864303059266705	1.051192998681828
3.761106813231637	7.290943351104243	0.8628272053384215
3.6011305575095878	7.146745940299191	0.8605162353474533
3.9960454490300106	6.114920914607088	1.3770519393405811
4.40820773302708	6.237224753875111	0.35822177930342297
4.959765087337672	5.6923078335365345	0.2123617748655507
5.178035189134597	5.3871050440297825	-0.1383725147748996
5.094863044083536	4.872884506899186	0.25516525075047913
5.399508033247379	4.528509533200723	0.40570817040270624
5.484080317406114	3.86499628836804	-0.16952153890029875
5.528631907271989	3.431010124029925	-0.4021271694027065
5.109648699288482	4.096802785397001	-0.2922381321684798
5.133465479303871	3.9026060996899465	0.12943005356650705
4.886082922075021	2.2503358121539954	-0.25985765840133024
4.681496223651477	2.0621201398388305	0.4139683093060425
5.051937614572636	1.7632797892059369	0.46972394490508296
4.6349398030736255	2.304290915906548	0.49680861571015883
4.853633038246377	1.1442989201080445	0.3002125494164047
4.68892869370567	1.535423401664568	0.849995016146861
4.087873454292166	0.27951913561447905	0.9489868283101583
3.577888161056159	0.283420149289797	1.0587799889133123
3.8930450058215995	-0.28013244709312085	0.5222010829473261
3.377519246702439	0.10389994626865806	1.1260075355574943
4.5085591466361885	-0.8449181586515667	0.662436337646383
3.2020140344371355	-1.2474533606632052	1.5554355879334913
3.8421583091341125	-2.084147818426029	1.3837758863612901
4.332855791482787	-2.3708312050220988	0.6811798897491476
3.586234749959085	-1.5355109109636897	0.16113971118266593
3.114957553937006	-3.168599263464273	-0.17796773057694815
4.274164609991523	-3.3027828286004883	-0.40832901357704865
4.076186033863783	-3.8738798920744397	0.28600811516177627
3.5692558115435054	-3.7697253549291836	0.08776062415148456
4.710194738832906	-4.294845294983561	-0.4244490926448987
4.845091819188233	-4.802210367764115	-1.1144515785689952
4.384461774486702	-4.658872620935071	-0.8962955876912052
4.849101393435925	-5.395353588260242	-1.3079091461318413
5.555643697867911	-4.673319803615184	-1.5569684617039286
5.7007518421100905	-5.125002801114888	-1.3111957430652021
6.337343293289648	-5.690659685027328	-1.2261283021221705
6.098134184269656	-5.370498800882333	-0.7106707973912587
6.270291464475421	-5.389814681343161	-0.5558577170754677
6.947454235422593	-5.445071675305634	-0.6572688373170037
7.179640297787205	-5.060344237522718	-1.1343916789930355
7.150839080493038	-3.8550942372061354	-1.1653947580019786
7.361751365946319	-3.5755413939262835	-1.2708403489280191
7.899664628546518	-3.520891546541624	-1.5643015798205202
7.991273303002735	-3.635699564840204	-1.0819589421821494
7.3600525524827685	-2.608822302093939	-1.4300823107743492
8.015678402874975	-2.639305403901858	-1.8470048638864673
6.839214678816335	-2.700551165688509	-0.876082205573397
7.151553727301875	-1.8339487011048936	-1.7246645943295018
6.127560779500837	-1.2610540790892362	-1.3847664670459536
6.338372031076252	-0.9036947010930627	-1.7381642703055853
6.01565192564189	-1.0071702582452076	-1.8138347923642788
5.396163024185223	-1.366960702311615	-2.440905169987076
5.758227412525784	-0.9869312003991595	-2.2591272419721338
5.163699882745529	-0.7523995277738464	-2.4083682728793527
4.6791208317275945	0.19087379914971236	-2.136348798008961
5.051334964877338	-0.2633716759428416	-2.56649452539549
3.6475520205389267	0.07045094094261961	-2.663786197270056
3.366008360567143	-0.1139620534577902	-2.7204417985925637
3.38003978253047	-0.2961132461629647	-2.022213623543121
3.390624488683005	-0.07799803122299825	-2.59518395448163
2.2280412981679145	0.16805681912660037	-2.4051891709607016
2.2251382342222192	0.2101106184292858	-2.361856556846753
1.0012040671738491	1.0862885350898377	-2.7442285238114854
0.6307295782525743	0.7157118282318844	-3.2938532010621238
0.7389289084259647	0.5269796987051809	-2.810981877632938
0.08988685042796807	1.0776342478327385	-3.1956792839678183
-0.40117030510382523	0.8543805523074549	-2.8341183730699995
-0.5116221707752437	0.8812082682446916	-2.3347021596762185
-1.7781482886113982	1.8913064781887896	-3.1544273608312783
-2.0080617962540357	0.9447784683000975	-2.1818341810859248
-2.510983345059487	2.012151122056265	-2.619971534932916
-2.3013278287288497	1.3178482867274912	-1.981549861236845
-3.08158705741153	1.3978193654481943	-2.2711477238750453
-2.7333232026901806	1.9537903086978048	-2.1331723636031192
-2.951332533629961	1.9384880005808347	-0.9612754020856231
-3.8150770181625426	3.162367137105727	-1.5352529496054799
-4.053478318416686	2.8291705977496333	-0.39872019845484075
-4.3234512128996325	2.982800532012854	-0.9621662935151738
-4.309471413613787	3.488589946882977	0.26497556084659035
-4.4575173571953455	3.333571744339664	0.10767340834350059
-3.1195057074108368	3.4969475366848446	0.2884227549090139
-3.2382765840474486	4.572221208196104	0.42903841984790314
-3.0503722539347615	4.377650783878713	0.3564186752142271
-3.789537716229488	4.666552685836209	0.9813655496681614
-3.211981983427721	4.884226117100458	1.17734079780894
-2.9570999770893143	5.311985173613614	2.0262685503315776
-2.8630900690974572	5.682623286373246	1.444546375399319
-2.6412366559096334	5.85744140748111	2.2584103949873957
-1.6161935196636061	5.69084201617028	2.3044003420292563
-1.4513166848792196	5.481055924418956	2.009610119851146
-1.588412109865273	5.192150624653114	3.164354619512906
-1.110351568710444	5.723988480370734	3.215824889974696
-0.6566913715342577	6.378281191932857	2.97325292012781
-0.30711465123802717	5.499759174555225	2.990822639919586
0.6979344082123309	5.693608237781664	3.3629135998965722
0.9414909355228823	5.857395299800045	3.3185091155458397
0.8394487533856136	5.5160208456320925	3.253431757493225
2.184292898858739	5.821253554808967	3.0163561391633213
1.7135688011862669	4.763752510211088	3.4837991439988336
2.0750695013535934	5.7539460264767515	3.012681748095026
2.988522775152523	5.191929238851954	3.942318767173017
3.0813449758749525	5.593487675228419	3.1114103787087743
3.507774435431716	4.45380370744318	3.3170187753695917
3.7987226151904374	4.875162350506646	3.0934474996950763
4.166318239495827	4.137587993132027	4.038036178072685
4.947475952317958	4.327998318381504	3.302444941537023
5.51465606026999	4.256629832813123	3.080575430049095
5.963903899448695	3.865893833719341	2.9732753492253745
6.233088724384085	3.493750443581354	3.4514589373967155
6.84837905253785	3.381090123655629	2.4758222775641774
6.498028451440579	2.8872601562740026	3.5194000643639503
7.615617490133436	2.9521016343703756	2.3989594613559744
8.054546499971977	2.656273153447856	2.2566046831958
7.35410515404904	2.234170856379398	2.024263018592314
7.782475589072321	2.5682675753061215	2.5034122379754753
8.824244009406659	1.1305894572601838	1.9483910184787891
8.013591182525635	1.1548171736906767	2.926240075921376
8.62719562331003	0.6141726786577468	2.5211080923710023
7.988070420329569	0.9175152511835316	2.3234388040483593
8.529064205122562	-0.32471453669941214	2.755854518918797
7.862369965987228	0.2011086259489654	1.7623266108157498
7.905875950099872	0.03839184772638471	1.902942049804773
8.684906861757767	-1.2881656042798646	2.314332205169333
8.12749991783481	-1.2612987874103294	1.9989096185155621
7.963668163911996	-2.5431317033072007	2.1563313713448093
7.346223840099749	-2.101724613797865	2.401922293317573
7.3688529665906035	-2.0758144489082477	2.421530041174007
6.749713499161576	-3.101403799677326	2.5396338503056333
6.934145327736927	-3.4585518415352903	2.879894300231047
6.309404157472611	-3.882526573159185	3.048209407217461
6.625930170876611	-3.531840132867626	2.445303520947793
5.455136810011174	-4.004872147496062	2.997169242026704
5.2724255454956275	-4.89861350608458	2.6576555400388466
5.109745828671449	-4.174045633134615	2.7179782300040034
4.900818770593782	-5.072362385855611	2.7731754412212575
3.97343900102137	-4.933985005950369	2.767214546634997
3.594032004341977	-5.765051950500864	3.3924588317618456
2.9953999081653833	-5.503100175940273	2.3806573340313504
3.2056114839599714	-5.495471759358907	3.2751159855865124
2.660276167495933	-6.223321766994561	3.1882927875540767
2.1026792898951463	-5.976316319545107	3.120437229974852
2.3838673885869057	-5.568986228162288	2.362794461028945
1.3772839566790154	-5.403560020425912	2.2280952612279847
0.7833514215267106	-6.355365423964298	2.9305892594316267
1.3206595357632263	-6.153185871970469	2.3176626646384735
0.10047714907491023	-5.306165853090126	2.444667487025992
-0.7146593364642585	-5.713713145409135	2.0545723701664036
-1.0978239281390594	-4.7575365897449355	1.724949120832611
-0.8919209748782371	-4.9725037003938315	1.371958539646742
-1.4706938125723663	-5.775043360011733	1.6847206023200147
-2.315509639616857	-4.5822155229595065	1.879338511019648
-1.779606490874341	-4.698030912587486	1.1473072919400957
-1.774123915752495	-4.696560353595547	1.6797137375530191
-3.259774263025366	-4.519892624831378	2.3206824086048874
-2.980759827268357	-3.643890736897191	1.2515442610195184
-3.517818676778679	-3.2173389471081375	1.3862043508209383
-3.309745269415413	-3.0518281648290158	1.598134559221029
-3.683288088841289	-2.5856642790863793	1.4631565089715166
-3.818515500329333	-1.7299447954862575	1.5946656416725917
-3.751285664475123	-1.3580831957269717	1.3085313135266714
-3.6461565151533555	-1.2661741427647049	1.5901986006504116
-3.7528269186978807	-1.098700755750693	2.4639247487604288
-3.4412116677284477	-1.1064679744839723	2.0859848558064193
-2.3581068190628662	-0.7675894451244001	1.9288466157952218
-2.8375737545281585	0.23097404664964316	2.0735968848876696
-2.3612827808896304	-0.23023891346626857	2.808007089796434
-2.398234160597495	0.7458357597019887	2.974008203391673
-2.318845473980121	1.0782896887289022	2.7311507639267205
-1.396575687315373	1.5909517400813598	2.0251778413630412
-1.7789303695956482	1.269375387863887	2.282608011955377
-0.6900295092390867	2.128274126146466	2.5740390066144787
-0.5807478087218436	1.866370132457517	2.521740155317344
-0.5222259980868618	2.3257435594537315	1.9925102412938394
-0.13628647692908957	2.9436125412679877	1.6612956685239997
0.36020866765950393	2.2719969997406877	1.7951858806541472
0.7873863998987336	2.8186449539270795	0.8329530552450775
1.6742034290816397	2.696367751553758	0.6422911219156497
1.4398873869230489	3.81312409241631	0.8798981261533905
1.6412349217699893	3.102522125741548	0.1578823624092313
1.507897457210246	4.740439387742665	-0.37524128588072325
2.269480596938997	3.5697976636666517	-0.5668169815510089
2.5031308457454315	4.058625539491885	0.10733623499671152
2.570883194819478	5.158788284737277	-1.2303530572663952
2.427290273276359	5.205426545671228	-1.2246302808367293
3.5170629216917213	4.879109074984657	-1.1697065000044966
3.7179267886675618	5.175316136367003	-1.3002525714047375
2.838778852587586	6.882084777066034	-2.2978997064992757
3.953064230586027	5.826082175376966	-1.914121313891315
3.2177320404805156	7.529290696621627	-2.111264223266601
3.394555298989625	7.418971616295179	-2.243109414822465
3.7658871079365723	7.138968114359586	-2.6346919243192497
3.84934461172164	7.846519871225882	-1.8450378164345107
4.956958137420047	8.385357014862908	-1.932717208509853
5.305472225545481	8.306856300847924	-2.263679960999806
