3.5230071896400372	-9.926032518317458	-0.9550696889182225
2.4118558172844704	-9.920870668801884	-0.8568563790471115
2.3584196499715695	-8.883780960578061	-0.3234924632124585
2.369422801914714	-9.147303322847124	-1.2083790261019023
1.745348696639063	-7.942680139209498	-1.2364581033926014
1.7912185986142335	-8.08642566254004	-1.183111731203294
0.19508824818403128	-7.357312067268568	-0.7919996549547577
0.7140297257414573	-6.654931077519911	-1.338321455365708
0.4555664935499246	-6.423656063901161	-0.7186953063970223
-0.3082821152991742	-5.128976664360485	-0.5498981897974717
-0.7652634985150404	-5.027795650197747	-1.1406071028464013
0.28134952794376444	-4.503067642588495	-0.6913087147834632
-0.45327297942638634	-3.4774632571708888	-0.5636941861964075
-0.3771617901321477	-2.6042583403339767	-0.5763347872640808
-0.6606533404559417	-2.428895767899519	-0.6551454182776295
0.22675547063058454	-1.5753959489699436	-0.6738172289006032
-0.6890402463665233	-0.17732392374122652	-0.5438619771171098
-0.43414017201718536	-0.2870954750761467	-0.6442824603123687
-0.8641511112435987	0.46190554550239704	-0.017832188798673765
-0.4514858661581139	1.8809681473326472	-0.5384084693480397
-0.3786358115321524	2.870671450985578	-0.6163860354683557
-0.052468381603442915	2.938493484891969	-1.03395446105626
-0.369651812477645	3.5118005555380782	-0.27353873992437217
0.2650661704025641	4.429938489886615	-0.5795880445491
1.190190088186274	4.7267536191612916	-0.7968029238603236
0.768775719234388	5.78141103450395	-0.4840687363309356
1.944728773081736	5.806860391950107	0.41950110544162655
2.533422380284482	6.624547639754695	0.002187244079736639
3.177653071391867	6.081848455876921	0.20799459053715963
2.7963474781166653	5.823894446028018	0.6744161631778663
4.05716944985161	6.04778961887255	1.182654582245079
4.913001063986529	5.35151248111226	0.16009444235413625
5.722695351296232	5.555047039102474	0.35373367832673197
5.57209148360177	5.458828362307775	-0.10319499902032836
6.108096045650834	4.384101487686936	-0.004670991122464885
5.8853867980783745	3.721649717880738	-0.24624190845025834
6.3186585472647785	2.961146951075782	-0.1898876808453464
4.88530258876428	2.8031959032661953	-0.14505589845750694
5.911060404126475	1.6921436966621355	-0.0028971034348079794
4.510999316592382	1.4161808610609294	0.8501252417838129
4.332069593270341	0.49224779272033276	1.4810457857860033
3.8826172666106054	0.654698586874762	1.2501638520007883
4.23580951187895	0.41480517096570224	1.0139855202287527
3.1048128580610452	-0.8964868066733136	0.973360069383814
3.5795574704812756	-1.3620969249124337	1.333422976654409
3.332611339310678	-1.3791007293888704	0.809689169507156
3.027956364475694	-2.524316701644233	0.656531293398388
2.4223374440294005	-2.334131330812848	0.7128888729253685
2.7203138392130124	-3.533982129089417	1.2838132550552852
2.190532803329963	-4.093507503027054	0.7733936056672153
2.479053214414459	-4.721764901425184	0.31140154420566557
2.3293092783802747	-4.871730410749998	-0.14916217713855662
2.4805541972366187	-5.24597826152414	-1.0654915182117561
3.5104691928480403	-5.187000995491745	-0.6563012896443008
3.762936851532288	-5.798817452331292	-1.095134210455755
4.8600634372781135	-6.208252552601239	-1.0139617693752252
5.05177955254732	-6.614629588362387	-1.5326665036021925
5.095272251123575	-5.421818685275529	-1.4083086177485251
6.4266994803621085	-5.823665849675327	-1.7137311233199104
6.323492563280388	-4.4874145304371185	-1.356388797875923
5.528171324734633	-4.705473554962355	-0.6747562269500049
5.791287858187762	-3.2110257139315213	-1.2192987965537865
5.305472926462626	-2.3973939547211254	-1.793836351675173
4.9813108489294855	-2.430502694475509	-0.8316344569810299
4.656751516010097	-2.085359999264906	-1.489570281120815
4.327772829422823	-1.6894811291325986	-1.6012629153475224
4.271053102066677	-0.6280946536638503	-2.505137582637465
4.1785287854700055	-0.9420950565556832	-2.3301442960026773
3.5462623779565496	-0.9982021121651052	-2.6296079008851834
2.230519468159562	-0.3789199028414194	-2.9354056454862065
1.9390197318343576	-0.6137041352802171	-2.690867881732232
1.215755191543657	0.0019490665263220963	-2.1540475742972105
0.5939475557950901	0.003639379433186374	-2.0261626831272066
0.07161683070737856	0.4457469639018199	-2.1615290689003497
-0.6393686740340053	0.04549550523362881	-2.9231231722579087
-1.3827848652083887	0.3637329831470283	-2.9655209126329716
-1.3543511886214155	0.9206615008084322	-3.045758449428531
-2.1620981877218552	1.4682162991372534	-1.8307185164620006
-2.5666129859135705	1.2306582618720925	-2.0095285061908617
-3.004260567482587	1.9344180142588407	-1.9223201501274136
-3.304247636287519	1.8784405106628246	-0.9204110655185521
-3.264547144083658	2.343034838699931	-0.4475216257455137
-4.0988910782146135	3.882462339553743	-0.6940760964679301
-3.8076367512049103	4.460264696870634	-0.023327002048178946
-3.9559257101053897	4.902338853795278	0.41561018404961614
-3.1852283003910102	4.1100230594418505	1.2225279929779531
-2.4947644403416236	4.569098430135306	1.5179201471017287
-2.213423882919426	5.74276370883225	1.5717063856218592
-2.0937075281541606	5.997562271323438	2.195757814195191
-1.5821951270903418	5.193965335346229	2.3060822113239303
-1.5007494920147488	6.674438620232637	2.2212575005614354
-0.3705755640776649	5.248365660061197	3.286138845296909
1.0001369248263416	5.330763367453065	2.47016628595724
0.2620877882273544	5.406434960213378	3.894801154525581
0.812327131657382	5.091044112047285	3.2039021161730994
2.00984238589022	4.818393921235942	2.8909322336093783
2.2125558684611875	5.079719809791673	3.1775391924309937
3.4752921040381217	4.161336648991237	3.925172832278574
3.4033561977884865	4.207662426025765	3.5720699722581606
5.0298601688521005	4.070984039005637	3.0763046521797497
4.463499972017527	3.9725802336787552	3.3910152378104748
5.067858547384711	3.472439206174798	3.934859988805891
6.733557067412995	3.364196440640503	2.5524763127830394
6.448958946162918	3.392671795134264	2.530434567576419
7.757275978033577	2.2608282889736784	2.2971050152877135
7.10075528835956	2.029952473150337	3.152638332879385
8.324721698267842	1.9673682026490655	2.095310621540804
7.582816975140968	1.2705195709698844	2.4013138590567955
8.350664383959849	0.8428653843784798	1.5451107963888842
7.682262709590396	-0.30261775142269426	2.3251124425663683
8.238357459322845	-0.8313938999364341	1.560026493400831
7.33779475310292	-1.626599729438346	1.4024149116512357
7.173523408940375	-2.199275538750882	1.8212338697197703
7.375972732637731	-2.3148367167119472	2.2228603500911386
7.618074671566259	-3.5632367071614914	1.7650130999172555
6.473956528733985	-3.5088241676462717	2.4375593693383424
6.855066687675505	-4.500891259394589	1.960554385262706
6.1115726136652455	-4.879772573195924	2.4839155700318147
5.630234275865002	-5.2635115297762605	2.7045613673764466
4.682335389707484	-6.060531935886706	2.1074754725177742
4.215928043271008	-6.632134177894842	2.9051457170372292
3.935750201306963	-6.893773558201289	2.819360841807712
2.668185564110343	-6.12524402621265	2.741408219142832
2.199872018105231	-7.041192783817946	2.3259089749977293
2.191015734722	-7.536487023956263	2.2508082411831665
0.8869437479633242	-6.8123216418020505	2.7016118704113974
-0.12030610574119169	-6.578040527799972	2.2644745797909893
-0.3042825818281352	-6.973666501908369	1.7467768390599403
-0.15262915806854505	-7.78197573431195	1.528948948492962
-1.8560660738529826	-6.728806055264334	1.414800983351866
-2.594805554452369	-6.684868821862657	1.1978152977633572
-2.9148018249848717	-6.106353888683509	1.535318425786508
-3.046598404158048	-5.721804754649581	0.787949625929422
-2.838259632101703	-6.140228703566416	1.3817918359471877
-3.6940878929114254	-5.529685548656639	1.835541567183213
-3.681221625509594	-4.691802027322323	0.9345407679884821
-4.307310220885845	-3.888766641958063	1.0011996437168358
-4.1120198810228015	-3.453773019894798	0.9923354502168921
-3.5594632301279785	-2.8394352447579503	1.0036792472122462
-4.051290967703294	-2.4179504079595264	1.1433783018063033
-3.4258445494276946	-1.7798713908422485	2.360636762326055
-2.3847321232495085	-0.8507806513773094	2.074468750732415
-2.703112396223927	-0.3810767333501193	1.4673963568453943
-2.126609352389355	0.11589539245741817	2.2540404453775746
-1.2038093650424542	1.2738801046945853	1.7736296258001263
-0.5296294579533167	0.9039706967794552	2.5334897497530866
0.2982155925747614	1.6992101457591084	1.877877287386199
0.15977279167526767	1.668843352632653	1.2459145536396512
0.9900144714604054	3.064881989926971	1.0814718381748867
1.315358503430931	2.3252091190885453	0.8636131500321198
1.3972428187112416	3.0796304762396423	0.8654625849573685
2.1434528178921006	4.1318956971747465	-0.15980195504434347
2.825095353377034	3.8199236790872466	-0.6709206733142037
2.4545191049446418	4.276961268661434	-1.4200870010719735
2.8851907240188717	5.605330888094761	-1.6904875486228814
3.4879694221110826	5.620302716709201	-1.874828591456875
4.312576852953013	6.505676154895292	-1.9222594562946398
4.134906948342125	7.038462751467959	-1.6482844256027456
4.076356072859128	6.949308200667622	-2.5852004677745075
