2.1296226147641772	-7.287823927237922	-0.4535217580927957
1.7418052220614975	-6.908590196007662	-1.1498536733767477
1.4146882455421153	-6.884051045466132	-0.7596086354635168
1.0648028841895305	-6.754306703471896	-0.11010801709140772
1.1961372621957507	-6.01808572136232	-0.6851475034942305
0.5161659677135464	-4.80002282386447	-0.7393536080377714
0.32849432305340137	-5.065030130667792	-0.22024945799919404
0.3682394360304607	-3.4478950521288	-0.5240341972542335
0.16348312139326576	-3.4833356189599383	-0.7559802377453031
0.6219668866451913	-2.9079917351919664	-0.11332600452189634
-0.22376509390470523	-1.6500588654804917	-0.2984169687114824
-0.21039054418398018	-1.6428268215022612	-0.3985345333506189
0.23037729477176516	-0.5879979746624618	-0.13654101491931347
0.09026246103346736	-0.5298425072037405	-0.7257221146884869
-0.1292703646141392	0.13383007724784463	0.24998580279536553
-0.4681812952971531	1.5231922381755356	-0.5267414919867839
-0.5575002124895257	1.5060776868597594	-0.6707814293447404
-0.5551710694729423	2.764938347614182	0.11638932805670898
-0.07070231552420836	2.987328518356225	-1.138410696109923
-0.7228403535505614	4.266459275084433	-0.5852976852594274
-0.8128199770798742	5.124983454030994	-0.6623684098169029
0.1091696856222073	4.821469527503095	-0.6068550181135941
-0.19624987406638356	6.137769562451387	-0.5258251262757422
0.949195668994903	6.136467486440729	0.13348483114155674
1.833340954332608	6.627978992327615	0.20571435032474628
1.906481393114112	7.221106253854494	0.11946513340781548
2.3643786373901126	6.962914387793855	0.5881440821791382
2.762949521092624	6.479014191333588	0.09881083631432225
4.094449356833451	6.382321774305266	0.6090249128393396
3.602744882332192	5.9793357586547335	0.7942628282896163
4.328552584931803	5.648583469386926	1.3571535162468769
5.116870253588883	5.52094739052179	0.37553865732632585
5.5740909709269895	5.0788222099977425	-0.14197021807262783
5.20207541948119	4.711159512013785	0.07820487047051256
5.414820883545645	4.65504573960734	-0.22050177606016014
4.977080975482901	3.8117159301405907	0.40606832838444457
5.250673979669067	2.3291664715655758	0.1467444603595407
5.101849026355371	2.8020545181918686	0.5375585764050007
4.469471262056951	1.3745283280033906	1.4188512320934616
4.445699538467213	0.7992172270722245	0.4418053885604003
4.734861110172455	0.8844284982092728	1.0114416143217813
4.692016770013792	-0.4865593509683002	1.0724781345697876
4.439965722321184	-0.4935943866583834	0.5231554164991206
3.8135783122442204	-1.070579373428635	0.48870206920047987
3.4829728361266232	-1.7475881701622789	0.3509839191570615
3.610101029161874	-1.5034341382481307	0.5922984259042632
3.443476037621105	-2.0628893493613214	0.11750553594583102
4.025113531419205	-3.7739394376673503	0.17536684834229177
3.5787657363907535	-4.038894170859515	-0.4420408163044526
4.8050264629856265	-4.252554738943002	-0.7954792982787038
4.01846591836204	-5.0816059137522425	-0.8370106797348948
5.178324492969136	-5.0367203493759725	-1.473344589086984
5.775216988752589	-5.1167502715423865	-0.9702742189536048
5.954462177474866	-5.240393859995691	-0.7811208756790062
6.331473040204966	-5.285142469996492	-1.438144673237654
6.422604679650296	-5.11553050978647	-0.8312391953020537
7.461266045079979	-3.847631657796759	-1.8485942541108802
7.11895303102444	-3.9184554294260954	-1.6636473883840859
7.129831044077379	-2.7035092982059163	-1.1296438897345729
7.379443446286103	-2.3743667584315356	-1.4612174696837381
7.02983906231762	-2.197878839607816	-1.2659173552041634
6.30753429464632	-1.9683861358827588	-0.8988074020342283
6.944120504596498	-1.5336446850651635	-1.6681608671211101
6.068498841524976	-1.1979289762794576	-1.929425708506416
5.412127709427435	-1.0009653762449706	-2.385693005300361
4.253769479055018	0.0651247642199716	-2.015945755890964
4.094382403732059	0.22652523481755826	-2.1708443171573855
3.4708394175884063	-0.43742859370391873	-2.8663491382601576
2.537368979696105	0.4715902163433605	-2.832324184512725
2.4329812969517457	0.7486183944192926	-2.3839431527577797
1.5366976401167332	0.8400787902148601	-2.465537919434
1.623690163755619	0.7798935960158403	-2.775158392460579
0.20742245590358777	1.3932300345206499	-2.565475291469293
0.3139357771563932	0.37764588745368266	-2.6278224469341804
-1.1374915938654928	1.0974880189910254	-2.402404908507824
-2.0096326123528714	0.858144304689776	-1.740160285074708
-2.440371856333116	1.7435569967066102	-2.080832343874891
-1.8997772386899623	1.4703904039026803	-2.1028613723819536
-3.0498019854788088	1.7856985710643674	-1.3644840526160074
-2.8191397185409697	1.969102997866649	-1.614084247621387
-3.316555913757403	2.495435546005918	-0.491037143430606
-3.8437004567663653	2.782737370355125	0.1773320100611292
-4.175024734158066	3.419938787823615	0.5345666505796224
-4.046599648459969	4.920035423161084	0.2214434020944382
-3.881751487707852	5.223389819667176	0.36660556525689475
-3.645224051333617	5.259277560245303	0.8994025581843073
-3.0156626569630127	5.860039785978069	1.6668111038190225
-2.1720948794749013	5.475573452236542	1.9146954998283543
-2.405789746036739	6.442365390042573	1.9142948166634202
-1.6680068042316223	5.495527578793947	2.9543993845027265
-0.8081012950914899	5.998138895542398	2.3751278830959914
-0.003130841596816203	5.489632069924238	3.2897513727599996
0.7337570417122548	5.284452980953934	2.924654508759916
0.7379066666141265	5.591546076553578	3.187754628553086
1.9437955651963739	5.342136696494846	3.6837477084087857
2.0142550160053734	5.409418729205479	3.2816109857210285
3.5856625579196386	4.410979240243617	3.0648699174134526
4.139124310146223	5.098711443032017	3.136680735839064
4.789066101608289	4.2857449373962035	3.093541994650552
5.055135873226246	4.301119150563737	2.928656247062798
5.5937073731394875	4.522524715659978	3.341470124035502
5.8572069892557375	3.4967979888737792	3.075379128718004
6.3933834957416975	2.9671421510003935	3.5198854469535528
7.020695742495657	3.0750002189125545	2.3295999908305163
7.761704999456087	3.1721882567820936	2.086609994339126
7.545876998349202	1.6457358592978468	2.3522503928689495
7.522068217720397	2.1799263941639406	1.8994040171339381
7.721417588986557	0.5779498256079478	2.5090354293233252
7.875441259729884	0.017628922701691224	2.5966172514383654
8.441053439750382	-0.2604301413380995	2.3412534055415675
8.074183638341612	-1.2649238449281102	2.3707322399590764
8.495780507667947	-1.9050807907769156	1.7796532941078473
8.438332942904145	-2.247581534630893	2.568074764006659
7.102705019252212	-2.8135161813162046	3.193667096560299
7.359258800994403	-2.800195582862779	2.3157636630688345
6.294972712405008	-2.8691732191644554	2.769611884654802
6.37973293201566	-3.996076055981432	3.219795807959474
5.928313638662241	-4.352824985001612	3.0809708840711414
5.557019584651401	-4.504857897597946	2.6985713735142847
4.372209211418721	-4.527394704769382	3.0628565708933317
4.397836547565998	-5.8021550901558	3.1795483543230127
3.20437865033085	-4.7811552571760165	2.7101948770780413
2.780464873966288	-5.026078678516894	2.381483042794894
2.5275965449267583	-5.343551318918623	2.1572706562376958
2.1543652164986717	-6.13697041859416	2.1999558220334436
0.5588739926876657	-6.267406620350129	2.3267938981974883
-0.04393504056302455	-5.421207754993927	2.275249911006153
-0.9401780066026303	-6.003492373544196	2.053898103777601
-1.4302034765898703	-5.335015929208717	2.551723132580366
-2.057796159774217	-5.6334662876566854	1.7483719071743633
-2.411602369043793	-4.636053733555163	1.9912238410677672
-2.3395287902535986	-4.088331000602857	1.9871701893741534
-3.361328983567123	-4.333907722889813	1.5616147818261834
-3.7318948639831175	-3.23715333945357	1.1367974453636829
-3.8466498251770904	-2.0176517971463426	1.7755959255649598
-3.706340931873203	-2.5902817761322177	1.883326448883835
-3.0068180493925736	-1.9505610295936466	2.335096089513909
-3.5142885042237713	-0.545881263495301	2.3064248856057126
-2.7297513191882654	-0.16108308554925976	1.5845617233982985
-2.7616660660894503	0.784291741909827	2.090324765202867
-2.1305762030926236	1.3098694578482237	1.8714804154596354
-2.0723324649161143	0.6311869426333587	1.8551046657006576
-1.2414728334888436	1.821041357910564	2.1883451691257347
-0.8183664919419942	1.4202465185218798	1.981111586308349
-0.31442658067553914	2.4154661295621733	1.580588552978558
0.45713944619090274	2.7899913704779538	1.5391952693689408
0.8881488522791721	2.616559666792465	1.3271366076394897
1.7831932972064006	3.172364125272705	1.3042290885491068
2.600005693414195	3.244993339361772	0.2913009747904197
1.938543321068134	3.598577355208816	0.23441005412548055
2.726864942809567	4.969799387548403	-0.9303135397171376
2.4412097343823413	5.510320270906812	-1.5095851218881358
2.833321701653986	6.0544332927564914	-2.0406252002108483
2.7747093710079795	6.200881963797	-2.063729870958738
3.005944679475484	6.024810355165914	-2.4324300629750564
3.492153343758767	6.794025628699569	-2.304605279547121
3.555369489299228	8.108076913850057	-1.9304552263279282
4.705455880206607	7.4476935206833055	-1.9419148782183238
4.955928934966949	8.634646503482434	-2.0908725704580973
