3.939361399143384	-10.465726127145631	-0.6998739267715769
2.4007809508583353	-9.521484393061575	-0.562513486394643
3.1060559375329215	-9.533029391382213	-0.8636191628754937
1.9566629642683093	-9.243368983352578	-1.0757438554208871
1.555118612407396	-9.281210336530052	-0.1450207434508779
1.6579950408428725	-8.546295336466555	-1.0870073911547204
1.2771513773055119	-8.93633577577924	-0.9628166066657515
0.803855414741934	-8.096158847247265	-1.1878171505570772
0.5502447352819052	-8.209887965094767	-0.669964929072717
0.35810360909410377	-7.131629177459557	-0.400837157225848
0.21763979409049844	-6.2474344182167005	-0.8827354100890559
-0.1343296115155922	-6.247918319932115	-0.607397157523528
0.3105111998320067	-5.994507078928935	-0.6322783946163217
0.48890463067944145	-6.1876280412753975	-0.8775356688244971
0.0041679051660510336	-5.167816694092849	-0.790051640951196
-0.23035040758494274	-4.37417083270977	-0.4630383065925532
-0.3784579563029734	-4.580128017884415	-1.0602109125736152
-0.6100044322603566	-4.252520540942247	-0.17892451374763763
-0.8584601059438588	-3.04553326331137	-0.2958544088592372
-0.8443109597007306	-2.9562624892421328	-0.7687042870270834
-0.8727502388468761	-2.025090700315363	-0.45760738186808214
-0.42340572667531295	-1.72224938627906	-0.9354880462854396
-0.4020669474551206	-1.475690141551643	-0.7285903273484684
-0.28371557246065293	-0.48159715294789796	-0.807641455826934
0.027326336624478476	-1.010810257283126	-0.17160924843405612
0.1937426625527341	-0.5624574622974271	-0.5087853085244555
-1.066944153041312	0.5275875100490386	0.032588599967156906
-0.9044262892134265	0.43666980395331245	0.3306191524189406
-0.21795173063696704	1.4192855276030534	-0.2688271834356024
0.3695329912955101	1.6809311955929656	-0.6327277656801218
-0.6672289015006972	2.607612112839128	-0.7516408634255
-0.38857143917132636	3.301542995272254	-0.6506596432686758
-0.5095035618382706	3.382681279804615	-0.10475837700092883
-0.5624393747045755	4.696708770564786	-0.7776017002443392
-0.08165756510673222	4.529471049299878	-0.9936957368429962
-0.012272061728180461	4.618189616937329	-0.03760949711851502
0.23166356804343996	4.7908593384737195	-0.352449982904641
1.1364518828325358	5.4933226999384965	-0.742259889101843
1.8179870400314182	5.6044047418173495	-0.5059077864400503
1.4189964315977446	5.8028471417326735	0.5990750102430912
1.7318936097176114	6.8061148373633875	-0.29969900328589416
2.4201460257851726	6.799023759142827	-0.18391989464231373
2.13890807261034	6.855726062539276	-0.04011587602739557
3.2060946172019062	6.299277944501397	-0.017817085673231696
3.057852101531633	6.560492127466772	0.786845286401047
3.816485379651467	6.571720085629405	0.9707627880234478
3.7568333807047436	5.699328054524908	0.13053429281436452
4.147043074314151	6.416666284704339	0.3376857487895633
5.0891478443903875	5.022521788772934	0.11100409288316102
5.683426389782372	5.238968173449474	0.2821515827508518
5.327439209957127	5.427033790612862	-0.23215869292534436
5.870330240655151	4.604230911294176	0.4838955323662076
5.994910526277257	3.954863962024618	0.003334784911393218
5.233510358284038	3.250113606395032	0.7253046373373363
5.878796502696299	2.993401941830181	-0.24997646300501097
5.078779232814343	2.95228982925231	0.5470977016591088
4.844656449424312	1.9867816599405486	0.5166781110183356
5.310426425844998	1.6658877669852423	-0.04609140865319494
4.976444029303192	1.7041134213288849	-0.11821838840501175
4.910253444546669	1.1463066700994793	0.6156895083312323
3.9306163244285828	1.6738517472189671	0.48036978677420616
3.8400115852312244	1.0258309300686541	1.2867346285316275
4.190918464153677	-0.19855632110259172	1.7047255145870115
4.0336776753322425	-0.39976381332410277	1.6310782394903556
3.0524813642939406	-0.4608789266197969	1.6081021654573526
3.419091623383646	-0.09464460485951842	0.9160594508440674
3.0692024413250003	-0.5308672398386323	1.1797591060309487
2.8053081644306728	-1.4191887844096849	1.1232787477094073
3.421119397361228	-1.7796811248555418	0.6944615375964763
2.409983181224118	-2.090442588535381	1.5382418473546566
2.799184545777222	-2.144647193152418	0.7856748667521435
2.695557016145372	-3.301119393963106	1.290047295432203
2.9324074743201916	-3.280352586584919	0.5549331257933705
2.3681994856177253	-3.6458038957240113	0.2259668989027774
2.9322413640468	-4.049906197192977	0.8043693612602686
3.2117782765457044	-4.3920444963549325	0.30923192927865295
2.241170068057495	-4.299042582728622	0.4009172137768571
2.463172634449564	-4.543229818090987	-0.2999672825213663
3.3580834437026	-5.651198385265967	-0.23403374845336344
3.762336427461202	-5.180463084502383	-0.9740307367480251
3.4435550050759085	-5.5539122212481535	-0.623334468890661
4.441949964613968	-5.956871130727789	-1.5689166114343065
3.7539925006872616	-5.831022430490776	-0.41196388626276437
4.435588762726098	-6.608450074084468	-0.9041599080858493
4.911369576005728	-6.405440093502615	-1.7684672087338316
5.169018554865588	-6.0067310350464735	-0.6099780810455395
5.441901886112842	-5.518117773261983	-0.8379087107399106
5.628389886325693	-5.190391408235612	-1.552535182152782
6.0555420690137405	-5.4130841430831556	-0.7309046494956564
6.124709742089531	-4.179682762165333	-1.5783651386167732
6.062071062231356	-4.108896218376404	-1.8119709860823616
6.131937604487276	-3.8495835706927286	-1.3047527092944189
6.07162404448152	-3.772359194142198	-1.0901201173320556
5.925110284892595	-2.550191605219874	-1.3793148987677257
5.506104455898677	-2.4640909309751815	-1.7073858820093064
5.550161292479311	-2.4525907627305337	-1.4646540523029348
5.305298131403289	-2.1308005152365155	-2.153498069357174
4.304380619202196	-2.2179813255814156	-0.9641931095882637
4.321898029320951	-1.475935040178699	-1.183008823560046
4.006376210398834	-1.3523744250889094	-1.2583671184644358
3.5024826018342	-1.406318479526572	-1.5215937959810513
3.4465225088929805	-0.8718893707908676	-2.3670664362797393
2.651372898338688	-0.4247294804400381	-2.376104296806976
2.976625018222771	-0.38412252701934535	-2.3367956445215525
2.1969073298187496	-0.028126887757163543	-1.9038375695258425
2.157227153461899	-0.3356488979498534	-1.8999433044553908
1.742794460425193	0.46449121009331973	-3.00026625908915
2.0041192686667144	0.04831143761670498	-3.084799915844827
0.8265184297137723	0.5239815137672084	-2.9484335373227553
0.7211016700491736	0.5230650538013566	-2.5696015950226827
-0.032202848523614436	0.7425614900575795	-2.375649097334797
-0.907812795095575	0.25266123220951775	-2.053090777384017
-0.8868928324658603	1.222985516171907	-2.6233881584587664
-1.9340641533011695	0.5842374446691065	-2.3439739489322697
-1.9271542637207337	0.9798649245438642	-2.418497514321734
-2.4901543177094823	1.4301920553653198	-1.7087597103373624
-2.6371464687929493	1.3785854902960981	-2.554455879135091
-2.987996624514988	1.2040694033906418	-1.560202425794225
-3.5959368325273515	1.4079479573907647	-1.610732621195492
-3.390399573932469	2.631886840897632	-1.3638906772105786
-4.017126195612749	1.9708032240274496	-0.47428561565957694
-3.0965588964940727	2.9951030538188395	-0.9633610110186056
-3.1846944080860586	2.7944377268189133	-0.36702832502065497
-3.285240999550073	3.0151969058185077	-0.21641143511521632
-3.3367957555842116	3.2564238764940927	0.2306579162002954
-3.8291621304929713	4.175783087034979	-0.21668315109614106
-4.236689215675177	4.1193636625340835	1.3160960500095178
-3.8678870314139564	5.059694208285406	1.2177597612777946
-3.106553533246588	4.572671243661363	0.5920449486573189
-3.4247935814490877	5.858740417758023	0.9469548591729333
-2.5200605788746033	5.305047327615608	1.5781451642610986
-2.4764857315786486	5.977793923666473	1.7904538022251213
-2.5351186176137857	5.630304193614964	1.4702306773686242
-1.7608868711384278	5.775471349475776	2.498032611459697
-1.934714986600103	5.381669543522263	2.1909856899658515
-1.1219299052809892	5.366271982662826	2.7228711109392796
-0.24171495897414208	5.416503458835765	3.075305610758615
-0.1744644411557581	5.64850027399047	2.901868092954475
0.15878796585116972	5.314542886446993	2.5575546429582587
0.6348986073256077	4.997746259524379	3.296244239418194
0.5490448017742464	5.192589141167591	2.9326209742770315
0.8038682987075239	4.882099400953418	3.833184810690677
1.752349431593959	5.5611633528960365	3.678828358896928
2.548227259008112	4.418291101459378	2.9632674009761066
2.3802654359776887	5.132293600392808	3.2864666130057065
3.594650343006277	4.564048851733834	3.6755464604471273
2.8684455636110204	4.637766072054504	3.7529863318873944
4.0717755616654046	4.7211210962349845	3.0488342828921464
4.9868697956303745	3.8559398912781364	2.9066510301555697
4.912789602315869	4.43828779114177	2.8935155207050367
5.4790845485752735	4.145718403231801	3.3594206448673876
4.954565257664568	4.2496896886535005	2.9268913853319907
6.295934176747002	3.717879414146255	3.2180597163158047
6.105096703846798	2.9639006745071947	3.0344246686333056
6.610309687246551	3.601915244762117	2.827457614301437
7.022434178873892	3.203093566332737	3.1539323058408906
7.72264826593131	3.1052189221021163	2.3725291145905607
7.810329043219264	2.5390749203609118	2.7135703273985534
8.068955207614156	2.3903731856631234	2.0728912046400985
7.95546084970918	1.9371960962346337	2.3705448924831463
7.532185675018752	1.4574240858670553	1.7398814253922639
7.87854268319856	0.8426496925837571	1.9689588784644259
8.112051358564878	1.1796280481090995	1.5328984044323517
8.179689894521097	0.04420304455942836	1.9704067552779838
7.476111014086358	-0.5200765978450202	2.7208493602255817
7.852132278406056	0.06064516795046537	1.7414690710577534
7.7930463071161356	-1.306488269780691	1.9323133794823548
8.57634361376609	-1.664055507480156	1.5347473560696319
7.7343734083061735	-1.6734326724355504	2.005403939952617
7.21759531458785	-1.8215813178119402	1.8715831922600519
7.936612027954938	-2.6704094769648625	1.674513325948059
7.4502412286554	-3.093376907448052	2.4712272530927253
6.549489308515631	-3.010550560856268	2.5938129586809047
6.223141466388084	-4.379500806436761	1.9138975431095717
5.990928608076001	-4.146559537148776	2.5439772026130925
5.642638056860447	-5.163809933933675	2.302465728330693
5.612869360679919	-5.301841479652769	2.28762565049724
4.910019550639401	-4.404846022380314	2.067664451829505
5.483713989401803	-5.184599082566345	2.337391783164289
4.908966146412492	-6.0629829998916	2.8719214772518575
4.610475339733459	-5.93255283997659	2.99089533629801
3.3732616633820003	-6.188526185842055	2.244346334389869
3.183944309741556	-5.947443823571362	2.2211599078049007
3.405008766003785	-6.809412721489557	2.2791782199019783
3.0676363375471007	-7.316419505502615	2.517163003062023
1.8863781749647077	-7.346329397943001	3.23974572635831
1.9823352848432667	-6.744747689872753	2.3765121042049264
1.70892629516558	-7.6368786698621705	2.758939577628689
1.08417884045491	-7.597565083192094	2.451010345742097
0.24333021561826165	-7.203576862687539	2.4730272813014293
-0.05040209121089756	-7.677725597942074	2.5584383234255252
-0.27933387559464395	-7.183448551060993	1.5929472172358283
-0.7550334220052033	-6.771186057072636	1.6195971905381166
-0.997245121851201	-7.65204576970392	1.7189569290848783
-1.5747434832586262	-6.91778147568132	2.004966287088545
-2.5657220273856938	-6.429723176955847	1.896613675646127
-2.204601156844775	-6.20784595629255	1.1093388549321619
-2.9866076864284183	-6.0955532646737565	0.9174199394331896
-3.385872061656392	-6.099947221316237	2.043682834500748
-2.980861993826985	-5.3507867777721785	1.0847102922902225
-3.811823666466762	-4.546384908230769	0.6994618217407388
-3.426311446676195	-4.519292084077413	1.067417038552756
-3.3959570953019926	-4.876266207734583	1.4298751213684606
-4.151222061057767	-4.355296397950403	1.6132741056751696
-4.2467263935177035	-3.8362714955242057	1.8361301383315802
-3.929338270493641	-3.4106117936482274	0.9943604116505055
-3.419535349176611	-3.288719559221407	1.5425065261864996
-3.6527774329410985	-2.7411730310404003	2.1080834184452257
-3.6175078574611104	-2.2236550965764166	1.895229398094577
-3.7663008454350657	-1.3686925507179057	1.2504778049878045
-3.15444787614933	-1.207896403742506	1.238845297761099
-3.132351471206293	-0.9482554685845108	2.2692967443718075
-2.9953875279956703	-0.5128531944402619	2.292419719423389
-2.7550815603699554	0.5494208448635833	1.9337892558925436
-2.071560470610435	0.6585170753187992	1.5973562759494675
-2.0295792291276746	0.09407100073510506	2.1106638186419477
-0.6512878967422675	0.45475214421199106	2.1570041948381826
-1.2474822734717166	0.7104978282120212	2.3309076587289113
-0.576258556005321	1.3826616778822907	2.4658268552295914
-0.6423966117750075	1.467838883706827	2.0626444423719654
0.21593575173275054	1.9265053427556835	1.1725025655914036
0.5463930139536756	1.7241932513184568	1.3358730341046114
0.9449663760790525	2.760245491739584	0.7744859309790311
2.033117257363392	2.599923500412306	0.7902622956169854
1.967610515444015	3.0687924152290313	0.6827822495937028
1.8712986717846682	3.070115183243393	0.9546580712882018
2.4638311576685847	3.2467705652488332	0.17099054403333125
1.9214327186533484	3.6039240185032235	0.14088875238363308
3.066843642367651	3.6354628906718562	-0.5204711095496358
2.7738287414218834	4.212546522940877	-0.9801171404366813
2.85310763306368	4.514686149571632	-1.7605044071905203
3.1553461940948595	5.770288827602883	-1.8757878826071095
4.031493329162041	5.70541799807093	-1.9833947316041152
3.4630784208164154	5.32845305657839	-2.0968422594647036
4.4643871237752	6.447634492622223	-2.5646680021503103
4.935204610994673	6.37471008719509	-2.29873285141322
5.140175945276554	6.530844833577931	-2.2235071492684746
4.3340665512664796	6.80351628433246	-2.2776754073501775
