1.8908923043377162	-8.079205335969178	-0.3117264848539245
2.8081246085744365	-7.6662645795438	-1.269409002103359
1.8301078898586534	-6.435506449901201	-1.4557169117292583
2.002838042103317	-6.781569452363513	-0.970070637068952
1.2819730856965468	-5.4293930730889315	-1.3529604123269532
1.209442278903695	-4.884860451668937	-1.0498241816441978
0.7653825887951388	-4.24214613052213	-0.7424312836905731
0.02867380296885555	-3.467720134810558	-0.2872004263581516
-0.22537034625656516	-3.530382840173254	-0.5603645418671512
-0.39170010300457686	-3.26383947440751	-0.999309513394087
-0.20488898492748292	-2.587682997733422	0.4651842565691813
-0.613287383886126	-1.4213329001621395	-0.6880297941628879
-0.7029986469384849	-0.3625328777098056	0.11993220450655329
-0.5350875890256441	0.5050067730219113	-0.5144411592991848
0.4699738301780042	0.3529595422562983	-0.3553043480656255
0.3236248565498743	0.677785728131039	-0.4006509671397262
-0.9169002888627866	2.58341552876038	-0.5902169478892993
0.09046753576228173	2.2537652432188926	-0.5563464333189316
0.4205049099625955	2.849048800364597	-0.9091645659847101
-0.849878961842822	4.512014087789732	-1.0081696210775384
-0.45836603492285627	4.706772942683301	-1.0013408817765006
-0.2162240638730662	5.122262596519743	-0.7397430809392147
0.49616397202987017	6.179207823972966	-0.32919207739519474
0.8262356020135032	6.7261412165535495	-0.36809260762424423
1.0465932370116968	7.4192982658591635	0.11670532536414668
1.6674912376145845	6.910384291776325	0.3157524015765666
2.568262554763624	7.066575046685415	0.8475552406460233
2.932473000032829	6.5436500533566475	1.0970825033793794
3.099315117283596	7.53444295900594	0.7541057256804257
4.7144809661114095	6.3086718716068635	0.6849821860355807
4.2480208912758695	6.025894068181372	1.4246059077003557
4.6364054418867955	5.155834423037838	1.208473076230535
6.126054016872344	4.633543202720501	-0.2391472276066408
5.2031208550875006	4.273189291263687	-0.23060129837665916
5.290839784387589	3.482996919481936	0.5060095003481595
4.8393362008695995	3.664154442423249	0.6492257125489203
5.470975238027737	2.802844048589594	0.7118713473993733
4.719058822997924	2.3885003320064486	0.3933445451101125
4.6170654480280815	1.3266134336819995	0.14215346328078193
5.1346770784084566	1.1598890265437332	0.4368037927037117
5.101826833630196	0.4385828566648837	0.4017754108169534
3.9581035119770656	-0.12333715813122337	0.7760859320362055
4.363042306886828	-0.43896816296485064	0.5789306755234569
4.579003833734899	-1.386725615180878	0.5804166037142138
3.243589176930133	-2.0122815453520717	0.7534295136690085
3.483904246429635	-2.4185209187265233	0.4586972646458696
3.2489601585160806	-3.0634588561115335	0.7177650622152888
3.5753251763195766	-3.6331091621059652	-0.1784298066842226
4.136257145900902	-3.3735339934118533	-0.17348201515568684
4.344677580012453	-3.6963845311656476	-0.9590149530458619
4.106512574689031	-4.089700069434295	-1.228574866725179
4.756746954521906	-5.482427268208486	-1.2085481568151935
5.447084165630609	-5.407004413442325	-0.8992853412993257
6.3089495767453805	-5.698052585177736	-1.4638187285475384
6.695796817460557	-5.729979728582163	-1.60365991133437
6.930576829666165	-5.200647093923836	-1.4302313383191474
7.594430194770367	-4.287482624252732	-1.283344078690701
7.371740798630428	-4.101662007402103	-1.1604052993679506
7.057655627280223	-3.62121890222502	-1.6918714607971983
8.053162217432218	-2.994481696360325	-1.9301485080485428
6.682675857803296	-2.3916796590790304	-0.7860804141109434
7.058026717844681	-2.0461717653214366	-2.174354501859483
6.3214896565695575	-1.0041774416971865	-1.7676224183017322
5.531177553583219	-0.20344927161303783	-1.9159287667259328
4.883897039077318	-0.5227800071984308	-2.0563238450029155
4.960701206434266	-0.24752020014289267	-1.6798378102906248
4.0343427556080185	0.3966875893891797	-2.842798825700415
3.65098613409557	-0.41339999094122387	-2.3693901563502453
2.970560295546861	0.039211721898254226	-2.3337487459458313
3.0010612135246824	0.18507568600728794	-2.8378212762473702
2.111270868404604	0.15996296557306916	-2.357562771909873
0.7089780977774771	1.1364049017094238	-3.2348755084158145
0.31630605153763797	1.2408385546550782	-2.4327727965043016
0.36387386034957536	0.6948498114965453	-3.025461096887664
-0.6176688556027667	0.6239280228251262	-2.985636223912993
-0.7398775394058252	0.9229305522005135	-2.8473547880534964
-1.849314692402608	1.4990529385880431	-2.8207374560290113
-2.962144931099752	2.3986311733695445	-1.8676224412108358
-3.1928046189593418	1.9282609828649384	-1.7182890004886555
-2.9453362354426815	2.534383974881094	-1.7163034087808193
-3.6817475166562432	2.375220045910345	-1.0099386495337517
-4.259386515650147	3.262757978181705	-0.5111234538678355
-3.845784497094672	3.7167626015042523	0.0220672435722874
-3.7120897144617206	4.580746296658613	0.616235816961192
-3.6287779140235044	4.6308962326003105	0.43865044987026536
-3.7404743722242557	4.7716873479424695	1.5358503443588478
-2.3621240221712583	5.029374120035739	1.71503521106086
-2.4144689342238377	5.635383706545484	1.7609280421326385
-2.2569713393659256	5.36462218163103	2.14017549717147
-1.4183917761846905	5.7217409970799675	3.1088759145105733
-1.271875259867664	5.458352688691802	3.2632249479046616
-0.5097699454193263	6.422702150491378	3.1333935712813465
1.0175859173523214	5.807171649185539	2.96164576562488
0.9800006150655933	5.391773489152126	3.390959562761328
1.8327594015111983	4.89442415625271	3.852332082307064
2.308373873786076	4.739156561943804	3.6795182523736107
3.6384116077293753	5.07848681280097	3.316061799001436
3.858869086284759	4.399753471997439	3.919919779039386
4.254852500727033	4.2526834789394385	4.09991813009615
4.900314197558365	3.9509077699459936	3.7938450460023745
5.774606088043576	4.26274935388432	3.360524807609851
6.1429693279379585	3.4572201421331132	2.889075740355194
7.192270544096983	3.527445907064876	2.9359120419297695
6.971564518785977	2.8432806907877213	2.364651375102264
7.446246723252385	2.3883960303361413	2.682356650622288
7.607976871023052	2.7765069931302997	2.151049691112015
7.628363337356172	1.7292988705191124	2.5559747708990446
8.442021751496847	0.8439972136853664	2.6431726183977045
9.020516440356234	0.32745955128240056	1.9680673154232355
8.209018500638276	-0.4746340773527924	2.978761971758134
8.284680216276236	-0.20928409607414689	1.950168024423738
7.70256328222606	-1.8165741848573453	2.237874709476249
7.33123844381912	-2.0549991230992206	3.0571945230536848
7.049743335013665	-2.4097779610700747	3.056859658419598
7.036905610569381	-3.6300176542483733	2.6294836380392863
6.792258339166079	-3.602792167064772	3.199720149177384
5.706997967922567	-3.9242643725242847	2.3694810269186295
5.1521142855830515	-3.7946176794419695	2.2494648524566347
5.21711053228741	-4.501615216999989	2.5836583205086834
5.203536182023136	-5.430911790760141	2.5141259393499955
3.991115662556119	-5.7886775466425275	3.1415152290905946
3.1643581475908014	-4.987286848763333	2.5492867104994374
2.8385720076567784	-5.358604663745279	2.1385773664100274
2.453116003916571	-6.112922019662201	3.0938722106221404
1.0407943925772334	-6.01345273244227	3.300230891636569
0.48629144294512605	-5.6135300489404845	3.042103316630323
-0.10972911323844114	-5.8539663982944665	2.5131189332866075
-0.0590412200631103	-5.636197650480412	1.8910890566842742
-0.8462110983126144	-5.5195224175047795	1.7737952976110447
-1.5132827563978732	-4.733144551194355	1.4540472581081
-2.707042741974109	-4.455747982484752	1.2299062756828723
-3.0876044097222364	-4.448502185269491	2.4306279467463217
-3.225960246061344	-3.6914911239404113	1.6065125277649002
-2.8735646875644987	-3.4720466248235233	1.353813175338561
-3.249030430252824	-2.8547317680077904	1.1554228710572783
-3.187681788894031	-2.4183351706098737	2.2199604832549964
-3.4379874375268917	-1.7466619724731753	1.902324273682314
-2.9363433906847205	-0.9767220472112919	1.9261317966650382
-3.2379840984689925	-0.19607874695971472	2.007927833558164
-2.092449988076992	0.3349573824116219	1.8037426283022835
-2.68292975209083	1.120509119639112	2.16479399926303
-2.238909058749853	0.8723398810849112	2.416041438840314
-0.8586462025361554	1.5936951375870556	2.168813768517124
-1.2286885617023895	1.6099236635651488	2.276099317139081
-0.10689595482988545	1.9887580481211722	2.73032504848886
1.0520113723705022	2.1132879253291037	1.7254844104741724
0.7649709532931154	3.0134306777884112	1.0489917066865688
1.2470962522516582	3.0579895875899417	1.5115685013275022
1.733921182997972	3.895254117593717	0.14446217542323897
1.697262656860451	3.6646044474463033	0.28018310432615245
3.200733107152489	4.257697945876636	-0.7847066040170478
2.660843072410745	4.368853289262333	-0.8895290828523252
3.408517091611829	4.77433386021115	-2.0312533613918236
3.1727200141696237	6.173523175321381	-1.4637375498202365
3.9149846812387876	6.026751846455213	-1.7605986895060093
4.494021666952127	6.929096943002238	-2.293479415459032
4.3494074908805	7.026349797159045	-2.246255047398579
3.8464033617493945	7.565580265731581	-2.3948425992212132
4.409042271392619	8.847746041018775	-1.5814305122450385
