1.8489980153591727	-8.034130260794198	-0.37489992378060055
2.1026255489017784	-7.043517300399179	-0.8423987960366751
0.5661712209423899	-6.213139703131062	-0.5922427426773484
0.28632791779322886	-4.386924295150344	-0.28611343042197457
0.1670663308327301	-3.1266848740851954	-0.3979731833718263
-0.41848489120097043	-2.6337977812458973	0.1899527649370154
-0.5382831077904437	-1.1092875207155628	0.0619435604610038
-0.6354661571177266	0.9145496190183362	-0.3503987433880235
-0.42233731767065297	1.7249679839112244	0.31277495343451556
0.06043478642863476	2.799706320815833	-1.1119722673108596
-0.15008437272018582	4.569832962641362	-0.7829834695427558
0.1448575639296656	6.207964198840785	-0.6355903127882478
1.3435140914604131	6.211029334429741	-0.16308825103604402
2.6716691253670315	6.596067047391757	0.972323830308153
3.3430839716392717	6.541921869782211	0.6690820492612523
4.194304641365582	5.995898260779189	0.7148824627381977
5.451701440348617	5.2498370660181735	0.19369692062873461
4.8964964798018125	4.449544216928965	0.0009913452554919933
5.325227771890566	2.860304339936614	0.4564492369081278
5.236038066628523	1.4312079027460676	0.47104581637190807
4.638965278802523	1.0949499437297627	0.5110117506271714
4.194007264908468	-0.22086144068946367	0.6514832294708681
4.0975443052462674	-1.2880327517429373	0.8553284381496893
3.443276596020966	-3.0450318007171417	-0.27720336410956015
4.483212944325814	-4.248188252283521	-0.6428660810442919
4.452472657506109	-4.199469244768268	-1.1471220591644604
5.474006806037399	-5.322879810860953	-1.5058808301895685
6.216618869869532	-5.601983529390941	-0.6464033494793655
6.73046775377749	-4.580715962420561	-1.135941830524767
7.261963214862023	-2.7694988371953215	-1.2016137816314836
6.744716898271914	-2.3764299544558876	-1.5260769358991484
6.691198369724292	-1.8638589651265964	-1.448417882580442
5.713790517806358	-0.1630165112994748	-1.9687671627168033
3.8091391163919646	0.17818205074853988	-2.397306869449342
2.588135797041671	0.05192466608868751	-2.5151229171714986
1.3040109383270768	0.9820529888005178	-2.1705216801034135
0.27994237565840924	0.45844047338885907	-2.1292374290497555
-1.1249866292944681	1.618367575721166	-2.9107565637191994
-2.222103022905944	1.8137473100338999	-1.973473795760602
-3.5554467345582723	2.70386833243476	-1.7783541258148325
-3.776445861405639	2.362470852195921	-1.078322904580665
-3.59520707357023	3.251751453657791	-0.2917129974579756
-4.037241899255059	5.140369129021678	0.807217211601609
-3.164125759479633	5.006819204215489	2.308319711330406
-1.446485115312643	5.5819907247710505	2.5425031219821825
-0.9116418752296703	5.6593291774105	2.563129601546378
0.3581815398089519	6.216533743806476	2.7422331598685235
1.145407542906121	5.102014299558463	3.0335820153130006
3.164079915236099	5.101144298544552	3.9486693185585864
4.015334036154632	4.55833067707888	4.004015256598847
5.432038688884841	4.0772519184757305	3.4548495923424696
6.526188734264927	3.5778065222248885	3.547469614952476
6.885314493759862	2.253722289938938	2.8164660544815434
7.680992297392939	2.073156102410345	1.7291273115855188
8.897874533091425	0.0021213025171807065	2.352068995949119
8.007709615448592	-1.1594483778023141	3.0244965357834728
7.612816543762251	-1.9609375183773556	3.096680458069652
6.974270102372434	-2.8323672483046094	3.1478927967302153
6.674412485850249	-4.433283681240204	2.84667628140282
5.626133876796217	-4.500800248033614	2.4951720876683545
3.5002379345433265	-5.421192472373054	3.1933330195061678
2.668868280262246	-5.457761783533125	2.7373485041607317
1.692779949959803	-5.920584256681386	2.338039323932589
0.44880206854417526	-5.671470943227038	2.2371159648288406
-1.1626834792746181	-4.850351692788877	1.5755503935371036
-2.73106186847315	-4.614539703875728	1.5380060930449575
-2.3565549380271498	-4.279537279529009	1.525316341875689
-3.7122906591909404	-2.6360847337384157	1.4498539252686673
-3.0437047139960924	-1.513031625946018	1.4686908498036138
-3.0549830107783857	-0.39878367431868167	1.9540785155329732
-1.392188963873381	0.40252796672053737	2.0952678853671385
-0.9990295423106814	0.9920244004402832	2.906646775838219
-0.3038176306904759	2.77709411531695	2.469550000641685
1.2015945230578011	3.5287341176280576	1.266899780790081
1.7849935481004757	3.7212023852062974	0.13583244613253037
2.146128184976352	4.767163185991357	-0.10073964662472723
2.5792742461240383	5.244398229468209	-1.0659262547826085
3.4559861030944368	6.342286201462717	-1.8984002066807661
3.8928964659619414	7.549926888713629	-1.85720691167535
4.6390373268456075	7.886652615403296	-1.544754859283918
