1.755496926728712	-7.6627095109768195	-0.46639039777084845
2.0800871900102686	-7.6605359296265885	-1.4488829818475377
2.3992409504872056	-6.830688209653341	-1.0975772766639258
1.235745601364895	-6.624475240771101	-0.318564803856036
1.2791649782854277	-6.211409689746969	-0.5874558251434896
0.7781769618246216	-5.309136433777404	-0.4686814907921786
0.6176081944727844	-4.367281158473768	-1.3940418293148271
-0.10357577620615185	-3.446186591914106	-0.7992134674829177
0.7030109556804478	-3.8784001025288117	-0.8148569958217722
0.24900615466061687	-2.805486770823829	-0.16792591466851292
0.13681323159026493	-2.4724547995391752	-0.4502430671457556
-0.3796360314192406	-1.0178430698412886	-0.6411482896961547
-0.46691186940682117	-0.8954285118514188	0.6491108687394033
-0.5831770266963758	-0.011910006847446919	0.2343265147390251
-0.6404449422107257	0.004888176840960726	-0.3917495348811067
-0.9263959068584506	1.5141048956233294	0.2768354319284979
-0.5230344913231701	2.004589101178013	-0.5686727545028663
-0.5131898612200892	3.2060783284269454	-0.5247816897298431
-0.5710858738326823	4.12587757755563	-0.8364973885853824
-0.26944044450277493	4.171406202762991	-0.297156916064389
-0.45922416920538306	5.224207805566012	-0.5942197829665724
-0.0012876060895407049	5.58819611913092	-0.5227248697483049
-0.03862897060569537	6.2357450723477355	-0.033817458207859974
0.6409182481706708	6.319158685310049	-0.520219803693329
0.792616217319892	7.4156175746113	0.11778217937283886
1.2868447576762012	6.969470259390762	0.7332892053747809
1.8296252905542731	6.61001595579332	0.5565639545881085
2.4660757642926727	7.178807707892908	1.2916939483332146
4.173352833845818	6.459474564993716	0.40398269526706065
3.882972046618717	6.775360168852326	0.3572276374456892
4.253363810983894	5.8062248883159615	0.5871045888580022
5.199053383531437	6.004267654028481	0.5209536312032236
4.773720244969833	5.755705850006887	0.3700524867421875
4.9566955910165955	4.2952947406471145	0.631894128583383
5.439887999975493	3.7541663263958553	0.37387121488788516
5.451207160769751	4.033877884721255	-0.27018118980053935
5.691011019409741	2.3636341878507023	0.0381961586547333
4.711808432507706	2.1783561376617024	0.2712863859013678
4.173567801965957	1.70182949962686	1.3486652376906485
4.734540530123401	1.811204663639058	0.4138129066203299
3.8629904789997975	0.8635910799005121	1.00083599025828
4.104611443185357	-0.45269261322409515	1.2415104487548474
3.5919108714119763	-0.4834188874862816	1.13434319468429
4.480757634820657	-1.3585596011755867	0.5474773784322418
3.827792187408053	-1.4249462069821341	0.5178086467620534
3.542209695622896	-2.0576155589598404	0.550056083692197
4.298936294717815	-3.1995627105532853	0.49707579131092505
4.368222518162057	-3.363041119658169	0.013138353662901392
3.4422275500727637	-3.609867225918024	-0.8915529848996793
3.928856068126933	-4.4509407199715705	-0.03437655545373719
5.074884940130089	-4.8544487858267535	-0.7283110255666545
5.4480858431579655	-4.8402751551721135	-1.077274481291953
5.099043402270732	-4.95611465179069	-0.8370478480926778
6.729936590172152	-5.423055383987361	-1.650471717855257
6.343181677722433	-5.093259733202861	-1.5023020198876662
7.361126386991307	-5.1032293166259155	-1.0253080491406128
7.1267890830279494	-4.223464888743782	-1.6246224228961277
7.399455951811447	-4.3768108112016755	-1.5014485467279284
7.426293687686137	-3.6721780332242755	-1.2350003532608234
6.832231457891057	-2.155913907982885	-1.2027198267384516
6.710491005079556	-2.5187553828667015	-1.3651051081200278
6.701446259683737	-1.253687026095974	-1.883333985443578
6.088495058511599	-0.9754754810076174	-1.8448511776536747
5.807157191303433	-1.2224037252918518	-1.6364365478695557
5.386241696385413	-0.504536904472972	-1.5956630629176285
4.550918335093896	-0.020411283495853527	-1.9501303019138265
4.4046717342578425	-0.6139949307193534	-2.221634751069073
3.5368493487055486	-0.02872284629413535	-2.452785884953972
3.5013407030341	-0.12061647901298023	-2.999545406562113
2.171718681924861	0.7360522009118032	-2.23747934897154
1.4986968458778898	0.10207370789452291	-1.9969902935405166
1.0913445586077544	1.1977411356550514	-2.83485997078175
0.8221194145499411	0.5837108394945902	-3.128982453495868
-0.6543991746734561	1.0985558994988365	-2.164069133693643
-0.5607369333838745	1.033652270940892	-2.7852789078350737
-1.333160900503181	1.335936407722902	-2.1817192296177703
-2.250905776998482	1.1355455534269265	-1.6746377367870973
-2.1147903644525625	2.106739063276305	-2.416120180446337
-3.0972854010760296	2.3811169280389843	-1.8368914083249157
-3.789516899114279	1.7833588504354358	-0.9888827654743897
-3.414422481229278	2.72979181737633	-1.383134662722381
-4.068821852679927	2.629597940549456	-0.20766937004701902
-4.06906670489547	3.4777792667003995	-0.5222393452669742
-4.246688157891009	4.315072675646152	-0.0691242009182443
-4.087692943717974	4.900403912505649	1.0569611181482845
-3.6038998721302775	5.448249119260108	0.7639268426878882
-2.7627785955680717	5.356655175511086	1.4049306950787936
-2.1124461920910163	5.516206040682912	1.8850985439498325
-2.1212939416581706	6.426555703690003	1.9323606936248394
-1.8645890637826568	6.216682762104561	2.4869757227173794
-0.7543321566803897	5.488933986988872	2.341559483126208
-0.24807396684581462	6.249520397920986	2.810708783816123
0.16749994150332737	5.266579240563032	3.207746347386438
1.356294049659794	5.754457459504263	2.874094147654863
1.881234149648841	5.02386293723638	2.931031888559356
2.5082544761510333	5.172575470747687	3.878399506355226
3.3881328352396594	4.705419078989604	3.135521082977564
3.1092800089469574	5.384533698130455	3.3987730849167503
3.8742561289463673	5.077346899933326	3.8259169417352137
4.564706562086995	3.9330063654699323	2.8323358556486355
4.935999875781369	3.771741145281573	3.6738004519846275
6.319372650059121	3.570388581803465	3.323800560988265
6.726420494495965	3.053050791357297	2.676641104228652
6.828278237537329	3.4462324593185505	2.7784553155273866
7.136348145678278	3.193426910667013	2.0913254030729225
7.1854579764029936	2.6791893715545667	2.288183012877593
7.523165456806825	1.8119488214370263	2.0518601991398726
7.71871862352399	0.812379244729514	2.163206137057467
8.116589477532642	1.149356139540626	1.7718762396344192
8.222142008430595	0.048908990001742314	1.6895266124819928
8.687243981006208	-0.5748687469090494	2.210715507516577
7.739346959181802	-1.5607904643453994	2.7893876308713064
7.425802684012072	-1.9303758963442768	2.173144367683094
7.581082708117634	-2.902258175726011	2.052285947177452
7.422760949151745	-3.400158524401154	2.391796061243102
6.416902935553911	-3.3746046914137713	2.9066921888640307
6.464781539413936	-4.113851066362216	2.7175821761354557
5.163161252704834	-4.938143940650834	2.978203621941624
4.691221924940981	-5.1099050530126116	2.6497061333062897
5.044396473462023	-5.321194427220934	2.9293513665623854
3.5609895316423392	-5.615194369205034	3.0545578290425137
3.393273705011172	-4.756901785614175	2.246998830492347
2.1988240899137295	-5.753938747304829	2.710313878648175
1.5165688605302887	-5.759709798076938	3.384943510461735
1.5519709628309362	-6.059098370212204	2.835865489011445
0.42955465060824366	-5.538081467973077	2.6526149104325523
-0.39287320208974774	-5.036039188661975	2.0268380795266943
-0.5269393868050796	-4.940137352974758	1.524277259632302
-1.5696088873517704	-5.34447671052312	1.8873721319085657
-1.5422902994080763	-5.665207263824374	2.3879000787676707
-2.4333654385593633	-5.065775637128372	1.1577532539092115
-2.144684554770687	-4.813151549944166	2.00446374828247
-2.6141117602109043	-3.7434738073483746	1.3097161919238003
-3.5660529011895723	-2.7539001674165164	1.6710709129888266
-3.837634577467758	-2.257960902690417	1.4422490740661802
-2.7468269844861224	-2.324802153316081	1.2457972431423237
-3.5171275493973164	-0.7672617295769262	1.797360594050574
-3.636264939764315	-0.766187176468334	1.6434197432580009
-3.352862105080292	-0.43138497685155386	1.5907445628358658
-2.914725968132825	0.5413315949404286	2.354443700364795
-2.5063011484881685	1.2488826462352904	2.141224662996408
-1.0773725982060467	1.3196745233154479	2.078637720962226
-0.628593867080558	1.2644864755716143	2.1987399786798862
-0.8543827503429038	2.1457327064526655	2.262716459680924
-0.6045198340461765	2.1449971749320795	2.888450882725007
0.738208150060753	2.685370855608163	1.8740020558273582
0.5498990707862477	2.5026599389556394	1.5469510166646607
1.5757859938014067	3.691641620376001	0.7766458782931656
1.4073601536669533	3.4769983794374464	0.7598495461062267
1.848760156940298	3.8348341058288766	-0.23751519337727484
2.0314388242769494	4.1496399374086765	-0.42801860412465564
2.4761256155224265	5.444712394969789	-1.0943704074860456
3.154501963787171	5.935168475151695	-1.8292136336807963
3.8174977172469156	5.6373251891474085	-2.028758026818269
3.5895767072588	6.185054509163695	-2.342493636324564
4.099898761194071	6.779261234996303	-1.58663718814679
4.774417282154146	7.045377272074463	-1.9727083672748829
4.814482194978238	8.103805447214315	-2.2609924905073018
4.343121890464042	8.458772326089344	-2.2478922013065334
