3.612114241070267	-10.22493247879946	-0.7174421184656614
3.534831330297287	-9.810988852845222	-0.884022449043016
1.8416471524767706	-8.817377483434534	-0.31473126434881915
1.7387030984939666	-8.3518463312124	-0.7546572218507988
1.2407619796183393	-7.654672785614739	-1.2329471177435212
0.8678721249272999	-8.28673828353493	-0.8198528982563823
0.4047857410007224	-7.931333149861995	-1.0886060594385893
-0.10577799652187281	-7.181707835706184	-0.24163311205178362
-0.13686089779415433	-5.857242564031918	-0.6053328732136976
0.4180241591898499	-5.5849344860645465	-0.6503954495304745
-0.7433445443510276	-4.928071355718656	-0.9056703692794017
-0.5644691794206007	-3.4307815450450474	-0.7452397976224366
-0.5125087942581797	-3.0314570944027417	-0.2911567691762489
-0.2576969606160767	-3.0980450360426985	0.12412775081584382
-0.6690822817287927	-1.6771899205276397	-0.6476949246769299
-0.3737866334098866	-1.3142979685430543	-0.4260976607934943
0.11037788331435694	-1.0675610831684992	-0.2728889266085759
-0.37801042357041714	-0.40023333129555977	-0.26204914777645183
0.24588577216737262	0.38551218447929303	-0.5966301505684442
-0.11450520880304282	1.8600549098035262	-0.7488943118626907
-0.002690658943294788	2.696074038251699	-0.9030029632736911
-0.24043435700186722	3.2228006579366535	-0.7834094217583685
-0.46959139391241145	4.296606902537393	-0.30439389591053845
0.08587208457901191	4.2111553403060435	-0.9957125819300606
0.22541159235127245	4.7394603360579675	-0.33748288011783456
0.7401307036982209	5.909834837883383	-0.5482786955421075
1.4337221372156668	6.129203312442782	0.5414521260125741
1.6264825404951024	5.656264070724396	0.294512978046853
2.3993966424795032	6.904751132159981	-0.05979973930363401
3.347635492694887	6.323240868313808	0.15407992353315864
4.332680642919719	6.115616776510638	1.0714845648227052
4.0749864366441235	5.34146641660429	1.3014974745594992
4.9805429648209865	5.836469312459486	0.44478577596014657
4.9889738797993495	4.9957605824513305	0.15162668662208334
5.2180339956328385	4.559210814159831	0.08134045909783622
5.025415725905302	3.677996228298105	0.48148255738086976
4.97215974183352	2.997222924832554	0.7505779082505264
5.668063860190175	2.720878778674482	-0.4011338305173906
5.658149706889196	1.7480502033872272	0.06813022415155101
5.559604338424657	1.0976776413939406	0.4111900634676431
4.510579359559827	1.1540712517428124	0.5029121181625057
3.7933855163210857	0.624618238408135	1.333667290571264
3.8261158081853486	0.706352692535637	0.8978989819054203
3.9459710513052175	-0.9219700958644369	1.3576708475057442
3.268857581803342	-1.5989096279738093	2.0347652109050904
3.335573975827393	-1.5987166692769745	1.3129034871064142
3.268799316955714	-2.5884708231261544	1.5573266147539675
2.4652058869092293	-2.9087980530997712	1.5005856637641743
2.1996529986949542	-3.10499193838948	0.3919353495464397
2.4223707868698505	-3.6985728752432006	-0.051766615025400864
2.925372021923171	-4.482485848928362	-0.15600440487058492
2.7137004482889084	-4.831187481739538	-0.5927787785251906
3.1855090050079555	-5.543154796338124	-0.9480996601298163
3.065811279650359	-4.852157317211552	-0.9201231792540481
4.695943141967299	-6.436856582427031	-1.3736147388574815
4.325148643291358	-6.245795405455156	-1.0417694344483799
5.305720951729054	-6.086413393195844	-0.9655960554298126
5.614540444378015	-5.566593591135142	-1.2967103156386202
6.144716827245147	-5.36515165954148	-1.727751978433648
5.657728277713623	-5.002303574828152	-0.5649888748851173
6.124015244602626	-4.638194930891585	-0.7624020185868476
5.702043519518478	-2.8802231020618	-1.5257837936375784
5.482046048410637	-2.54151560282937	-1.7464416744453448
6.11783185398266	-3.1208732390366927	-1.4089648101877834
5.849422333862993	-2.0211793092660537	-1.7167018393881248
4.422386475262261	-1.3055633434670686	-1.7208208502364584
4.408041204130793	-1.6550510014046087	-1.9562578363027794
3.725682167558053	-0.4995958723927276	-2.2815797513073712
3.3230801207893035	-0.9206673622969681	-2.438367760813539
3.001668378529337	-0.9733032215106965	-2.7565642694973316
1.9624952803428406	-0.6127882428353117	-2.2205554022624803
1.3932297208828621	-0.45411948541450237	-2.528469141691591
0.4695713651436608	0.49206471854144235	-2.3314321040942154
1.0164449842651904	-0.0762974257620849	-3.3576679303278847
-0.8973281136230764	0.14221927308820062	-2.427723641322933
-1.0077215413884557	1.1539228599943976	-3.2106490465827733
-2.252698163674069	1.4713091478880367	-2.14134033080321
-2.6769974783046546	1.8116721331149168	-2.4008858482604016
-2.227361090166892	1.468627696166079	-1.6905065219847306
-3.4372820899092087	2.5048633925342836	-1.127278075671971
-4.086046765330788	2.79990490897222	-1.3625180522248233
-3.1981183733061282	2.7927056321293495	-0.3398602203544112
-3.9991709444300034	3.162058990866202	0.5350674291745664
-3.5358251965514613	3.3528931786636003	-0.17398629456665188
-4.184488488026818	4.75171806532509	0.6778128467218862
-3.678800699360429	4.194526596181737	0.6984711925091658
-3.6189949746681247	5.27308653328072	1.5148197177504739
-2.437009148218956	5.17177059220291	1.7780868095067388
-2.5128740358161585	5.291555476540075	1.8111098684948812
-1.3646652239228576	6.187100193740067	1.996620214159137
-1.06657845365354	5.673240164866501	2.838302126349989
-0.06085611564937399	5.656275684242645	2.316947454696775
-0.3901298552108112	5.762537617496449	3.2292511389366543
0.8997345608773908	5.626312720520093	2.6773330785754514
1.088430030910459	4.799039033243702	3.2719144617516926
2.07964400674485	5.046362172000849	3.735433932872537
2.3484437223880983	5.559275422120832	2.950639910678819
2.8622351233403984	4.165373633219041	3.920666996848488
4.293368251801241	4.709015627914352	3.305382637944511
4.228410421907624	4.6224929853712675	2.9186666170564783
4.541835154159939	4.421647624175939	2.8037820495151906
5.8118055892712075	3.377801235427339	3.1193874408200437
6.381261017073669	4.116671939663764	2.6759821071951047
6.228465360836457	2.705047517578456	3.3439674991312476
6.898311392713166	3.4693645653328096	2.3744354892306654
7.775640130006816	1.7643623779317956	2.101372477204484
8.055415873557951	1.3748205079896638	1.9593192920233764
7.846506427798656	1.570940801310133	2.137976161166475
8.32562404837045	0.31317171494393514	2.2072523134826922
7.868580491277352	0.4457494908881422	1.5714280909471885
8.374741973686518	-0.9850997463969212	1.682547407937606
7.780520805334516	-0.5699589697904319	1.440787326395283
8.317213113609684	-2.1830458263327377	1.7703744514729767
6.935148355887926	-1.740227710539798	1.7316167711549544
7.350329408937203	-3.399705411632489	1.7424849173626378
6.279719821707382	-3.6809089281550955	1.856488844298125
6.609502656778158	-4.415611559432649	2.1912598209102208
5.665465871480558	-4.990447758977593	3.023319423415128
5.432167529439592	-5.575840269142021	2.550035607388444
5.37243432822522	-5.294306319138531	2.209365430906104
3.9262497700049703	-5.788237306253364	2.685442073298237
3.2300736176245977	-7.001646940824958	2.7052695645691647
2.9829012298340314	-6.994549916221005	2.5010806576616456
2.42636411779489	-6.932635628234691	2.3127017977701048
1.5066549662597197	-7.2066345572709185	2.7829540125148897
0.6039438576891712	-7.343965708571968	3.1618678948650496
0.10514222488488037	-7.092348512296642	1.8080984785812413
-0.7782611565992359	-7.021458061845815	2.146443674429637
-0.27321956846372375	-7.833798405401064	1.9595474529911847
-1.8098523447246133	-7.495388986176616	2.435562078599639
-2.0771000222518516	-7.3828813410313865	2.385674143830126
-2.104180456527158	-7.059349801311659	1.3517073516296727
-3.581967234889773	-5.223612558763362	0.7466670615760156
-2.7095025340735917	-6.138979919705853	0.9144615614694812
-4.211175978793806	-4.468620717846296	1.2018737334936438
-4.181986165685449	-3.9193512491236793	0.8107515758108372
-3.727936080631455	-3.4982617088974246	1.2178963618044762
-4.333076064468422	-2.808508610066954	1.5807451580043437
-3.8090947839773586	-2.8086054575692545	2.0129898993758695
-3.5069110447577074	-1.459176303605693	1.7621862089484335
-3.604580177691588	-0.8096472868348925	1.3390617789632882
-3.1280424524749812	0.078178264501785	1.5407326864713784
-2.1902552473308474	-0.5950878007041261	2.193356397966025
-1.2540454562102215	0.26634205949224743	1.9494857636480254
-1.0011323267585903	0.4546689549754322	2.5181833158792335
-0.34003560836602753	0.891107303368421	1.6470828635008123
0.43675354821331425	1.6723434999442612	1.5213748889695853
0.32228024878744355	2.4468300006609693	0.9574415326185414
1.1159527909173854	2.3388005808253673	0.6890170236848033
1.5399361362850135	2.6397754078598403	0.5321578940986059
2.0535552540468625	2.6663757551107135	-0.11906374848335449
2.206877267395366	4.195838367051557	-0.6029441099815398
3.0413643599706757	3.8426005136225636	-0.26512951821329667
3.385948556072902	4.654980223159905	-0.8994279292174655
3.3667735122665485	4.662573059363375	-1.5877828407741743
3.76831484325647	5.771624236656683	-2.09539567700383
3.5708035639947053	6.11928227570056	-1.5450767368688783
4.314511067868686	7.25102335597765	-2.2680266028191634
4.440691400990095	7.434650340525905	-1.627445652526388
