2.5123039485051546	-7.922568706166302	-0.5363127290630414
1.649290103388636	-7.055889547495413	-0.5713360167070909
1.1050915735183806	-5.534887786836861	-0.8033529990599937
0.5553438382524328	-4.939961809153851	-0.155378690242725
0.3788804103060756	-3.1627441226715955	-0.8810566064543621
0.7123976461672545	-2.6156017263582734	-0.16313374124262925
0.1367064466627228	-0.34952954106784384	-0.6275884143444732
-0.5243006242749972	0.7562134459295338	0.0650600513014229
-0.9261134473987331	2.04544910603774	-0.5364791776200759
-0.8138021177258811	3.3024836903654324	-0.45036184640795884
0.38830642081900246	4.217071820650403	-0.8113637618224465
0.12877064306686198	6.035344908170298	-0.3929098479067492
0.7127769511747194	7.517844481592116	-0.05497523740413801
2.3134006718190374	7.269607456273622	0.5603015654291545
3.143482687735008	7.349028954850472	1.1544187460095043
4.15907919005839	6.926250326538982	0.7618262629521411
5.299964124790987	5.660105543366629	-0.23153452328280988
5.379675857778412	4.048018575286272	-0.12955724894582632
5.5999376008370625	2.5264295860585504	-0.18557747573173244
4.841044660201225	2.0942871776802647	0.6429770506616075
4.096868784490774	1.263844969671639	1.1885051268503084
4.509370368524385	-0.7143146059834313	0.7810606665559009
3.1568614401182766	-0.8569223361406675	0.23450878430018185
3.7020300360559273	-2.17960587460079	0.4810974019578117
3.600220575341515	-3.638887067288608	-0.4754858386327809
4.1166545312269145	-4.417099545596109	-0.7157332714807646
5.771787909956536	-5.323579136368916	-1.2957749268893248
6.745061540301077	-5.8416608679560795	-0.9032346719467222
7.277049084550942	-3.973310789092186	-1.059005777701439
7.2585729837450055	-3.3408071399460275	-1.1177794241264258
6.779525836409284	-2.646106098141724	-1.3753581095439136
6.088140845336008	-1.6577287669536827	-1.459899388084814
5.3917991262956	-0.6218361789528362	-2.374466752377656
4.095527032103395	0.17358630764866367	-2.420516313260753
3.0389238619913743	0.9856339867970629	-2.8030959920107983
2.353670384582318	0.11025914028340411	-2.5325342929409347
-0.0838123338575697	0.4531622325565997	-2.0227458977315136
-0.42652156745491565	1.4027799784693487	-3.0245149378340375
-1.6030923135712307	0.9156441527308753	-2.6738612720679793
-2.5074145843168782	1.578168680571894	-1.3608588963168962
-3.789865290131619	2.5612289950480402	-0.13835650569823654
-3.7508065437700076	4.094167889978594	-0.30691755578547936
-3.8889779858040345	4.307616831499161	1.1751272129994443
-2.3846159784415635	5.468823989574897	1.3511964126828355
-2.332991109777302	5.812121532701579	2.795041908194502
-0.9745841295440801	6.086477732336688	2.793336101910063
0.2703660999518291	6.409297073687928	3.1007775440992478
2.010600059298681	5.240300784125258	3.918020073878413
2.8256954503879146	5.663237819241324	3.2657629620681017
4.901005715989982	4.25500331903969	3.1324883670692727
5.466539117929355	4.649135110019406	3.317673735307184
5.9556211720404235	4.090232750035744	3.104469922305893
8.110789931868112	2.600004585260534	2.4929354323184936
8.078088383741239	2.1418119594917764	2.4114558115344815
8.087920571410663	-0.05721969942654817	1.7298866854589106
7.768087018800738	-0.3002097062993656	1.9035469874534447
7.5829525847328325	-2.1270499199370376	2.2691444480979843
6.90447491598496	-2.934259335747574	2.6443603172311674
5.754693761137157	-4.426984527151061	2.7432198140923982
5.514103894193891	-4.934244324241715	2.328751654565177
3.406581682443564	-5.060348232386252	2.6220988284980153
2.274824873951048	-5.993093289214935	2.935576543290434
1.1068709072471488	-5.111916516073171	2.0635973608296743
-0.21606095157560312	-6.308310955280199	2.6952440170025715
-0.7775459740425454	-5.249173595288909	1.6486447545340526
-1.3769946196147524	-5.141258979509267	1.271739802857697
-2.9364670545980056	-4.123090447048302	1.825404224310352
-3.5182847056592834	-3.29095201948626	1.6545298544906037
-3.791513669310677	-0.7774012617019854	1.5457871630214763
-3.0874381136519027	-0.2663208304389322	2.3728884342215695
-2.270491323891001	0.15936056553163502	3.079732607631356
-1.6456901389495429	1.4200022157954173	2.8972091472161585
-0.488443655722714	2.2954084834719315	1.6722701348168303
0.4235460884429783	3.073245856893805	1.118002424967679
1.5895672081673289	4.307486614913721	0.17036924395021036
2.381762286831399	4.046834394803179	-0.26186720648625095
3.0982459853399216	4.852605239126002	-1.4346643429690393
3.052390545423184	6.016896930598602	-2.4348786504616537
4.510897142229507	7.025024319384507	-2.568895196923842
4.348252489639358	8.313752655762833	-2.3491388936472246
