2.942408516630877	-10.31704673050551	-0.5211157331791227
1.9513166528343628	-9.04608153851893	-0.8289149610352444
1.5566349416624208	-8.635643992459777	-0.18946821582700335
0.16138682934737333	-7.920999177153394	-1.0739657174653225
-0.06391902531015359	-6.6740433373094765	-0.027430810304380993
-0.34680742100856143	-4.281488939032949	-0.7566175662439717
-1.0959887060299387	-3.8124966422961073	-0.032304677722886366
-0.9620371256241493	-1.8865500100117614	0.19932284390826926
0.19933333010482235	-1.1550891390083047	-0.2953384628296867
-0.6212617697218452	0.7944517163578648	-0.22028964370890525
-0.08608248297133336	2.835982654659614	-1.1319288931915805
0.19995249128271608	4.007478965181544	-1.2088558536477476
0.7925533450405889	4.788726010724467	0.16691857293598844
1.5279745890402872	5.897539194584451	-0.046553031959218505
2.962123358271792	6.914436040231687	-0.10235205072698071
3.9846475615634462	5.825744274405362	0.6550279615695789
5.042326408398033	5.9552762067066904	0.42497428270914517
5.06946712522655	4.565869305323556	0.35306366474531387
5.988908330105502	3.1992419533803407	-0.29264547123773427
4.997509209902532	2.107969189710299	-0.013381831316809756
4.1338299524761934	1.730678809772776	0.20528616557479595
4.100148888913516	-0.4502336284601697	1.7148246873744357
2.6989246418003314	-1.41474180612125	1.2468130915174835
2.5429126214435143	-1.5355136827199627	0.7575206493741344
2.150437154379449	-3.0909222180225306	0.6482277839278408
2.3847162793975243	-4.242222226822508	0.42453277198041794
2.753783894166464	-4.900763418539348	-0.7299639707504871
3.3995324201342503	-5.863514365265216	-0.4953373851513807
4.414989975644484	-5.632404974844379	-0.8255505279823196
5.236003113050633	-4.703481539725309	-1.410414818283845
5.642464218603772	-3.385683217085242	-1.809654200221594
5.585150122492243	-2.5910215021602685	-1.5171326969930796
5.483199428773003	-1.6411423973391406	-1.9745926222325612
4.643315127454619	-1.1055239411485835	-2.3897712500336237
3.1973262701117324	-0.5220485965473065	-2.4250495940040064
2.01053500712326	0.3538834045520737	-2.311279372408165
0.6108947236587482	0.8972670840194505	-3.3826800631191403
-0.8775583879309221	0.41165950848877025	-2.647727930529668
-1.2429361984285794	0.9510533302262689	-2.761938501335527
-3.0847986540507204	1.8899492215241038	-1.3329545417458109
-3.839511742616479	2.1463848772737784	-1.5617572374371915
-3.5799056926536306	3.4983348089966095	-0.7006803495376165
-4.111046850460482	4.760230183171992	0.7556474684118987
-3.4631759955142694	5.203417564671263	1.5949174378861075
-2.5923961943732774	5.59190932410234	1.6139199572101584
-1.5317525347986627	5.5208051333379675	2.91408873997952
-0.27134585960189855	5.4092908139609746	2.6481110930416003
1.3838395945521167	5.786715083970146	2.900647698216612
3.384511315857554	4.759614099210908	3.128943598720149
3.8489020469837314	3.9049023848996836	3.5647308380247336
5.469307106875738	3.4932784202432696	2.917395892117342
6.331280610053874	2.9135792181662565	2.6218821216772974
6.608671825681511	2.92471792829554	2.5944200412323566
7.572524903469281	2.1193956215768743	2.7352485937297057
7.536383983760284	1.4219050562267057	1.7595774992658928
7.855348955850028	-0.9563465115296796	1.8898074732133334
7.627957470309624	-1.6308915655964884	1.9949335853649202
7.003565507738107	-3.453061309434193	2.10570950027331
6.235163858948921	-4.351782151846628	2.5268357156775805
5.128958429278149	-5.843526638197816	2.212219365926664
3.9197517252308094	-6.646940884083277	3.34230832400965
2.645137797602317	-7.178694116605377	2.362566811404591
2.1900599403653014	-7.166675199565951	2.22383041498348
0.24048944306925943	-7.052648835707879	2.3569952223121353
-0.8736157267393383	-7.868559389062508	2.3055256561068678
-1.4130708908815897	-7.148318556535076	1.7872591728351686
-3.320106197228065	-6.584073986494045	0.8135941688811502
-4.017682064744465	-5.035094847475022	1.8100976387586059
-4.05224344401259	-3.495844845246702	0.7197084950936852
-4.264828608150835	-2.0797277457815087	1.1707149633647662
-2.84377120000415	-1.1849477303871359	1.6995984087932903
-2.912208012696277	0.49805871414470704	1.6678391620520794
-1.4974932224353938	0.8305462444010059	1.8244235249901428
-0.12735897876481117	1.919545638326243	1.6132354942039062
1.4139129160098622	2.089698978357272	1.5203349274256304
2.808595997816071	2.665948707818492	0.08772760898122622
2.5981838494620666	3.845789871456146	-1.015767772171099
3.183330984586509	5.720241719826186	-1.529883720785878
4.078397122696026	5.700546921956121	-1.3485199411819195
4.062743311168186	7.381792676157548	-1.9201952156795397
