2.8631308164541727	-10.013179381417856	-0.22198399534114022
2.4661329505448752	-9.699026543369374	-0.061792816711322196
1.5183848396752735	-7.8399120461472265	-0.7906077370504226
1.0177799393291713	-7.83012949031822	-0.6863614779848519
0.21321480492002287	-6.279363444788945	-0.917599779711079
-0.165074374314915	-4.173952396900434	-1.1851176926096345
-0.1785901982323419	-3.9792846581020562	-1.0100107080604457
-0.686916134905561	-1.519972313862156	-0.5452170069069656
-0.7222867724753972	-0.5588004061592697	-0.09258169373653546
-0.7396490270092015	0.6038339790095812	-0.020947298036694262
-0.2926495362416778	1.8929759461000406	-0.8432233217769481
0.40462927537270754	3.472966252043366	-0.34072629346980843
0.8266664985129034	5.352644031572443	-0.9076983427155718
1.5748484161041398	5.975981328785643	-0.27259817506473666
2.2133319016904167	6.523188304812697	1.1654325423947647
3.7222386065635473	6.387483128141902	1.3530088533848423
4.654413051772766	6.091463071842587	0.26886377114516424
5.929643055356609	3.979882336194241	0.06452480857851634
5.390542318243473	3.351146846973992	0.3128805764746442
4.558203573024089	2.148140611223025	0.7282476370190409
4.280531767489576	0.9823871196791538	0.8093643172506759
4.0323633198322355	0.14532233686475327	1.4215418580508177
3.3148124516563824	-1.348913304834219	1.9136940458340312
2.2697338508747835	-1.9394285818593164	1.6317254335683868
2.8418831795371275	-3.3007599562864867	1.1738185220283488
2.476781047529681	-4.084807654699094	0.40301309972247223
2.7592997025167074	-5.668148026721594	0.34767564580881904
3.379078151747045	-5.5135975386326415	-0.7404608641988519
5.402015286977284	-6.656154660960951	-1.2059165161226144
6.481330723308922	-5.276824240637063	-1.6118511153907038
6.25596998350353	-4.442481216794157	-0.814034654686342
6.1621998693625315	-3.505733744487796	-1.775509928840643
6.001494509942531	-2.626322999624797	-1.8098052382192642
4.849737489271097	-1.7851694477583253	-2.344745228771228
3.5466450795756708	-0.15020782783087094	-2.8103233691591334
1.8397361618624932	0.024030836798278554	-2.2517640898207185
1.0555747715200383	0.4291745219239131	-3.2058166999062623
-0.6410305237844225	0.5445580562491076	-3.15281156381603
-2.14170681589477	1.4388533811383335	-2.2562462698305636
-2.829679431107875	2.404965386464292	-2.4655107499199476
-3.3999505901343334	2.675995381643123	-1.2048388366464546
-4.0917628105169195	3.727446943112887	-0.7183994648487988
-3.6502867202464073	4.510908620723025	0.5458786523120984
-3.4867152986051693	5.051270312880209	1.4650951513495127
-2.5980404336512177	5.808779439527096	2.594754355672248
-1.5080765699820198	6.3472488234723965	2.6061290599678633
0.7760402312322302	5.42732129194665	3.1947715299730235
1.3888354677663781	5.635414076200813	2.7655286132776586
2.554484700287021	5.438459227932709	3.0729253853970286
3.3471429489230258	4.72900622189646	3.216365619686997
4.730387446241014	4.376363182819386	3.4911734733208224
6.148502170541646	3.4991747676013674	3.10736738247053
7.180693052378548	2.2973514091154477	2.4903529414981405
7.890170539654665	1.751141165838769	2.22158764934032
7.733475511515567	0.6827989149396695	2.432033225037717
8.384061385197004	-0.48170954994634685	1.8280984371704168
7.788623519414244	-2.354721960932037	1.7749356668127372
6.56507695887065	-3.6810064123517034	2.2090598233742336
6.663389438104511	-3.837977821364393	2.4255340989223075
6.0167041459030965	-5.048252215462961	2.4668599762884473
4.749510065922255	-6.500923045121254	3.165196459099496
2.736421106486808	-6.465745033075668	2.427745971786964
2.047320024536403	-7.14819262845174	2.4748273795849913
0.0862668926806863	-7.3880541345422115	1.7719465630259401
-0.41831490758419987	-7.561356413907395	1.61668553778371
-1.6873144961781477	-6.9802522258913	1.712834057610285
-2.4834792096992073	-6.52163105676598	0.8097816989191909
-3.5194196914757416	-4.938220149576785	1.2123501113856405
-4.123758584965544	-4.219320972552072	1.9986355104871052
-3.953939971206438	-2.598045713909675	1.86619712937018
-3.1870696202001803	-0.7222979316454836	1.6967616749396748
-1.9771099643753753	-0.10213704949418922	2.2969091096318293
-1.1601231422322755	0.3441485175756845	2.6621827750617877
0.04175065141041823	1.253145816970942	2.0623050578230004
1.231694529736795	2.9745210747617334	1.1186067888999371
2.1029504799834515	2.9935192465962817	-0.26789278818951234
2.2557728869293485	3.7399542454384944	-0.15542578504996984
2.8163239104895097	5.290915873484321	-1.5488517173215792
3.5771355450821547	6.014765585407301	-2.073438672660416
4.084048851630726	7.453772198774917	-2.4573490729691305
