1.875447377086234	-8.253485333817373	-0.5699227621796621
1.4333445637609683	-7.377266018483718	-1.3265605142295347
1.2252930013332521	-5.900516886853503	-1.491018025209775
0.25366282273696383	-4.107814456423294	-1.2611993897388993
0.3127988341806787	-2.95118648097966	-0.3259151573672291
0.4017568899046313	-1.6690884635145622	-0.5126504254113348
-0.42537879971076553	-1.0128364284594205	0.4728141703288856
-0.44106971378530113	0.47680169582151	-0.022398673645500966
-0.5751139323525383	1.7659056530840136	-0.8050201866096205
-0.6933519669321557	3.6971720409012305	-0.09874551942641929
0.10944224763735677	4.74373274651552	-0.240655775075155
0.06040141836340018	6.632388290791964	-0.3337260617229255
0.8388792546431237	7.061625029727166	-0.39928517668162544
2.312502445870255	7.143374191200186	0.7509364764886535
4.036932709611706	7.145607476684151	0.837569462490484
4.341267108585818	6.1375697799559275	0.7047579384777987
6.0224307173415905	4.9101468108306445	0.1274565767637117
5.57688484631383	4.295302611413316	0.1962583800671041
4.747657665789617	2.618430531046687	0.3293360334762824
4.79438246535426	1.179484561124743	0.9889182712003184
3.9658886747145696	0.9357434857852694	0.4014749012982467
3.6604317596314324	-0.14086185863614076	0.4917904732605066
3.8148542119219333	-0.9705777862916936	0.4496087719424916
4.062890980947523	-2.811829031361179	0.11078837836607414
3.991648084488588	-3.50487933690387	0.08576961210680789
4.4288177512096	-5.043542639906944	-0.29587015106487025
5.210296971391301	-5.376092157044294	-1.3066197494987337
6.563678646956113	-5.698231760363341	-0.7601253729839337
7.42519840072262	-4.528631186671865	-1.5491794963827452
7.156022291547679	-3.2403713710734605	-0.7383116859408514
7.5147677156447	-2.4351416735325815	-2.0527717335841755
6.882549566949032	-1.1173964677982255	-1.7298072843521064
5.928689855195811	-1.0194749557321723	-2.2968892022131726
4.508461678643462	-0.09376773318582599	-2.3431401463265744
2.920850749772346	0.06864543869468531	-2.151937481718492
1.753252344594466	0.5619918736998022	-2.242805738214105
1.003025209519343	0.9440648937775368	-2.9845256667653546
-1.3515483709353224	0.7749789684142694	-2.914139167342695
-1.9293500637792635	1.9818769978180104	-2.398822021341517
-2.7429899998448732	1.6532486430503053	-1.3539888787116887
-3.675120672864669	3.3170281355889637	-0.8664202331227155
-3.5466129956112207	3.8403353738924344	0.06236838471255013
-4.057514557337118	4.537124695250162	0.7149595319587354
-3.2670612564356314	5.371323884163196	2.30169043499
-1.9448439320172084	5.406501581650798	1.941926495082461
-1.0646025024737518	5.835306769237879	3.4090006603847627
0.41498085342475266	6.209919722987074	2.899892546200005
1.8795262325855633	5.466280864079721	3.7986349937104675
2.5989859501854986	5.253191388446433	3.924290748827742
4.4081302405992036	5.1768244709573406	2.910474064548573
5.505786551892866	3.783010143881756	4.005814092615143
6.172438039220165	4.1746223812412575	2.9162084427573403
6.864785860469027	2.69893538812328	3.0029172525093064
7.941809202385661	1.3622001303506086	2.3112448261518512
8.75010476410143	0.34825313486646736	2.270062775162665
7.845420727049002	-0.3602826348818402	1.7777336073661356
7.620566718567082	-2.4392932511501577	2.975297107388511
7.671552540870798	-3.2355656261251187	2.616713868581957
5.796205600349296	-4.257301632811756	2.7103368874121934
5.526560491990579	-5.10904282458272	2.2775744791912484
3.9087057923076207	-5.066491074891416	2.4195551391199017
2.242511982519988	-5.727611530454358	2.9536877690643766
1.4062657046160472	-5.460647261809537	2.8385963317335987
-0.31431544585436644	-5.818497561538094	1.706029664228679
-1.2145353596666455	-5.802982703574417	1.4667040637349888
-2.338643280705258	-4.344423460568675	1.1882212839321633
-3.1642470096379167	-4.044071354645015	2.2582723495242742
-3.405853230158055	-2.6147442052567755	1.1106232830555471
-3.909289450891779	-1.4360854533191054	1.6535203498082276
-2.6884113427784233	-0.8223891460787789	1.7077705126362228
-2.5798975130173343	0.2391243623521208	2.3686836886307776
-0.9368374850752796	1.0713284720222063	2.100002322107216
-0.09013938340059158	2.2924937209777654	2.6677140354954183
1.2650046901913794	2.4071745450238944	1.7586843040887774
1.3763737983589086	3.215401136299173	0.7750018179581513
2.471478819914113	4.91728461595416	-0.8726357237283087
2.525064451549265	6.185285229255897	-1.835489355141585
3.9019740876837936	6.151858933513703	-2.080254126840201
3.5817136126349034	7.264458017507132	-1.3957571780966063
4.919417579083561	8.802753995561702	-1.9452382746103856
