2.2349126032381768	-8.173093978108016	-0.6597188835174567
2.549194844293895	-7.157448456886091	-1.4448361168756443
2.210344211926914	-6.938872534652173	-0.7380077105391032
1.5289381671808884	-6.440495209460005	-0.596965129436697
1.0304683391650111	-6.717266655148163	-0.341775543158676
1.3230903185910288	-5.36074352202111	-1.463068600441626
1.458174922135936	-5.532618775045289	-0.9183613681427643
1.1014303338080034	-5.0134519830910484	-0.6216625410952721
0.6234854311509892	-4.861008529476719	-0.343988746352492
0.6682464050506627	-4.14955435780673	-0.8567739089534689
0.3436552413937848	-3.311616685172198	-1.0528552621257306
-0.0597005325315601	-4.083417463266407	-1.1866842473245351
0.8020557450793042	-3.655216385578375	-0.8295903469287165
0.40432447139714445	-2.8199927482447995	-0.8790266650412077
0.14878620415524185	-2.99586742043792	-0.11229008762380055
0.7708728901126003	-2.330456605328899	-0.7466945341324807
0.2191249014246771	-1.7679202547317514	-0.3404421320557611
-0.1509020630921587	-1.295305288246817	0.20708070390932476
-0.39706930442948174	-0.7967316356061396	-0.45176828648743644
-0.1958568235447925	-0.20876517005711392	-0.042705169479327454
-0.8299836963395244	0.5918854494857941	0.2526827332752465
-0.40237948249451994	0.5625119981534966	0.48633529491371197
-0.19803098231530702	0.5139528580536026	0.4671555025616756
-0.9609185047742954	1.0829912437453615	-0.28544964997479605
-0.8338514693349495	2.303827309982452	-0.01456754036884833
-0.014580485221849848	2.2174532050769815	-0.6376282144585506
0.19156987696677596	2.4609783459970824	-0.526946818655742
-0.44251577194694947	3.3365010549240415	-0.8879264016050927
0.07511127663327544	3.794863580571406	-0.8480797539670846
-0.2762475283376101	4.2760253328850695	-0.6845716434178546
-0.627239550605047	5.095771209560568	-0.21384502373942815
-0.27800687977563093	5.337413989639016	0.10096926446741805
-0.20560164273001896	6.036802799116732	-0.7244875189651818
0.24495370697665753	6.403605815736784	-0.2565773387400533
0.2168937247019764	6.586780668576278	-0.4452356914498319
1.115924589598413	5.874271107506928	0.14113262682611594
0.8492320495158295	6.3292059467429596	0.922359780557504
1.5199521435470051	7.292319374722558	-0.3033506112812741
1.4444941310020945	6.421534272202364	0.9565946995477619
2.5251828796529714	6.987535218087906	0.5215992201723726
2.295344041400041	7.8145606646395995	0.3190776945514219
3.164809038354401	7.575739221188236	0.5542376017150734
3.366491544068759	7.0139236527235385	1.0493466191980638
4.010429554823397	6.450073928381255	0.6195659609261186
4.382896816674951	6.376568614099891	0.6365130456814195
4.814305991994377	6.3919412151552715	0.7565429117537044
4.969535168559701	6.0008258696298284	0.5677163452099043
4.812478947142981	5.01836634632494	0.09729481473376017
5.645409273778001	5.235154071898618	0.0684740340905633
5.493384519568703	5.276335349490486	0.24736338487200094
4.945814076498585	4.113571294027868	0.7222336839109857
5.399404853870952	3.6111773131742213	-0.4053267167747377
5.150951957782322	3.415026649678131	-0.2781088888023787
5.981950727077129	3.229267399446103	-0.17436881913395752
5.855217698360429	2.506144083658942	0.37025240222542766
4.679993242532348	2.288060103074526	0.8151676139703301
5.1497035980418815	2.649961116763013	0.2643247256325442
4.353556336937357	2.269679285093291	0.6164680513567943
5.047487429089047	0.8101575998013273	0.2705337844514718
4.502022477619109	0.7129188716820507	0.6000241306684524
3.949174877798609	1.2100601399972477	1.316279478385723
4.589184945375259	-0.2559091908023949	0.4794809097221822
4.337127377251137	0.26028245007633777	0.593009196092965
3.5244542580063065	-0.20471445120420695	0.8190317709415871
3.6306473845050053	-0.5402120508738879	0.6742562557599143
4.166986209688571	-1.8097605822116098	1.251778058463097
3.4851927102923357	-1.4998257434256275	1.173239996292156
4.035400753564204	-1.6074418915784967	0.0919395805875421
3.78734233014501	-2.717886126282004	1.0155209964850587
3.264191329494758	-2.5431723546654164	0.12906566952092946
3.8020808320222335	-3.3398235276656303	0.7282435514988265
3.7227382045957267	-3.2952499716013124	0.1299281252836919
4.321554640972265	-4.097316576540096	-0.2881652348327308
3.8206145576383044	-3.8164962026571745	-0.6503905300797792
4.310264934345647	-4.26313658690581	-0.8779843104913706
4.166238333775062	-4.350714727299739	-0.9187690884052782
4.735705174787044	-5.337873866044007	-1.4167468407576551
5.231276002009947	-4.7779133119083665	-1.507291025844752
5.570810280136631	-5.512695024905712	-0.6600474468691835
6.009744155215417	-5.540306194177096	-1.552876292272824
5.580583573771368	-5.409339992440014	-1.592943089947004
6.5681597914821	-5.78837793209199	-0.5801984892324772
6.171549201791729	-4.3785331959650975	-1.3224239886019842
6.430709231926464	-4.934936071676352	-1.2063276054515848
6.773400422156866	-4.368511423945631	-1.314260056226289
7.269019305560349	-4.450521385965724	-1.7427965238412306
7.272725375970851	-3.399184148794678	-0.9121652834224241
7.06405849421651	-2.9885109524710454	-0.847785105522149
6.877961765331563	-3.2333069798945804	-1.100266739128218
7.470727544703365	-2.4395212317599	-1.438736000365596
6.971084955907808	-2.4343427245515668	-1.9761851757692714
7.274666758593452	-2.240602567971057	-1.3653907165038959
7.163509301562668	-2.0230440832938514	-1.9113428487695079
6.198288517980026	-0.8686857494653464	-1.915625502844738
5.516630741054665	-0.5172230981143477	-2.1405001371313004
6.027506479693573	-0.525607231117777	-1.9791836638810354
5.4477320250448535	-0.4503534371691279	-2.2164501493025086
5.4294793476986465	-0.2866821230495197	-1.8490339348258988
5.2310606591609226	-0.6523923561855549	-2.5056097154288075
4.869767114415325	-0.015151278022802694	-2.651939130670843
3.333305490393416	0.3441394244814747	-2.618304219854742
3.5513151580306497	0.07642671136580859	-2.6127835483147765
2.865462554036182	0.6526918482944991	-2.0635785673525477
3.1043564612196395	0.5820325196719214	-2.95655719352013
2.09439617434784	0.1644801681427806	-2.236737364233019
2.194922525854837	0.8720370019518335	-2.6519044863976635
1.2513298716497818	0.6791153319928638	-2.9330423562711205
0.4180686635217214	0.8608371753347417	-2.735022207633392
-0.08565419729830648	0.4188517157072088	-2.021343034968162
-0.3400752709333842	0.9506796715975157	-3.0861018767968256
-0.7410764607485592	1.3233404864659741	-2.776066524857291
-0.2787633001476155	1.2110547296319887	-3.2379319539772395
-1.020093534805495	1.3755157799541367	-3.056223057551972
-1.863192772991979	1.2930290614178013	-2.5324507876222295
-2.406229952261539	1.301520655270629	-1.554974380987428
-2.870693485631321	1.444912612276704	-1.890323953434153
-2.7347116443547614	1.483310059002428	-1.9535578777869507
-2.944362591442957	1.8204472237821472	-1.7733690677646627
-3.211087169932104	2.1160971349624362	-1.8433341505733845
-3.647641815223463	3.022643969519044	-1.5562046321054843
-3.4369514030793447	2.2395418268876757	-1.1879488821292317
-3.104529785819338	2.968009060321969	-0.9646495830791535
-3.986971203471109	3.8969841538102834	-0.1774982854864825
-4.253209685293722	3.844544316723561	-0.0428456293602445
-3.5790404738345045	3.927043619147482	-0.097319102148965
-3.957612349140679	4.15569843961458	0.3537294049752947
-3.7793931167640156	4.258473700612681	1.3918106789094749
-3.557036126876632	4.350565364168496	1.1136764632717906
-3.4361907907487232	4.918372857814801	1.0780895514431814
-3.299893613964227	5.157338529941908	1.6890600989037987
-2.7780627248668925	5.639697396868826	1.3498170255843975
-1.9874123980646283	5.550096748883564	1.9244193780502106
-2.28743331960742	5.898422961531631	2.0036425549503045
-1.6839354182687354	5.397265593612807	2.4116559885372055
-1.2485260350490475	5.762859948865536	3.1315240727282623
-1.2075025840915872	5.205822481539612	2.7605575365508246
-0.4465064631175599	5.686790201099654	2.540765237023441
0.31262648274305604	5.492225893480755	3.109476784770959
-0.0399620897995539	5.1194352041364715	3.3067143538282733
1.4067449008723423	5.053003903010698	3.4604735551039605
1.0942708589466401	6.307632492934709	2.9618283239211465
1.8040752232624198	5.291138607472195	3.450890964332753
2.2599455739322702	5.344378153585294	3.8785991471829107
2.1977390366557	4.605510361943843	3.5871098943064865
3.510795738473246	5.324833309155583	3.009079949268128
3.312395979135559	4.537814095112948	3.343377380618261
3.284688418365693	5.116007097450453	3.304748960629068
4.58409832591121	5.0427070229373765	3.249440744742152
4.1705971376871025	4.147316423307661	3.2644219307576123
4.512741752187168	4.938154104685334	2.898797654504709
5.8251691017842635	3.8982473367779424	3.1903680720648064
5.3432371317890475	4.416391260940967	3.4948541099892267
6.338792057209113	3.3836622328582915	3.0262524182074664
6.611856197543079	3.4202210222525267	2.9803756896273277
6.98867252335523	2.6741183330225073	2.3597755011803176
6.842495850623575	3.0314001920314486	2.354959693530904
7.501138159178561	2.2211392761900677	3.16372327914598
7.252622588467755	3.1435595887601657	1.953301817193031
7.933765790476273	2.025119342016521	2.9250732857568353
7.622592136435811	2.314402970922168	1.854112556012716
8.20655563780378	0.9850571132313621	2.868978392287309
8.805396820627275	0.3910542009894044	2.2325974972963314
8.416778178999477	0.2867803514332603	1.6876820824576764
7.791612686216434	-0.01249663096069864	2.2974163331823148
8.553994036879038	-0.31673158509196186	2.0221087585670814
8.629338326532286	-0.8007749799811372	1.838181327993077
7.671681401082843	-1.314238765713886	1.968654921485553
7.445695294856597	-2.0464983927262894	2.340368904994069
8.013881593439566	-2.364347103103462	2.302390708400754
8.227439133280777	-2.56351106035304	2.494697831820317
7.031024971034958	-3.2217715159484572	2.259988049274309
6.861505655081238	-2.484667853376441	2.719236861695741
6.372287195960178	-3.373015812695157	2.74012264668531
6.281228808932531	-3.941089533244474	2.597444847875789
5.8945811284065375	-3.3107776553386947	2.7620236337582478
5.429918864541289	-4.112954556672659	3.1577404611439235
5.365076270211892	-4.499381568348948	2.5216221228969524
4.661230112211206	-4.967577170635581	2.88998533180669
4.716772166013817	-4.674760733200962	3.094341176927099
4.381003042133667	-5.536459164632353	2.1963617571875114
4.349927942024701	-5.29385348032113	2.264515720621896
3.9298704189287417	-5.119449447400698	2.188722546112742
3.2817394250058634	-5.687951383345772	2.3029993925819716
2.5360684537580704	-5.739263803936113	3.1654966513665626
2.3439151711455803	-5.649123486534972	2.258584095998397
2.2542976661556993	-6.341003858116713	2.7653311136917496
0.9993366043708893	-5.107725822737834	2.147436682797321
0.5634350982374914	-6.128672125748052	2.9787712676910076
0.9938137503866961	-5.9742182599601374	1.7607570361989713
-0.3789603259669616	-5.042434042357204	1.9523678242056963
0.165933663704519	-5.4555922212582075	1.8742313775046717
-0.6720803090976155	-6.098884567473492	2.820983783317161
-0.7845509982017713	-5.772157288733444	1.4482440327261683
-1.4406342193709853	-5.591623271823482	2.5695613099514762
-2.223755341318196	-4.299689051335223	1.4362511859110816
-1.9536515806366985	-4.320597834859476	1.6974483740972364
-1.970001755214559	-4.778105043294159	1.552628346411242
-2.6909948155017416	-3.8195556095144436	1.0629374259043032
-2.5020609264929567	-3.7889869970613423	1.7397494134735756
-3.4653843400726045	-3.113352496831058	1.0413831459916851
-3.2240109732726747	-3.063598275886037	2.131976810785008
-3.6837578840631773	-2.9195803197262773	1.770046015289266
-3.099751546466349	-2.7540523997302717	1.2835465471890506
-2.9757752512017808	-1.45550502962663	1.6069689693491547
-2.8615827839821133	-1.489579835687131	1.9860379930341088
-2.8107194606333437	-1.6126013601676226	1.5308937141664385
-2.8953924523289913	-0.6612738996962739	1.7816769012925713
-2.3563994776080124	-0.41963980398957035	1.5849254999981022
-3.1694108374885115	-0.14222278478739625	2.9758095204314294
-2.74209924354624	0.647850737238806	1.781444032995088
-2.317743050213741	0.31695819026704397	2.2665985626354224
-1.2591816385181347	0.4163077330749399	2.427779936980346
-1.276462650382471	1.6576605051670776	2.0481014324524613
-0.875666335520005	1.708376702398476	2.310716655550469
-1.062166035434315	1.3832867202188108	2.909297465912303
-0.9053851817150533	1.9673677953621824	2.6879225366951527
-0.20596883396792837	2.122597481926943	2.6633344277789206
0.7830371899782939	2.5830450526568143	1.4376508115774493
0.47332556861284547	3.269496741275018	1.1131347749735452
1.621449685384947	2.438365625279725	1.2931045523738627
1.4763587685001482	2.714509340088116	1.4189112479134462
2.2829591403963616	2.96388178497857	0.7280436130473606
1.6766242292590798	3.4130903781475137	0.14723395346608825
2.4731061617028853	3.291694598914664	-0.21995386988177507
2.2720445933707594	3.6669243226188084	0.42863861711947093
2.562018369886439	3.845955566986779	-0.7874946773513565
2.2952441494539153	4.734993365938733	-0.6636262282644623
2.7491052154772744	4.549560295254385	-0.9193947736387882
2.548288367234706	5.144114792861768	-0.9090826430735295
3.674720916243705	5.974761229235088	-1.8105029191919615
3.2117768701649063	6.344777916888743	-2.237337506416768
3.211796360307087	6.384031667527039	-1.581116324871039
3.4473795990433844	7.305541183234827	-2.3573318903974636
4.236272389806723	7.301026136599699	-2.5480679562570296
4.049152333091604	7.499432244125971	-2.3673565710148674
4.597743195302349	8.019757426605768	-2.0228997216271587
5.142010725020354	7.905157888913433	-2.0584179516774794
4.899212511777821	8.359387287957663	-1.6641896671802892
