2.305618870069483	-8.07624554617616	-0.7668912129717731
2.4835892027916273	-7.290852868452118	-0.8018203571256232
2.0533801056299206	-7.104947742921005	-1.1449662801142282
1.3472059314164848	-6.518039933794439	-0.9956218781932189
1.3722171776370584	-6.776667793885909	-0.3658893375028758
1.0833303836669297	-6.6422380285332805	-0.65118996237812
1.5817269756932295	-5.827176982093897	-0.8729880045788476
0.6968836281849458	-5.563533620296805	-0.7633348787905453
0.45804849438087164	-4.701222591570632	-1.413938547876365
0.9421697785987156	-4.543886278974572	-0.7077928060073879
0.27650370639727595	-3.6286601254937025	-0.6226217143786356
0.03690321922955503	-2.9881774604547373	-1.1210267397659126
0.011534690817933235	-3.1643211359254897	-0.47345917995396414
0.6648379608377909	-2.792991950907315	-0.29235516635795866
-0.27871519382339094	-3.0678464757976487	-0.09265137634502674
0.4342918836598628	-2.3999375505261744	-0.544971739136418
-0.35634716564996	-1.7618410878004835	-0.07265010620105783
0.46704089581959607	-1.0227544556517456	-0.6077895911488882
-0.559422967687669	-0.30544537519608483	0.25899949142806633
-0.5892211249261887	0.30625482706969265	-0.6289363737843459
-0.7794245971780434	-0.20907327587341634	0.6301341727427575
0.21506293821451272	0.1673682904865979	-0.578131762660725
-0.22797995159166862	1.1148314555890246	-0.4483291716988458
-0.2282409381294479	1.1240490987254996	-0.5348365021715313
-0.09199354426958051	1.6096528387109057	-0.648117850284837
-0.8973761546133656	2.3184699767104044	-0.5554780547138513
-0.07553774144572567	3.282323634802653	-0.5853196073547373
-0.574508239981781	3.7301529365100445	-0.5085212422691652
-0.7757112919850988	4.1634181991741706	-0.29551312696758303
-0.4968432256487556	4.581176925468671	-0.09097804515755925
-0.7010992338615227	4.497153029583904	-0.46215168085151836
0.08156190539844177	4.919287738547079	-0.6338628974716725
0.4047158944913857	5.833573017460656	-0.3869045304631453
0.6310834700672876	5.703881355563161	0.03313639124568735
0.44807590927325436	6.126277870517232	0.5266358750688481
0.9586365542913459	6.144836426715581	-0.09003618443878458
1.142874356685437	6.247272041487277	0.6952599765920159
1.5087005319884792	7.266882536158889	-0.0856498752019576
2.2993396361653358	6.408744105657715	0.919853306816363
1.8209025326104868	7.1519577504266145	0.9166006443388598
2.4022002291438556	6.608133049273549	0.45487781920016607
3.3080941229167014	6.596139258868641	0.7886301075455623
3.4592793827281376	6.277794299889076	0.192823688248387
4.084294914980476	6.92944873636456	0.4757202221735279
4.199822208981784	6.171746404833984	0.6681242258847165
4.726098217814798	5.704856018894048	0.11046688091935708
4.450542599088465	5.303652548289238	0.28498095107529664
5.042494132016506	5.904822668524532	0.29911011102437024
5.338816710205728	4.9377824827433905	0.2738657506377058
5.257456751279861	4.401284166091602	0.5416714312690258
5.051156743672509	4.517284371935473	-0.31731924480034995
4.939475494342994	4.163954031193359	0.6850603535079105
4.850588815269718	3.2295958045138344	0.850552825998965
4.718710838898398	3.701063262335488	0.5501244666690167
4.613584689254597	3.49543154458601	0.1122676291607359
5.891633343263835	2.1350901572054104	-0.09713009587894061
5.221282001795569	2.228420151522653	0.5030213797047391
4.161329066780412	2.5485936090002244	0.5094646510683651
4.413619153122612	1.3931999344384598	1.418421858024976
4.598161583588516	0.8156626938132787	1.4423913242282824
3.7149851958887625	1.4884505380765354	0.6041077503190189
4.279980851215454	-0.26787488829679656	0.5412107476037344
3.695219380306079	-0.5359197834085927	0.6798590587555382
4.223659227934418	-0.6658322278244448	0.918470195352499
4.0108077912380935	-1.1728141352322785	1.2842556956595879
4.367600447973803	-1.3854629475714928	1.0540903057989524
4.363429874263988	-1.934814721984955	0.7582094870797312
3.609054747782007	-1.6440816330372066	0.20464418784100843
3.4332584180716452	-2.1741372820134433	0.7607572403413279
3.845321535761107	-3.0384971290887623	0.5812283172597206
3.3275786489442107	-3.316137081173488	0.6617274994024208
3.739463955530926	-3.811424588776734	-0.3139099214295391
4.490113329354618	-3.4026639749191503	-0.7111747622304271
3.612077257433535	-3.608663530259708	-0.03845081818868823
3.7816422741856925	-4.688997229526332	-0.055296169194647415
4.098128361716697	-4.275787456594859	-0.5873918618698228
4.183382530684622	-4.978165329590389	-1.0959866710318038
5.072499001272474	-4.872698222555356	-0.9830510637304223
5.187282024024268	-5.380543187465961	-1.043841451126089
6.442675002341868	-5.690590951141968	-1.408085264921847
5.811334396962481	-4.965559393883141	-1.5599145225052968
6.8608884467768245	-5.814362911396778	-1.4604706849464408
7.302516867049694	-5.2932240809469056	-1.493933826516611
7.5603945613530605	-4.928941214881248	-1.2622455303523226
7.473374892839901	-3.9842439359067194	-1.2591238112109728
7.588478818876311	-3.753003561159531	-1.642601313763353
7.05969643903597	-4.203136275980491	-0.6517241520758479
7.103283937012877	-3.251649212442463	-0.8411004325354821
6.88578598598029	-3.4613467353337817	-1.5564357215951425
7.8358618379405245	-2.9482825251442746	-1.2566981321865347
6.615079468107543	-2.2124841278914964	-0.9767775215134604
6.432773109334807	-2.1355156353730016	-1.5757977587370418
6.355427935253853	-1.0460840132339568	-1.8931699325223195
6.473462242681809	-1.6399688110652968	-1.8798917261731045
6.323347406130648	-0.5757770631176984	-2.160352743326686
5.765510990687591	-1.191400741630293	-1.965252139060248
4.998081281084726	-1.133333949500953	-1.2800980617332784
4.846904046570587	-0.17075967324081542	-1.7466747076992803
5.318146414386057	-0.8164587800928043	-2.5787192471612084
4.293349777973582	0.3505390467842091	-2.831110843565805
3.2763932909761415	0.3730971742212209	-1.763862013987844
2.9379562024272468	-0.06388550877145421	-2.849598495155624
2.7880340113678996	0.5278880754075247	-2.6076000017948857
3.0501067354627396	0.5917699669402142	-2.6329996666742717
1.8340133702949146	1.085354906207207	-3.162122728875391
1.4963738003391107	0.3154846233810302	-3.128937011475808
1.978238888936145	0.08803790916036636	-2.793842018599536
0.4693933692289183	0.4012218122353808	-2.6254931583923358
0.6939351659924156	0.7639177526430194	-2.5614092003903646
-0.09524970189908882	1.4344014702889172	-2.839724723568745
-0.8295781648377949	1.3287800631291313	-2.2898747948741494
-1.1519098083720962	1.8458168449907955	-3.236955295341424
-0.974471672708098	0.7094228829132962	-2.3963630912595306
-1.8053872177168753	1.9575742291717217	-3.0094959820839873
-1.757396412531826	1.702260838567254	-2.494479465727415
-2.6147151408907425	1.6553512252222937	-1.4620456694214723
-2.659678406047916	1.4447038310998424	-1.9322758563735
-3.3728039160313448	1.7209643838297288	-1.6050728831796646
-3.142227275054541	1.845817023393437	-0.9885210347606556
-4.096051893830115	2.4605619526634186	-1.5773948440166556
-3.763842724294733	2.7056218798008747	-0.47622253479019916
-3.2741601316480615	3.1743524698550813	-0.8288241111826767
-4.024190595106188	2.93928525184838	0.12161916110578297
-4.213145096361784	3.8781867238977985	0.15415848045148295
-4.1134700669873006	3.4726655679340164	0.8359093225485437
-3.3029969132519996	3.7560409451953602	0.5410086259736262
-3.6888387715987188	4.465482391614287	1.428549606882719
-3.892647429602656	4.8954486592619775	0.867929029181729
-2.701875303461148	4.905472809799247	0.9667809278859159
-2.280039902253474	4.753302926988315	1.6050427016277522
-2.968912334969354	5.554305950677302	2.369008770655336
-2.314263377768445	5.9956744680352525	2.2355586988717437
-1.651099704207089	5.793723431259156	1.8769365486936196
-1.5584563975924328	5.285958483750143	2.555135478939303
-1.1961320156019024	6.369438154238946	2.2205068763429154
-1.0741329473003427	5.590343566662386	3.4309842176589838
-0.9400163220557662	6.019123907053263	2.7943043445647744
0.0892342562779509	5.796371800011802	2.9926232818494856
0.8861600656031938	5.693212242584724	2.9730534525565604
0.623545631797299	5.880219714314395	3.326910396837107
0.7404050792511063	5.464189180955732	3.061945058866984
1.4121185958141567	5.826369221351631	3.6515890275633778
2.15180505164627	5.64333535852817	3.2054319828072666
2.2579787714439754	5.558653215855459	3.208341234327074
2.5812554027088987	5.081106294179163	3.7776970456737367
3.047543185271084	5.451116373121055	3.184453749994643
3.9987183111059843	4.610102537987255	2.9146270308909714
4.096463482278535	4.517531955499212	3.5567005319221017
4.582067218202314	4.270850715094022	2.95476960785736
4.836336212894066	4.450925832827227	2.807598765664266
5.479172682540643	3.578039559357007	3.160462121573218
6.15331445925525	3.4812401928532846	2.649392437051431
5.923516559773639	3.756285624876817	2.9612992969269705
6.380890894519528	3.8721036851562367	2.6788949106735966
7.071489527502489	2.8942218328401004	2.7019441060888765
7.4416842447185525	2.4938202084881502	3.2889530314088358
7.9450749877489635	2.5519588848426467	2.3870880691485756
7.77994560751518	2.001995541119261	2.778200183843649
8.64751506777089	1.6382320462837308	2.17242811216205
7.478365081964957	1.0795325654043584	3.1006244787701833
8.73143897341681	1.5486382803249685	1.882953048504584
8.08788126658061	0.5447533989210542	2.5054021905919854
8.613182771420089	0.11251541631575993	1.7811952724881914
8.110397476318848	0.21739749199417346	1.876982850296757
8.580196072808297	-0.7712022095611322	2.3546171578077617
7.7469413704364	-0.6349765826688107	1.8539466970492562
8.194967492373651	-1.148866248130273	2.50195790157598
7.905769235247265	-1.5005499129205067	2.221186741572124
8.159790926216063	-2.0105141291456494	2.574460001254682
7.621799388346313	-2.895978897907498	2.2988661714673544
6.835417672534107	-2.4806385513584677	2.846115413545446
6.812764410484271	-2.6311586827134255	2.3739557698773304
6.327744882920085	-3.055673681305222	3.0218761694236873
6.5044233392104465	-3.184833586300919	2.5538545594296362
6.200896683063185	-3.5356463163231666	2.8217883938741646
5.4263789794034265	-4.070668325282229	3.3785753534747225
6.153873548399755	-4.41105840411057	2.5794135706998094
5.361959426405523	-4.825373296026523	2.579988741721727
4.59630975991084	-5.319471261159552	3.463565325761329
3.8178098876706814	-4.973771326587702	3.3840791349277897
3.391713193057689	-5.84672510921888	2.5391240683533938
3.299292482858783	-5.183182637637552	2.2223618337909654
3.563441324983579	-5.589157428823385	2.9103173094237613
3.0682268042531815	-5.593925660351117	2.2853055690509954
2.5813222217133878	-6.213994440052961	2.8132347507983835
2.6038800994510263	-6.338547838835234	2.0409229556431
0.9252245236361794	-5.6393602396523415	2.5419614834063133
1.426050507160481	-5.55917164042008	2.2211984905993196
1.1583194915644541	-5.665389895397754	1.895584889063584
0.11443481775773989	-5.792747405686297	2.311625458425187
-0.8649282982911839	-5.532620538686636	2.1616738662948296
-0.9995939532549681	-5.289030939237844	1.9113068334097711
-1.365254386458205	-5.951839263686091	1.5412446885757585
-1.0159105679609657	-4.966892582050437	1.972827873060414
-1.691675613929359	-5.497467494734709	1.5221558950100462
-1.616448697182623	-4.390317229653528	1.1885459948471897
-2.5170739401777817	-4.59462437730863	2.235067495317917
-2.685951012412117	-3.8221224389523907	1.8940529410940792
-3.528961471091104	-4.066814148824984	1.930372081227997
-3.1932801840586222	-3.0460630330874334	1.8002893918086424
-3.6891671522849014	-3.2302471724997877	1.9102018413854756
-3.2452700985747596	-2.895578849103767	2.0813689234510644
-2.7532361123257223	-2.3280346392916336	1.5788215255499034
-3.573529538305748	-1.5797649935775775	2.1051531380801394
-2.7651773991935023	-1.5403864251385602	2.0005098098345275
-3.3716034811468294	-0.6541540602359275	1.6048367716918368
-3.3352949247975108	-1.0962696275265948	2.2927911833588643
-2.7846818613825186	-0.6827088795810978	1.765937595336086
-3.1940892507143084	0.311424579462955	2.164539337660763
-2.01050692624016	0.301757478884545	2.04246847484119
-2.1159448949952866	0.7845332273273619	2.6798841496922248
-2.3177203223027236	0.37254890207401153	2.3891307134956454
-1.217896992755112	1.1920977750813604	2.528056939862272
-0.5322217937884712	0.9642232614956019	2.1875977089461434
-0.8728007122854062	2.081391582520947	1.7217898201166688
-0.7153127735006359	2.4469577681315666	1.784458788283565
-0.2330297109760336	2.6478755285459803	2.361183328630094
-0.1363087931532262	2.079837462734026	1.3006658992307856
0.5388816154398771	2.5702711726888543	1.6358539076494854
0.45245091680111493	3.218409252982907	1.2269310750832814
1.5518649068585564	2.9583844793778584	0.9514087487466019
0.9402760355743165	3.6603240852729924	1.2666757468161531
1.7587148615908674	3.2032312403491074	0.6726978139304214
2.5102699000851443	3.626972179760509	-0.1387182328516816
2.418568037351658	3.6624838468598235	-0.10562985994255492
2.517603357481569	4.348169965742622	-0.507402613004214
2.475396451205345	4.176128584161264	-0.9811641729551064
2.9583856193035416	4.492288029205861	-0.9663909068085925
3.1965995454436786	4.918685502674184	-1.232098333954196
2.983818692538736	5.215029635269426	-2.2004240550899015
3.8976590546211973	6.081006848659334	-2.3293319658553653
3.215111940031717	6.4000263336667755	-2.532183124762095
3.6149338749523663	7.160020490027254	-1.8300603515183071
3.740863341075923	7.094261954447227	-2.503859079948252
4.304408189733686	7.112865757906399	-1.8647757512356453
4.190211814377629	7.266679362074136	-2.0165759238322094
4.8107370347442835	8.409377520178808	-1.8782929978732295
4.116554801177363	8.167342923936847	-1.838312939397003
