2.246628488541842	-7.470390843334706	-0.4855886569315456
1.4239731974130105	-7.127955707709822	-1.0653552403521196
1.448593042913984	-6.82720296090826	-0.8290452851284971
0.9979536097739745	-5.379585498605321	-1.326629359190917
0.5999750936394479	-5.242105308143501	-0.783213027963996
0.8494233036319488	-5.636557961490906	-0.5278748074454109
0.3013538102643111	-4.14950417314705	-0.9388967614894863
0.618405883995096	-4.4295131991984364	-0.5750539124099929
0.025289363485876126	-2.6727719411088486	-0.6911754735924026
0.1924115772990727	-2.7973717049358866	-0.7939771613788043
-0.24110718119264807	-2.4868366714314885	0.16100953633304815
0.06596294534770075	-2.000854934803712	-0.1735779380575584
0.053048151538074295	-1.3630466593920778	-0.5580563554539075
0.039924168170560326	0.4039573700713638	-0.5298277659683976
-0.6906902612112806	1.159694854289228	-0.6696382984825635
-0.632015708432364	1.659017238190272	-0.7405984388964392
-0.5429616243864004	2.168108434057914	0.13819354342352852
-1.0101599962396945	2.328617863169342	-0.9800978603111157
-0.11607192272352762	3.5213554040382444	-0.855200080841507
-0.8563592286250854	4.352282961475153	-0.9947811135659772
0.11650563682930237	4.623989577225812	-0.49834895607628094
-0.009727788260736059	5.673968261712363	-0.8058376218125614
0.6932869737880216	5.493541885327364	-0.7811013748507141
0.6615288022906001	6.233494679119772	-0.47043501909781504
0.8702604018118129	6.815390043280571	-0.07886780548628874
1.3463532420358433	6.651936946458965	0.27535085626542954
1.9925672025625172	7.766747250213753	0.49252474307856
3.1965545306417438	6.916457195914203	0.870166495149622
3.3426894146768467	7.166077602221851	1.1476246578128126
3.697794079320951	6.043644789563082	0.41359198733371166
4.676349967935108	6.018912880394572	0.9326353366602003
5.028548675317202	6.161320145182408	0.3087275925540357
5.786210326752012	4.856807307978358	-0.24048231319763086
5.12262790532081	4.480861306373803	0.5161835590975754
4.979098468011024	4.321658050842862	0.5450029968024594
5.251728044261867	3.146682499980431	-0.37241897284507397
5.536130721372	2.5993485936365106	0.3878471155077161
4.616413506983513	2.4298374108818606	1.0227273214550128
5.013169714783753	1.6711069983421019	0.77202926323843
3.983450667616997	0.877159883097058	1.6705539929279232
4.742171036835138	0.6571216337461573	0.573988968621787
3.522077793784912	-0.031122052060899574	1.4682901961216512
4.427446897581123	-0.6763726256873986	0.8570404126838951
3.2558600041256476	-0.5282348546027369	1.0816415436091726
3.123015489875772	-1.6635393226856914	0.5317395390407037
4.440970449925554	-2.617940146029902	0.32766353903677414
4.4217718316106716	-2.8388148177026533	-0.15677996275024808
3.9070250072611534	-3.450731539288871	0.46127926699056954
3.515185460940866	-3.0344860082378893	-0.8966245345955787
4.5113430739204805	-4.355229506605316	-0.6621131283372188
4.551436041632438	-4.29150290050733	-0.7772261686826807
5.4640308852891835	-4.882165407550931	-0.8549722367600526
5.397276555894907	-5.112045638423792	-1.1935523843977422
6.005821208781828	-5.652457200964012	-0.6006744351157285
6.415970716408875	-5.402925013132419	-1.168550214886539
6.298345088934175	-5.02830273943894	-1.5890311302108013
7.707912978637833	-4.719023763726762	-1.252790834244145
7.239850220256339	-4.361887975897198	-1.3651192073652814
7.992093325352199	-3.7487537564258813	-1.6091703578239283
7.3986502944462	-2.8091681920330758	-1.1975571932364437
7.46906951786826	-2.419824095530267	-1.8779394165195864
6.677176970195429	-1.1612409171141351	-2.180829242754646
6.645422082264922	-1.0827102832453637	-2.154410584552579
6.63538519626592	-1.0635117252283506	-2.283252017030618
4.975044407821291	-0.8661721488087479	-1.3060319750074076
4.527461605340324	0.25309115715510544	-2.3021634816881837
5.059395009859768	-0.5275735949015228	-2.8279823537627693
3.9822090720264063	-0.4132693702180733	-2.755408238623999
3.1009264671219987	-0.2668455720744314	-2.4113781976087676
1.9180580828192262	0.42277014526945156	-2.467453803554725
1.4425933195909675	0.24667728054015114	-2.650964397249023
1.4252608438811727	0.44357750231412685	-2.5910582878345076
0.26216362472334	0.9269355323948414	-2.2968782115813586
-0.23807969460326361	1.0777133377771664	-3.085945623619703
-1.2704054596121508	1.0206735075126994	-2.9412895085418
-1.3983670159640083	1.332149136184321	-1.9679013142716677
-2.626274397436762	1.4540491185527578	-1.6297914884298246
-3.090474414226623	1.2172793167874767	-1.6541815298770308
-3.125895702607277	2.0214265738032116	-2.0607416205980034
-3.628955025733789	2.6733451293295025	-0.9063193178123302
-3.825585590519921	2.372302325153766	-1.2601974378417429
-3.1736274398275994	2.7890625251064005	-0.545527955584743
-4.0567330311176635	4.282460381968301	-0.24898081866526467
-4.311386306938109	4.2774755579206545	0.8203353499713596
-3.4633942181550905	4.245410536765963	0.7911766075514985
-3.7794944955231746	5.165544840879941	0.8950798634858268
-2.825728907854043	4.748645251034971	1.9739883884827298
-3.023530130386894	5.027488556819572	1.9775234938615824
-2.3106103279668653	5.413317933105988	2.1425012258520995
-1.378659495936985	5.535742585537683	2.503636352322874
-1.074842359744708	6.4864022767514316	2.638111796200137
-0.6653961161514803	6.2992414181736684	2.782214130380742
-0.10964481537008003	5.302989460060144	2.8757653807084607
0.7797307967663641	5.347112599545085	3.5173549123667134
1.1885549407858602	6.280610534516332	2.9250608771865356
1.867506466900492	4.952662568168502	3.994794696982907
3.247408069577239	4.5028179356491425	3.238719153999879
3.582356555995369	4.6867939120558715	3.316472206077369
3.770072124210835	4.405186213946409	3.9225070443367915
4.966104539770774	4.404808390757518	2.889795687845804
5.963600853143943	3.7096126235035864	3.3972609468178803
6.182415560007447	3.592897673777178	3.2163714727099766
6.223433594505007	3.162868199368429	2.480065004728714
7.789422259929023	2.783302998557385	2.2795710626076877
7.423555214091621	3.2111890686676565	2.458066091038483
8.319222534293488	1.923894579986608	2.095192356834458
8.312382616017635	1.9400747223595727	2.159208593533798
7.719202559070118	1.918306717095464	1.839679912064292
8.525226451931445	0.909449331472121	1.8508508442735456
8.5059104180852	-0.4315398375035525	1.8611276815281563
7.810563188319239	-0.6665536602690898	2.223262185631837
7.7732311393852145	-1.1866378232824455	2.5531847071244016
7.343280963597266	-2.3901591504507778	2.202557802155378
7.208927551123618	-2.237834231644414	2.4904176509059974
6.63367197733825	-3.34431641568293	3.2506067609906744
7.34612544204956	-3.8974130843351094	2.0907148623418452
6.019042782186209	-3.9500907493644353	2.446489717906149
5.491688899936681	-4.673570039115415	2.357646034028609
5.148220443092708	-4.823866515266411	3.064406303060264
4.51568042832591	-5.21631501269467	3.2591792596514475
4.0764063637667745	-5.202332520235018	3.1845292831423455
3.2662766802553262	-5.215864136695854	2.6702925291701707
3.006623392112374	-5.259238365818799	2.343704503021518
1.5113948132566937	-6.29025276222818	2.6110492038049045
0.9164168092626094	-6.209243368410651	2.0929492580026245
0.3369334850928214	-6.359062242011526	3.0578840816085497
-0.2535166797549865	-5.813078372332832	2.6059796328330913
-0.26025169138932447	-5.512087561784714	1.806523768199464
-1.6385824218666827	-5.085172221208257	1.7721370273330417
-1.392061386171594	-5.537056963420145	1.7434875436450459
-2.0768625190774035	-5.277328326124801	1.486862481522456
-2.3559135247413865	-3.784866952325676	1.047912545421444
-3.2180731835219434	-3.43256644625583	1.8065742185848221
-3.457903618713895	-2.774976839147313	1.8288606861823475
-3.080156304970565	-2.9896573590349704	1.734291960292949
-3.81392040526146	-2.2002836411826703	1.2338654086057748
-3.5771594672000955	-1.8690193644954254	1.6849165128683088
-3.1910040039378207	-1.491655977486547	1.5666814321720937
-2.7366187538090037	-0.4444317824751447	1.7914224374324519
-2.181967650100377	-0.2303495194015091	1.782639645669228
-2.633816782852447	0.7112051915341872	2.346662391177471
-1.6202351507299537	1.6671528248524057	1.9809334456061884
-0.9354137253185172	1.6664021530600726	1.8846722439002475
-0.3313849823336883	1.4169813693002673	1.7905908080745019
0.1967202472123296	1.9718190463437868	2.2830097241523135
0.8081791250089165	2.3877143534369107	1.4099214487879257
0.43770919309834944	3.0660885232286677	0.8501446358912128
1.6331603965333699	2.8314952539357625	1.2117700884488334
1.5881111567485346	3.137369823526307	1.1645871892528998
2.0633753743732086	3.731720639865684	0.24297939217880438
2.890920976646739	4.498289881328006	-1.1281625426568036
2.5313037138431733	5.065550927709881	-1.2242026653484275
3.6970140332364534	5.187201568596531	-1.637931808879412
2.852428824053086	5.712513972255434	-2.0361986470486433
3.7338472147387027	6.650759606834578	-2.060819618231892
4.208424561713489	6.44157349062017	-1.7421019427489433
4.425933338995428	7.341996771176342	-2.2110967239967216
3.9438978032879324	7.687403413562427	-2.292172364769787
4.850392530966638	8.249622035601643	-1.2865877142238427
