2.7363025336158273	-10.219329893245758	0.3965199031838025
3.3022683175420795	-10.00359951661935	-0.16684713438733512
2.522738011964361	-9.061745223484865	-1.095101722446074
2.336478949554049	-9.032053081739857	-0.6998010644279402
2.4832174351283296	-9.127698252635545	-0.47628058366524906
1.4180446452125541	-8.424128893536174	-0.8413929015347893
1.524871620726854	-8.972369436386396	-0.6021542184523281
1.7647452332156013	-8.358928410678379	-0.6371246281957447
0.4354694961101183	-8.165072349236247	-0.9664369078857942
0.3486158166615637	-7.175991984757422	-0.31538558414639395
0.831849115514687	-6.5562093996361455	-1.4961396137485534
-0.204291663394909	-6.442066288155148	-1.1744621802964106
0.42282420305802937	-6.314473564662009	-0.6512806066683325
0.10657686545378942	-5.682627137390599	-1.3207170207400352
-0.46841889615084303	-5.7059361276969	-0.057096244867319346
-0.6987795386709725	-4.295981883360522	-0.979929027948812
-0.33561167111953083	-3.9775945499150933	-0.33550661503539136
-0.4377162009091058	-3.2853246219102217	-1.1044815659552394
-0.5774218258935289	-3.175427398699001	-0.3790692199893232
-0.6648935399190443	-2.89359459757811	-1.0106788963166085
-0.9774208109698806	-2.2089543511928507	-0.05802916408528713
-0.662621435387916	-2.144134673166863	-0.706107607968145
-1.0255067670897837	-1.5344372674172775	-0.7143701443848853
-0.34576288838780855	-0.6918396238235476	-0.6948103800997176
0.07342603212417664	-1.1340829542456259	-0.07317431298187549
-1.055333553699493	0.7403430038767681	-0.9367091614406771
0.3844150601593843	-0.12790562162508742	-0.7388204727286487
-0.38825655177293417	1.2637459347413462	-0.0890990537136438
-0.8728416377665995	2.1295013776262364	-0.9712940610864971
-0.42329017066944985	1.5624361565321572	-0.1541760266197827
-0.6263995014594155	2.33453881436831	-0.7431673296938666
-0.42941955339408416	3.0370573016872773	-0.32744743188726566
0.539442086136274	2.954798686239583	-1.1897256117714516
-0.5941042655687312	3.4784617787638776	-0.6351694002866614
-0.4094343184052463	3.7958731379638344	0.2750916047941636
0.4294964978171593	4.885548317781754	-0.8906126657226396
0.06504131089563121	5.404966066440355	-0.7173890110199541
0.5152758132330438	5.309945695966074	-0.10737732509563258
1.716538130299655	5.15748211935742	-0.2993824185328706
0.9807675472424152	6.628173540186806	-0.016835430684910446
2.208277490630521	5.732450427838635	0.5959500181967039
2.4288051810607025	6.80706956122927	0.2592269423720348
2.4350859216409635	6.721596848939875	0.9563841038746598
3.404961271743738	6.290210957510006	0.7710116491132968
3.148802814262097	6.511985714627839	0.9600797996178184
3.789071295992049	5.851839917641206	1.1597790701000859
4.023530592801798	6.324073790623858	0.122990833752245
4.846619013595424	5.58899329995934	0.2542641130324861
4.91133162121736	5.340621617156756	0.26306664104587596
4.747351960783667	5.140494854686915	0.49646232183977845
5.229506547495152	5.505768712199663	0.2563633877168964
5.651904732476131	4.598158168160279	-0.12396413466120915
5.5295753378364125	3.733182021467961	-0.14703571698647583
5.9690697755893645	3.1006884445305793	0.4666299839763889
6.0434504010535655	3.1058903777121936	-0.327030247528832
5.04037690226407	2.2848332422833466	-0.36086346217739634
5.663262903561876	2.2908625843952932	0.31177282069937623
4.9429803579051415	2.3903005988337056	0.5987702743617989
5.224619461767335	1.9186194682543958	0.1073275825820531
4.90259295436782	1.1929274633328122	0.052393213178931766
4.772377269922757	0.7831981803024183	0.27739599515161334
4.34144936354245	1.2253288602863226	0.6919513035587915
3.721361412715314	0.9036154519071615	0.6618030456533243
3.471103159643359	0.033638335783174544	1.3403628771049867
3.3441721350411484	-0.43544941598550146	1.2014631058439065
3.6776510607175403	-0.7299560884526833	1.4906046439743386
3.740818889353352	-1.5582493049828645	1.6523917448875687
3.070822458288487	-1.8486946234538508	1.596351634869307
2.3390201960540686	-2.111784829246407	0.8999327120320716
2.1895777228821576	-2.196730876714695	0.9978460508260707
2.712472177783935	-2.1639396290902155	1.1106752966910887
2.9707048480526184	-2.9222912263964034	0.7742853319238794
1.9917629510128594	-2.963735377214543	1.206441577393277
2.1177118046555616	-3.361460409073642	1.173348082666274
2.164824740295813	-3.7729306520688555	0.4243032057773085
3.0795203960905617	-4.738239770605059	0.03333922790795629
3.1067433003369866	-4.124842006999813	-0.4911376709151896
2.4539803842632417	-4.84299820808398	0.25298800600043514
3.1568117172041035	-4.882452991820821	-0.34218486621238764
3.8230707302386002	-5.971527923547437	-0.45344083094009136
3.842553442831586	-5.821436370498333	-0.7999287588990049
3.3798585756086887	-5.949993684914441	-1.0822710803265714
4.012049262539075	-6.353872258809273	-0.6067558938451936
4.839107750141935	-5.855049069904303	-1.7314877110626246
5.219750431852228	-6.070746469336976	-1.2713420901747952
5.560265124089022	-5.3907592632605645	-1.7228970121384144
5.4456895983947415	-6.019492878691347	-1.823915689555215
6.574938944721438	-5.8709561413412645	-1.740364939665707
6.1920440607795255	-5.050425391324137	-1.2306669773378456
5.9147895612414905	-4.191460979570737	-1.1205980390594474
5.662110186516424	-4.738360065694745	-0.5280419466386188
6.4197188481435	-4.245218568333815	-1.4742599068418878
5.332192484611903	-3.913747936866521	-0.5714774094589266
5.760858541669485	-3.3277101998379877	-0.7676249478340123
6.289493186303058	-3.1745419323305017	-1.7885782879273235
5.210278921137699	-2.107627667788041	-1.477097427604914
4.922273398847107	-2.5867149788055874	-1.9298438861626894
4.401779949925974	-1.044385002977349	-1.6938316541837253
4.317852898143007	-1.3044280026436974	-1.9247001505856935
4.078869287507847	-1.3048199278372095	-2.3869054400118874
3.5889723021892754	-1.5640547835923562	-2.1408766230734995
3.225761832569188	-1.3793496282165845	-1.4396652528404874
3.3224194026142646	-0.9675064397338534	-2.123506868678984
2.3049521434075806	-0.5738854643304263	-1.8582144547973993
2.430232046109043	-0.5980501664185942	-1.8899435072021182
2.1211940872589676	-0.20523493452115915	-2.8952697687300515
1.2597012450814717	0.5386419919443445	-3.05520182856765
0.7717357217824101	0.2077069179091099	-2.258563627299722
1.337299649324228	0.2870349188277053	-2.7620612984155093
0.8898629827546511	-0.1915696429065576	-3.3899335745081833
0.21259588786082906	0.18788059590492617	-2.3623216356398795
0.06781928055103048	0.47437447484380646	-2.7959449395065104
-1.297652593577042	0.9721771812546469	-2.405872651578309
-0.8246546078597063	0.668946195241147	-3.0346476043884896
-1.5484449830535334	1.5850486491823426	-3.046236567933743
-2.0196086118873304	1.1664241759601612	-2.242162760632164
-2.153039246465399	1.053535609420152	-2.6431571556232893
-2.1571248562000824	1.6471052940490187	-2.262229531451922
-3.439392526898433	1.6791690061069287	-2.170792506267566
-3.2616841993611727	2.4824792814200816	-0.9891517208129715
-2.948730981964104	1.9139311466273297	-1.536035457317681
-3.8237413031263885	2.949333416984625	-0.34412723244981325
-3.0149847366941906	2.8147808039532594	-0.8286185061128004
-4.07794713967354	3.3073764634258818	0.3085227795737767
-4.287893531132439	3.6568778914929725	-0.4323823268676391
-3.774048731722032	4.567492988410541	-0.0373992777803237
-4.214353180341294	4.331332429346955	0.14603189799365968
-3.772699754953538	4.960950652636784	1.2431546536472398
-3.378523088846099	4.346023541708071	1.564466130588953
-3.420633299941805	4.530345131836563	2.1113106760713056
-2.689962460649279	4.888886101084916	1.667554951039074
-3.035276693557065	6.057594586348312	1.494668266911606
-2.3553221263172635	6.061900174027096	2.262807193557214
-1.2035166725069113	5.57233299912925	1.6550405399353219
-1.058824864219788	5.829315929411497	2.462888847138246
-1.6171383616427961	6.252505774943019	2.4550647716434097
-0.27587554861902386	5.80075583286903	2.385247733839936
-0.5692256742230536	5.482880121876585	3.4728294351459312
0.059718655545557	5.205500320845878	3.4073929675912527
0.1435985186198096	6.142033232388358	3.1260191810308227
0.6989653189889923	5.699786510389037	3.6224228373957397
1.9588166757561563	5.1254213711208	2.8732784041493753
1.3551158866988962	4.961898003887723	3.3309024803881613
2.6279088991503574	5.148028851401055	3.3438728697972984
2.582050064149996	4.464228157886233	4.05249137702967
3.0818975833489235	4.285789125917124	3.5499794665895577
3.1452722849128345	4.30288114152738	4.0837411711720355
3.2596903422729775	3.908798481299055	3.9317773883970033
4.276850105278582	4.3613479137677285	2.89276626926136
4.373338157321951	4.18360132382722	2.8277983496229555
5.390818525932047	4.036384935019902	2.8457059419252064
6.031850574076208	3.4808637242844647	3.4886931550560103
5.315439848461503	3.847663462965744	3.61517934310186
6.617639727541642	3.747020220443232	2.7427790865458612
6.820730810420203	3.4235968958774308	3.217312765713099
6.787595447089987	3.149572161716058	3.064645817060759
7.411919764842229	3.0871890748708677	2.343241815314517
7.310718687772218	1.9169800799597094	2.278959178869448
7.149989483054493	2.297344389174156	2.2958883595071056
7.6646658754223305	1.6533651743433317	2.3838996589283177
7.857414367291502	0.9065856979024208	2.5340146360072153
8.463087422959362	0.9102685752309634	2.398623474450978
7.63330521071779	0.39390901399766953	1.469269314417331
8.427183734765872	-0.23160793670771052	2.0704757599705736
8.362601220686148	0.0667618333354677	1.70401620085086
8.19752675930179	-0.6193644867584972	2.0805178790815804
8.051519588879204	-1.1068590457899954	1.606485895467244
8.4162063854274	-1.8006675386274698	1.9319018222412931
7.764862165258521	-2.2945069158394307	2.486446622637304
6.991674861968922	-1.866258974826752	2.5095456756615198
7.045443934222546	-1.911693443813177	1.6017303103850578
7.262361103494845	-3.520890468854114	2.7298011433726863
7.439910270741822	-3.527528814397122	1.7604463419563086
6.77516823624082	-3.675982811150682	2.0701355657393643
6.252587387576116	-4.594635221942424	3.1234254461044646
6.060453317919294	-4.263258646351039	1.9414322675139002
5.916988368623935	-5.213340689126226	2.941431532572419
5.656469379126404	-4.694345981834583	2.4550832215762135
5.381289329438675	-5.300606285112849	2.42104567223593
4.326516650861021	-5.634064337988858	2.564915425700966
4.616532294791483	-6.022406673012329	2.6576808096981477
3.5786698608584406	-6.3871735789349415	2.1265508935901716
2.9671778961545847	-6.314477822308934	3.097255893960444
3.4130720786346225	-6.390553416475196	2.3389971332799577
2.6397185993636065	-6.31295250956229	2.07661085667652
1.6768770214635915	-6.927604851630192	2.9462773205957884
2.3159880734848515	-7.342538147071253	2.1926147040536907
1.3659384989416967	-6.904556071694614	2.860966063507098
0.7662524439391578	-7.38316195734758	2.458533369490732
1.051362762605436	-7.719758818806333	2.219668292449815
-0.5335986138034647	-7.663754988481591	2.5114480951239178
-0.8732495566910651	-6.999906968386066	1.8827392768022677
-1.2770602756066909	-7.548030191440024	2.006404254983256
-1.09449602515133	-7.2412416154269215	1.7981002244514894
-2.033717211454136	-6.576286016131871	1.885108895596135
-2.294216434098949	-7.145652366472288	2.2553231783925023
-2.125918979534626	-6.986100819227848	1.8313749462184605
-2.658660858405441	-6.068190659359412	1.1103072388573048
-3.2573181491499215	-6.650772979339375	1.355528793165234
-2.8220261397972535	-6.102429634105643	1.2120119343683742
-3.560967852554617	-4.647831408530873	0.9297321352013037
-3.288901682342966	-5.109574618550884	0.5960669971041315
-4.094657690412062	-5.153646784671488	0.6993538999006771
-4.050687304620206	-4.517350219915371	2.017813122923945
-4.14933907484641	-3.2803709421395446	0.8987775448743038
-3.6903043177168016	-3.7421272780843218	1.753414691282177
-3.549310877799149	-2.4729700633463145	1.393336005357975
-3.3779150146123076	-2.9812250342399396	1.4888098076893534
-3.2328231668814964	-2.4769963413192824	1.6584691440824497
-3.377596059357697	-2.1750761726105083	2.3486850047220758
-2.7943374509434444	-0.91155285400943	1.7311374686906487
-3.4194029669527297	-0.6552885920218079	2.414263554884957
-2.867056303446284	-0.35139778428778856	2.3824062574039226
-1.750905563914934	0.052333792438236104	1.4713848957631452
-2.5890848509273554	-0.3462148668533801	2.6880628791674965
-2.1889876984243357	0.5018427692318722	2.073681549824532
-1.806030571879549	1.5236575985971856	1.9401351964014717
-1.132444770038289	1.2032478128022754	2.4200509172581883
-0.8874219288397436	1.1620671316834885	1.6726355091559197
-0.4259401609852447	1.8502002620526596	1.5979475669609058
-0.055196795216594985	2.5084306782966403	1.2908051706165284
0.19305766740328545	1.978998200025507	2.214772148836146
0.9972567743437504	2.2833835107073663	1.822350595563779
1.3415791087238293	2.9876978900450117	0.7952250830230717
1.6174283227041495	3.7243706490066706	0.08675283837011308
2.150880551115441	2.7356585513373366	-0.024130176902028566
2.204849049886805	4.067515931461648	-0.640634554888689
2.157144454354036	3.385067205944635	0.11994812347093653
3.1524728619647235	4.042807345907354	-1.07799538580771
2.6485012450136933	4.084338341123569	-1.116945107606774
3.5773448669096743	4.403357886774149	-1.5892355379432688
2.7695692740093434	4.848000578900664	-2.0484153534691996
3.712491285196683	5.53981403749378	-1.6255402433966766
4.593856091100037	5.314915858252836	-2.291501537643737
3.906990974081786	5.864763900264629	-1.508515529855637
4.235456295051716	6.209011667727803	-2.1819995904033975
4.514855507585676	6.952739321624554	-2.0259860986426874
5.4034684968035	6.813061111355255	-2.481748687012953
