3.7293644303370517	-10.277052546377277	-0.35161002670387065
2.7316013181569914	-10.150481001370226	0.20630052526805875
2.2022499954479087	-9.316875412380767	-0.6968953829873801
2.1371770910493364	-9.208790659660991	-0.10555982802773789
1.1430525570754995	-8.429257619083609	-0.912638194214045
1.6148530165601132	-8.363451989944547	-1.3227898226081032
1.408033311551087	-7.729240272846341	-1.1042480092669371
0.10307141695184963	-6.664193564985137	-0.7072438986784453
-0.05304718759487703	-6.484251383133295	-1.208649242666731
-0.6429339578225566	-4.740170919643029	-1.1727320695762136
0.4778521336624635	-5.235324467679486	-0.989400522849619
-0.42899709275322706	-4.460329943089628	-0.36323764148833115
-0.5468070716998601	-3.703266274411622	-0.4314201758656202
-0.9519446071310125	-3.170580344808964	0.24900187344955915
-0.3680926270251931	-2.071998850386212	-0.8546228869710251
-0.7393217176198759	-1.0158294255563012	-0.06282874085844259
-0.7969424080264297	-0.008391065624220762	-0.7371205937089051
-0.8958974762487526	-0.13851922912276726	0.04473436038740597
-1.039102285142525	0.670913110408791	0.22394916981765234
-0.8806673590157343	1.5990801262683367	-0.20552870664953027
-0.602435192662907	1.8600048148321884	-0.5441133874865669
0.4874286066187745	2.8863365936564884	-0.6419861590206928
-0.19368355942870757	4.411017590512898	-0.6609641365905768
0.12863844043972916	4.797282646625095	-0.924382548212981
1.0875960221085843	5.374374371240576	-0.8206776722948118
0.46512952913620487	5.2781267914428724	0.5519252184706955
1.121037258123785	5.755149333836316	0.05039376601805268
1.5450315097119665	6.228706219374827	0.5110891738597874
2.6093877981374174	6.703115300373181	0.5863900290452339
3.759958270856294	6.678837201347024	0.3003607272461487
3.8953872320604135	6.643581632862202	0.889987928357235
4.0704742382262715	6.079045184310579	0.6097648398270911
5.710923808090537	5.413741385943148	-0.05268815584457906
5.237804402283251	4.6928017005405405	0.8809332591662962
5.167238932613899	4.515652749059053	0.2930462740752728
5.183669677533589	3.8504273803640157	0.6450000040979434
4.9541298940357725	2.81994308665274	-0.2410935603400352
5.991756094054138	2.2941490015315718	0.037294910183057084
5.360833613686365	1.9957632105977328	0.08412692016657314
4.9350182444840645	1.1908776878756724	0.9522310094895831
4.429829898565199	1.5922428097893324	0.18972202086854822
3.774445399058255	0.04317775334526023	0.5528554267834915
3.319173763010649	-0.13706037947755145	0.6712447734075886
3.33713599215109	0.3411263788572123	0.6820381593956829
2.877064871615121	-1.1512905225199517	1.072905652809062
2.889838494497413	-1.4947404787625884	0.8249014328477244
2.8325260166087656	-2.142443607488574	1.1767429681351649
2.1780907158747898	-2.0935872808034404	0.7042409033344966
2.659102881471459	-2.5536163857721443	0.2426562198689154
2.1006421445940373	-3.6348383995585136	1.1388658271766192
2.476774955740111	-4.0631318579129	-0.2409924930196854
2.3144217482892517	-4.737050860161072	0.5363067965684963
3.162191632076536	-5.3429884568994215	-0.35160624179376054
4.0089807878408	-5.651520961062785	-0.8115810208025662
3.345275544092476	-6.112688547953549	-0.9675269570331642
4.4962654477829584	-5.887813859818355	-0.7001053402322821
5.091736383533966	-5.83460907557067	-1.2671996144278077
4.9148499419300515	-6.160274236361592	-0.5512004614957651
6.122999031713755	-4.776176575688331	-1.867950960324348
5.45067835038883	-4.733862014943724	-1.246482033241904
6.22600520389281	-4.260561899078763	-1.530411234541224
6.083552479372017	-4.169425475278413	-0.8897426911991957
6.531965310902386	-3.109911889829783	-1.9206254019334685
5.039658542586183	-2.393737662622109	-1.2743559385525782
5.046511285052523	-1.7044962146442244	-1.4786835649936265
5.339536682187613	-2.018549135621217	-2.0090474364276667
3.804863048483096	-1.7435381795581306	-1.2480611612207952
3.600635139545452	-0.9425060900504434	-1.959238912989617
2.9167086470364705	-0.4460483457218599	-2.1629757931770928
2.5463043941147285	-0.11079835033976726	-2.2719051703206565
1.7271574732297115	-0.21743819769252326	-3.0783871472196043
1.451076766608768	-0.24635097550659518	-2.4834903579863727
0.39085845076740344	0.5631878236672618	-3.056273477834199
0.6131976693362979	0.003937023640408238	-2.9289009417352028
-0.42377472353338463	0.9808680804142413	-2.534379162978613
-1.4423127261841173	0.5295949638478241	-2.6705466298787965
-1.8785130570965372	1.1591152712769621	-2.123295583277976
-2.2935343139039537	1.9985507593662286	-2.7605366661857924
-3.2780425411270264	1.7086935205867868	-2.437899563202192
-3.3964322676874352	1.9540878544305775	-1.6000743988697432
-3.8002642072643673	2.0124694263210086	-1.066004670619443
-3.355666223291979	2.731800410640986	-0.8009263695835627
-3.9748515462782548	2.966314310697357	-0.7955202697579573
-3.5490043307450407	3.7314043679850037	0.7192699208137083
-4.052504686616307	4.800626842270225	0.42195199790917176
-2.9439522012439197	4.731822249309521	0.4488266765847133
-3.4384341238213656	5.686193945443848	1.2684027757690686
-3.031023754495836	5.925208084527195	1.7122161090814116
-2.0786426719281903	5.501954413037766	2.2568171032338884
-1.9567887149205947	5.998525391017705	2.0906847215845907
-1.2561577607716592	5.716323110562082	2.786585125918183
0.10912001088132062	5.636238669519104	2.531880616456914
0.1978537685866374	5.7587735044892	3.1407269533252298
1.622138577419547	5.160825754575755	2.660649030826649
1.3273397710138308	5.53965512148442	2.955291626753039
1.8602804269814346	5.009042342855756	3.486496098755257
2.6542799431620705	4.654916495163237	3.2240525794210755
3.1864168257807903	4.753212191503289	3.215710629465999
4.525814099153605	3.8611794406720956	3.099231232145641
4.424037180910656	4.268185862997994	2.9932172958508905
5.319103173888699	3.565836304205871	2.867894524190624
5.654759088590909	3.999226301779162	3.110669005161497
6.121504150088031	3.529123963405283	3.067955585765481
6.394118193339565	3.907163619979878	2.644862083230958
7.006034343895321	3.0117379223278533	2.672935913661111
7.406777769049924	2.6424257064427277	1.9862270852225592
8.451676932763977	1.5401997540048589	1.8422648524537308
7.457936927246747	1.9169942956727344	1.693654141382874
7.663407783576787	0.17544831916067094	1.4422450416277293
8.456703033133214	0.14115487341152855	1.8083743285471297
8.26226294766211	-0.6963075116740863	1.8046678158262561
7.7312815673160316	-1.1251189771823726	1.8472310698922878
7.632562071854123	-1.737837771821646	2.321200971533057
7.341236591900291	-2.256614874798241	2.361498656036955
6.619873023775485	-3.7402739068580715	1.6530224889091345
6.903424342232574	-3.495732619334128	1.9665832481287946
6.100854981199255	-4.215355852935481	2.3837407189213624
6.061034475785202	-4.946465083969009	2.634252016279185
5.035738282679271	-5.6214847712523	2.633336713760036
4.989522411814945	-5.409651765845124	2.3778167909284647
4.003277834659973	-5.734606926474705	2.3938552696234847
3.6156526604345554	-7.002557891710132	3.1378363824013054
2.999597923530219	-6.502171199172595	2.471384831478679
2.9777853448939418	-6.796406838993937	2.5871036665364002
2.1793995416555534	-7.549852012484081	2.335404724501127
0.9424568141004006	-7.798595421774088	2.9104942932439957
0.8375405245371156	-7.605481191751165	1.9845588260810394
0.21439506165881794	-7.819358432417161	1.979315776491411
-0.7691290926176793	-6.900529935039111	1.4822598166852141
-0.8676914728679948	-7.570785615143365	1.6987109800333622
-1.2709413165887324	-7.058671956628908	1.0993843698456138
-1.888919715861804	-6.93318953260793	0.9530665834628458
-3.5599507065917866	-5.941300928939791	1.614895493555092
-3.1819575117443484	-5.648420492546634	0.8785279822178944
-3.705443143783149	-4.891409091215591	1.6400153015247372
-4.112708727144955	-4.611109477868642	1.6370401467837585
-4.202487854623625	-3.2378500994555077	0.9215040519278663
-4.013104416824465	-3.3650168500800577	1.0548667458111496
-4.22130684107339	-1.918228025704758	0.9570452888077858
-3.9533958152125046	-1.997506540890732	2.2231383569070355
-3.7073429851928434	-1.4721870731034619	1.2329646308977975
-2.911783694563712	-1.0465913657428212	1.460072609867669
-2.8761078389450905	-0.6101798604891909	1.6322585151623812
-2.4308770219590916	-0.060507001295968726	1.7133104956537428
-1.2326998214578708	0.6861073203689438	1.594133493319917
-0.7257460113093863	1.7418781015481217	1.7721919336489718
-0.4773488739015996	2.445364728754514	1.798131469003889
-0.12313270378652927	2.881727720735542	1.1390876044673082
0.4369203450845613	2.238251664850711	1.42574876694296
0.9416665342186019	2.8044104059760535	0.6451683671242671
1.753950454884178	3.7588900859529613	0.36660159424213273
2.420053056005275	3.1894521627474823	-0.6728216749485924
3.4382801414274646	3.940473500545783	-1.2859138874054907
2.6134390050662244	5.216279158941692	-1.3437008490700573
3.465834942739604	4.915722402727098	-1.7377850583604855
3.773619923935396	6.103236431547316	-2.328886476525692
4.54779007881806	6.017361091276954	-2.196177224920087
3.9945587726429546	6.162734649230172	-2.4238762244940015
4.210801714531768	7.53701211295729	-2.676175984691437
