2.860755710465368	-10.068027761046377	-0.5323036479850684
1.9843934867146453	-8.606137911915638	-0.8526558029382163
1.431845600666658	-7.762412554740202	-0.9829085853676214
0.19897421914801947	-6.8714970340726245	-0.7904787463477796
-0.21462817114802335	-5.6742401257105035	-0.7699241873878709
0.36627222645475865	-5.069720305762587	-0.6008436426768811
-0.3956502998365674	-2.899490952629378	-0.5486578455462967
-0.8044969720379989	-2.407486232138491	0.25222267470797854
-0.9716136062755203	-0.1244272452172348	-0.6603388882490968
-0.09820691206229348	0.4114855054770333	-0.13235840048704695
-0.26371038253845247	2.458832134689631	-0.9739219865806525
0.18679816936299398	3.2840127141472313	-0.058082039543002395
-0.014580547798924079	5.090183935597419	-0.6436361115966442
1.8748315751243116	6.098380046399081	0.07080771114861129
2.686032491515316	6.161568378213066	0.4613075575683779
4.052945619171125	6.737373368296005	0.4135537425746498
5.129627419783051	6.042666126000514	0.5123563165408868
5.753959090186464	3.915365848572341	0.15644750694013337
5.0816580380742025	3.266953184128604	0.6431207085932358
5.1337197806715755	2.179744024738235	0.5198931377537135
4.471606271358948	0.7730884678536065	0.7813512201508983
3.465168562551402	-0.0655553548744231	0.6264031537280462
3.9627748724231195	-1.0126385786014982	1.0954946862814046
2.638757873215345	-1.767944834852978	0.7613482537172762
2.166734949096224	-3.597516872470153	1.5175062383183802
3.0987623375010602	-4.083235827185883	-0.08171854292676306
3.153099959929505	-4.914376276805687	-0.6768191618456056
4.321479494658963	-6.444180487456956	-1.3359420827044493
4.478600866378402	-6.274739327240965	-0.5063755815154625
6.131601126525908	-5.309868091021168	-1.3597595922496373
6.392690250623371	-3.92298427004669	-1.855894251185358
6.0271479946790505	-3.5256902500276874	-1.4213377596074483
4.81909356193193	-2.551297570112359	-1.8594372334454918
4.985610660385134	-1.163627512632511	-2.1937817807814852
3.191468543688784	-0.11347078096909247	-2.0750122641675093
1.9252102164040927	-0.17931816454286953	-2.115967276424121
1.0740686355977311	-0.23513023411654266	-2.8763359457133886
-0.7083724882919604	0.04397122556205888	-2.5137340052878154
-1.7868708550344443	0.838320770796114	-2.371776000956007
-3.0628516277918423	1.9496777153382892	-1.6549367911592991
-3.7277974099740727	3.071671413629195	-1.6354437735154816
-4.023758728746151	4.065002684021279	-0.3906858919463038
-4.137312357985594	3.8323680989795488	1.3119742726634738
-3.0230061409141205	5.405799274742275	1.5154819343719788
-2.2842175349722074	5.3601521226282705	2.1225195691585057
-1.5319582987673348	6.435836144368541	2.457255964050016
0.6269444735493493	5.088417227934771	3.1036589201153575
0.8030141377170333	5.11771083027294	3.895518701511163
3.0354921731833473	4.601499350159951	3.1114915591380186
3.7272869945245866	4.556558400860876	3.586422413942694
4.945058496258785	4.571041906530055	3.1983054462506892
6.287051252239507	4.157076491342787	2.5432787176949985
7.738387866043354	2.239770038809614	3.0413778214857157
7.688945802829293	1.5904413485124553	1.9709848999161184
8.7855248024381	0.03173796765513903	1.7317592368381658
8.242472233380841	-0.2118021616949053	1.356497507235886
7.599773028657975	-1.7912281575545024	2.352267280787984
7.330253528639097	-3.302714949986896	2.2802487188525156
5.90367643138098	-4.798588396298545	2.9458156470299324
5.132850822152523	-4.71328538497565	2.637165014923484
4.0003580299680985	-6.396384347645091	2.6824324813802325
2.8276659062637	-6.900966570368556	2.4449544570584587
1.9386034287180984	-6.503073989302538	2.275156728664426
0.7188029917602689	-7.580756359345886	1.86925613276488
-1.1737099831341058	-6.685242365291792	1.7772415325764674
-1.7832927683377995	-7.273940888811493	1.7815569305295305
-3.342696601613809	-5.940264220326178	1.348384141710362
-3.495118683576777	-4.396885944694039	0.7119923106636065
-4.45537215537881	-3.706854413636343	1.2998567865370352
-3.152824194690095	-2.879779755761998	1.4222348932743238
-3.537372784002903	-0.710832000120788	1.737077946445665
-2.4808858307219617	-0.47598927775505384	1.464318549043211
-1.3505460488609535	0.3666659430356991	2.621650600189877
0.267445150688852	1.7053214498275926	1.726249886915469
0.7980927567210938	2.157551254353217	1.8266175168061616
2.302198061900202	2.6519587840219168	0.8688314485400261
2.979638624119003	4.051767668820215	-0.6141820869674242
3.864967075685456	4.892731362407199	-1.8016052839865733
4.771869593436495	5.768020259502842	-2.4635638249482645
4.521087352285792	6.669154446953375	-1.895434411842468
