3.412315494916835	-9.53841695905998	-0.6743286693260858
3.780854915875956	-10.003627608406578	-0.8256998316904244
3.219963482239917	-9.619618765293842	-0.49306922922693763
2.688180819389422	-9.633226407026568	-0.2207087490572579
1.8617519905120894	-9.025367036206392	-0.06960641438109105
1.4000866408020995	-8.180444620370196	-0.4254035984616229
2.1636205674384503	-8.582274745958674	-0.9060599267693397
0.8707581663883645	-8.486708400172176	-1.1710739527607261
1.5900881260949349	-7.840828122873555	-1.013821545454172
0.6599400330318536	-7.4353317329023705	-0.3441242288900703
0.10946135266758271	-6.8998932031394755	-1.4705752804208347
0.2009893847254417	-7.061261300032972	-0.41093528081197017
-0.3222480437422505	-6.684490131088724	-1.2036074804000954
-0.18226832322471065	-6.011902541538282	-1.365368944079191
-0.7059285688641586	-5.80608031818569	-1.3456813828741345
-0.3564784180812881	-4.54331159105695	-0.9072596482220379
-0.6525916094609685	-4.324590698602016	-0.870007670180035
-0.6625551897135487	-3.5412969121269637	-1.0503094531692623
-0.7205857732631156	-2.9800985322958815	-0.829457101728825
-0.10754730011399416	-3.5102213452640334	-0.8458391158038261
-0.9422499451741564	-2.6992630716507446	-0.9696011648324014
-0.7448338991244239	-1.6703031342698802	-0.03912390377551134
-0.9211902475840984	-2.0143887564874374	-0.8828337097427761
-1.1120404502043155	-1.5163183425738425	-0.032027433577383024
-0.6955751406841861	-1.010885637783476	0.09876622325066742
-0.4399975946201685	-0.3608178183976865	-0.24811942638455986
-0.8111578140188466	-0.19943504418876998	-0.28836009681877894
-0.6008412458692973	1.5715273986670037	-0.5033467211280336
-0.3648685643432418	0.9404942459050408	-0.04130741025979057
-0.639235889242141	1.939436317708936	-1.1172590800228186
-0.055734104879827884	2.442875796709781	-0.1977034458282192
-0.5235328939134887	2.4301421815381667	-0.4140085230276159
0.6718853807878026	2.8599807587121804	-0.9310951113120333
0.06775698918598827	4.136119325205925	-1.0838447814369214
0.6298581353061286	4.4625117957164795	-0.983066897400102
-0.010608385115478292	4.886706864137844	-0.5096854692520936
0.6052784116050747	5.556249494960201	-0.17045442855082749
1.6334095860902929	5.129979650498133	-0.4238879700815823
0.8247004811026646	6.128062233039584	0.12444357266105943
1.2237217304715617	6.123900376046224	-0.3871081396650083
1.3985951491047341	5.966557576487877	0.7466793029459713
2.025642043911665	5.786145647864755	0.07825091726248307
3.087814785995901	5.854085226096671	0.8642776442406411
2.5478003110043486	6.770157812288803	0.7443134986277479
3.619593324353204	6.537765113691039	0.7812076972625434
3.9467323800655127	5.794745191990181	1.4647258652224278
4.081513969539783	5.77885263185898	1.3671177015295453
5.342068291360424	5.334634750655191	0.06183318762105779
5.141872323209775	5.540174450882317	1.0085580245929173
4.886774592132156	5.330261277718398	0.9378377222551327
5.781741590964687	4.226440137027131	0.5443783877299316
5.752150246043648	4.3970258953544565	0.670117384588335
5.879029857608277	3.49858604286512	-0.11875884710984441
5.198225673658392	3.363612042912966	0.22152323431272014
5.557084294643313	3.5362740144952616	-0.5110696596627071
4.939383373957196	3.500692740845718	-0.3937030367012167
5.068706842461165	2.2614939230460136	0.4041210233524872
5.072954869669735	1.7785615116241773	0.05993503299633163
4.41136048656302	1.3256171615923542	1.036821128269364
4.105178606771626	0.9811100880226924	0.1480976452699016
4.099358176271054	1.2183020239322206	0.4117296037058082
4.771448262742858	0.7784478912314348	0.6299998352434653
4.289369255392021	0.6726426503745321	0.41831323923340746
3.4323648731577068	-0.35917395279880293	1.4276552857418534
3.2470160053431836	-0.0921749094374471	0.7830698639790741
2.9156529352817304	-0.9587065695223	1.577768068879784
3.3437567788886113	-1.2602890039654024	1.8583701735254339
3.111332183015589	-1.232866366120271	1.6946794638857492
3.6518287960654683	-1.7699497332517746	0.7868293945538332
2.1859212214618964	-2.0153991457770966	0.7830492799052409
2.5970748753618715	-3.037647406332213	0.9943915218304918
2.316628655671727	-2.895111111149107	1.4417081843178796
2.987498858998779	-3.4845883769829458	0.19540357760660665
2.3629553616313794	-3.8267791050500746	0.7203576079724205
2.073949180831327	-3.4242569547709825	0.08154905869365559
2.621266155435972	-4.792955846468559	0.5975315242780855
2.869094204116233	-3.9192785196390068	-0.3805077965530619
2.496164499237114	-5.229613160548225	-0.23074600907650888
3.496137957290489	-5.497914248513233	-0.21312148121100538
3.121477525150832	-5.402378563917717	-0.3268254701455243
4.261423345142017	-6.192161822103747	-0.6268770422357967
4.108404528349246	-6.331058641053386	-1.1166395578326953
3.6453447197540045	-6.180763253674809	-1.0890091469742975
4.200901799516968	-5.906496404354142	-1.180993674025731
4.6207924587383955	-6.098993361532815	-1.7031232839333776
5.124214923314194	-5.9699712670085825	-1.594880281621554
5.371009895331425	-4.982798666381614	-1.507808557618859
5.432596341178969	-4.9234740866380236	-1.3208206560471223
5.34262455837036	-4.828727257059247	-1.0380087963231148
5.498092763630863	-4.560963237753828	-1.2748166339740628
5.959426189626777	-4.652851127951647	-1.2095546822499812
6.424963089793273	-3.738540425530749	-1.2594034101972253
5.541981646118075	-3.736992893605174	-1.2448692209813892
6.103910458483314	-2.6223738348874273	-1.7480749957068311
6.137086254770481	-2.6960185937880254	-1.4833316236245626
4.948283593539362	-1.840308625505712	-2.040246940598608
4.9302249774912665	-1.9304944117193514	-1.8656577038037834
4.6836789334698485	-1.4174606942890784	-2.2952936746729
5.229205593208524	-1.2999754519285243	-2.374212446405381
3.7485803213759334	-0.8853624868681034	-2.40578434586072
3.3855987651509407	-0.7699123691194589	-1.6756821949957232
3.801390029960687	-0.8979821625482458	-2.1994697786846773
2.920032262301841	-0.23339293854298226	-2.1023849116313698
3.162687800279328	-0.38718295024520233	-2.473465406686508
2.4800778022107535	0.3315880096160616	-2.7592424763050776
1.754060945526605	-0.5017511270581108	-2.2927656465493387
1.4587188346850213	0.3559369343503681	-2.453697313828024
0.8286421126803953	0.21991913387197126	-3.0467043994799226
0.949147469197725	0.022476615599463345	-2.4050596973386655
-0.14164339429545794	-0.19885231170343348	-3.1007163242175384
-0.1524711185238633	0.1132747576384303	-3.4132800831562125
-0.8176709774864046	0.2523457361531487	-2.0207645652625845
-0.8753082444570293	0.555597707075117	-2.4828093252009165
-1.5826167291999977	1.0243221980273176	-2.5535864283795493
-0.9783762638095566	0.8587342297337741	-2.683499319914256
-2.517295110693802	1.0424121714306718	-2.291689798074968
-2.6220160614410166	1.7485533206148465	-1.901330599871545
-2.308938692901907	1.2515061242075205	-1.6242253860595348
-2.921300973927979	2.140841585770092	-1.6364884427584243
-3.824160536860382	2.0642915757983853	-1.8450283935197054
-3.2716136436831373	2.439242812317871	-1.3405810173691166
-3.556780362362807	2.4654089165708806	-1.2948271264224116
-3.6115116513743453	2.9737472460075747	-0.2479550364352121
-3.574740390794534	3.579035402747339	-0.5216880944764943
-4.248649667707219	3.8077450598291787	-0.4278069738579831
-3.2950510006937295	3.7301099699324363	0.42052380613051
-3.8284445050568605	3.7785831699969856	0.9560449577444285
-3.4102277252694577	4.459934907875519	0.36518855291625874
-2.7457171679481522	4.982652405603962	0.9415306399566612
-2.8122115313452087	5.047422329328844	1.564777281704198
-2.325026858186828	5.000797661300523	1.820800096731232
-2.7618054964134524	5.517611802751549	1.5657956250009635
-2.3537465245312763	5.451342940382316	2.310243439752684
-1.615328598036904	5.1952418508151705	2.2516843489142175
-1.2356678621146528	5.440258487755746	2.984359918924461
-0.8935034775692713	5.744739354160386	2.7138943765234114
-0.5457161346229864	5.795307196845752	2.6411715992575444
-0.611359634803873	6.245485801042191	2.841394323316382
0.20900653416797021	5.424876371589054	3.048936900244637
0.08346732692011012	5.27919922666027	2.8102858729553883
1.3277742662719827	5.745358519601007	3.28959188401081
0.8245940342891093	4.893143700867127	3.670914248693889
1.1787047658595804	4.7604480841079635	3.831291384625712
2.5776460165193265	4.838299515758743	3.6703466570198042
2.7155425767803942	4.691914105747244	3.521116792518522
2.46305303271553	4.323935960314083	3.923624230991737
3.804907389599399	4.245819231509357	3.1922204108222987
3.8873427424419082	4.064498995491694	3.144850048958734
3.8349955553218127	4.816236750678962	3.1860816037540047
4.738469752237137	4.500554294664827	3.5780201666141647
5.146278647948708	4.346057337871705	3.4103420061523435
5.497635737285742	4.550191444409045	2.781637021348131
5.7147965283298445	3.6956347058540455	2.7806686026142144
5.652194999504509	3.2183659326976426	2.7612631466653794
6.0596295518460765	2.8425809693882487	3.8454030125532066
7.208484265648025	2.6874571718275617	3.0687648163291454
7.074303323732536	3.1383950158672764	2.338964488833187
7.051037426741968	2.579884826950881	3.0882197451795963
7.653351113674778	2.4970270895976006	2.584054044482682
7.957560481068477	1.831394434008796	2.72222879624564
8.239647902728473	0.8553426339132836	2.031413699744127
8.567890018952577	0.502252682126666	1.6288222035859259
8.039919394694858	0.9227209522868235	2.213987725914426
7.7124732815991885	0.0810788798622663	1.5698928590943018
7.90446404217019	-0.6549245868410092	2.3909058958730975
7.853693093410999	-0.35803821287021664	2.2374712545923474
7.809400926024565	-0.8796167984049055	2.4910365391632627
8.306867238632424	-1.425817269413184	2.065584068528633
7.309793452249336	-1.1592000403615412	1.866628500213697
8.288311620664672	-2.88274698829034	1.604129264695316
6.7839035107100285	-2.9019689149192485	2.24325324597101
6.722080664963391	-3.334047020148307	1.9096832096561591
6.308816203519468	-3.9063059061954344	2.439862032717717
6.195146725286761	-4.342348835075825	2.9864496436510275
6.143933247953317	-4.1149326385355	2.54868188932142
5.612136569769378	-4.315195022414109	2.706764728266332
5.685975618743283	-5.381985330427666	2.3906890560059524
5.321549021421478	-5.719058396134366	2.501086269958923
4.741074056790776	-5.01191467411941	2.9353377121844497
5.2879782525218095	-6.231147631740031	2.5536194974079587
3.8235044174097057	-6.20637799979939	3.2103901787345244
3.5005764547532445	-5.7412516657202275	2.807826171976062
3.046903061726793	-6.4565491948006155	2.883859840520644
3.2296187817734676	-6.634544034746987	3.0699162365211086
2.1585944775092116	-7.200091789819531	3.1609128556426294
2.598370252721886	-7.518102959366193	2.8541989158541923
1.6912786201991015	-7.210920473459904	2.6600747086920347
1.0546417316057108	-7.100679028202977	1.9746937192440939
0.5860346278877564	-7.093113653052187	2.7819937322125603
0.3566997120527883	-7.232754589755915	2.737945510671905
0.053891905475318636	-7.672252173507634	2.7304043988784867
-0.14773508404746893	-7.364407020739505	1.7339807969900907
-0.37140673540958047	-7.017511003654846	1.7458895535885246
-0.7933763398438176	-7.498986802096652	1.561205502020083
-2.0483267877397187	-7.566667347367584	2.3713605283331334
-2.1048604408478626	-7.427572194523733	1.9900546389839189
-2.4212525542495418	-6.859537949181947	2.134222312530044
-2.540426018173075	-5.861657912889751	0.9429169199806661
-2.483192245567602	-6.226496519498486	1.0339518646677834
-3.5653176203220562	-5.861829892211818	1.8295018686000533
-2.900187664859124	-5.539990970809953	1.2392499542100937
-4.179169703130518	-5.028674495068966	0.7506214115841229
-3.9758717281126885	-4.213569579304856	1.3539962328691968
-3.9300488363080675	-3.7843310197580706	1.4475257890531066
-4.18074100903609	-3.905169452387461	0.9111496904862557
-4.277388228250844	-3.2727584501556977	1.479030602167168
-3.957058817401377	-2.3095141634336023	0.9487782770122486
-3.600251056362252	-1.7560618966938832	1.0204139884978305
-3.867982509485958	-1.3771588650934643	1.3586244009576045
-2.7785359207622653	-1.8453709625059205	1.3998903166895544
-3.0717874619724936	-0.5432831518736267	1.2934364524693507
-2.8938737927943734	-1.0184147567198825	2.5041619638704486
-2.1335578206316113	-0.870622303200197	1.7656496130289965
-1.9016712991826616	-0.15780883657722122	1.6150859118056922
-2.409192268690615	0.7851512822364772	1.4923701608354711
-1.8634647559119881	0.9867729341734196	1.8135491197815816
-1.3583912485176406	0.3884442088499021	1.583895899829436
-0.4965001910011555	1.4704511183739815	1.6515597178392531
-0.03850467066430374	1.3030375259597515	1.4356032642735128
-0.4382494930519086	1.2979172802786105	1.4162496742736934
0.20968300566015913	2.1250803250713703	1.8354211764575008
0.6050413275132003	2.846224188367387	1.0450522884278464
1.1231155376933522	2.1495123516208463	0.9056385254613011
1.5078987810659754	2.8652180839710737	1.2119088901045787
1.082976116236459	3.0708988295914983	0.20782554603002099
1.8521861227013503	3.3227204751819466	0.2599641518419252
2.1268111694738616	4.063856406414077	-0.6183331863712382
2.2407653224754336	4.585711992902216	-0.9886107616847588
2.6507348768060766	4.074586503920741	-1.0712011619330148
2.4841651297384866	4.838153022946133	-1.5810126639125275
3.3219773284341385	5.129427261222604	-1.4145537867308469
2.831293133887272	4.919732539484085	-1.561085876872379
3.255270866501321	5.639648529348608	-2.0892496097570334
4.026711272155558	5.272878370299377	-1.5755347099579076
4.158551010935287	6.512477124546023	-2.0975420797375017
4.513478789925211	5.974880402499148	-2.6493355858476986
4.777829737146195	7.092308866082935	-2.2585100228337067
5.201580883535719	7.266575464484805	-2.5480398715420547
