3.641504344819182	-10.065623267682673	-0.9249590638932301
2.5259697776217624	-10.13981929927961	0.19868322903853008
2.5341893123009918	-9.228315644221851	-0.400799394109268
1.7125761506968338	-9.170902220383605	0.007614286174903118
0.9588113180842593	-8.07547955401459	-1.2745365406164653
0.7503843431968502	-7.961580846594779	-0.1785446980103058
1.144026861682051	-7.571090118931257	-1.4293501101859196
0.15948160046127663	-6.881082167805754	-0.7643898895513088
-0.3059159945551831	-5.887253863797562	-1.1622590235090013
0.6579295823738933	-5.9880481585153245	-0.7696045566190355
0.03100557185834152	-5.323195059468494	-0.24296003629812923
-0.3839026511751048	-4.40954152863898	-0.9544798312273001
-0.929910339676868	-3.8951301115613375	-0.9062337957746995
-1.0937081203482184	-2.4907962477757994	-0.2729641882356443
0.08766231348706266	-2.5384154621267543	-0.4730410925445886
-0.6170904899787943	-1.77085152314734	0.32676186290174525
-0.23068081556636244	-0.7048509730077511	-0.4154073722150444
-0.38907091992744913	0.36520014617360885	-0.38410978494089143
-0.7658642962850288	0.48426677433483295	0.431383413303136
-0.7531831813458368	1.3616286642188742	-0.7844224049497441
-0.8873459370015603	2.6493026073717907	-1.0084613510215532
-0.024353210696303806	3.039388903216053	-0.2390442221953889
-0.05969877514971467	4.027781174400891	-1.0623378290249739
-0.27901994039647693	5.192151342748321	-0.4393682308310487
0.2501785284474379	4.813704493555726	-0.4701767735134216
1.160681640598813	5.187042185418365	0.10844623120813535
1.655165978788017	5.548808288094561	-0.4284543683753362
1.8266866588543487	7.0887872165055885	-0.15372424717764782
3.0050278549083553	5.9027063610207895	0.5767653787483514
3.292132220315141	5.842658149719964	0.44998359514189723
3.745601370065083	5.869797532843128	0.4142444905100446
4.831423301364006	5.972610023623702	0.3171718128337647
4.598532401630945	5.358231800684511	0.4190505704563896
4.849017637253518	5.274204525188625	0.8272556596229834
5.496440628604435	3.9122672457254133	-0.3567453582864911
5.724844623380466	3.748825417177204	-0.2512826370294785
5.584140310849714	3.3406565590366943	-0.05920998531015553
5.240281403215415	2.0607084931816795	-0.29532549487547205
4.779311460959626	2.1919830098815085	0.4068505022416646
4.939225805558756	0.941771519990749	0.9710631984635129
4.323762963504919	0.6609963780909236	0.34432067874906247
4.726881672656359	0.25034245631769964	0.43633830586630973
3.5778144082650916	-0.27153153413879705	1.910068254445497
3.9987925426939643	-0.1688988050101068	1.1075287228014943
3.28240953995096	-1.2910695978563265	0.9488731804851029
2.639622240824277	-1.2475638094908645	1.4462100778664237
2.4286025626877943	-1.738467499963606	1.4442269166951949
2.2159302557418235	-2.21881828479734	1.2742868189362706
2.710446331499958	-3.4647404002305953	1.2907869406893058
2.3763070421113834	-3.2416817439039987	0.545309069428311
2.7985866957473826	-4.3346783580026225	0.5230552476229908
3.5273870891288475	-4.705253605041104	-0.32191518990019796
2.932300560144211	-5.789768744623713	-1.053159803798211
2.883079839957027	-5.255811995192739	-0.8820608895495867
4.34491308597713	-5.619658883595836	-1.36660874731177
4.39347904936897	-5.758461697404714	-1.4518261743634482
4.454944034469513	-6.579336640059644	-0.7045746235356802
5.679604106910656	-5.94654729893149	-0.771186648835009
5.266830740246373	-5.855588538803882	-0.9198195810967688
5.911182910275061	-4.764156941285735	-1.8365270307343728
5.627791425910622	-4.580432829867225	-1.6693854566909636
6.188853748773771	-3.8769198943696694	-0.7530067576304482
5.63400711351111	-3.159566850604556	-1.1486090118516348
5.540384641618809	-1.9500363907844827	-2.0449062758504457
5.530324665780604	-1.6790417405173403	-2.14061405043495
4.53163348380107	-0.9090645199822538	-1.8771977092708143
4.367515151902351	-1.7538764531413407	-2.32518818382442
3.3122243772800366	-0.3628990414766535	-1.8628256276027046
2.808785608402175	0.12740099136813354	-2.5028030520893547
2.776375575118245	-0.9641597563797507	-1.9062846706707286
2.1671273589737226	-0.4451038018985137	-2.217272879432901
1.9885201339027736	-0.03498886189994255	-3.1917658882815463
0.6337634096204213	-0.20323877458921408	-3.3038937426964328
0.15648578648841438	0.87022451337107	-3.0277833140797243
-0.46176012943692735	1.0606093146559183	-2.9559673211918187
-1.4630699837564412	1.1811308590108403	-2.3654063243614014
-2.1965989451799026	1.6562511187322801	-2.7511144857514718
-1.5419584577064835	1.0010762980532004	-2.699754420901442
-2.5830551823262757	1.137341128805964	-2.0538353410585537
-3.2988662781328952	2.8389488249343167	-1.8020772295360652
-3.5723374804371195	2.382963472628441	-1.3063390078394563
-4.185230820389753	3.548632519534385	-0.5519845986672947
-3.8377078562676865	3.53872114536855	-0.6777042022161494
-4.033649114884758	4.41325049622778	-0.3625709042188737
-3.1915781555585525	4.6167068729492655	0.1652063514408036
-3.546201671160345	5.276407634030166	0.6317396520916111
-3.4942700999611613	4.615279774507227	2.227428631977131
-2.3718023240541526	5.1412010691581935	1.5025426810964484
-2.28612360923355	5.594817029174005	2.5979044499633335
-2.120250323657499	6.225024154075743	1.863433611802333
-0.5726568102236811	6.047279162141	2.5806630183154513
-0.806937418850777	5.409384641300494	2.902231011411287
-0.32603422181809405	5.649952114958388	2.5865827231576874
0.9191694097885168	5.9700108153488385	2.7208365774351426
2.1744062132502764	5.1434931605832785	2.7527243207012564
1.9760904096316934	5.2695964352340985	2.961348280020954
2.4812259523124487	5.325236882480322	3.3340401748681323
3.053033271316855	4.067769308886967	3.6268047070170097
4.408251040822649	4.4684357048951355	2.9090824594729945
4.293932902342736	3.6248325641589414	2.9554222524745355
4.755992074969864	4.319017218536942	2.8153271523743992
6.303967157311477	3.7216424939619133	3.076546885042557
6.424602628600948	3.354499331288239	2.5287207941681054
6.136766362120728	3.183400130665661	3.1437316660624575
6.799164758031022	2.925905765113549	3.0805816119561564
7.2372735010446725	2.358972142890649	2.138128512150456
8.124983996132872	1.3100932814719533	2.610581481024489
7.609464049178255	0.8800913188609462	2.4423401711873027
7.608015011284084	0.7313951311517667	2.573111059698023
8.084929221843222	0.38711464063040724	2.090339455757178
8.00826917955809	-0.8234263250381548	1.7370294686875125
7.983864553393801	-1.744359976247843	2.1818285418427177
7.201511741028393	-1.3382879472407008	1.7775202833063781
6.832302956892526	-2.6434729604431797	2.6844490911451597
7.1408950254147046	-2.685608978296567	2.1212707994101465
6.306191020768052	-4.213888647457276	2.841251751828987
6.545469872911995	-4.270828642638659	2.5684295179648577
5.657753429932519	-4.54898397513046	2.7546069739428245
5.875951437536265	-5.63690815381966	2.9512944199627347
4.403840193581716	-5.5492147577627735	3.318626677575245
4.297893696395727	-6.272230516899905	3.2078240743183803
3.699206856864367	-6.9940322945625235	3.2628838791453822
3.3883403753944292	-6.760009224569995	3.0468838333648396
2.6484728144565204	-6.701101045872032	2.631232729624214
1.2798845103568135	-6.739282432737053	2.1371807580014996
1.1732392718296625	-7.552314194863633	3.0312741822726905
0.8734987027081808	-6.923072456646201	1.8337279246236373
-0.7464301422656233	-6.885494763626896	1.8393731808607996
-1.3895022237047336	-7.1148284483822035	2.136116692789212
-1.9148055581277181	-7.517510248331352	2.5185644033752634
-2.011141430070962	-6.724241774301393	1.714784585296627
-2.7108795053655363	-6.372043641258037	1.4118898043717178
-3.3534622230119107	-5.629773285170854	0.9059994349983034
-3.529894722840977	-6.109166320034807	1.6306762940465571
-3.3911358849384645	-4.756450251509342	1.3304810863020764
-3.473007408103945	-4.84454283330933	1.5274917934067949
-4.223356129931471	-4.220940029774582	1.6811952740538212
-4.3398098989202305	-2.969632759965335	1.6772280923916458
-4.032916334851464	-3.0045255253952967	2.0144087033751634
-3.2453520896518517	-2.051286208377733	1.7117234818787397
-2.9751674703865776	-0.7784642738474432	1.6562437932025946
-2.984136268791306	-1.1864679615967555	2.238031069082991
-1.8380076309455968	-0.6299952690334805	2.201193854633787
-2.188352913931392	-0.0850266951213878	2.153843056325528
-1.7430448583038807	1.0938090926578288	1.6575496362281867
-0.15677417405260852	0.7693308198139417	1.6707424431289437
-0.6934512927288611	1.733496305428599	1.8984795934977114
0.5111261570329266	1.641784171771922	2.0158512132203414
0.8711392051233942	2.8075979066333243	1.3787019473342512
1.1426084937504704	2.828143700922219	0.9361195991326976
1.524398021288703	2.8723423929931613	0.8740789889825948
1.8882141669910202	3.869120119176141	0.053853243834420805
3.329751417753961	3.4673720722041215	-0.602561917506628
3.121313442270764	4.72824983517147	-1.239192864583707
3.4196522108677	4.461068081785914	-1.7380526322923147
4.282699971246992	5.0394816342259015	-1.8502958063634845
4.1806545385108524	6.738974927638695	-2.3887978102596286
3.8424416227562626	7.28648588541683	-2.261788317323375
4.109204048786124	6.941277327857854	-2.471036374946666
