3.2655102456160208	-10.253090477567724	-0.11205027667270473
3.2597389405495303	-9.675960755824864	-1.0227221207343744
2.689892775937892	-9.717927771532878	-1.0970281397176946
2.707055576679682	-8.960881456765794	-0.6303840649140053
1.7633823186630455	-9.294058609307623	-0.7334063720051609
1.6085675077981292	-8.524610292330175	-0.8542979450307859
0.9679404433038488	-8.884290825257104	-0.8073612155542487
1.585950278610845	-8.661779518915782	-0.3681346402663901
1.0960050228801386	-7.286267180750199	-1.167887186823183
1.4066445844550521	-7.33652657461764	-1.2162287989888423
0.23341006715885942	-6.708008418917145	-1.0298169930328247
0.3258559400178783	-7.060713350142251	-0.44511556053824863
-0.13682849967639693	-6.21624515987943	-0.508914025424885
0.6152702320569031	-5.643976700262281	-0.9008694079050104
0.25316069287313003	-5.63688001341156	-0.5857797432911682
0.18355654909693175	-5.2018102584282815	-1.0138832016330819
-0.49911275402970645	-3.773386001342472	-0.5507176239436671
-0.9974288427104514	-4.189783388255512	-0.5654514868920286
-0.969206083297653	-3.278294741788027	-0.19802231264101322
-0.8445618302215072	-2.2043180084468394	-0.7345042602572629
-1.1107966103651736	-2.7432341412596974	-0.14564094703222896
-1.0171492364685941	-2.280232140593305	-0.7018744978169362
-1.1675166383028879	-1.8399289117591904	-0.25929015845100445
-0.0662825254367223	-0.7990114069063203	-0.6051284552862095
-0.47311167094605744	-0.058117060466660986	-0.24907345381846713
-0.36806358935042605	0.09378774308289095	-0.1341636599639331
-1.0167349833468458	-0.17612173688849733	-0.38095156059198443
-0.7885238664038241	1.2198664521160882	-0.2228770019160502
-0.481269881702474	1.668868501821543	-0.9557823064851706
-0.5435988189420153	1.4452279112205468	0.033010428966138816
-0.4414193805875649	2.7327971036543484	-0.2086950658041632
-0.07546606168932568	2.556484413779558	-0.03289230792057918
0.1454543567137866	3.4561356264718937	-1.1623515454335338
-0.3232072776285796	4.671815783174279	-1.0965370092498397
-0.23368356806020857	4.699911020814717	-0.12794487094848717
-0.18597363470908218	4.929826240495561	-0.37345578845028626
0.20882815521834514	4.87770313628143	0.4386802672531428
0.6557246378316192	5.191922822547252	-0.15871985715746262
1.0216733383149048	5.815294854544804	0.45684876165054966
1.1833191101194425	6.463478017742409	0.19717936592825525
1.2715815718609016	5.746291701225081	0.9936131321147157
1.752362350337438	6.037533660776133	0.326014619327909
2.7596417983493993	6.517756043988219	0.1747957164397303
2.6780507499240462	5.970581863227896	1.1854864204330875
3.0878285775749696	5.845548989537595	0.0421840080937511
3.9689642994252874	5.986179660871049	0.9060397273485646
4.3848620324338174	6.418280216165152	0.3537135574028211
5.15689935595638	6.1324847354579415	0.05491967081173806
5.110486706668678	6.216636470203237	0.058246967600496774
5.151474076014717	4.8541642125468325	0.9208892811871981
6.121978215645964	4.296141318576102	0.01365456324843306
5.616175617491373	4.757067720850926	-0.16587866549232155
5.496079333030009	4.642383006542051	-0.004938062172784807
5.700021948665147	3.802396111011645	-0.0962517473537019
5.3164993996540835	3.1750332988594225	0.19194540902487045
5.188814117829525	2.445242774219743	0.18380584333567096
5.094663173546788	3.120092779752608	-0.1938886021667685
5.453624629737475	1.8727122903015907	-0.21546890216634207
4.309782027086483	2.1257675846036537	-0.12398309006094127
4.95839120797795	0.7738324251943942	0.783314280173493
4.014368967492008	1.8019225141588562	0.44326058104961213
3.9216113798320684	0.8532812766918519	1.120268467792987
3.7161887755637744	0.22915669382004109	1.0491230754140275
3.4186656805405216	0.13731574257895163	1.553579692042339
3.8227302621292467	-0.46756808013125434	0.9108828644723073
4.040427589367317	-1.1577400006542788	0.8484524382007621
3.075044909864894	-1.1062969066375166	1.5997950126616223
2.9093517759907823	-0.7264489220799664	1.057770334218986
3.184935102259646	-2.1216464275266818	0.9294455263678602
2.853804849973112	-2.688270012792996	1.8912526888322532
3.181348733989739	-2.658951044837595	0.9910016974111541
3.063248527585661	-3.436477333736776	0.7122425372328063
2.839928986118845	-3.3727634125571915	0.6792126756193563
2.5727058993555474	-3.4204359611268984	0.729940096386834
2.9069835377951674	-3.395738378492526	0.06625445058048046
2.1573716915302965	-3.7848831270517898	0.4779043334921105
2.6603035333845777	-4.9918127742253295	-0.49513507199357476
2.8577870888139625	-4.917408816223605	-0.7701858871178545
3.3859986361370185	-5.117664420786348	-1.01780798451695
4.013690314782736	-5.850776429545332	-1.02015595748382
3.3079567406230264	-5.876120013573019	-0.4188537212129455
4.229619678581053	-6.141313344650682	-1.4590067064111385
3.9503930092681903	-6.398765158887148	-1.0700127526912724
4.24436576741884	-5.692343018871177	-0.7647040904208864
4.651380433528787	-5.591182463198623	-1.1794732320622094
4.928477723889133	-5.836642864325243	-0.7951614230426529
5.166691361112966	-5.972360824736933	-0.8819646976954507
6.576869397390867	-5.613943527886866	-1.8191090458669517
5.879557120523635	-5.0568149467140975	-1.045757662451727
5.974085605473345	-4.208504891246438	-1.67856130783287
6.087075737284245	-4.054432530306122	-1.0628332539594663
5.661554596474869	-4.144137510832986	-0.6893200723673221
5.5294966031169945	-4.007383935613377	-1.5072894888533201
5.256725764919275	-2.9583543943077784	-1.5675271265919914
5.56531701483038	-2.0880037843213852	-1.4829672838141708
5.772706839833878	-2.888198794963786	-1.117864783481686
4.76188470500168	-1.9611573293851177	-1.240531820804688
5.378091535218112	-2.041569984088911	-2.094793085733403
4.351771653092233	-1.5500360923874812	-1.9477256017356934
4.355418495327578	-1.802230146939293	-1.6597053477076238
3.5906957074253394	-1.4117008043425119	-1.2447051562944238
3.4188329829082336	-0.4954358953877547	-2.3595431807953955
3.188690070840723	-0.2565836386136626	-2.207489416503755
3.3000303253920924	-0.545851162415645	-2.2210699974862615
2.2516839451489585	-0.8549124197840958	-2.9926769071619996
2.044882472394387	-0.5831643500333935	-1.8414628676137639
1.0810578875672572	0.31857444808391067	-2.353125952604341
0.9994776841100015	-0.3656203338134339	-3.2728234767318503
1.0617286764643155	0.2602118728637494	-2.741840751839616
0.196238311989079	0.4281984866787323	-2.5411349447240816
-0.026135554424897012	0.4494951207105204	-3.0918838996586397
-0.5076423174139615	1.1195752988591374	-3.440254488085022
-1.2534272293137285	1.2938879248988129	-2.413388053635579
-1.8646893454334093	1.7773902628740854	-3.0265563338317474
-2.0190977003578383	1.0039274931931863	-2.2630702892410746
-1.464205310864487	1.4529813581646038	-2.8271587093974375
-1.6789310999813927	1.1042607993288382	-2.4547208190404373
-3.012791665459049	1.361426211068464	-1.8743210280883507
-2.9721548499965724	2.164886640621096	-1.6915898253234254
-2.6752683141533904	2.206190545715997	-1.4748577833908156
-3.9098558309383846	2.2466866434897144	-1.541848731365877
-3.609682788051224	2.4186572957258305	-0.8482425814886219
-3.6963099647055273	2.7438891100293947	-0.6771516319926552
-3.2683144113284435	2.9305250451041935	-0.09635788354115493
-4.057005185483788	3.2145297241771162	0.2827892198539713
-3.814254928813466	3.721032098691731	-0.16248102335365733
-3.710614545675278	4.7279638815296945	0.2517956809045889
-3.9826366303234226	4.186154309389009	1.632999637602525
-3.359149304061396	4.312471499324005	1.145070147486122
-2.7587460976647655	5.048704906122393	0.9285814551455478
-3.1363122519382385	5.190081123287674	2.295919051100337
-2.3562544567053134	4.9029032568685835	2.3059899118046103
-2.131032663454329	6.213347364602612	1.939876482898782
-1.2209626151548942	5.504392232002711	1.9484963617736666
-0.9945219786457709	5.215007890585496	2.408309519882793
-1.2525242783305393	5.380267663924303	3.063127854427158
-0.895223351149331	5.33668975203062	3.3860345271068075
-0.40763094010509965	5.308516913268575	3.602726640235255
-0.057644226143946875	5.485374462794379	3.780539964618711
0.47650843241593377	5.234119312806455	3.114791456785311
0.7272951195625726	6.037850150838318	2.8468547863187266
1.4966461263845954	5.1405060895695724	3.276591004525498
1.45926473232658	5.182039747378914	4.098021907713991
2.5524505464554323	4.596415694164115	3.1940397084299756
2.603426427267914	4.84317190927772	3.4764507365062043
2.7077052042077216	4.318113113521449	3.949014545293971
3.595231747762761	4.189587599205512	2.9353026919207577
3.939709442323741	4.762050572266692	3.5663597831692972
4.949096916443681	3.9849073726619455	3.254516450976701
4.2123742943548255	4.4692843529498045	3.940108976611235
5.384941368222862	3.9712093027905544	3.5934845848367294
4.864691851048186	4.36346101181612	3.00617084695769
5.8025255565183755	3.2473117902403175	3.834629563404498
6.11175920762351	3.9694929720341134	3.1329653743038652
6.658993968028654	3.009836334999101	3.144006248194829
6.4374354442598465	3.142680646499242	3.5365409154687115
6.665652039967672	2.693218749854285	2.317242060285472
7.877138604104893	2.7926181500067258	2.373601813766367
7.8535489074253135	2.2873988621903174	2.5806315616999616
7.645085503149185	1.8449995805203485	2.459299408101092
7.651362903345722	2.1251115794319064	2.0520333344827804
8.180738187411439	0.9535390267179766	2.29876712482092
8.323366333199548	0.7064040035205673	1.9094088726802552
8.182602661989584	-0.12910903096838705	2.4763352857833643
8.328346640779758	-0.5988669019176265	1.4843006063914812
8.509355046382428	-0.4043755425437169	1.4598264314904346
7.814760232669109	-1.5112824204944386	2.566183780180676
7.5959228436693955	-1.8494123122910004	1.9508846538357423
7.950790832847306	-1.7766516647031254	2.0523230891747852
6.925173215271422	-2.294500932311175	2.3506263652446426
6.9566650013981395	-2.932509336920497	1.9426596605553927
7.149589300220622	-3.409087610280097	1.7179432012218285
6.9972926261504	-3.6878333726199415	1.8434201460565414
6.670810739020495	-4.003716787359038	2.4542502516289826
6.888166580547036	-4.555071037170692	2.600355105064542
6.162417303944786	-4.883954088732634	2.362821665576834
6.2650431217525355	-5.116424839649677	2.3976048268843906
5.494081016565974	-5.002185774010333	2.93007943408439
4.610895957795659	-5.984078988587286	3.4799395639336552
4.612931888162279	-6.318313138427985	2.5579533671093593
4.250838286422474	-6.110944885893924	2.3851132587363413
4.448800358608611	-6.156639157416919	2.6760672635167886
3.461447102440586	-6.920104891885723	3.1807176978982503
3.0276964996124156	-6.7725470444034475	2.6656502508117326
3.0459136107706954	-7.024313816800405	3.0037775174476353
2.2497422458983656	-7.321670948613449	2.759976897006128
1.2354176776555463	-6.38706419181288	2.4526074211105504
1.4844490303131053	-7.698691893175025	2.897702612204215
0.9201066325125373	-7.800771799432658	2.9415689108573817
0.4578298122524017	-7.469922528521925	2.5566117316987795
-0.12485377153014882	-7.371541668477784	2.1670809168865723
-0.536070475452723	-7.149729654529942	1.6006399516431753
-0.28238601547381403	-7.557905890059866	1.5253199187271012
-1.2135306737208138	-6.7981198632093465	1.3830424349069719
-2.2147269960392513	-6.7771899076642965	1.8174694160321139
-1.992088282360947	-6.319505614724783	1.2473100624883995
-2.9249331457207304	-6.8080641475417805	1.0750858713660065
-3.1172575182162747	-6.7129883482876895	1.6933741102000088
-2.6189999647615876	-5.868723149739275	0.8288343633388194
-3.654109242240492	-5.677956207600165	0.7536247633604878
-3.7570708334709746	-4.766521242425053	1.072218988356922
-4.288034964574919	-5.25430515099716	1.2849748971160229
-3.4316027999715164	-5.011116389759488	0.9652335453314576
-4.221218382887926	-3.4182420385478887	0.9213471255860886
-4.455286361142212	-3.6259522182657644	0.6960791596494396
-4.189517303070495	-3.479503056951842	0.8524355603906781
-3.1754854621021744	-3.015191561006692	1.184450103715856
-3.4316101724625185	-2.823796386487198	0.9165836310925379
-3.980911863795316	-1.9784422721873707	1.6011371984929879
-3.2880275072635374	-1.7829426351238835	1.7083537775115798
-3.2176941737804947	-0.9944945608726341	2.016929344535692
-2.9691486671532927	-1.338437612133958	1.975559789900566
-2.7849010450868623	-0.7553365029379262	2.549080144521522
-2.484673797901366	-0.57420678661783	2.278324286995777
-1.5547222540933898	-0.023320467067410866	1.8601872185871413
-1.8896214174968153	0.7263595237990682	2.445132641121524
-1.0012905798836418	0.8930509414860843	1.8290472017485269
-1.3009966781646771	2.021281333642483	1.4617171006031624
0.06315178932222532	1.0616261398536726	1.8805720417493086
-0.07837228850101907	1.8446832874209687	1.3530794735471319
0.24722917509701553	2.2381508136917883	1.851430220275287
1.0748079323260087	2.6995495785240538	0.8760367751161301
1.1666733965051839	2.9965782103551994	0.798367430403766
0.7678521297390534	2.85443798842349	1.146918949409328
1.2040635127394288	2.4308357254808977	0.45804942800358733
2.156250726373398	2.7330955936687715	-0.042313654176212856
2.341678319819301	3.506324963210388	0.10050011115376689
1.9712598624963402	3.9070045351899005	0.16011833013815235
2.936396999804941	4.501880706144498	-0.8452716582673894
3.3195666317718078	4.510665644074994	-0.9940155087568086
2.6822086097418922	5.574153240383511	-1.667171099643684
2.8506935931696082	4.892735696157809	-1.369330532381281
3.329543937304404	5.788916841960069	-2.081946561118084
3.3594634255159406	5.54648084748268	-1.3253239189087036
4.102611848062337	5.844441934872545	-2.611963498372388
4.845508782751395	6.114008350467102	-2.0805223449392645
4.221721699863412	6.548103214971371	-2.023484172085961
4.986050300431934	7.019671802932605	-2.249546252512675
