3.165513681809224	-9.556458381614505	-0.2398754509733516
2.8555933826564495	-9.735158799107033	-0.21378920947624414
1.034957296909148	-8.53869590964811	-1.4341330165276793
0.35066472642905566	-7.702528352653701	-1.382467663338348
0.5169212974592682	-6.261579230258194	-1.0470230169781218
-0.17400191266394582	-4.842560405368259	-0.9016557011270574
-0.7213531534523208	-3.436736796916105	-0.44540767349699917
-0.8789699085272864	-2.012007649929141	-0.8033079390028062
-0.8910365578098149	-1.0612088725785902	-0.8128492372230536
-0.8331514052485935	0.48405032680192467	-0.10570463778394579
-0.9363039859110409	2.9067149321417918	-0.628331911470374
0.3976683213538238	3.6470874492988434	-1.0668596094132767
1.2384793863232222	4.864853854176936	-0.7363240794110351
1.8743167790729522	5.862798449881721	0.08502954055439804
2.9756999869523533	6.415769428588707	-0.062105853817302145
3.5136722906623903	6.736814864478686	0.13565619981972465
4.613535171865418	5.305187349349039	1.2410831228867274
6.092202556668911	4.2820960454758366	-0.4404251002322403
5.686751954696781	3.119449090882518	-0.5052508344019722
4.777940718310649	1.7704148755786648	0.8591290356133228
4.179242439344452	0.9694695199729557	0.352820623707398
3.8291551969557247	-0.3479005411958797	1.259598491864029
3.8675145711697345	-1.0478375221471454	0.7918183865479513
2.7740713901307754	-2.617707265770475	1.0784825528697348
3.118594347666137	-3.501005659642891	0.4642047694397817
2.3618322473471203	-3.854410825633508	-0.08332730799058813
2.633498813361372	-5.64879105262116	-0.18048877284431697
3.7777675754317492	-6.146172843920634	-1.2259542734721227
5.380601330103034	-6.185434637427203	-1.5185725473103633
5.710785272606473	-5.6075602100839	-1.0724307491425233
6.29572504744522	-4.65609566291403	-1.2611084830025876
6.109200209311983	-2.968963121024018	-1.8743699014627346
5.18924462339824	-1.6579427912549811	-1.5921321224262468
4.863384479293769	-1.7449039178845531	-1.9694128077152364
2.677672673396937	0.08431439395264939	-2.692008309647261
2.4700783311181524	-0.06315907418593092	-2.7083810179832977
0.44657616123256383	0.10212549084149147	-2.6778875177176356
-0.025698941598301106	0.9777797133018991	-3.0020431514482566
-1.845247776737145	1.31722424353006	-2.8591469509434515
-3.19111120720641	1.832820223161265	-1.3563008662719058
-3.6521990840694105	2.0599476022382985	-0.7743569815957979
-4.036621697851617	3.033593930863647	-0.32632519380727676
-4.1579933820878585	4.37380683031473	1.2992070027152491
-2.757740278189824	4.912044029789995	1.3672566783610112
-2.20702548663876	5.540483987864202	1.9024405843711472
-1.027364808728807	6.156971178374736	2.8069089110078513
0.1371423885402464	5.489524144258027	3.291285418911339
1.870028831778727	4.981394257019868	2.7716349650334386
2.082604025654959	5.489735979320849	3.521435336204589
3.9502295205007876	4.296996536958684	4.0799965713699935
5.193718440068608	4.425738347551744	2.9742953310222613
5.811993468689593	3.3850472612464473	2.7009545933604366
6.738655842421225	2.377321836495574	2.53668962573927
7.584706391536271	2.025315354920502	2.424283049894007
7.544132263259848	0.42769844929462275	1.8937516547378235
8.118861873934685	-0.2114174332583294	1.9370050086765271
7.575679384565619	-1.3902087506579155	1.599747229350886
7.458460601619004	-3.6622954879271794	1.8156714824253548
7.080917573682064	-4.4769258490509145	2.2559502036147574
5.759817613816082	-5.781142304942009	2.9418906225564694
4.068070150627429	-5.89011339481402	2.183861887893632
3.1319305090153264	-6.993408825235296	2.1799518654189822
1.366084453158301	-7.6271747916681685	2.1764442278595
0.6464919644840962	-7.825684518616312	2.4306051757523837
-1.0694061140566435	-7.413701692561794	1.8829238391534961
-1.4472475107727172	-7.198877143856555	1.596122986077848
-2.5743668670236413	-6.712721426021961	1.1986374167450191
-3.0828443748445045	-5.567012719995829	1.1239320424027697
-4.051240213737819	-4.142424401261755	0.6833769539826668
-4.122551236353386	-2.6769580028076705	2.1220366353904985
-3.2015902504300815	-1.5940629898711174	1.2412795164237655
-2.15398453724337	0.23901373333591092	1.7058037697446689
-1.7471725929241304	0.8648868607502069	1.7606168273585832
-0.11258963392231336	1.1384334242039635	2.5497624095455875
0.5099971539775296	2.5236890211632463	0.6450470613766066
2.362289601272291	3.009271289910369	-0.056948931908983424
2.9120248382063805	3.5958356776306855	-0.7427310596031398
3.8792683283577123	4.4802973693377925	-1.9320956161527105
4.41494614215279	5.604580934014222	-1.7737428854371091
4.442756933468124	6.7503435892611705	-2.4351050956328537
