2.7683282951670405	-9.223460794826025	-0.44011825290670603
2.675977488609789	-8.91118089211298	-0.799980635149266
2.1349788974309445	-9.951238471571738	-1.0418221265279528
1.9917467818769392	-9.58975230138984	-0.7545675456286528
1.9526372371668168	-9.477323002328577	-0.6564536965830473
1.5955476032596594	-8.89866360381087	-0.8784922895474218
1.1851978773922283	-8.976883670448641	-1.0538929751678352
1.6542662811949216	-8.019846384796315	-0.896827884103568
1.416886156949339	-8.203763263240187	-1.0508278866519953
0.48268394758714483	-7.035678372189115	-0.9313164967330396
0.5012554243824747	-7.046419785258337	-0.8765468393066015
1.0254741008857406	-6.628723379287512	-1.290301899921197
-0.34956868140293723	-5.752724746097596	-1.2020895972023635
-0.08852346905232455	-6.212779035712912	-0.3968319053706273
-0.4486640034796657	-4.695317195496392	-0.8821847859461656
-0.22077413042362315	-5.387998986389993	-0.2739270712375963
0.46787942177814645	-4.671254416562535	-1.1995667274329966
-0.6147723693926952	-4.353010417296897	0.01652145880716205
-0.9860906040385384	-3.8185822329190997	-1.0296984448440902
-1.0424243007838458	-2.730042642542588	-0.02486437650454154
-0.4043923178370856	-2.41125935913844	-0.9986207299000013
-0.2783428488889206	-2.494846494751835	-0.38675538720625946
-0.44580485103799095	-2.018111503909691	-0.3178329528491385
-1.1415690311841358	-0.6449867950096513	0.06924133322188708
-0.39309789022521424	-0.43871331378497214	-0.23530650142737297
-0.8430312068674122	0.19991895279506722	-0.45623533235900476
-0.01778192459918415	0.7307415799586346	-0.9541813217198531
-0.49938188075167833	0.598845974405372	0.0006794359094763891
0.33490279758543484	0.8408048230087555	-0.719562732683571
-0.379112148449546	1.6123608144446628	0.15068106261637437
-0.5206122770624317	2.7672319830183336	-0.14985478782143757
-0.3689112057938927	3.016268257204938	-1.0007039428920572
0.2422873056896352	2.852140962599182	-0.4304901218073791
-0.2674999600835978	4.397384733343556	-0.4355791379468623
-0.1091202652091261	4.887833237448288	-0.9702710042064207
0.8936652443268518	4.713857092865059	-0.856400610176671
0.8618570904684414	5.072511371034622	-0.8695589814413107
0.2753546921697958	5.129087469888116	-0.6211491142640044
1.381612798574301	5.865401115689183	-0.326664174405014
1.4601709279433703	6.38007875641407	-0.13834761477127483
1.9607729836821008	5.9685618288589595	0.19766788860987167
2.1331264911497776	5.8217147843941985	-0.21101270976119502
2.6827493371790685	6.085536025182505	0.7169682551435222
3.1573050590404916	6.021943272831878	0.009111001490673017
3.5332661115429933	6.344863294550326	0.505757553278578
3.8639121414392292	6.502522488813883	1.146059794517086
4.525637205823815	5.8214544322148845	1.0505188515970074
4.880936755066192	5.844664243190594	0.08794113121796235
4.615928413228977	6.175673715846331	0.22507738218957832
4.751145540024218	5.158774659268791	0.558988993492891
5.327563033681196	4.765936327402664	-0.1432652301783594
5.576799680393614	4.355623700697863	0.4438247377758114
5.4030849523467985	3.9555405633830585	0.39624848542665664
5.383402087292635	3.61464965347801	-0.07429660265439342
6.335951779430827	2.8334304320897967	-0.17523677000772186
5.309353266720295	2.7272572807349116	0.5691425919764015
5.0592588877426925	3.1361630448639124	-0.4047814966898867
4.82930927228498	1.6679000374979862	0.7314555211185314
5.5927000051271785	1.7760469052192278	-0.015303056464560039
4.6208643251739785	1.7773918157415172	0.22449167378122165
4.368344648970546	0.5340086741884043	0.4038681478074671
4.623244936748545	0.9595966986798024	1.0323319567395035
4.329071532685222	0.6090228052810931	1.2288637423381328
3.3063360940882136	-0.4030267344751677	0.966140607118037
4.41411899399893	-0.6374259882737632	0.9189971784690247
2.9164897311947686	-0.559428953972061	0.6989665544243403
3.1262120305209793	-0.9122284251473302	1.3547217949949255
3.666831715180238	-1.8122334354242364	0.712840756226214
3.424671447617736	-2.2468613198551135	1.0763466757290603
3.528593761810729	-2.2580373768592628	0.6626439033526583
3.0833542356317847	-2.6178031123649896	0.7537779858283995
3.3384145487507886	-2.9743085370023867	0.7581478922726762
2.05924316864298	-3.4157639899086805	1.3191314746786396
2.503319497411977	-3.9995355491606674	0.40054683828855353
2.507224512776457	-4.115101517659238	0.5157283557735038
2.0893834932284303	-4.125369678234822	0.2823105210544866
2.9642356933739533	-4.7539746474389535	0.272248189696048
2.667280467322323	-4.439816329977226	-0.13997103826167712
3.2948419788784893	-4.652211250865287	-1.0871171928757115
3.16205139484268	-5.829160828595869	0.15656272747005295
3.44315654157623	-5.882733343237596	-0.6907422545795966
3.81900857353204	-6.004893477497781	-0.7411086329936786
4.6289827138172415	-6.100563645100569	-0.8593581524215386
4.057558052268997	-5.617144210651322	-1.1969703073200244
5.021756475161834	-5.603139171112377	-1.1398515429078444
4.868178765746261	-6.1900733225704165	-1.7837525568904935
5.496933226753897	-6.118940365407097	-0.5638915430447278
6.317958566330699	-5.567492957128653	-1.818675348027413
5.321831502750252	-5.164975463953949	-0.7852309726447804
5.970125653624562	-5.010106606795212	-0.9592920807137579
5.686068152263897	-4.70859240622175	-0.4205254380424839
5.993825503114616	-3.071296216093157	-1.7919790531449782
5.681546395752151	-3.949975261681667	-0.7589998478174746
5.742723265945764	-3.1052338267266855	-1.452789485326528
5.106267676904846	-2.2675083510628173	-1.21653496490392
5.924867585649811	-2.7983305808473866	-1.5080052949329474
5.06005944491978	-1.350484637021204	-1.7739550455963904
5.118219327057325	-1.9300033205403828	-1.6010619884081874
4.038547653049087	-1.3782315797816904	-2.2347966256886105
3.731029191891773	-1.6858596508846737	-2.0361110429645484
4.31134101677507	-1.4941417867355709	-1.6290619230407457
4.063746528850911	-1.409296837459014	-2.1891673710798902
2.8639492155407216	-1.1994108297279464	-2.1085002038831977
2.256838942103768	0.32250760818839064	-2.8828166051766235
2.091007852238688	-0.28206726653406655	-1.9054396450502054
1.8474031200468273	0.3196987230008522	-2.2779177168355016
1.1657429027391983	-0.3640860966316406	-2.754092397622858
1.3430633674217036	0.18880979438612	-3.1129909007891934
0.49437745924990173	0.038194351745987065	-2.0024266701225186
0.1831176013650039	-0.05895332124122277	-2.1652155448361183
0.2731100657554214	0.9134408256892007	-3.151741196989959
0.06375655577617567	0.258758257933033	-2.9454949443376592
-1.3279930997614877	0.8641466414988774	-2.1511347399697196
-1.5649356319496357	0.3562421417480061	-3.0254705323898787
-1.8581571160492911	0.6337230229054625	-2.378768921383009
-2.417175583326667	1.6143447136792186	-2.8457226009582883
-2.7846811405616174	0.9899254540147795	-1.8746295324723716
-2.865092790215195	1.8913875086333714	-1.5499344799952939
-2.7516803217972825	1.70809062899654	-1.2464715975710876
-3.5729886516331977	2.102890387992441	-1.1115929169255652
-4.034410866637336	1.895083412224581	-0.8788075584425603
-3.390920880171964	2.5996969168524764	-1.2308862804334664
-3.653873077644143	3.2115664191050044	-0.07533806215765693
-3.370735166345801	3.3711863716307535	-0.6017800550040167
-3.2744235265313777	3.5033143859234106	0.3703081772510909
-4.1332867077748485	3.7016880708879865	-0.2511418789713951
-3.1686026152939286	4.315030379027092	0.5112925872562252
-3.728565891873945	4.726948272122588	0.28915150317428306
-3.0481471143057464	4.688831546736788	0.7275845468190981
-3.526292038855559	4.592500982353675	1.5032123561695991
-3.1861271414724675	5.514878826150758	1.8276339316976817
-1.897592072425722	5.092267989133618	1.8882420159790656
-2.245444414865198	6.082132636998805	2.098145153968361
-2.221799715998052	5.93443096554225	1.8206894385488375
-1.8131558133777592	6.5540397834285535	1.9969723448573642
-0.8706628252558776	5.380450053444504	2.0016901494264965
-0.5335413188360112	5.849400095100075	2.3744665467371187
-0.6463946543594813	5.6284561962997435	2.590164884910248
-0.44821870922937984	5.54241568603699	3.1058088490383096
0.5890765724109902	5.110759071970456	2.538042544751039
1.6697322864710507	5.07758098147661	2.9068117074832336
1.8834073628217416	5.0999171815602775	3.2147651755735036
2.2948892166318045	4.672513680418935	3.4994042422284144
1.8586614883703234	5.321592284835704	3.7894581681538755
2.047970324850591	5.1636732760783755	3.1371733314105583
2.7636387740727564	4.596047822762889	3.427678880543465
2.9638410946818006	4.981092896152685	3.28405704642095
3.2735600903144864	4.318623457312104	4.148710403764469
4.795883068598737	4.070042349047958	3.0364193591728688
4.947999609870293	3.915352577727483	3.8937496702919834
5.457171660319247	3.5158774285333747	3.8721391517261274
5.3622667377753395	4.4401440812374915	2.8653234467544175
5.353048104658592	4.028532346794326	3.7134046670571994
5.706578757924935	3.175787148451455	2.641451081285818
6.484898247010534	3.8842848210011476	2.69771469294501
7.630760718504212	2.4777214995128443	2.7948987000365
6.887026571228801	2.259106580174379	3.2054992020410378
7.025221627845147	2.7479318880879116	2.6576138986878
7.1557738360903045	2.1649160617855783	2.089367345465245
7.637202956821637	1.1937771648045001	2.904106390707837
7.908772073145137	2.085073526685803	1.777990145848274
8.434722214329497	0.9640442310340924	1.988931783211366
7.6174305323058595	1.1659312801398762	2.261480649106605
8.270217702193628	-0.05721078416252284	2.054613852885401
8.244662136448083	0.18047773862121674	1.7202622052178007
8.531042261032818	-1.1855837160032259	2.212078231553733
7.990233551607577	-0.8165829805046763	1.629149924718096
8.354997140059275	-1.6321751791429076	2.053208597777393
8.022103391838687	-1.7786472371778954	2.0903879924649775
7.291959888690377	-2.079855437245908	1.631761209978543
7.263255022985296	-3.1219984029313634	2.0032158122391497
7.0234270600496504	-3.389034939613043	1.8119409941316245
6.6898956861151895	-2.714602636709648	1.8254269196908224
6.53722666008034	-4.342666478243862	2.618454093335738
7.102848239890225	-4.7757222590170665	1.8828891355002475
6.12106732660345	-5.030539847456454	3.161745297798894
5.26545214745017	-5.394780808362654	2.9490709637786754
4.905099815356544	-5.419412442155181	3.231444758001763
5.036938839903705	-5.672211410378498	2.6115125008566578
4.714334284826715	-5.664839463483431	3.1234886318622364
4.018653548992459	-5.483340935895846	2.4943092517953147
4.0350176715378225	-6.11944866834954	2.4686305888007807
3.4868033016516566	-7.018208477587721	2.562800967778376
3.4302426771252867	-6.698102582408485	2.9327509229893782
2.769016669273941	-7.403274311737249	2.9102966700797364
2.0216862922174776	-7.297518087106032	3.063658503403939
1.618193383178929	-7.230113652869169	2.0051705661582626
0.7822494745565345	-6.493526691212052	1.98228271320786
0.5983129343640325	-6.626693523855375	2.3828175907675226
0.41742326869180435	-7.182891972816882	2.7293921542444934
0.5146393941082723	-7.555484093602262	2.544777027249507
-0.6021142542423873	-7.080214432329271	1.8280617720719634
-0.7718734699434386	-7.27426701309276	2.3957936921336938
-0.8956115625824879	-7.021959581918849	1.4628742228073575
-2.1657802776257977	-6.742658297819005	2.0746310330146955
-1.2830371097428699	-7.226428724459789	1.2872000385124887
-1.5901313753699307	-6.840248426416087	1.3271062764111685
-2.7154305170741706	-6.479017735639575	1.7430791263520726
-2.894904875983768	-6.181889989642428	1.8699588796655866
-3.247236930080037	-5.947947268232421	1.5952599214566323
-3.7575035441807367	-5.818438484951065	1.4956077146497535
-3.7467001810219944	-4.537141643562075	1.3151079420370966
-3.2506974513642257	-4.989532621946736	1.5512379666483618
-4.170015410142458	-4.3847861958928736	0.8411877301470552
-4.411748537808183	-4.239730402334886	1.5411644124457746
-4.389568596016907	-3.4530726453419764	0.9785803329616922
-4.0979582248981306	-3.331272319668983	1.3699412187329267
-4.06457041556503	-2.264942269960372	1.963282680109249
-3.5275267115811895	-2.3475756254282194	2.2561728108413925
-3.9619854949414077	-2.0144054036312	1.9467265465574912
-2.9279493222682995	-1.702700302558721	1.9786292978218034
-2.8411166470521874	-1.3872698768720921	1.690472126210313
-2.173226155702718	-0.7751860067627326	1.8611958468009622
-2.1558175410055402	-0.4476767561373616	2.047756188752239
-1.4416539574948897	0.3480614138517404	1.842388161330438
-1.9331635584485367	0.15839812693651723	1.5489854911016434
-1.5038635146613835	1.0923960567389523	2.020215377235538
-1.0527121566013589	0.7353955229533145	2.455275326308209
-0.8029242813938993	1.5179794557952868	1.7965799245231657
-0.18108010888017811	1.4885684717386563	1.3742651875104834
0.6835903288439129	1.8717760652203446	1.432249990630678
1.4207192760398506	2.137913484519002	0.8794465627715746
1.0158426633891158	2.20929051986625	1.9557301668132072
1.2645313907129256	2.6290857130427816	1.318701607050582
1.3406520455392898	2.9999074787856834	1.1422936656429648
2.221327588909079	2.869663180233767	-0.3022531118328103
2.210524983553797	3.55753872797713	-0.28097317753588014
2.944627893556195	3.79220353028297	-0.8891213729094515
2.501120100112218	3.8794738787202228	-1.2124508732171686
2.4140779922202333	4.8865282586512775	-1.5356076777072398
3.8596795919410885	4.180925009346062	-1.7916696628482685
3.089378269329935	5.2777019022002545	-1.9260682708683978
3.834879690250556	5.640955593085576	-2.0332544799164673
3.2178699481753323	5.777091096751425	-1.8031623883740222
4.6065486000302185	5.624873850727217	-2.3672902066496846
4.208945533199089	6.921358212759021	-2.3454725089400545
5.208184457185134	6.302120722133319	-2.3394145342117305
4.088532087146144	7.124878197879668	-1.769333905303964
