2.5554654261207186	-8.178159146452511	-0.4089757645632237
1.7598979123702005	-7.661486334224274	-0.14306401346584519
1.7203555987465524	-6.731078765489814	-1.028466733118683
1.0844343621659522	-6.189613942194987	-0.9041880032071159
1.41620691907325	-5.363797959041864	-1.011474327262957
0.3861021561244697	-4.977739570388006	-0.542492806902166
0.6059459708380358	-4.0343107233988045	-0.9386928465175126
0.7208880543086899	-3.693560224898646	-0.4482394719132311
0.7755812091687178	-3.3775826019930673	-0.506157767691263
0.35706991724940956	-3.245045036076313	-0.6112189568649941
0.4969524176589277	-2.089189498944754	-0.721665124226219
-0.48068650509804167	-1.538036371211707	-0.1519546684884281
-0.48384198125786193	-0.30511716254319143	-0.5365156804960339
-0.5657160340458588	-0.6956952418166176	0.5563273600985957
-0.18519414619825192	0.5456821649597485	-0.09472109323134525
-0.5548524652112757	0.8163560810910614	-0.7160113401321699
-0.8867626550199355	1.859573462384882	-0.06682666889326583
-0.1973450625409967	2.2340729923742835	-0.014445031886938242
-0.49913469830681656	3.2399133157855307	-0.8918059378693335
-0.08236530344560045	4.049480981004642	-1.131246525521045
0.3831815502590489	4.574466596635814	-0.5866333031571975
-0.23016735727388166	4.730069825395409	-0.6898917497862054
0.1885313809014359	5.385616652746236	0.022979647023086636
0.7415172439414894	6.28659559701479	-0.00956435125323074
1.0107261177382023	6.644455602375812	0.7368540528967565
1.2358696197998744	6.638809455213122	-0.1413485472022827
2.080367031125902	6.663123357021514	0.18835375774857063
2.624175641123478	7.121470296109258	1.13356372148374
3.212400843408401	6.623254824025645	0.18894752762710884
3.696217067936322	6.944703917688321	0.12700031941399365
4.937534466431598	6.162342450295769	0.3405659344419674
4.691958101964331	6.407236562682557	-0.010767074600240734
5.4148589373172555	5.0624909074670335	0.5584743789451903
4.954043533468387	5.18865220688338	0.3116157806542042
5.437465915852565	4.712326732220463	-0.3894425918183956
4.984565349004689	3.604657370927405	0.1742790829163779
5.153859079420154	2.6130707213216793	0.8452516860524849
5.24798979573248	1.7562611753540294	0.5424017378930974
4.657285175809432	1.292351564263286	0.6264638976535799
4.917269847383162	0.8117367753693634	1.1842040900259327
4.651691627648903	0.10786345744578876	1.2417304228934452
4.585652735122686	-0.2603516047332459	0.9062762590488347
3.7314395088450727	-0.7632830566995172	0.9970980772034646
3.2163735401689215	-0.7797353239957688	1.4324491729943183
3.7805695762603118	-1.197708524436385	0.604521281081259
3.4842113723928714	-2.664796470947926	0.3541336636916771
3.645470120184384	-2.5426798027673576	0.5630366354511337
4.01712618447739	-3.497681651014784	-0.4353086392619731
4.428154520167215	-3.7858357751358795	-0.8735179702607054
4.598876962883083	-4.347178839043023	-0.9534265870072289
4.211809778052655	-3.8792422164832265	-1.1031127988784357
4.594174476830677	-4.633093179799584	-1.0092966238682355
5.669669040427791	-5.632816001352449	-1.6636801427699237
5.569394611198892	-5.101851492452988	-1.2187231363284328
6.400156721609319	-5.083741294625526	-1.593905445921395
6.529717286255323	-4.260897825692189	-1.3845077610623504
6.989659117873139	-4.742657333140971	-1.194661761181476
7.283694937877558	-3.151785705108661	-1.5709781525358286
7.4176493251815945	-2.9679533569033145	-1.3581453542382003
7.475820713677859	-2.6477610426504734	-1.9553328535964285
7.708277681182864	-2.4499194433950886	-1.5365945879578806
6.712710683406934	-2.30763239661285	-1.0792504018139235
6.140117883809108	-1.5009694514642928	-1.9878409424308288
5.510680724153905	-0.6133934050691476	-2.2872747987283395
5.866866658348518	-0.5185540179337855	-2.3632425429569017
4.629578702298244	-0.2012079093751742	-2.6495481109132095
4.355787117176995	0.2900705611944603	-2.0156656927440886
4.052673646106098	-0.2650986993252895	-2.7372700959571006
3.560702903462956	-0.03585775662730101	-3.022991967578866
1.9062441533377559	0.4816688230927848	-2.8540408067216583
2.220250263972355	0.48756535467095036	-2.6567531973457905
0.555888700558892	0.38005888409209027	-2.5305608867274216
1.0454579203703174	0.27123147239488865	-2.7202040957771496
-0.61100882675946	0.5588112119104149	-2.65883664034532
-0.5228910257229418	0.5214025485299265	-2.2194178512987457
-1.1466942301543153	0.8071045343398948	-2.279920363470504
-1.9133467821850911	1.4527863063290547	-2.7353188490449116
-2.7472454358200795	1.4617250460820737	-2.4364624784261495
-3.314601963642589	1.6148954736407974	-2.1047008619040324
-3.467972574386471	2.43527610166847	-0.799282145680978
-4.086596195276668	3.269324826491875	-0.8418350047925449
-3.9220339178390295	2.661323659934597	-0.8800854652583003
-3.7813248548847955	4.271879806949239	-0.4801219313033153
-3.872880039755764	4.4543384242375605	0.38325550481991116
-3.7093148301104533	4.842209699388821	0.45400680850784697
-3.3935661745653727	5.724843917094793	0.8287126970534788
-2.6606996447205207	5.732520647626933	1.53403840265932
-2.0746457100053632	5.293669709508881	1.796512860742847
-2.076164001029016	5.173221808733511	2.044058953362091
-0.6493995632540683	5.671601991509476	1.9906747013504695
-0.8321778951113639	6.474134745125898	2.403747727731949
-0.20079621333661113	6.315310267272064	2.6649791041970095
-0.04917020024453733	5.850223354992007	3.1228139244982707
1.5161976931929249	5.355879363741911	2.8976333259257925
2.0622280275269476	5.671678096337845	3.5464834094218673
1.8207562834033395	4.953455066452145	3.358239743368836
2.6103765096471485	4.559796428355483	3.627457527928345
3.3039997756133355	4.347166683785152	3.674169015258664
5.012724673866484	4.38919819227506	3.0211996461899493
4.751729299087481	3.951299685870337	3.9085326485624634
5.491668215513683	3.691901932201679	3.2177604573511607
5.708473593476128	3.329267566411907	2.8846113349662015
6.399995999996619	3.274918206277372	2.839932467177912
6.707976857971118	2.572040353049381	2.455584069231732
7.098272497639511	3.107902024597143	2.269636800496805
7.221460720568541	2.3496608955358806	3.000665496016504
8.370316820754734	1.3308930636810459	2.030453037399974
8.88010655548567	0.7831652180481969	1.8933051516385517
8.723527822264971	0.1776591658881431	1.805193861480544
8.930210727132435	-0.5016173844538533	1.8698554073999212
8.988303690678006	-0.7532849498452403	1.751241345095261
8.083184023910492	-0.7847512836364627	2.127073083147403
7.754997822915691	-1.838307380421516	2.2854533401589014
7.260018444355666	-2.7256410798509987	2.818381106388872
6.751391394952968	-2.8077009160860023	3.004304879124403
6.556288340113141	-2.8870220147379717	2.7371523663074946
6.181972068281882	-4.589126587841326	3.4678411260077135
5.725530031166206	-4.807365511954812	2.791211719211425
4.707199629400665	-4.296483715524043	2.2787222639752542
4.6825712234579235	-5.094408836023689	3.034119677699049
4.050401941456862	-4.930048552074572	2.2710577343073566
2.813520630633122	-4.795130838149509	2.6240535143896486
3.117457621438579	-6.215326558558482	3.1283565650603884
2.2454404489862148	-6.276082898701897	2.6586377221252713
0.9922027854168429	-4.979908704094314	1.9464490828938088
0.8069274072769387	-6.350516486306796	2.1313820434398973
0.8266885314465979	-5.835310916564901	1.988798931813773
-0.6165035327091452	-5.691098278522717	2.8643823851420764
-0.5088107222837417	-5.8088589010443625	1.4154253083266872
-1.7075362031119434	-5.228141142311712	2.550214206297846
-2.146916935645007	-4.302672532897528	1.202706406958124
-2.754767707648132	-4.710828521664308	1.9273394321576995
-2.9349600801962716	-4.394278494659841	2.058140387651025
-2.714833767100215	-2.889540758497457	1.370271215472697
-3.5516721262630133	-1.9691930169406051	1.3721418869442625
-3.7820966109538494	-2.522970146472394	2.6008086945574695
-2.6447139767828514	-1.5406622824880327	1.4761012994851497
-2.660902382341172	-0.5478299672303821	1.5866920721664144
-2.822882323077153	-0.3431073312150974	1.9497068453754447
-1.9112222058705532	-0.3460230776582737	2.473936203451127
-2.5366719436229026	1.0852154133434226	2.607759692577437
-2.1820986254122006	1.2139276569649278	2.8382260354775997
-1.4023258318838228	1.3700850667868905	2.5123243517319813
-0.3192650927233488	1.4171948463737492	1.9304136852799831
-0.5482784115755146	3.095868470231314	1.8233786769445972
0.7358407029919626	2.550785154816961	1.923581997529377
0.8194650139182289	2.716162370038443	1.571307505087885
0.8498748420155908	2.7289023982804554	1.6353952650958796
1.30821937017192	3.0694050055243083	0.3915834975295234
2.1555419418754624	4.631449648206786	-0.5913218693974177
2.00252893311646	4.554114202643249	-0.5619393240078597
2.4110331437946497	4.984887516712938	-0.65360571415971
2.8446032131275594	5.478417961459677	-1.488063805433819
3.1234023028451166	5.85902872944603	-1.2317140623114182
3.399957138526123	6.570972141401879	-2.161174771979037
4.09285629907383	6.833899555179882	-2.4103780500711074
4.124813373293971	7.174961424729633	-1.7141097817116027
5.159767275667326	7.473835893433688	-2.27578177312991
4.102851275754039	9.091908835752704	-1.7451314611695712
