1.7879068476649462	-7.625517982208544	-0.9488760911835301
1.7867820520652442	-6.871643564229253	-1.0824189810581297
0.7071536002197596	-4.883402843247038	-1.2893759462532206
0.6513064175162129	-4.396982545918043	-1.4040198108130564
0.7249121826690776	-3.3298105709987507	-0.434676137439997
0.32532020378841175	-1.7153148397248918	-0.3750322083357063
-0.11368545675817088	-0.8416700395383685	0.4032246499787925
0.03859218264786557	0.4103080938122446	0.32009832539377314
-0.06489881983381252	2.2959713934038386	-0.4936915332294951
-0.716382651277738	3.387190694504642	-0.9023500278163302
-0.5146084785916968	5.505856552450616	-0.9708550183594431
0.15498649022459565	6.455899400828413	-0.20113579132343207
1.0970288886847983	6.668296329478125	0.36720151107499654
2.7728770663714695	7.1533799544750085	0.6002319094950607
3.458548841411865	7.56011034708078	0.5920564672924845
4.399151946690751	6.41954230664874	0.12092445470128471
5.274025705962295	4.733159362133951	1.0975716283346242
5.3646490626398196	3.4918012032033903	0.05570585269372691
4.850235079000249	3.044879708325653	0.42111066383054074
4.437866398233137	1.759417363689141	0.8223006976233159
4.341218189786182	1.1337404108317455	1.0792336753992275
3.841892706697538	-0.630628288434051	0.8177874336598348
3.1536023871037786	-1.6297324064268097	0.746282913134548
3.3523650769166333	-2.7425257326442773	0.9827859877556918
3.982591523109355	-3.5425385070585786	-0.11570583689846492
4.8075073910983726	-4.691223775924452	-0.5624934792234875
5.247437359725383	-5.5556456194246335	-1.2884862751517936
6.742356293153579	-4.885765152341417	-1.0654078785322163
6.857799559203316	-4.105707708689225	-0.8149506955182766
7.299448408397674	-2.96626464332774	-1.530300449982843
6.81466615943619	-2.3584992477962765	-1.5198881738733485
6.0124772003557565	-1.5235568806226552	-1.0656253469612111
4.9883534935532765	-1.1302111024258912	-2.06297561523964
3.816732641696896	-0.5165126328157275	-1.4197440186217165
2.4663108080040113	1.0246430003871108	-2.5443149699561523
1.859755127936569	1.215148765299656	-3.095309611381855
0.68063221137142	1.0693081253798273	-2.961599772852109
-0.7847054125806806	1.050496192051824	-2.7930841958789348
-2.525776301765832	1.0113372525982656	-1.4893727410744968
-2.8232236718383006	1.5035224155014537	-1.542562290697652
-3.849865314017957	2.3867774635770895	-1.010625780590492
-3.7993083060969655	4.096289870798092	-0.35738265299087396
-4.0839665865249755	4.356034573566734	0.4931348088532333
-3.2119376853612347	5.441958678951951	1.3423998794736685
-1.5109717518135501	5.822456032972547	2.394283470200134
-1.3064650195376077	5.314101507090229	2.3104962600114227
0.21717063471524772	5.122115210762973	4.033248444417712
2.0132650123056086	4.982975720580237	2.91579502192676
2.9527458234333817	4.776970685081944	3.726666517473247
4.351740669760916	4.632282775709093	3.6716524981102965
4.889764961820177	4.580725079064685	3.246999366399864
6.62625695183878	3.835229022747614	3.2313671764946594
7.501129726917478	2.523002716114062	2.7135265336279
7.934385807078608	1.247888417536969	2.9274097571549578
8.24774256185305	0.21460241532496757	1.8077705307305998
7.744482534235614	-0.13738796797870179	2.418346052240398
8.04983997388634	-2.539969654175672	2.3242395085013694
6.794354798763112	-3.5664506382498735	2.2417754076916134
6.283653614760411	-3.8942370938212267	2.4610650062306814
5.325838300686715	-4.686957144748661	2.369814895224162
3.6554765128920765	-5.255530048349845	3.2997683507584337
2.857340953288043	-5.740774017637992	2.4453666455015024
1.3147881233312897	-5.981180481707971	2.6224244314481058
-0.19931131218047127	-6.058475978713241	3.110956844788699
-1.577017749735368	-5.821037437773839	1.630508596109238
-2.522113619194788	-4.611155888828137	1.120226191080534
-2.636874258706066	-4.428001991556049	1.5685513828362287
-2.545743629189522	-3.1542328747619846	1.3723815260144228
-3.307405321714433	-1.095722755337587	1.7830296732505364
-3.4599578411122414	-0.21813820337800705	1.7242401453902316
-1.9590440976694883	0.2842749578475661	3.0249119693966784
-1.551909432502494	1.7049102892190073	2.854909826173281
-0.32398932856873963	2.2367321770743493	2.2377487550390653
0.8756012798669608	3.242999262501516	1.2425129827550767
2.3062324859124317	3.2308141316462384	0.5322315800253241
3.0351741691241343	4.3863104220947	-0.5410290999433922
3.8437406911864898	4.945404549542232	-2.0051448314186615
3.2370413262153432	6.089749637823007	-2.312180893265029
3.7137751508202372	8.329732515441012	-2.575363688137912
4.3140796680722575	8.126344891518196	-1.1210485001401855
