5.584394736223815	-9.03176048624233	0.32371744821198484
4.220539020609961	-8.98508544220458	1.1772930014242795
3.4289442268561725	-8.345312546123498	0.7935557684781975
2.675850872037037	-7.377654675256834	1.0511955634095589
2.291951850272982	-5.737959243601857	1.066849169386527
2.0971418787525127	-5.121258597278609	-0.04212933259739521
3.5186495145372554	-3.577588733238381	-0.20649244829841942
2.170966182309737	-1.4847157602184942	0.7593791801927303
2.4074832997816262	-1.6277346042829737	1.322237424169555
0.4402744512009812	0.38233757186374673	1.2011918096251664
0.2886554680196472	0.4448012827935963	0.3065154618513919
-1.1833065127257836	0.9482914141574246	0.4824388257521224
-1.8730276608028325	2.425995254717212	0.08946229963632701
-2.1485315083390506	4.520272939432999	-0.5382032544823634
-1.9993954838963355	6.588133283290491	0.03492490216015476
-1.7023321123523416	8.14469523061312	-0.06282742805438568
0.8042088814038652	8.633598496657122	-0.13902014663523612
3.0136152595424295	7.2557881402108615	0.8409121717301646
5.157613260871283	6.234490328448211	1.1301798250526887
6.127655482821023	5.190701007598824	0.24827789545895115
5.464320373824994	3.8834607000133454	0.03532960677842806
5.063786869520748	2.4254291481631105	-0.3127235965682977
3.382245770594518	1.2338395532327837	-0.47822123373573644
1.9405281275821593	0.22660490535102823	0.19871905784900024
1.5213363509457944	-1.1526832793729471	-0.4887394924643246
0.7613068030001229	-1.976901217332503	-0.6044679178696942
0.1030688778799807	-2.9713125434775556	1.6783447562905733
0.425809375728037	-3.409371754277152	2.04707622963433
1.9064388816491697	-3.9747708019447283	2.5616693546230875
2.6772224485587888	-4.5835717724239355	3.5794546969181944
4.610647746574988	-4.740094798700642	2.600042886445782
5.482505006301177	-3.776837126585457	2.7650224439388165
6.423842866813541	-3.214605077113575	2.9248203270154445
7.413854129219698	-1.880665672059081	2.174432815577043
7.536473722798039	-1.1511917562056255	2.2164824383314947
7.773682885662416	0.3045167614600724	2.384322785425691
7.921469343990147	1.6862392854099335	1.8735628731338003
6.738290513641321	2.9928133914462465	2.619816302900773
5.127180748357459	3.505890035306052	3.613481087126395
4.167161140086813	4.512362078885864	3.3118978609880925
2.5301145846634725	5.034504592460795	3.4359130483350118
0.8432433225822067	4.422037162167173	3.0998516141829175
0.08016519117926435	4.79964183444765	2.676031491489898
-2.686370960429388	5.54220093355983	1.8444336499081642
-3.368958751061702	4.932622374620587	1.0960294710447613
-3.6031474408790336	2.941496806799097	0.5934834372181153
-4.056650175275049	2.3186999239384454	-0.9885864797898971
-3.6754808759392663	1.2363511087147199	-1.6991614094199743
-1.2769707508097436	0.7935761667747518	-2.8582346139590453
0.9554148243234843	0.5352619056511444	-2.9657025096191294
2.205732719400176	0.1712947447038814	-2.700431998786933
2.81142946086342	-0.19610303677826346	-3.163526818905837
4.679774818369536	-1.2662298140375718	-2.345539715748873
5.177481132480625	-0.6964699869296989	-2.336398402524416
6.403197720977962	-1.7596167557062548	-1.4101400951352143
6.464621629016959	-2.271549801386435	-1.726309250014089
7.164753031205816	-3.7285207295658136	-1.5466893649686975
5.922608281034881	-5.225093477459868	-0.6068321670987666
5.661391185999444	-6.040621869255752	-1.873601610225021
3.9071385444613256	-6.80084508539881	-1.838291318519353
3.230752928965852	-7.500015253186817	-1.843066758387621
1.4462273261935614	-6.959227182718115	-1.5815414059778337
-0.22475691342533444	-6.8910998577733436	-0.9980460816940033
-1.4558618953972302	-6.823024948251075	-1.0536092487796422
-2.7820196298826105	-6.706351255744132	-0.09990838576757122
-1.3444283674605875	-5.506948197874657	-0.14832751337598893
-1.714766100309121	-4.771617540943645	-0.055161717643810226
-2.537770164601449	-2.8110480444425687	0.28201308651362905
-1.45235029700441	-2.900566149814687	0.7670922678445117
-2.1530519549763008	-1.124800080312754	1.7579928454164042
-2.1118960447757438	-0.5618198508842962	2.394037805731225
-3.0186617794023953	1.4053271011693864	2.721215073182163
-1.4829634944264631	1.637618228162337	3.0566569495077154
-0.37255753384854845	3.183667834765422	2.3830988643716338
1.6022249482847801	3.8479229677684463	0.36245212364163976
2.435832850231252	4.2125894407075695	-0.2736776100900542
2.1513224801096738	5.532620562708656	-1.456986142653259
3.329871415784958	6.8497466091805705	-0.5916033158892227
4.486009573972	7.113874384718356	0.3631022023000957
5.177942041942086	8.094107429802508	-0.18603556165924384
