7.568185724623441	-10.441625704807134	0.7509680008289588
6.629308722749417	-9.927889522138608	1.0684900839145142
5.253307307022158	-9.148368419237514	1.238513498148003
3.846353740926017	-7.552374597629042	1.616576363764954
3.930778880849525	-6.395201011318609	2.0575253244374734
3.6965738418915066	-4.824415687431788	1.6400559392411331
4.887430284924736	-4.339186621557819	1.355100519754933
3.898971759279042	-2.707070225681365	0.10753831034577255
3.2692083805203516	-1.8232882707616467	-0.8052813079273582
1.4886920014010838	-0.9195416427854772	-1.1217180998101295
1.447852144021519	-1.0459567852464073	-0.385977529176989
-0.03287348108753868	-0.053881799931639426	0.8312797878753639
-0.20620786056463825	2.582828086855087	-0.5109246590560064
-0.5869536345268818	3.240789180051647	-0.5564592716305905
-2.0108892529340157	4.739609460487398	-0.6348243070724057
-1.1323285745116167	7.1724147291562925	-0.717798661590573
1.070269870191796	8.500906083810928	-0.5932108845790012
2.5511560190265783	8.051107914721998	0.6342411687311679
3.9131251475105895	7.902028542746544	0.4717040644428651
5.530776960066488	8.316816122763838	0.38327892944600045
6.7905480833538725	6.871218811005692	-0.7798734293370867
7.474472306187249	3.883660843922608	-0.34139856502407884
6.487068618221878	3.133254271956066	-0.1371957679554927
5.39935088903848	0.8434329213390477	1.4741348029687318
3.831283084486917	-0.12072595790215565	1.3876414413088405
2.9505101142328973	-0.952722570112573	1.7869049084785562
2.2783357493562924	-1.5018239686866983	1.2402972275341535
1.7723298759252326	-3.3412260851804887	0.6847334484300495
2.9079732267451144	-4.739039308025363	-0.1874333169860244
4.056088224981442	-4.932704279324474	-0.2627896118653088
6.169908606432042	-5.4603784077782285	0.3078634730631346
6.261458432062661	-5.919343095866138	0.654558570184524
7.787494529457229	-4.996966926747939	1.5375047971089446
8.741334761788364	-3.399484453534777	2.3442346109074146
10.434126950934177	-2.872899802777038	1.9549798770273163
10.472406293464307	-1.5840219553805275	0.2567311211973043
9.430921484610115	-0.0648174041035321	-0.00642201683020216
7.920729119698646	-0.15957243511286717	-1.0123894073371056
6.483422171614631	0.5387195367824948	-0.7604823307479303
5.224609290412384	0.8940660589236722	-1.5392992234188922
3.56119640792409	0.3349354701851585	-1.6002641191443066
1.5962585120490047	-0.0034460827549086526	-1.394482517126951
-0.4353506228284019	0.48711303096526276	-1.7864553664981941
-1.8448007362737835	1.069994283091555	-1.3822770217189944
-2.868808438401977	1.955934785171458	-0.5387191485446803
-3.8867328195066015	4.1714753032169725	0.4756487045629984
-3.577055911070163	5.299448309867625	1.2692829043927065
-2.4739162240838706	5.848934241856413	1.8929876596344917
-0.1047439312920464	6.499427374915165	2.366447853522216
1.0400693204991267	6.8364697907886285	2.209112718633349
2.776060790957012	6.1023711647335475	2.533498099558179
4.353394665698659	5.015889594171964	2.7791377518606257
5.411030188057644	5.688300385478026	2.2195584016075713
7.395650340771507	5.1808667670424615	1.977138449980866
9.75196041161347	4.78360030880774	1.1516633173401911
8.806720023076355	2.98609841214093	1.9870540304458861
8.640570464024945	1.1438423736246877	2.217208885738199
7.995722775116789	0.08330252408215744	1.611531171691756
7.91289760428831	-1.4780477384735682	1.748591109166223
7.384184368178384	-2.379663035186197	0.5964394554003507
8.2437636352505	-3.161143527243745	-0.2628031674654262
8.114483597397536	-4.595544686385523	-0.6104879059412263
8.130087434987773	-6.883292047381935	-1.456870755574704
6.6482962240777885	-7.486260370673736	-1.48207076141531
4.730254284933416	-8.490896053012346	-0.6173795156881443
3.332630700010063	-8.55482304001834	-1.212986260771783
2.5308533903959884	-7.825413736370233	-1.0169929499901897
0.8947449340451055	-7.422220950710146	-0.3676957378070135
-0.4159183052324612	-7.1134606063503885	-0.3728071501065782
-1.2570198954699494	-5.76086796547262	0.21014084164524055
-2.1836015686413366	-4.729319911998793	1.590628664389538
-1.5648278010581156	-1.9482454243457548	0.32939743995000775
-2.28595508607685	-1.5942452500781759	1.4632762914350756
-1.0279307613478754	-0.28995742094147603	1.6716890708530419
-0.7505874559652159	2.6559981471202243	2.104166543241144
0.3986503780633814	3.238413887825074	1.0973740209373801
1.510462656573253	4.745527089550407	0.15333173027078312
2.431403191099093	5.349992239982524	-0.7213220411368017
3.1255072335105822	7.3582366193172675	-1.2475495272179353
4.792010544902337	10.260207350251013	-2.2389532780983386
