4.914921275199183	-9.934402955140744	0.2669933296679974
4.234471374359044	-8.462444957430064	0.6386555543173041
4.901271477333784	-9.503849205103405	0.6785422548839193
3.733519930793868	-8.789276343385716	0.6872555235242984
3.7099551962265105	-9.044205393404328	1.21336548135929
3.391841777368077	-8.37901022855553	1.8764955785745063
2.71757545911316	-8.243709097404821	1.9500865193236687
2.7933210435414013	-7.1516835947629405	1.3768142618681916
3.3167297019236894	-7.571388023570138	0.6007541345874525
2.889533005090057	-7.474533848827519	0.9368839141859836
2.2439007322086457	-6.114380747520299	1.0386002853246494
2.8618729835028276	-6.479413823712289	1.07461621876884
2.378211269811406	-6.358069442778746	0.7131929308010607
1.8979236703681617	-4.977776163313533	0.14985943781885627
2.667963909534609	-4.538260647056906	-0.04069383736440407
3.089765049689051	-5.030405449244363	-0.005571075844985451
2.2111579103156003	-3.6014664794424736	0.15613554700761734
2.625688740102656	-3.9105128807287906	-0.1342628221217132
3.4210350227796016	-3.3607688024875007	-0.1001568549579783
2.2270786661615363	-2.768672431392656	0.749714892119263
2.797433892887609	-2.627065503452025	1.0058626353601967
2.6186018885384907	-2.5975294584028443	1.1911313730809954
2.013554010622445	-1.7204511894799628	2.066649707325311
1.7182471964601862	-1.9926525145254321	1.6824732040739079
1.9710331216702384	-0.8782559606433848	1.726514972700931
0.9552726520270882	0.12017131313448237	1.5363737490597282
1.8434959136665312	-0.5771490173021709	1.4308437084321042
0.3526403479605652	-0.1897726294044948	1.2130936697000394
0.5722630573491655	-0.15128563274199686	1.898625069221975
0.3232193401946775	0.22839442778975666	0.7862501888439205
-0.4345103175330017	0.477241264709688	0.2371163570427152
-0.5220559213298555	0.7781196844102265	1.2170292540514758
0.19028668496024237	1.6196816241281213	-0.341315898682379
0.24940858822480227	1.5854043045309387	-0.600486671780687
-0.3173561593562304	2.947228465802877	-0.4008905423928807
0.11131251552034782	2.764092745711232	-0.42715998535414457
0.11407034606850885	3.191357607317603	-0.7888962773997326
-0.2694075344900553	4.455707659839314	-1.1759837294056195
-0.7898629886014026	4.326702128951919	-0.547413280250999
-1.0383517880558462	5.047898666116891	-1.3089121726986719
-0.7738314249129774	5.99624935556315	-1.1922466767790598
-0.3862329838009855	5.511341314877854	-0.6276411124033174
0.00818411583276868	5.740426723484468	-0.15040509134773772
-0.5705524117907046	6.554475859741964	-0.49979259953546973
0.8835898143613712	6.936170200097181	-0.8637160452979482
1.3631885490585152	6.701835106812767	-0.6697884524385834
0.3000736307659874	6.961944922711425	0.742628957820116
1.409372873896647	7.467669428329723	0.5526242464329513
1.3415895836257548	7.897371233848594	0.12146715314532588
1.9130653043843915	7.556692843447783	0.8374299666897582
2.8138265191810383	7.435637041989084	0.4253623780713128
2.6602133026577928	7.1338134701664035	0.44022705384021166
2.8981787503553567	6.50949298870993	0.39476566965039034
3.6106114427631937	6.660674399040403	1.4011470003069286
3.3788117351944233	6.167970876596435	0.774812699453584
3.934045426929668	6.387750334328053	0.21634533741290446
4.321514326379621	5.057897840980357	1.1668233539076094
4.600715932577483	4.726807943529313	1.0831157203921997
5.049380559003321	4.989402920657725	0.09801656042087363
3.9761233452704947	3.9561405877238203	0.2050247683525281
5.053550879839173	4.066877517292909	-0.26500480049013053
4.432123274781096	2.754088310795121	0.08000827865616156
3.72155194631671	2.334958544914619	1.0576380342400353
3.5460666886269077	2.058752315228102	0.9779182534610895
4.209662067692741	2.2439749629354626	0.10668437023714322
3.7494107948730178	1.1657574836707651	0.014165571343039696
2.812493782648577	0.9466166164023704	0.9632973109434002
3.1314898737164563	0.5916474579511157	0.6094657310981157
2.493752321601396	0.6119018239273495	-0.4577623355293863
3.2319103835515026	-0.20823960853408757	-0.3736725296453167
1.6486174644207419	-0.2930709407443881	-0.9080634534291
2.313936075626809	-1.0040576608753646	-0.11503070406699711
0.9091951923640165	-0.6032991685247493	-0.5337513699759897
1.4676889061928828	-0.9669527989582871	-0.7287091284208804
0.41491546088724324	-1.5651484336754977	0.32236594984672284
0.45354645288795603	-1.9226462079892173	-0.5702524538862259
0.7783992655383862	-2.403388216279174	0.1971696832936941
0.15975382169092406	-3.039040501924485	1.4125628684335636
0.21784481812231687	-2.3088236135353726	0.5750454328595949
0.9502573307617391	-3.422282299662439	1.0169614486121186
0.6562357657735133	-3.330424926706945	1.7354227103450555
0.8492735768586396	-3.9385049852937004	2.6364675457965396
1.7869358177240064	-3.9519619330733535	1.8085410296477877
1.2600429753786835	-4.288753025831877	2.1066640814536766
1.8722494073147056	-4.338692903066765	3.4243722726978185
2.068461427548642	-3.945489143471045	2.9579107200286012
2.875691453292992	-4.68155352747259	2.42161406740753
3.386300021282608	-3.619459956235953	2.371367556363787
3.26317744027751	-4.838870346974461	3.356330836246988
4.538972109687019	-4.7334739162129935	3.2053791328487473
5.1532241639457	-4.460888988371759	2.565147831784243
4.916893647878288	-3.505426007175802	2.3361742022610756
4.87120663286737	-4.259202408260433	2.680330854823822
5.670002746273061	-3.6100297868617215	2.187328424035553
5.718159188358656	-3.068563802269328	2.4168892843019787
6.503480503046964	-3.295352123387792	2.8703011232055093
6.431712830132238	-3.0300416996049533	2.4008790252327143
7.244138658487392	-2.9527531542004875	2.474192552121854
7.463862424675705	-2.642104330052577	1.821151611720646
7.437732012792135	-1.4269639742693236	2.1799933838275276
8.137931004319414	-1.4111377906294782	2.2757731745308476
7.650920130522071	-1.1238304471087148	2.3071610406120326
8.453108518273266	-1.1414456027392248	2.441696113663961
8.20423558432622	-0.7775639234134248	2.2551471393001155
8.461176471094133	0.3202942223060936	1.8635840180988912
7.824066411075133	0.3256128285005888	2.483204429098748
8.186432429481806	1.1269644407482668	1.495020178533235
7.597802046222244	0.9447185941859131	2.073417259725525
6.969367016253328	1.660635218728624	1.6593516759741174
6.732019487444631	2.409912247036433	2.090774505267993
6.717763195403192	1.6976567613645552	2.0168643253883936
6.698254304004445	2.1843576234873843	3.0413732691319693
5.860674602800273	2.4614339103365257	2.3183172318219953
6.032212337838725	2.8672657275171414	3.0364770827933416
5.52565524995517	3.245289870074773	2.5568887458064404
5.142959354008422	3.013863076831593	2.754090999551748
4.292454505597286	3.401737714323195	3.86276493490835
3.792166259689397	3.682770906283561	3.7099659016536846
3.8126451712807086	4.228086824970595	2.823962182385249
3.9325767909201055	3.954113101913761	3.122528900995129
2.694002627492699	4.280284770541132	3.9436672427122064
1.8548007211487787	4.3608139894589915	3.936236306110933
1.6081911719212436	4.716437247875697	3.442008236511325
0.8911175041045971	4.727766218874955	3.1738781781116794
0.5069468321294088	4.592276711664078	3.018325978747288
0.7083536256544569	4.990829262218492	3.459871133441843
0.1890055898439169	4.943322734303097	3.480272513528261
0.006226555989857552	5.10217461946733	2.520717839983498
-0.8022606347186596	4.520995371763224	1.931980508263285
-1.1755559573092031	5.5628635877618136	2.157825223842932
-1.35261189227441	4.787403947274407	1.8535177345977605
-2.100297713103719	4.191886627833248	1.1774539841733302
-2.1803816694523874	4.390679371997091	0.8230293966683242
-3.100434664063809	4.696654667260722	0.9341758815379397
-3.1092798967868664	3.4949574261863643	0.6979800682614913
-3.319981715262047	3.7250180862621973	0.4730954400001381
-3.178121864673723	3.217104509988552	-0.060767946961772235
-2.4557463428790873	2.5815790343494696	-0.9352549966859023
-3.565341316817553	3.3864983771959594	-0.9495152919115786
-2.6549572036952407	2.6930553834078634	-0.8480482942673002
-2.649190829436454	2.4051940624940222	-1.4869316107724884
-2.7672111720274155	1.5201636736383661	-0.9088199804327837
-1.509395417499381	2.088610437542407	-2.2331682040193326
-1.9255047429831529	1.4451747410950229	-1.9750092864646456
-1.8457122224067501	2.2273675901987633	-2.935165567316292
-0.3005807371391853	1.4027187725497394	-3.058963034695463
-0.13762974249422588	1.0712229623582084	-2.135127216189674
0.7379313752034707	1.3891454880707554	-3.0985969497993793
1.0263819049455183	1.4496384663511264	-2.9859018420420824
0.6109186871708198	1.2157578144771701	-2.4383284535419145
1.8551481241399181	1.0271679916982173	-3.47057647512082
1.4428745779894303	1.691916173670754	-3.4140287141468497
2.8604922442361684	1.1557679239109093	-3.198163314036888
2.6827535311481077	0.8948252269500281	-3.33198625708485
2.927411411627509	0.8726536229394897	-2.470034170386267
3.463559911332708	0.5716752798293765	-2.3360992116008363
3.9950109072968822	0.056220947188107245	-1.7905345660313965
4.281133516065801	-0.27316330424316065	-2.407598372800504
5.306293487018257	-0.5228204394662668	-2.669131243054196
5.735590831929024	-0.8048351202493964	-1.789298246338682
5.573937069474081	-0.689292987267367	-1.6683797326853118
5.322801557602595	-1.0427307677658362	-1.9678666696745886
5.779522835675554	-1.595966494384196	-0.8555268192856951
6.233640732579097	-1.1823393906003665	-1.7679815331704887
7.273640689858651	-2.171216042537641	-2.063693494070672
6.604311190122531	-1.7526712521551011	-1.6999221512202989
6.202958969009318	-2.26126998097437	-1.711582859333289
6.978996842922866	-3.769616291383526	-1.6426041787071213
6.8675712942358365	-3.9722761463739698	-0.7811579590740327
6.788419439034092	-3.961172792603632	-1.3558796430558298
5.91934270489914	-3.837335519054886	-1.9911438661621692
5.981013920808245	-4.732701818513866	-1.6885919296102607
5.444918778441559	-5.128676871811313	-1.8178168714901015
5.361039534846612	-5.093197282631578	-1.9085544717813023
5.878182792028828	-6.24035179641454	-1.293606815557603
4.390589317866389	-5.913049417631337	-2.274069340704584
4.389534803219681	-6.037323990503936	-2.2344409199949737
3.760251947108357	-6.668101897668725	-2.1899974376732514
3.8039630443934005	-6.532335733669042	-1.6564356789707813
3.201878104598185	-7.424254058021821	-1.4631452246679526
2.4580333048953023	-7.626516120526164	-1.981522448551655
2.2878064220912036	-7.2779652090659654	-1.2271567335272457
1.6673122415000095	-7.561855815621918	-0.9452606004231765
0.9882437951763496	-6.7061481708733695	-1.811323256816155
0.8907602166403275	-7.910618807107065	-1.0989159868845757
0.4754472285110266	-7.182427321400697	-1.5772371531176834
0.0062178004995278036	-7.41971190249995	-1.7100356537837889
0.18618318168710501	-7.101959882644727	-1.232030171775555
-0.3525614595730038	-6.892541349477492	-1.2705953851174656
-1.390275761835223	-7.511160259521329	0.10851087559679318
-1.6874918004628607	-7.001191400140505	-0.8588359361760849
-2.4065205906597575	-6.919449608892088	-0.642411127080342
-2.884178237763636	-6.7586591755439125	-0.7076652186939132
-1.9303217267889474	-6.7855051533417825	-0.25214018444689834
-3.564202567223557	-6.2293714859114	-0.17201272349174862
-3.7463309419035133	-5.202586209117074	0.30615532819535274
-3.0048337619951284	-5.552066026854213	0.10792459964584233
-3.4398554307974223	-4.473258626549311	-0.045248979629699315
-3.8448940742416573	-4.596822675014529	0.5365216450895725
-3.6097081725516933	-4.330017338259307	0.6652866364458578
-4.613033653248945	-4.093090250031684	0.1943369521604004
-4.804054080755298	-3.554001766353773	0.84498269137684
-4.0789622459343775	-3.3508982958560205	1.3736128836480272
-4.1338520063254975	-2.8517513284509572	0.7457285660611828
-4.335226383988829	-2.198076440637731	0.5126933768281137
-4.451438709244286	-1.5021079619311724	1.19960006010243
-3.7518576999168003	-1.7068221471128848	1.366980149387485
-3.739901440398981	-1.122551925275675	1.7156868931585363
-3.57638659907699	-1.0079494688892823	2.2383765212617472
-3.572967283135155	0.7062751102003083	1.7723234150798208
-3.548862481691061	0.9335961438221305	2.2714838014049232
-3.1907840219529695	0.6023020573376927	2.788605008361418
-2.0818629148144168	1.075662027035838	2.450224777498698
-2.1764149505540944	1.6349914968516988	2.447890747805145
-2.0031965852180673	1.4147926051613593	2.5699797545540033
-1.9369670248992399	1.8069049016199799	2.5160990466909983
-1.0496601668572783	2.1979545036013657	2.5721318885111017
0.18551540255108367	2.1958650055288373	1.9223122848738194
-0.38797455653357965	2.8884407089449766	2.2921511229247535
0.045544684687157	2.8112881181600606	1.6090635359945948
0.4795222321951691	3.1384501898947605	2.1131283414920254
0.5538812231618347	2.9554111849516462	1.2390059362791588
0.8935075362299891	4.074302400877628	0.6834255229277003
1.1272113478132246	3.5864157506540737	0.7867033084839681
1.1769083981348816	4.125520828886631	0.48404129534061735
2.309057363955489	3.922309040066187	-0.3375360136346639
1.9353394127997137	4.169342704293902	-0.23573220233438819
3.0901167104319627	4.441253757608951	-0.9878848819677599
3.164362606560024	4.889895270006547	-1.7380893209147774
2.987916504766792	4.98078296964277	-1.4593146417805676
2.9904040204486386	5.3320314752614015	-0.8159930030715579
2.9452707288486604	6.807730555532478	-0.7217388933020441
3.5893768691580226	6.93243312451147	0.1404906028577383
3.3394626658192768	6.400051295638412	0.07963165182534981
4.489884134478078	7.747558760031792	-0.3336051252070458
4.123580762817692	7.711046936813885	0.36268302952911335
5.3415052366461895	7.856971368823502	-0.07757949444216367
4.7289914416832985	8.086937904025072	0.3980184973066974
