6.087067566668513	-9.132121476256774	1.085271362405689
5.645212194712231	-8.562701497784104	1.4707884357146968
5.378039381838479	-7.547363303221335	2.1199656456297062
4.083091474247525	-6.493916590477615	3.0971721584752907
4.765743156100641	-5.12872386880133	2.092036187213747
3.432526346527971	-4.242114024426585	1.934643906529944
3.7455410698011185	-2.9089897409084684	1.8626352158881154
3.7148951811843265	-1.578716388523412	3.0056129743756372
3.6132206045167505	0.47499337706973344	1.7185438106999675
3.7339190242224602	1.2055261585040526	2.6746290632096184
4.399280014775476	2.5016990425140317	1.6172375526973806
3.691833801158648	3.6896773953551714	1.6480909302530253
3.0959068001861474	5.20919802264943	0.8503610083992963
2.3489533632189654	7.028800155960388	0.391326358946113
1.5938691341675515	6.959899652053124	0.22296026852087242
0.6553274300674613	7.3158573456282046	-0.14423950243122596
-0.5230882575699757	6.321390231067675	-0.9316177393394771
-0.1421983446803179	4.3544066530341325	-0.5654506811666281
-0.2618144086301686	2.809607895006658	-0.7998244221920294
0.2444365200623959	1.4033108353794872	-0.4241425051373193
-0.30631343125238053	0.7618483167017956	-0.2063265032187409
0.41831820706819733	-1.0272805446354853	-0.8100029985838622
0.9239135110165101	-1.4113076786040026	-0.8942633946045733
1.6491825682385166	-1.7048974754131103	-0.5858236712214548
2.956885254944736	-1.995548986264997	-1.3889777208333691
3.5782881187303714	-3.3900550116702473	-0.9189174316352946
4.82432609735018	-3.019017753759721	-1.6519901993590986
6.608046181478592	-2.462907699797182	-1.9589961679344525
7.476099598861916	-3.3195473097724504	-2.115287707751677
8.754367779270328	-2.9330834511146855	-1.2683114120748324
9.541919853623966	-1.8471537599437329	-0.5725959569139578
8.957009896257858	-0.02751058555897501	0.34660323521156056
8.209884145220926	0.41248082554654986	0.842486054351575
7.718754895373143	0.33657505395603393	0.7342117995874088
6.412062135832974	0.687275088014115	1.1100926809301703
5.6921640554745725	1.4136609440372054	-0.482818100101684
4.3833120047139635	1.0328712596067555	-1.8257918771578348
2.567027879622747	1.7158773650961858	-1.1834128256696086
1.3930998975771893	2.268295167470842	-1.8061077740004372
-0.5492863424722128	3.302124224848138	-2.8922096280315674
-1.6439973184997132	3.2395765813489126	-2.050742872564373
-2.723494154947377	3.8493723171045304	-1.6749218758015996
-3.049207428736161	3.958658540278016	0.3443825801340532
-2.917567269413257	4.629835497180993	1.4410732374069832
-2.037953526045605	4.9593254609571975	2.6097177846517905
-0.14589662035613538	5.429303135849417	2.6205761043112035
1.4662791136538837	5.308744059570898	2.6424063773096407
1.8756622196698662	5.658675578772676	3.074319107859653
3.2409836980247184	6.326953197212896	3.0930521926240004
4.668207890576832	5.1979523329544595	3.332868727874615
6.587000525849618	4.875380627669596	2.086405448001612
6.903746369540142	4.166398541833463	1.9811389183280905
7.627894187773619	3.385357261381489	0.7351914810588137
7.744146778807038	2.2949251335352088	0.15770573858934145
7.7722626847723655	1.1843793975912043	-0.48772134957764357
7.45486124977809	0.7178842285557221	-0.8854143952883552
7.503426049969753	-0.6943388873162906	0.0015313408091189862
7.3023415679811885	-1.8885919849860262	1.010423434389617
6.745194019313492	-3.835544667113974	1.4026233945418187
7.851505615095844	-4.860981374599354	0.23275768409740544
6.121875240469437	-5.719615781048413	0.5999302608329888
5.102632477414812	-5.772097591401897	-0.21257059087673758
3.8527465967069605	-6.433063985207141	-0.8606329776222221
2.8103967470121702	-6.83755421057834	-0.7450264898210088
1.1906415894769773	-7.0876848778976385	-0.10407778275865054
0.8797999379435035	-6.382222547249677	-0.8322349694693161
-1.1493238298916721	-5.432409487211387	0.33110276848981923
-1.0954433557232706	-5.262672912551111	0.2768004236784489
-2.3234166040941258	-3.873660711024095	0.09783586071720486
-3.2581850189113055	-3.0831286363288735	1.2402998591048544
-3.397531879536324	-1.7407214454405353	1.8460318104720097
-3.210101688012646	-1.108897728746884	1.8846683829815014
-2.422096551427904	0.24626895041185126	2.2566900408239046
-1.3415583165241096	1.9397913725717182	1.8606157591857058
-0.029713969530285156	2.3224228329088987	1.8247366750051102
0.9082967212650797	2.9601485940872916	1.1277726422656553
1.8451940749581737	3.2946447153066165	0.13379217389588463
1.6329584494251845	4.634303817657503	-1.1032017443352529
2.5525968410086293	5.205879055349542	-2.1992850638331127
2.9951281834089563	5.952425295082413	-2.193679747184235
