4.513868282904659	-9.470270384466975	1.3139631209069387
4.919813992114501	-9.446474473232307	0.9947197330280206
2.9736227174589427	-7.491889868701515	1.0768096222326782
2.4324084013861826	-6.764789152154533	0.8561207877744541
2.946255974741166	-6.35058758335541	0.055865688541824735
2.469694904817257	-4.605583725029472	0.37836876470588254
3.2567369400420545	-3.2305658084133215	0.2411227661635615
2.295423998527478	-2.5629730451556014	0.9699356513497799
1.4027205733138248	-0.7213798597243857	1.4130790728977514
0.9356434935956487	0.21039306389207735	1.780127347378798
0.23294782867447933	0.706570930499749	1.0485575773709555
-0.6542058019533167	1.5747881998005555	0.1681017216450179
-0.6142009180302106	3.066311321533847	-0.18354851576027453
-0.5363964385139559	4.655671688929688	-1.0651718315388787
-0.6478353077035268	5.617645516873785	-1.2486914265908584
0.9225282637765833	7.348227612546747	-0.6361030563877781
1.7803124665577537	7.965516361746053	0.3641388129595793
2.757804833499361	7.465841249735413	0.9460860661672346
4.679306806034118	6.028748456982936	0.5090553306097647
3.9840478705974713	5.51246030644092	0.6039155224226396
4.471403268369135	3.5788605381217407	0.09893282716735952
3.9604321862263077	2.482153459819629	-0.03880091646497774
2.9021690571109784	1.33146464182493	-0.272157971583185
2.1022574151699134	-0.07222249144279436	0.03936907955463209
1.2774807213584252	-0.9946833862919044	-0.3199190593746728
0.3716806425105343	-2.3670166305379796	0.7042688927921827
0.1288584968775104	-2.9138105846878153	1.4977336921258457
0.4719658448559103	-3.5349374451956423	2.5735807144246596
1.345381770112993	-3.3564838364420826	2.680992166520213
3.147221087730556	-4.155769340810821	2.8922133253430493
4.055885413296681	-3.4951832798261675	2.7597986833082073
5.9737293731278776	-4.060179536011576	2.5001252981133644
7.061687350376596	-2.62490325849256	2.0892530580623623
7.682550768523124	-2.2249551797059963	1.927744851252349
7.786224001538422	-1.345732054711595	1.518225966884382
8.131483903631851	0.4202317202978466	2.026184218172973
7.501745095716199	1.145275003822418	2.545657985241281
6.068342159875691	2.4029008110618246	2.6558600461720934
5.913275026993992	3.791484531180139	2.4192491307533315
3.9650593024466634	4.27280422117438	3.787406444328389
2.292811810286791	4.406434283966795	3.300104675018984
1.2026472317101558	4.710385869982885	3.1516419755241474
0.5586196398120573	4.765487609370899	2.452639575359749
-1.5789138973459664	5.703146075581582	2.3678390572019343
-1.7469043305609735	4.587318786352909	0.9251001335579618
-3.4044400025954986	3.6477989866719973	0.15118790429441553
-2.8608769918539965	2.424780556686672	-0.09156974371713655
-2.3293461773479724	1.6962451932493436	-1.541636199630609
-0.8140677457005538	1.2395169962991148	-2.8711554795440923
0.3981537226782538	0.7745114472513444	-2.733545119535398
1.1232368302606985	1.238548313180745	-2.851810075326729
3.1309328624887796	0.9702570616433732	-2.3551316628078487
3.9502339997882867	0.8686953824348456	-2.6390402212525723
5.243554709046985	-0.426184198245789	-1.7757358254428257
6.159361342489823	-1.7756108445187218	-1.1189776674689746
6.69736225968259	-2.277377999915992	-1.9469524735529924
6.679699469678119	-3.9409959923535	-1.5348421371111733
6.153298496684424	-4.763000981293208	-1.58975877166091
5.235222288934934	-5.34503220752316	-1.909979352028188
4.602881922337067	-6.265396558531088	-2.317233252773393
2.3280391981951007	-6.826983276545899	-1.368052721438613
1.7138034041124786	-7.43733085935619	-1.203983307668096
0.17903827554112695	-6.649899013700271	-1.594137600015824
-1.3170825736012826	-6.400194023855805	-0.7361424160120293
-2.932407243748215	-6.641600483563306	-0.1569224407591855
-3.184783459279461	-6.223552343187343	-0.10950093872976563
-4.314708877132843	-4.940068480647983	1.0168986976758603
-4.652636870384563	-3.290539526166709	0.10100049992487745
-3.550020145315454	-1.7164801123899114	0.7354637498780419
-3.915457554279376	-1.2914376122562308	2.151430560019145
-3.5273598949871805	0.47787744424633233	1.9737069882529967
-1.6922521458528825	1.1142349829349192	2.7006131750885842
-1.0381163345012296	2.1074855761773015	2.286207524314677
-0.24355175936851786	2.701435076451012	1.589142202401014
0.6813690822378468	3.5825494994846343	1.23287107680957
2.309516013993229	4.012947719518415	-0.09117722109237902
2.7855363531675907	5.325222785908049	-1.5266554915630128
3.1586438909575834	6.3767070676824	0.2144126095362291
3.8409785588632728	6.871731941569942	0.7274831479322813
5.013126563312189	7.781217866537339	0.8893227271758235
