2.6552236299419145	-9.062923913989323	1.7093918173311105
1.4218032131458065	-6.994974779248496	2.2961756633866366
1.3908447960911332	-6.0534711354602635	2.0984973875533854
2.0899437829190353	-4.991676478433141	2.6373471415364955
2.4119230990461302	-3.705006137718617	2.523124773523069
2.333729140372834	-2.730122936797963	2.1165577437832614
3.1069036146557476	-1.5373075054395513	1.7889729673698558
2.7432959132617194	0.47169531711540136	1.650677243482236
3.540863923027496	2.1935584455873345	1.8562947840828485
3.2511044967136584	3.355406492493384	1.4812999304239969
3.840876811146434	4.495057134632154	0.8616579537846668
2.6636905658178733	6.147005478029691	1.0068264831324276
2.2156993960952835	6.631744711474803	0.3822532064226004
0.5899110913647938	6.055908061008027	0.6213198676426861
-0.10442064832266007	5.878677767091547	-0.8564773876217342
-0.021735429372821358	4.451946646449932	-0.558301137020985
-0.5569062078590941	3.338031743086484	-0.3309257361388731
-0.07530776093011937	1.7581984010875171	-1.1003911019426096
-0.26283274132895185	0.765117388332696	0.3087311424469439
0.22990934447667677	0.24811050323770845	-0.7163804854060731
1.4779102148339867	-1.3324998747994696	-0.18908015201381434
3.037416649531436	-2.6733070918489847	-1.5434195352520406
3.5050173050055755	-2.916251560977252	-0.8045969517606968
4.720522530787231	-3.80512915192999	-1.2671626252087815
5.71052491649889	-3.6778532938977837	-1.9039494247665334
7.537248476729929	-3.5166363815485466	-0.8885014800015385
7.868330922954042	-3.50506836086295	0.1705111948193393
8.932051154380753	-1.844501486575623	0.5886139887561348
8.51380595964641	-1.1870449379958692	1.7832261185739964
7.184554123377657	0.3337430023004216	1.5959395026807535
6.215225451805864	0.5210131905245341	0.5890971290756584
4.530136598638469	0.6123557305777431	-1.1541742743633732
3.1736576065448703	0.507168939379953	-1.2587262048554078
1.8371349099485041	0.568914282893198	-2.662037726460665
1.1000094001891385	0.706293132263587	-3.099830953245389
-0.01451787750798128	1.184513106192422	-2.8496278109491864
-2.0608878388882776	1.7540541662020148	-2.03826315822997
-3.4986340544284937	1.700362772801923	-1.6910503928905989
-3.5760392557560046	1.792139968986805	-0.2836322354853018
-4.514573435502306	3.0349731630814385	0.3346232191610826
-4.306940614953771	3.271259211735464	1.4656053362621988
-4.446050757401961	5.078823149580626	0.8275248602492878
-2.6881777845279684	5.304428802565206	1.9837503123839815
-2.403265069436669	5.292489870815575	2.225854102121863
-1.2362078911849113	6.324203612769315	2.5619814589689396
0.16909995942082	5.66372905857286	3.399083815761848
1.2112037680897951	5.338900659853555	3.1761228337806684
2.741600950943943	6.074156128097976	3.381526472873858
4.352681832071569	5.331666379683825	3.9508936705527278
5.701137648645134	5.4559901065370475	2.7452672885899068
7.17081253234733	4.263290540334208	2.355546686404456
7.299769553203328	3.9544618007960963	2.241770805030734
7.692660251616667	3.67273698640747	0.16444582585410158
8.500540245548883	2.9841566443141154	-0.09332713577375779
8.072208909564898	1.5921509045189715	-1.0852498824448331
8.309779211231616	-0.0431569683157923	-1.0328415012929182
6.531908900076583	-1.2261494258185242	-0.6404308234673486
5.936746264505622	-1.5505397212500929	-0.26991618947457696
5.902287095722992	-3.167469663751754	1.7448775536995993
5.515539297731037	-3.767009147579701	1.6354023729969738
5.972577850273241	-5.816224792812373	1.0676098351024357
5.713260591926779	-6.433165615212477	0.24364575151332593
3.6409155161826607	-6.536207114186419	0.10715091031636614
2.3417238251823136	-5.810169347208386	-1.1844141554055747
1.2936505050761795	-6.909506231206216	-0.8956475549169961
-0.40780961366616336	-6.222045054063846	-0.592079551693047
-1.2351858357042482	-5.049359097119444	-0.7718311679611806
-1.7842951303504067	-5.7145002766874455	0.4818595733547988
-2.4672733493389685	-3.717840648912177	0.5132056366349946
-2.666366588817353	-3.3776865848339246	1.8624115720451901
-2.781088784242229	-0.955892571977977	1.0558244387507405
-2.452759410357632	-0.7763600715554841	2.6357092505209403
-2.0367173690276976	0.8631381545950891	1.7032596091464618
-0.5544698934832804	1.9689633597932357	2.017837484567501
0.611231713311261	3.4752440094845882	1.014689433822233
0.7749380470922351	4.00324675206332	0.45878508352871505
2.127964424123356	4.316261499379235	-0.6605401464449442
2.9559334545270097	5.806110647431605	-1.8065458246372015
3.277241255888999	6.575936989126012	-1.736295239268904
4.43843225946381	7.449044035449991	-1.9785698507605445
