7.198968722077118	-10.461423042210534	1.304432702875849
6.20179467504476	-9.38944519128431	1.241463052719804
5.000095573270483	-8.73539816805466	1.7287101098543471
4.506485336953646	-8.373778593117521	1.7039814838417087
3.534744378632352	-6.573539057695915	1.8464581108479872
4.101213525660337	-5.066159520479178	1.5249872714839778
4.213490861926897	-3.9612154454787483	1.049476833844111
4.069875448541082	-2.8922159878025786	-0.2503768113177411
3.6212519540758503	-2.1012554299621593	-0.29984249740444413
2.010556995616973	-1.5970349989775934	-0.5978793366074109
1.3683204010956582	-1.2441156920193333	-0.22671622024113913
-0.3737480819779965	1.0787949115090336	-0.2822860274371591
0.20935087042106382	1.5741569340092934	0.4012056505753471
-0.9179882916582895	3.811083314649908	-0.30597829099008905
-1.6378068686509533	4.837951175722539	-0.5420937778891362
-0.7885325317138079	6.436995929771382	0.21442331659839908
0.36970181575810024	8.99276845751561	0.245175223594005
2.0670637867177417	8.418932649325024	0.4661265511601787
4.4196423283111645	8.043342954892541	0.9263957410303039
5.435631383049393	7.945659736428071	0.2624411059227952
7.42035897549161	6.281705816766518	-0.3989987780271167
6.764283550000025	4.374058839348924	-0.22660683535272197
6.9626203557905795	2.740500728773789	-0.2928022884220464
5.838082561859912	0.9165900632173885	0.43707944592919046
4.173037173501313	0.28946165807236157	1.0812727945212515
3.0788309645441663	-0.6849093692594672	1.8581009540165792
2.110906755398067	-1.5247538971294738	1.4358720687772264
2.1102493822491617	-3.3674609209533815	1.1968958124593578
2.464369390902262	-5.072415433549993	-0.8029250570401493
3.715353762627165	-5.413045757557547	-0.5681454416265697
5.6149766745358995	-5.57044318649937	0.3570516823475121
6.776554868984832	-4.83158415597595	1.218326674112336
7.571982056863053	-4.626329665307566	2.339304859991362
9.714294963336208	-3.9940437090931713	1.6771484820135558
9.775536489939569	-2.183209871168599	1.532195260302781
10.318342916441521	-1.5503224172367143	0.8399459469182389
9.603240637506401	-0.002715025571437657	-0.48071158939874276
8.353119232941571	0.7856451653566741	-1.4603907110115975
6.384739670927162	0.00353727566409881	-1.1202785613046287
5.587111210906834	0.44472882166032734	-1.3199679871143422
3.9312997890365855	-0.15163446754311255	-1.1687070092808587
2.0589376807819777	-0.643452437395907	-1.6730343805170085
0.22842693075721598	0.7749361023221635	-1.971856312944206
-2.103565575793073	1.2134495106779246	-1.799858292209872
-2.7864910344061524	1.1983027646669606	-0.08789823177128575
-3.037359521735084	2.914776502089708	0.23932703477464828
-3.4807318556343056	4.822271083009524	1.247909021486994
-3.052444153398494	5.98079925161735	1.5655636943966715
-0.5455833753005727	6.964772897160209	2.56641706468849
1.0515210771352972	6.929308597110402	2.7034876074436074
2.641251978795868	6.37514486370258	2.1628936287315095
4.026591099820336	6.035208140458212	2.2529644730486047
5.620705739041467	5.605857166719703	2.4687760658770497
7.909073008124821	5.454210965716297	2.065178123304897
8.946011002272096	4.843924053675826	1.4833228208601748
8.765402562239814	2.9665848925251166	1.466849381554641
8.480121438706309	0.7819219958827425	1.4142979665175812
7.6688843696296765	-0.5452537174020564	2.0575733185603253
8.130106736883791	-1.4382408751431601	1.4280870455188133
8.054247956191583	-2.584086053564468	0.6359226632166766
7.959174237430958	-3.888839459435643	-0.00019070264639919898
8.131139069150061	-5.55985543368762	-0.5557730369068444
7.598302811311886	-6.6485171074041345	-1.115414434300186
7.517195225729255	-7.913448445756954	-0.9681650708178218
5.511078896413877	-7.928480438267989	-1.1665044997102882
3.6898478687713316	-8.17535503884739	-0.9569489771534507
1.52069816521838	-7.096727036485068	-1.2236991607990442
0.6068641416932229	-6.436270993089993	-0.482134293828967
0.16845906676881378	-6.364398384488754	0.17314312818678512
-0.38338405708615353	-5.908500225085815	-0.008476713225725074
-1.4032241965447247	-4.014201396549731	0.5134132539071927
-2.176130068632207	-2.375464389467237	1.1370241130594798
-1.7371373655983997	-1.5722607077373791	1.1903247384208469
-1.6055013050236389	-0.6872801815192521	1.9078460316563968
-0.05619114330027686	1.9189928643451535	1.9312325580444791
0.7485703009539668	3.39487718789524	1.640854960374316
2.407346482908678	4.016051520047769	0.4568836067960001
2.2575035101008214	5.557088100894259	-0.20171794085141448
3.2841605952629216	7.080457894196822	-1.2752079871837472
5.160585315433783	9.196995076103285	-1.3625642948332015
