4.589622397555007	-9.200965484445735	0.4458477193800636
4.839291899058309	-9.059357243871107	1.1297394740061613
4.083113133783731	-9.232600568611547	0.9238218393063451
4.122092821457646	-8.254575431857651	1.2330824751361966
3.3898783710506293	-8.42084046764663	1.2629745291554098
3.1992610364022553	-7.567979546447253	0.629525359585261
2.719839443804571	-7.07078858888952	0.9257337623106829
3.0532758712524943	-6.207601933772116	0.8101213717531301
1.8922863807850283	-5.426397941115683	0.5709452537800657
2.0496024133519306	-4.7266568590164795	0.5651841539620813
2.1027556653797546	-4.092167824092206	-0.3532111181375302
3.0717928761701803	-4.188332189298602	0.6398026601201252
2.6741131694965614	-2.7730122468626575	-0.19718349931141768
2.1999830521960777	-2.3977502743336636	0.4460458123307207
2.2819073811968096	-1.8002637786595592	1.3747349472165133
2.3820274079007007	-1.6405328116228712	0.8801632371129471
1.8715512216734151	-1.0781298457453856	2.3111627900176472
1.1029288129025239	0.16219351920010494	1.1442005471819998
0.294701000270793	0.47717212435099166	1.8088788934937754
0.6260656703492993	1.0790621308480157	0.8284327037292725
0.44393365695259907	0.9441333728262465	0.37128872666815205
-0.28506616159532544	1.5785068947275986	0.854000026172919
-0.06256470746192	1.772976664092142	0.09401614982607465
-0.7055131778251164	3.2521200417778946	-0.325951479270719
-0.7792910461652993	3.253744595328217	-0.7361170127402428
-0.539835769160991	3.960602805888339	-0.5365539341359626
-1.1186806007923475	4.849454986637405	-1.3397615856088043
-0.043317735976190486	5.812207470132156	-0.7701684792037914
-0.02266001801713502	6.16404843076381	-0.8868968985951182
-0.0721593973981075	6.384673505888274	0.026859835484509542
0.546254251915441	7.030800021052077	0.36215667745085023
0.6504706824812144	7.497859483139127	-0.3438351298664802
1.6901919372935597	8.053621921573496	-0.0011076888006757157
1.825550169664464	7.165452337966858	1.3092808399956077
2.2666446868484513	7.387626496185282	1.047602213167713
3.1018339844506704	7.159714063165673	1.083548557520798
4.458472354659952	6.069966370336634	0.7041602439454562
4.549191556791525	5.616968138896912	0.8049142933833409
5.283525220012972	4.569407571158818	0.23083247382712854
4.018460353315553	4.966593015964745	0.7333156022155308
5.415092012392037	3.1782757272341837	-0.06014216023367058
4.103377795595082	3.893146841435933	-0.1809841837252622
4.40029457665933	1.9537396407715926	0.022255671521219766
4.539797727536478	1.2673677039874354	-0.2386472030682666
3.649613538142302	0.9087129845134108	0.37541112202924304
2.4319761502619666	0.8972908141025588	0.4915571390648368
2.1309980231662515	-0.06484530979221165	-0.3508890124014715
1.4916939849627464	-0.003808500165871531	-0.5708114635841164
1.4348423587541506	-0.6039902530036496	-0.875477651567416
0.6960418519698273	-1.1323072618295897	0.06038560441170049
0.24958369554114707	-1.4946629345807283	-0.39014493291362073
0.41059918815012375	-2.7934216422092524	0.8695255761060451
-0.30625780093642324	-3.347086142538302	0.49408758673016917
0.6011254774396035	-3.848912109534536	1.2942261564000677
0.5575061987511393	-3.9417283236381353	1.8540652882369404
1.2535065350095151	-4.429198557287618	2.891232880304557
2.131543233700358	-4.639518027652842	2.921675411701282
1.9886265662405929	-4.542574427000499	3.5996105377746894
2.9303043521271577	-4.42137567677421	2.681068249161299
4.068108126060061	-3.7516432607388053	2.7773153256591714
4.132484471033067	-3.962836155284304	2.1595607931963126
5.272328796495219	-4.585074956090542	3.1152157455342038
5.8455890052148805	-3.86878862553547	2.06334842656464
6.242850148435038	-3.1147577522095826	1.9841854050806913
7.708137306992011	-3.58718779176024	1.8481946420579463
7.6915409057267015	-2.718181414973329	1.9274122632576511
7.17535398065602	-2.608419931765247	2.42852400141548
7.4874941771770755	-1.5598843201743704	1.6799199356312784
7.717642526012715	-0.7321839983476666	2.5110004856331867
7.669797255462252	-0.2826578785035667	2.6754485737412175
7.384977140943995	-0.0864059471722829	1.680363642113353
8.446450463004334	0.6748873186361006	1.6897669268240576
8.102423665621316	1.4503999938130745	2.1078815085855958
6.467003271375943	2.8050160187954623	2.1091866761047555
6.554306504660307	2.2433334927816104	2.25389293430238
6.229617209124625	2.6410684936611184	2.5069508001527137
5.745735694913342	3.6046443167169127	2.7088752036542227
5.430843754891864	3.767765505305918	2.8359508706079004
4.189205449632141	3.8490424588968324	2.9291551342308475
3.1979520335982676	3.682607779256124	3.800045882573075
2.438631415311239	5.320917119519884	2.871766031492474
1.8428696191589544	4.811009926471044	4.059685765076907
0.8350568901319753	5.157784226995396	3.8392341106043166
0.3049487233341639	4.968435576626222	3.1293912531746546
-0.4210344635899318	4.771234099272749	3.80853604411045
-1.0730403933405348	5.108047122877078	3.2793801449807964
-0.8001722431546021	4.687794499082122	1.7872715057804966
-1.8049248826447548	5.404673721821707	1.6891271501839364
-2.32544336229472	4.104543754060829	1.0943988012721058
-2.8054406963573717	4.770614241327859	0.7971878656408005
-3.4254404194423644	3.4563817220481843	0.9552238620270406
-3.13607795412491	3.6121467628737802	-0.34480736257250566
-2.49806869432334	2.3957110667248616	-0.709518356018618
-3.283819465215264	2.569135655699278	-1.0875187705338367
-2.139603825152506	1.7400006449942325	-2.1261576760160654
-2.1318266749875234	1.2039229751285738	-1.2138654038590537
-1.0485208702231044	1.542832040244119	-2.470155987406312
-0.2596729640158878	1.0352864864018394	-2.192904968062405
0.6439460559451434	1.1511406318685335	-2.7050280396373867
1.0365850329407778	1.5868759700618003	-3.3055579243403965
1.3756530346326317	0.7392704754288688	-3.276406697462649
1.876646506374901	0.9151184914021826	-3.198616252514821
3.0418073153509075	1.0455211650393312	-3.3796172890260334
4.281444666157499	0.13720889710766657	-2.861885804828405
3.8836411385007463	0.1058630840808448	-2.2767297205275665
4.36500447107202	-0.29233663439719637	-2.2232917876996163
4.686416495241242	-0.1744801678605632	-1.440684429823437
6.01999521548358	-0.8208459412363992	-1.5319870678228282
6.57676373513301	-1.7016564873610664	-1.7259438927604858
6.988760006978831	-1.976089667052879	-1.5651565760187065
6.751584398934887	-2.7243222335332797	-1.0071170216788576
6.527329094540147	-3.5879683653810814	-1.015510143957153
6.442939722755803	-3.091770669187599	-1.4824079362186389
6.493263971559507	-4.882639578754704	-1.018783460248036
5.832502308600128	-4.44896051729439	-1.8936174934738297
6.022405906084933	-4.951861970771608	-1.789217227030044
5.160030802050512	-5.378483998430963	-1.9858060511722595
4.418132486837851	-6.098683860509707	-2.080232217704555
3.761826963488784	-6.243722106688627	-2.3411644250055463
3.029100067094533	-6.990098298841957	-2.3695652491472923
2.5334454401999005	-6.606155354221883	-1.6935882116243475
2.259242009722337	-7.568221935106542	-1.441734334410819
0.9891108061409255	-7.696469352613032	-1.8189064769800678
1.2572775236216513	-7.857421188446093	-1.5724763426856483
0.6631569445342712	-7.180968549847368	-1.3932420126910847
-0.5337641097959603	-6.8169993024057405	-0.8390838933982185
-1.46057420431088	-7.366467192646387	-0.5656820785317502
-1.0495602199509024	-7.0798328370120736	-0.9169188986657604
-2.747358678780133	-6.754867650789411	-0.13586386797492922
-3.234089076925715	-6.517834374867286	-0.4001139573913317
-3.0145285149628442	-5.7004675537559555	0.18398085227222116
-3.7449178815785187	-5.086806289627827	-0.3516550463631529
-4.142307112217594	-4.622069565838567	0.29942812041051925
-4.258978737721437	-3.238545733978425	0.24828617207299142
-4.355284215475361	-2.8361706937879765	0.8064038286201143
-4.030252082101745	-2.6883582055244384	0.988074883314868
-3.887094549215409	-2.0964448199028074	0.6794454745617694
-3.3222800558225134	-1.4625932097078724	1.3797365601894795
-4.259550435716614	-1.342955047658744	1.5438547114320906
-3.128319940414498	-0.5162351103538042	1.9430198897327162
-3.1568373732844206	0.1253152657745446	1.8651086416865108
-2.8745677976557698	0.22161060703196633	1.7534418877490474
-2.442532884842163	0.9275344548660477	2.039394893752729
-1.1151630116978632	1.6896443493810036	2.4334296580114616
-1.5951579577603552	2.6137996091780122	2.7009856723509085
-0.41908350843376674	2.7448907773460736	2.6077460112518644
-0.052743438653757524	3.3788679220239004	2.302265972639069
0.2604855514463388	4.111730027562465	1.018363053027814
0.7515326855229978	3.5091789648877554	0.9276451587848156
1.0267870380331425	3.559202880579483	0.18379651769782368
1.542516908720798	4.847072323028481	-0.08884652904525425
2.0159382956415888	4.689290658885038	-0.8069735445841157
2.3945577653130727	5.038448248247555	-0.6941377554645618
3.1484798142641788	5.328602045186966	-0.9372483642460704
3.4943743034744026	5.775892978522452	-0.4342697646426391
4.147065372330973	6.7509272323636775	-0.12239615221624534
3.6863222803201756	7.0740551169582115	0.21847013984101837
4.743984810484683	7.200156092266927	0.06556225014593725
5.319626401078869	7.970754363404536	0.1923404522311078
