5.258056154393247	-9.462214954043375	0.20857339453585633
5.266777054959172	-9.178972859945869	0.9301574134523337
4.471947517335953	-9.202099837636275	1.4258133882564166
3.1823688714659744	-8.845956043567472	1.0505499790299977
3.4819720355282673	-7.720824066675542	0.7674727960333295
3.638411134241166	-7.882496178726629	0.641794498852928
2.2226854231879285	-7.528531973524637	1.4869528973185029
2.258742963770809	-6.720767568551809	1.142261837895675
1.942016396371105	-6.299875043399537	1.0970085261064075
2.3180070408653446	-5.116742330392398	0.46027512299175855
2.6990684271186254	-4.594740392754494	-0.2292654995441309
3.0121972702592976	-4.309094211389103	0.14912247056560862
3.228371106147059	-3.1448498480394376	-0.17442161411261606
2.465239536860087	-2.964020464837447	1.0322453699333414
2.87523327067715	-1.7939594087355109	1.0547310110228738
2.60001104911493	-2.142905099595464	1.783372247767491
1.5997791376892811	-1.0416267242735344	2.057599388328841
0.8213717214358041	-0.20584549904327465	2.1887791243290584
0.538735949189105	0.4062640689793655	1.920170214240968
0.313520906307109	0.10208371979409497	1.4607188840889667
-0.10485523540507408	0.5498539353862909	1.2491230319942515
-0.37150799282737523	0.9856839374321107	0.5120407206215788
-1.4615756673376246	1.370431188901008	0.6122227107932363
-2.081977082617959	1.96645978790286	0.16121777299497575
-1.6978448081081197	3.237742495723772	-1.0162406740164518
-2.235151121850998	2.9585688655622793	-1.0912227310108318
-2.325681661648946	3.5952126628998693	0.019444964136130505
-2.511111575498134	5.6637637799163	-0.5041344569973361
-1.487109972096494	6.573791300173039	-0.39369990359395235
-1.8558459452019702	7.796984165027421	-0.8285018643275779
-1.5488146249136348	8.298149533716808	-0.2947946840477273
-0.4184317571568549	8.098891564341345	-0.20839982538556667
1.5258805844326537	7.472760107344619	0.09056072717570787
1.595675684626861	7.810210190097948	0.3870246924147574
2.6097849589254425	7.775703932802121	1.518208421814069
3.3906388622214156	7.906147562518713	0.9651641528927668
5.055424567641844	6.66114894947451	0.5178216015319772
4.953240827214527	6.401236575147413	0.8213434289077548
5.44697413376887	5.50690998091999	0.7738958399225772
5.857776438817249	4.358138857915536	0.09264656076028799
5.270122524853579	3.4326338985279037	0.7190737151929089
4.5528406841316595	3.3413637931053035	0.2034571520946386
4.194246240878844	1.9564199109313836	-0.018632922411077946
3.4010636361337387	2.3117619510818797	0.3628036820345854
3.7616649814283525	0.7413958889705576	0.07988319644062397
2.6418857672614906	0.8835065157300819	-0.14496785443538318
2.330153032800747	0.04936716257320872	-0.7431181203822583
2.6241107304991216	-0.926345768519732	-0.4491039516346479
1.6216912936722214	-0.8063611205370959	-0.4031624219639589
1.431197615912482	-1.8827905839383468	-0.10334639208582097
0.6964105571031678	-2.105008407462464	0.5779283160189357
1.2752786809673233	-2.781958141585516	-0.10314782142827003
0.7434862836406178	-2.8522831777814606	1.147329016018488
0.810015491970784	-3.266506358767276	1.4206970873647684
0.5383838207690744	-4.010859939379153	2.340117669188958
1.4990564574661946	-3.71759256349893	2.2861484830603027
2.4180135038568666	-4.227308742558573	2.8587581109184184
2.2436617701566353	-3.8039199467430516	3.1689456140509225
2.7922317540656336	-3.9816839967181004	2.6633550947663864
4.223686612640246	-4.224545704521034	3.100139469124367
4.293458100683754	-3.863204855507962	2.9708328193986753
4.7920727732916	-4.476453146958528	3.3738652657433343
5.245635141261636	-4.2730879508916155	2.9020567694844313
6.014266217399852	-3.937371072886412	2.620217898327167
6.52167633977135	-3.0299612427081755	1.9127462966839845
7.610199062435266	-3.0519661851021453	1.660498634467612
7.230604371453148	-2.48776196192825	2.053249537064632
7.3257622186189115	-1.9791216846968358	2.520989402199345
8.546111943843645	-1.17787714050964	2.008683177351883
8.343098063577912	-0.17818028733357427	1.986164015382404
8.580774053437082	0.3245857118853067	1.522330189676244
7.646741904834984	1.4320713388433988	2.062963605701671
8.012521792823025	1.185286250824855	1.6676994916499326
6.663069768799913	2.6481667409487057	2.099357244038017
6.210405462114938	3.263192221704988	2.6361869107864115
6.29740060090096	2.464026244483229	3.38393740650822
5.988627849047005	2.785584960114842	2.7421303105012647
4.8341615849549555	3.5626467191303712	3.7856598947178783
4.670021889896321	3.3596039875754617	2.924666672459302
3.356647197011665	4.620954354686701	2.944926670687634
2.380658041667315	4.182164407934822	3.972960021829511
2.0879089375822857	4.568058266014073	3.7596252972597455
2.122326331131594	4.746122851829829	3.2809329229364295
0.765121884426256	5.161689724984652	2.6584184985103647
-0.22522066199433882	5.246798159632688	3.1686724967049926
-1.3801233023085016	4.585074518613064	2.773193181454241
-2.389306753218022	4.61326367729885	2.704379181024982
-2.7702174049646295	5.023639887415871	1.5873156329482305
-2.9854167749180154	4.563350359274262	1.1448933583875271
-3.6027933473736837	3.745324950895385	1.0173776270887083
-4.4461261373454875	3.6828169665389727	0.07226627213042894
-4.088746134109377	2.3804056571621643	-0.2538206059028069
-4.482476809437601	2.0300214688271776	-0.21520167643394728
-4.154130692783015	1.7622019407889105	-0.8367868344319295
-2.4768276365064184	0.6065430819128632	-1.946619486961302
-2.6619033164529715	0.4665198288325013	-1.9020761059161124
-1.4795344247357016	0.4435287697817035	-1.9945072880517156
-0.8096261961150475	0.017992839307532482	-2.006813432002668
0.6575571616816569	0.21851226913217847	-3.260798985137602
1.2997037941681588	0.6614612673889613	-2.944458990269789
1.9361986343272606	-0.22248027482475724	-3.047420308133101
2.2423711306770735	0.2560974971757555	-2.787207114846372
3.741952935988627	-0.3195416004346465	-3.168630773415306
3.951645778983138	-1.1245219550751142	-2.892472139097017
4.503161725688929	-0.6860839553541718	-2.3337452895012034
4.918877026759949	-0.9446024704187339	-2.6712287226642117
5.623533440819372	-0.6721932880082144	-2.3920654245307804
5.522007789065418	-0.07594859623160422	-1.922407853719926
5.515051561702097	-1.400823269019334	-1.508620474250721
6.703117100961357	-2.2183315546159093	-1.5698474737981813
6.2246837087561895	-2.0426806225548586	-1.0970779970188507
6.339288248317247	-2.7099969343567936	-1.5545221146140111
6.839455482490945	-4.150244730825692	-1.9380972176157667
7.133991242553928	-4.1817235641562105	-1.5946735982405829
6.207024552313899	-5.22565690271987	-1.6443658926493598
6.594574255387224	-5.967953680494676	-1.595922894360973
5.287594325128481	-5.715394530071948	-1.6612167676455638
5.562940064069997	-6.792473647300205	-1.9651160736791657
4.277256692854166	-6.5570370412755965	-2.1224416958850734
3.860258632918291	-6.8748502378886265	-1.577722987432473
3.1453099548353762	-7.038823475741837	-1.69515374009452
2.116471156006192	-7.04038084699506	-1.7794316200406102
0.9385995752428227	-6.569309149856943	-2.2371603990143134
1.1455352140506414	-7.833573440488848	-1.264835205756499
0.5153556286900637	-7.271805819265218	-0.9319855154847536
-0.5750254763088011	-7.580238669650281	-0.5066311242571035
-1.314684014804551	-6.651071361331876	-0.46838648203288435
-2.037016983351987	-6.405701221097582	-0.5637218958946266
-2.1385654313354	-6.819831943284592	-0.5300726999711263
-1.0993772927581162	-5.831330263799604	-0.47726629333175263
-0.33200881643423896	-6.093270484775748	-0.42850420019517826
-1.703372420193486	-5.791575918167164	-0.4423765342933973
-2.5010148601866558	-4.68821006947563	0.7870100624863481
-2.242030956073648	-4.489264173826692	0.2547483427418272
-2.7734125144418442	-3.747492828843472	1.107034596797606
-2.403733065820755	-2.9913561255085326	1.2754706861999476
-1.0260327949441774	-2.4858636859172307	0.9734507097597511
-1.9158526536730935	-2.1567390223700005	1.7680921048126619
-2.419981142167159	-0.37871966573382876	0.9446415933359286
-1.8385333570294202	-0.9528813492929478	2.116948503989452
-2.3948856957419906	0.5388009400682392	1.6323411340984038
-2.4288649755107	0.26661401517796957	2.27879086689222
-2.101381540623614	0.5644290926557356	2.427993074624588
-2.21726470872236	1.9227673369518525	2.7936366074224526
-1.2248474983743252	2.3803767681506782	2.201797822242168
0.21315175076580983	2.3582841066557063	1.5856183250173101
-0.22481970543143748	3.385456003149989	2.2199318925371565
0.22486034143553316	2.7997853028825674	0.7827624392096955
0.5561235214088873	3.9031674415221245	1.3538863226585787
0.912808887441096	3.8885384153551055	1.089504630316168
1.9974576746613906	4.712091846287828	-0.02801958247475067
2.514674197106019	4.732687170846349	-1.3668595418512774
2.8533051198967083	4.706227582762484	-1.7256951576188706
3.5487059448510876	6.00194780432226	-1.3692072934653885
3.130464764724797	6.288160557003262	0.2444801166792001
3.763572353710205	6.457229312158375	0.06166078722193569
4.01588121931621	7.607423942028882	-0.2159219416015044
4.763517492713874	7.414751462206456	0.19473422164299553
5.501070238156469	7.65875385057	0.9166446738798106
