5.482967378550556	-9.097295418094964	0.475410753577948
4.473755390660314	-9.815538283091193	0.9464270608128182
4.326676500312728	-8.644284476379156	0.9360774502382394
3.9681359266093037	-8.629556845762043	0.8735900454302878
3.9863398590360366	-8.361169011283128	0.5764618097524223
3.667306208482553	-8.214370320394769	0.8648643373949727
3.472927138597891	-7.573684556914603	0.6976287600727107
3.396829450817929	-7.507116609632485	1.1810097796222538
3.3744752198876795	-7.487749201756726	0.6880959164690243
2.8566218686081735	-6.708951716281201	1.3097868825642764
3.124524429055291	-7.021683044452364	0.5095862290579651
2.472290931876211	-6.4778443315821015	0.5751504880499873
2.6479265377342225	-6.204390148179598	0.08661413150065901
2.59375783324101	-4.955848073405723	0.26034856819136265
2.194892060219206	-4.192951633407904	-0.1715371882673244
2.3448136045894112	-5.057028701090705	-0.15671121827928025
2.68198416392504	-4.0193058430923365	-0.06566439727405665
2.846727295374543	-3.8037314325794784	-0.2994223274915229
2.2405722316663623	-3.353786698648565	0.39138435072935973
2.252658216260345	-3.1518480042371637	1.2123370936723832
2.5362543806465876	-2.4863851761490086	1.026359669718917
2.1254972748683216	-2.4016388141988743	0.9107211775085557
2.629318201854531	-2.152667812410252	0.8156316860328839
2.3076897049638463	-1.438820321569251	1.5428064217650572
1.829840861936069	-0.3399814162515664	1.1818438003024003
1.7281647954709594	-1.236091360316256	1.981866260960285
0.6576803494037575	-0.9545643384525639	2.169405214076063
0.5549556022173745	-0.47978084285636013	2.1237582001254465
0.6284706757758411	-0.07778641615612902	1.126136543683018
0.4223493960999698	0.5016416787605618	0.9889596433614801
0.6731988810314689	0.0007363776886394908	0.7038491901517985
-0.5510561602053946	0.7356275687304137	0.4872967773108682
-0.6718755370110352	1.4931161614772777	0.16325584594818848
-1.1331441770785378	1.0502673757183274	0.4439660733963966
-1.0189550381995542	1.3918562549833793	-0.05371584939807306
-0.7204198294190505	1.8664900711573127	-0.8042815069602423
-2.0515334150416478	2.221047564807982	-1.1066593350476273
-2.2964657073776773	2.837036069137011	-0.13180647976283666
-1.930961796565049	3.6316937743070046	-0.04593522774328762
-2.4868111324736644	4.289177966475154	-0.432401936539213
-2.518413690878004	5.609094390302391	-0.5784329613160036
-1.482643593471074	6.038918848164005	-1.0687898843105161
-2.2384227954956564	6.598988466163618	-0.1550956065174629
-1.6946142790043908	7.385826214908228	-0.6638514567484819
-1.3129471478572334	7.641775042961062	-0.5134084737878857
-1.6293452062973763	7.888113036046123	-0.6206280138283518
-0.9024458732519511	7.499713806899834	-0.0346009044239447
0.9235001268961809	7.245882892817464	-0.2686281436874035
1.5276171352202672	7.6921443672214425	-0.15345962861547205
2.2015497611249666	8.123996073257887	0.4166558271394765
3.0440630497271752	7.923400828335959	0.19487851556423924
3.69956882686048	7.361970389760201	0.386479033381256
4.020371824602856	7.021937108620438	0.3246342281051179
3.875522471794186	7.062364158996053	1.4890586203476741
5.156646207510735	7.05175822439335	0.451744823925467
5.478680573339277	6.127332165385715	0.7436646959639747
4.671683410955443	6.449027130040127	0.20067141745655817
5.504021344441869	5.233482914901111	0.05844276939773854
5.8269596814122195	4.347131681347547	0.45567293435158474
4.955226964994293	4.694507042637822	0.3573459852935178
5.316459375483478	3.2996163360563484	-0.16814322175521396
5.554990261304465	3.358590023314356	-0.314877327993193
4.780251197617107	2.4676557045467122	-0.10099159789280815
4.277258970526244	2.92892912054233	-0.1582513359117656
4.5185607886266705	2.1810010076695137	-0.05305865763757983
4.12168574956236	1.7417292494571552	-0.35615496353982923
3.056821323959388	1.142536979431307	0.19950141769111313
3.2254308557790656	1.125603350349274	0.2998580482104978
3.2354314172973813	0.2927931249804196	-0.17709973816447977
2.5339356299532554	-0.37092020697463096	-0.7558492930550624
2.0787701375542005	-0.01302596118724908	-0.05772097524666964
1.8519881873656057	-0.8816064611034076	0.04770958206634912
1.6555934763883675	-1.0366992389973297	-0.5496130136011648
0.9767110981682421	-0.7700021160914774	-0.022379553994152035
0.922034871948775	-1.2960229027478702	-0.3165700835840123
0.5445882705547449	-1.4970682724045488	-0.4031397646408802
0.33187941781126395	-2.461886359558228	-0.05114128995522382
0.4860543419765533	-2.691207357153431	0.6230803534580386
-0.12183334013373404	-2.186896330886206	0.5729819954309601
1.0191985343708625	-3.2587323664281045	0.8044917503238207
1.4215674645973349	-3.8099856661426035	1.5419108660587033
0.6283717648362691	-3.012217911465962	1.6636070951428574
0.9628428499051315	-3.7596882666021187	2.626852916042868
2.141536853955847	-4.435880864488492	2.3985482769374737
2.3035542991550577	-4.366275707945744	2.3473272360408304
2.380175163148177	-4.13155377928334	2.7233661118350954
2.398238414737377	-4.653220681046284	2.619852659629773
3.2721877699363944	-3.927338147094212	2.5728708987751876
3.297484210648004	-4.806122517016846	3.0241827403965313
4.12079241842589	-4.343302084709288	2.4385968592060965
4.442601503742975	-3.533582744195848	2.777620522474634
5.2424191818594	-3.852321735048143	2.6793798269684004
5.014142618358164	-3.274436355886829	2.6285550196892213
6.130258472079999	-3.3159374178149204	2.2226491951627088
6.4146009443848655	-4.123878419989368	2.4003763596148375
7.0988770835613275	-3.453628197558474	2.2429775830432535
6.598627982318711	-3.230502575981463	1.8118797252379322
7.50323237087745	-2.7428715392486147	1.8745393347751105
6.897962536429193	-2.7024393293778175	2.5916979132980975
7.688677817266879	-1.5247303152829383	1.6753513032960299
7.198053208240831	-1.2966643408664833	2.3218875771282654
7.447655517691231	-1.464463143899269	1.8770464963765159
8.390722028775585	-0.8704649430492979	1.6821820825254288
7.392252309382583	-0.89056515280711	1.5248954302789721
7.835576326033085	0.3687376774739388	2.1528006730556313
7.7423422035287475	0.16652208252171508	2.5745495103477607
7.836234189554171	1.1665463640066276	2.0883976405842284
7.531423982977595	1.6927884212557478	2.351985147163429
7.801344349407129	1.9000181802611946	1.8926435342063135
7.27322944235489	1.3625249268833324	2.651141663061428
6.7299986501334805	1.8605677693021707	1.8426732728773927
6.250016340812138	2.9182995578977877	2.307613629277498
6.131791838227696	2.4463173487233063	2.327387857468854
5.976056825611286	3.1151722235891115	3.376408921686776
5.188408389007175	3.0101281207408452	3.4747016153369934
5.550788567017761	2.9805389943602547	3.534156249335177
4.0703161799544585	3.7814100611442893	2.8479619461468304
4.83800611521864	3.3262342343425373	3.456505703682489
3.5539137820148015	3.586339786667086	2.860929756017658
2.743539986731226	4.062465063220295	4.172875528547572
2.6429318808383337	4.2295386816205935	2.8605514277137085
1.902186062638592	5.085747710797219	3.736158983731828
1.4857312101682585	4.506810754686284	3.2217066968261188
1.3706056553462878	4.971894851260416	3.7828292404187303
0.8567759907638082	4.63224842281858	3.843632804771084
0.06016617347629383	5.387857602231564	2.5876225552984473
-0.07786075473981846	5.145284139392532	2.6549925314083267
-0.3520818296023882	5.258944431248188	2.6178392839874993
-1.3873071966053852	5.30824863925451	2.5641440978480503
-1.698804388839867	4.790084734294364	2.560596159279847
-2.9075049300309797	5.13806591073738	2.3097364585921496
-2.474042527433496	4.894629165490748	1.444108873732357
-2.631224918263469	4.2812319096337115	1.688918483808826
-3.361015613136249	3.8296388776540433	0.6171160479180591
-3.1789196877806276	3.223803364551949	0.6278212653877114
-3.3946747236230896	3.467854805929746	0.2763584067182807
-3.8820492616087483	2.3141257805113904	-0.14574925241446784
-3.7845607562956043	1.7612636843568124	-0.5795337192466313
-3.751158162447606	1.732221145359437	-0.8151266320562754
-3.803152805270942	2.1646054739534293	-1.287393630006855
-3.558058831530271	0.8486495711309722	-1.4786562606021152
-3.00404471973646	0.749926588315717	-1.7967470481024543
-2.861893969065661	1.2530323913281163	-2.1624469894512344
-2.0988011837446527	0.8269692344454544	-1.677321247577831
-0.7496338686495494	0.4194341574174423	-2.6568476076496834
-0.230570170450904	0.4396396304603244	-2.516915364982107
-0.2678371484595766	-0.16509349334351098	-2.319776519503668
0.9917921234347491	-0.06763189170937545	-2.9732785024966586
1.1254209905154664	0.054274318985525594	-2.9829153298939275
2.1175421800108856	-0.45303986448303046	-3.3356675017799367
1.8021843039307759	0.3369663183309538	-3.3799656702647365
2.129738236510981	0.3286581397349254	-2.816965001676844
2.062085914583771	0.03958176257681756	-3.0489407150841306
3.2550082019586	-0.5247065110772311	-2.2442107727673664
3.083126766125451	-0.5977565704255938	-2.521149063412723
3.737236761390534	-0.6733390349674699	-1.898839196353675
4.594076788740542	-0.7845282252570047	-2.3479101925866166
4.113890894280361	-0.7754345405648542	-2.261633571247186
4.5257203751889	-0.03307666351010208	-1.9321727213962854
6.034356337624902	-0.5798737150627051	-2.5244277519899465
6.074030462883073	-0.5957937391585656	-2.3934351744766693
5.811631349431309	-0.9429688200722202	-1.6050511921158528
5.970371795110857	-1.6268037993417381	-1.5590411822710777
6.069363948268313	-2.1842682509353	-0.9503381160852094
6.027200374935425	-2.25902081112669	-1.6809682661456042
7.270642267012624	-2.3242601246677386	-1.6897016329498629
6.442723990280395	-3.2584018807552204	-1.9332140352749279
6.328347274626418	-3.0418405648199673	-1.3571830576855721
6.244642444957694	-3.943385526462122	-1.257561831107155
7.217992073290918	-3.9862620717360464	-1.687507632674111
6.832769707398136	-4.172689518576682	-1.7257588713121323
6.439409465366539	-5.20913028773607	-1.4008989659532265
5.968536383208349	-5.1051787534002955	-1.562604673554945
6.2136385615920755	-6.029242067975608	-1.5355513886822725
4.915715803630663	-5.8809685901784405	-2.1395123160933576
4.845924622033278	-5.691793129330769	-1.8302352291603259
4.0721107975907795	-5.910662044370881	-2.2703557998724566
3.887749187175399	-6.178887141726825	-1.3925946805286173
3.167002102300857	-6.001828049144684	-2.1778386053143612
3.311093877135735	-7.01239258245232	-2.2662316687723005
2.495776140099969	-7.413224005809418	-1.9434758814580795
2.5632392658883782	-7.561260102144518	-1.478442779441976
1.864022749233909	-6.952035401528201	-2.163880996756251
0.8789476311934794	-7.127065438948755	-1.8665903551958911
1.5361300731110918	-7.7020634873500065	-1.3087841049576188
0.15883238367186925	-7.648508984466883	-1.89500389692988
-0.48954315067513077	-7.862841838617069	-0.7993692945810706
-0.5950343020404905	-6.894432029774816	-1.374102153381602
-0.9730138151533432	-7.253890902941368	-0.7003304113456543
-1.4021329536849074	-7.07498516448076	-0.9029114387009193
-1.974324519193115	-7.070755523471466	0.27999226868049476
-1.9314385284440851	-6.923788473202369	0.2799568159484527
-2.461945498705042	-6.287737344151177	-0.866271980363817
-1.2470942938981944	-6.526687881225954	-0.5419485851474042
-1.5364338009490544	-5.667689227359365	-0.4822310582588008
-0.9921710377146964	-5.9418288313710566	-0.4897882735577966
-1.6659542559535216	-5.546545158259456	0.055141569104036225
-1.97892786466568	-4.3589901304255125	0.13491846084672898
-2.496940067758478	-4.959436391703502	-0.20404453460147065
-2.6591522492523643	-3.7089957865400187	0.30322826119898083
-2.621144593014909	-4.035014517809317	0.9157081055146066
-2.9065113972357457	-3.0789088730522503	0.6629040409724499
-1.453273098741195	-2.9968101010567354	0.30742742148724245
-1.8603033795333987	-2.168837063675829	0.32498545704188414
-2.2061147396843364	-2.2692623217968864	0.891246386790089
-1.8290666599384406	-1.9636284694835213	0.6798254438954762
-1.7582330759495977	-1.2793421924637733	0.7553616715046267
-1.86547710991256	-0.9878162459363997	1.1402741746198537
-2.2354780154379092	-0.8342537166370597	2.1795293665233384
-1.8138938341798507	-0.9170986515818009	2.190884100786028
-1.9949487950657518	-0.34531894907363236	2.287585130364974
-2.6562323807608923	0.9168219195590088	1.7709167363541014
-3.054418174347025	0.34913403531740644	1.7862763118223308
-2.7790211496425994	0.9699515937020706	2.139739688697863
-1.9911304693708232	0.9607303772972993	2.125241353060565
-0.8955145307544035	1.3860202535194195	2.4476757156209104
-0.820815024345061	2.5511153076562856	2.3386835249055964
-0.4619375346702903	2.4219652008108055	2.4743820503751546
-0.2441321243253386	2.152278927769568	2.1618642017256695
0.06205956032257609	3.4426440139746233	1.7404726627442957
0.3192081017326242	2.9805858013548514	1.4399055637090523
0.9493996101390573	3.0337102455117897	1.4885459737375495
0.66651659470192	3.700376908580557	1.1188542023732497
0.7891486142417543	3.9111290412730924	1.253569658252486
1.9147598036193343	3.8451161886400143	0.38056951435571496
1.7774271355663935	5.052696010105226	-0.4545073916394328
1.4883264844573167	4.782835787688907	-0.6838099439575864
1.8498872992972644	5.122876976637228	-0.8218853669640127
2.3601807772719585	5.05764972459017	-0.8863881171650181
2.306665247208452	5.941963084053667	-1.2577471257262451
2.6189525448713393	5.876533419595685	-0.07834407078861938
2.7342415354304017	6.0335352667092	0.38420629244785154
3.536225476330533	6.784428648522392	-0.28899739888423087
3.946722992851824	6.4400012634528405	-0.5422692930572304
4.656412367100421	6.717239504463335	-0.14280394449963768
4.113719287641954	7.550513298260629	0.4387638847283515
5.303072174264059	7.542715977833287	-0.02670921892453093
5.3757163014683815	8.589641132819109	0.5579782700493872
