4.865817372363897	-9.901253803367293	0.9097870193149908
4.74510405031225	-8.66790043764087	0.38249157406786444
4.345488331619825	-9.107081884791503	1.339864662751269
4.756700156634201	-8.811735235003162	0.831012250279928
4.432532066591972	-8.773175973709543	1.1096640991593114
3.4551807290513117	-8.41940859335927	1.2487150108340443
3.4745339831901694	-8.246014290541348	1.5544562863308289
3.810650408092995	-7.797241049671309	0.8621445501203607
3.367413637455504	-7.886544707027703	1.433561036593539
3.0897120771824156	-6.876050305086888	1.1934994175860505
3.169746017437335	-6.765838511622248	0.3735294232780964
3.050620942008463	-6.699049688816147	0.26742581303947444
2.154827689533192	-6.328751802583903	1.3623689599305977
2.5887057294422915	-4.814485178707407	0.2973500160610024
2.7539790511679896	-4.7178659695043015	0.3056169313347954
2.9640564641869314	-4.282187177077739	-0.27919968420117613
3.0651958414377685	-3.926271817727457	-0.36916523108733745
2.4150968836031863	-3.1930696021632903	0.060331511250082515
3.1149516584212025	-3.808560989700945	-0.075693987734019
2.328504982053205	-2.7780120160413064	1.1950777184185706
2.802919073286754	-2.8008368607289347	0.8315699441865908
2.1769850175980836	-1.5243558364106395	0.96555300203906
2.0447990715873083	-1.6444448628779045	0.8652381258138045
2.017661056328402	-1.798526067784866	1.8467299043368977
1.8210779305161693	-0.6290133420980493	1.6853208596082287
2.2638380014339146	-1.1049054971433943	1.7104629888389467
0.885083143851134	-0.352597842383475	2.2335475061339576
0.4356716692149665	0.07712657628418418	1.515246547115754
1.3971137188038352	-0.0980162739606496	0.9456667519716179
1.1182776557311453	-0.13982333375914574	0.6948547374806248
0.012853631196444948	0.40473429081456025	0.28496056432131434
-0.3571816962668857	0.3228009053420893	0.27309959043297255
-0.2836865357141962	1.1051744781879802	0.06396646908000747
-1.603389968765035	1.2245643408939475	-0.22385161800227898
-1.8608378408632207	2.0229493001401315	-0.4584214083676307
-1.3310812547520525	1.8487304999692875	0.030180543610971333
-1.022437535691443	2.5079791781080343	-0.905542021674361
-2.111621909177614	3.2277467883708235	-0.17392451844697998
-1.8381800399167734	3.738132305416068	-0.9720860526610449
-1.2541850364939993	3.5551798080090937	-1.3101580425528452
-1.646477693686192	4.558686146435341	-0.3070224884483337
-2.0267233243211904	5.425827143470605	-0.05865377884577794
-1.7602132158675492	6.040269094025055	-0.010867740013088545
-1.6533405159903092	7.0183973583956645	-0.6739209913581528
-1.5698992629954116	6.735018219855981	-0.12183367449465421
-1.1964870206118476	7.428281642609208	0.07935920864770973
-0.1388166751503339	8.035781137939953	-0.29248291247714087
0.5243138851115217	7.947171815789728	-0.1939261558131502
1.982758336313811	7.4055897221701885	0.3669319310825212
1.6509022252416081	7.47048842734302	1.2083806210316692
1.8424801788017204	7.4938640932886065	0.9566698695934305
2.7566883247786564	8.478802423236488	0.7713873102703381
3.257238501974418	7.991822517516161	0.5465113101204297
3.945423579167469	7.134980454679049	0.35099052371248585
4.393397032481292	7.058025721214585	0.6622510360886307
4.936291800740606	6.178733675111177	1.0655304364765237
5.011123568327003	5.550599880288932	0.23782890050696023
5.2860819660944	4.825604033725053	1.2799121370771362
4.706971567159102	4.785597671676153	0.4095809247798333
5.5511385854961555	4.28078221592895	0.10340469149448622
4.921903718264857	3.527645332867545	0.7908033402882636
5.173842048709024	3.1328139931166152	0.5424539155307004
5.002752992504885	2.552717318832315	0.06981294970519436
4.966805229929668	2.580222637481616	0.0921564099261995
3.7338614435344732	1.4632592099017259	0.7562463113611689
3.8098010083588996	2.2623129229490497	0.031236925323973708
3.2680033117453733	0.8109033920571064	0.8642630895321295
2.90140609810139	0.6634285683607979	-0.4348626491310192
2.6713080731379613	0.20721857845934627	-0.33258502251556843
2.1886663451692168	0.4603136029803772	-0.6779732167209519
2.7026905441908697	-0.6109730639474434	-0.786373705197273
1.6519352803291811	-0.9872349982510042	-0.1349247671180155
2.2528734317889865	-1.069691941486909	-0.9994497615638382
0.7717761427688721	-1.4741882423717492	-0.0798854119140815
0.8665298606253917	-2.0881120581966184	0.08800792307465155
0.04022274054415642	-1.6606207018884538	-0.3279261182554215
0.5232359617639952	-2.4894451330448737	-0.1464391323754608
0.5436878211118932	-2.251770514558002	0.5068728177828973
0.2196741958405331	-3.096250834618526	1.5639181236315602
0.6686246189750938	-2.548776380673138	0.9530906109378666
0.23434615846814075	-3.6364900710200496	1.796820995265949
0.21477754769754873	-3.8718223409454398	2.4262170371861997
0.9439723098168586	-3.124753881599487	2.3651813135488315
2.0432972600358252	-3.6755377410357775	2.262549464278397
1.7507203366140756	-4.139648226728539	3.4167344038508283
1.8394691291304417	-4.632470012842378	3.2300966992745686
2.372367095581101	-4.416997989897373	2.400044352267334
2.877177754864297	-4.373693831321778	2.5474458801914546
3.660082931084779	-4.814554923221877	3.3002782143134928
4.035805187377465	-4.104475133004019	2.4247941672565725
4.510221803232181	-3.941424263012747	2.681581283775682
4.524312590095878	-4.486200296139366	2.1851299550842698
5.670684160373663	-4.387615899962679	2.1331841485745255
5.7395113195603455	-3.951554546417083	2.731935840124197
5.618695902260642	-3.4949591525498462	3.0517126660796174
6.802605729417861	-3.4805532599308417	1.988240263781416
6.349138545672639	-3.6357229435340215	1.7885500117691067
7.8902001781931395	-3.292404125938226	2.213744464410679
6.783051257400452	-2.3195050127908985	1.8363891971550026
7.634757924401386	-2.454277952029112	1.805792327495329
8.49463452174311	-2.1162876541457205	2.143654298483294
7.891469599935679	-1.3280295539781215	1.5143275462123313
8.280029501089677	-0.37266380563700685	1.860979385272022
8.183420561215522	-0.08208502307003251	1.4713310396161123
7.45683647735682	0.23730989713255513	2.6269234976126317
8.515002902401456	0.3695809930956576	1.569613122628282
7.268140036104974	1.104763566172774	1.9289746557351366
7.358880039153549	0.9454954144055617	2.4967301668418616
7.661434275513922	1.2097062846499238	2.2693438646469506
7.013188514608182	1.5011384148638067	2.51846353620838
7.247572020306004	1.918387409212835	1.9965524911852606
6.9217536906908474	1.9939544984249276	2.5413517688072975
5.709069322980073	3.034241579095857	2.718722563514203
5.7215501810270615	3.062520129885164	3.081589980032626
5.639076933908308	3.1243995903735735	2.5640670214225536
4.870748107742678	3.7350333911250106	2.5205235839433295
4.511540246293819	3.3488151827630013	3.3110518349203533
4.064453507134999	3.682666151337747	2.933300036166296
3.551636516258738	3.6885626148356416	3.2206620632880867
3.166020236541776	4.087499335327768	3.856710072953355
2.285927518927203	4.642095836158289	3.125953989364026
1.9100629482623117	4.3413502865839915	3.4883069242357507
1.6960735471639068	5.2451850886464655	3.333582293030827
1.0982504834353812	4.428542505872657	3.2081593212391804
0.6338473621365507	5.565960705846561	2.947921492145706
0.3765158885403876	5.66932146586867	2.7346226484174565
-0.4763317583026377	5.048414479776026	2.660761953152416
-0.9746004929850429	4.7443112555576175	2.2616231960396433
-1.3298946728955812	5.391340662439484	2.4867721662970634
-2.2467439014017168	5.289692407786219	1.9420155949332152
-2.7147274978984774	5.037082097095194	2.605008218737138
-2.680430091781983	4.605263577981662	1.7196651167936514
-3.4322681882603407	4.293459347413539	1.2491873337854633
-3.324780344572971	4.138409893903775	0.8143593343737074
-4.1979231916794255	4.195772623265267	1.261702155092903
-3.6411209939615277	2.8605641345061974	0.13867881313248862
-4.582212219859589	3.026764535262843	-0.2970170657355527
-4.512623976094454	1.9760511079925958	0.3612483933738184
-3.8862758043463446	1.0941277323338834	-0.7644720160790416
-3.3269168915023637	1.0417552794398413	-1.0826012553025721
-3.1915654347344242	1.4309496380248468	-1.0700981961544684
-3.293816802863619	1.741348841333529	-2.0666348925581035
-3.017427848337544	0.9027601976709198	-1.915729841177974
-1.7602122743478155	0.6216419797808942	-1.9971318755157472
-0.8065396212775027	-0.09546630745787296	-2.1840267193719853
-1.2005847095253668	0.6935841276861824	-2.2780329833170696
-0.15252159266376575	0.5778039289737539	-2.2066678779911575
0.36021399006905036	-0.14976043756547847	-2.952162303245757
0.4058523821795589	0.16185818818291908	-2.603131721284316
1.7443620181484563	-0.06055546565939468	-3.016711315254082
1.4393468031668566	0.018138954024059406	-2.722298938612977
2.453112715078009	0.13452513507421726	-3.247261970006728
2.4735104591713126	0.32531847177311146	-2.8828678392214853
2.6405576117242204	-0.32781714421060315	-3.155122990752411
3.3522156578084683	-0.28105087856121624	-2.29324837763089
3.493270854656095	-0.5862447247372642	-2.698318864126029
4.345689293010091	-0.17798552443195814	-2.7053105031754976
4.20325502459197	-1.217141574911369	-2.4664142899393178
5.174021440806266	-1.0189590390391934	-2.08733788355282
4.77096991005303	-0.5693899224428306	-1.2802528065520888
5.711823290850781	-1.1594265383095514	-2.1451485113420516
6.064840054957198	-1.0214944922294344	-2.1284383362429065
6.488883876633111	-1.1803673020339867	-1.7770068289044063
6.692809511415972	-1.8587505178593102	-1.2984862879402639
6.209423319495496	-2.6273763336633533	-0.7292080437273991
6.664559757284233	-2.472611406374264	-1.5643833297812404
6.763287195342712	-2.4423028761577323	-1.3808053350257732
7.123524847069314	-3.8912616143881213	-0.9670873524946249
6.94808176825938	-3.455291174503128	-1.5617007467703705
6.3785141905894465	-3.7648719567861635	-1.3007792490802819
6.243378594906509	-4.863291874570922	-0.7262133741555137
6.233755664293335	-4.905663190375517	-1.9211387467808076
5.59828384364579	-5.246404163005888	-0.843223887333941
5.112139122197687	-5.573081740319035	-2.084084043330772
5.9231973253148205	-5.6091262196421265	-2.211243860538549
5.316380991006714	-6.258928748652472	-1.3649624324511371
4.537193462594953	-6.847713439791916	-2.1690002514017195
4.430781256155897	-6.222038566948959	-2.2932485917931884
4.0430888168579955	-7.293198933545089	-1.8130370138404985
2.8617684596485047	-7.046817225873071	-1.9538144597689961
2.4093333014788505	-7.68818753428792	-1.659968908014587
2.2970643880503334	-7.199219400717086	-1.4130734471534412
2.2021157714502535	-6.809440877719117	-2.305438620190562
0.9238039587307416	-7.615470495062198	-1.7439233472550846
0.45570495532173433	-7.853467120292276	-1.7124110734684928
0.04326392091222751	-7.652895597654271	-1.0976576311508555
-0.25971262982689536	-6.889925312846823	-1.669243328870226
-0.4870018879707332	-7.848563097754058	-0.5268726440543963
-1.2952095514066702	-7.6737563745479775	-0.6286793096430406
-0.8103481113572013	-6.883939362739083	-0.45785158429014117
-1.2329817149973499	-7.025620712074999	-0.8323175636036035
-1.6949976725734344	-6.839048968215412	-0.17158557689573373
-2.76954329405268	-6.958585693540496	0.561389874682647
-1.592922817732013	-6.051553060137457	-0.3932091046647627
-1.3821439153435535	-6.572252499543211	-0.057470733953432496
-0.2597326436998961	-5.988364772919278	-0.41542672100289024
-0.7288926097424713	-5.71414562250967	0.04909211707733352
-1.638535678274421	-4.715106048939397	0.08695268930853817
-2.3974644871391777	-4.900329090931098	-0.3875475455251067
-1.3037288653867825	-4.626305637806492	-0.29502567028973764
-2.4403035002827402	-3.5914379326370205	0.0016419509792367226
-2.4403723203778798	-3.625256938527059	0.9372094461011639
-1.835103248274863	-3.25782995271562	0.2279681795612642
-1.173768666199639	-3.2119188655813193	0.1597611282036815
-2.097676177459402	-2.813075461800193	1.417882659860704
-2.1912977335233745	-1.920056951143373	1.1194274670905366
-1.5151507997707787	-1.5745011640747786	0.9042997291828019
-2.770190989574586	-0.9497507109240724	2.1495313189969405
-2.0049130600130725	-0.9187037484481066	1.9147813334716828
-1.8606926888613187	-0.6775163252105962	1.874353369983155
-1.9647346306072473	-0.4136014021518446	2.3837901738551843
-2.6661703995382284	-0.13175314644765412	1.7722053573458876
-2.6315764618299884	0.19300461642839228	2.0067556965146354
-2.648669013527969	0.4259029532179724	2.7192605791002364
-1.6825378609682187	1.231266788842959	2.2788559252303187
-1.3190679344631853	1.4811466392194448	2.59633198968233
-0.8927138129124692	1.9781841049589948	2.910336852190297
-0.9369122270615886	2.684598319454831	2.58356885613226
-0.4873024476016728	3.095454810313343	1.4777767501030297
0.5025854726500043	3.3448571172132096	1.4059679219475159
0.512596999308102	3.1576051133367002	1.8167450697695444
0.423804881034865	2.9745615545819906	0.95550476975548
1.6184140421974238	4.0829764137505435	0.6361125587390868
1.1464951866726656	3.7953134253256198	1.1757283676026535
1.849274940171111	3.699039128783971	0.10341120296520057
2.0982295276777245	4.354930875195355	-0.32465523136179686
2.1707401378422624	4.654099420444155	-0.6890086998800531
2.2380661593598328	4.5036591019529535	-1.4297522346098408
2.165828077545621	4.952705844716024	-0.6215371372532055
3.171048474933791	5.699500336956974	-0.93174470968507
2.8240721458514515	5.342278654984363	-0.7637196852418219
3.140836894692979	5.680029779591521	0.028494727604329362
3.555548988610383	6.412349214079037	0.431972949692656
3.539925497200918	6.583791414748659	0.24864042514402973
3.904149727679938	7.366415333991576	0.02300660767624596
4.139400534543959	7.980864314258209	-0.26661491494619793
5.241647953819944	7.715464455459902	0.44622730477919703
5.283108438431181	8.870763471789353	0.02253786239761485
