4.878874382112972	-9.762310316962616	0.5477627065556938
4.621906988441406	-9.430308109792657	0.7723810989224971
2.8657416305461774	-8.20223509396135	1.876350918829181
2.633399776068838	-7.1577381249942444	1.3414641611520486
2.398334084160317	-5.232837420502517	0.1102509803877096
2.708126371811964	-5.0681530393251535	-0.03434263096223539
2.868716837835703	-3.5077614102454047	0.031014291886231643
2.6291195321591854	-2.3214420575627566	1.340330149084408
1.465420726007367	-0.4311960125660175	1.2049372215314103
1.239656568342118	0.323962140248337	1.5740332238161785
0.08448041430750702	1.3484248782808907	0.5287391026374401
-0.7621101423525436	2.517752710123005	0.06794966054092555
-0.508707151088633	3.862257480982532	-0.8777211832871622
-0.31783697655638954	4.744691570492414	-1.3794833424303756
-0.8595917373264248	6.4658864003591425	-1.2638095004810188
-0.10515252570820696	7.021827692190051	-0.27608763149397336
1.2775791749920185	8.19874406212617	0.04933233276243479
2.5360739067847424	6.926525947227656	1.0861451383834408
3.5350591441548302	6.336656421164615	1.600798406868235
5.161357584146275	4.973494195359534	0.0943672421731255
5.406108346044883	3.4248229556889394	-0.2662408847671761
3.7589546119382407	1.8923281383908928	-0.2562460112406644
3.0084697324199983	1.0332537680565577	0.38182703635904675
2.069336315944952	0.4978041988674539	-0.3217220198057532
0.842470443183543	-0.16180560889210271	-0.838738155304102
1.0325410800358363	-2.102242080876064	-0.0813792496621949
-0.23639035076463072	-3.042048984942491	1.404847690853006
0.3576327951587319	-3.8787780896747805	1.8580718966922287
1.774735088848184	-4.247277176027743	2.6539524374141985
3.374610855577699	-4.690850748288874	3.1457760673188524
5.069503833665727	-4.141722496000075	2.6959868584396816
5.4519323701486995	-4.151353126623377	2.9997181905503556
6.5695937808286	-2.608749648372082	2.596448847124892
7.825527827541929	-2.3027780832153075	1.7384968712821551
8.251249448059616	-0.5348669015200678	1.6109247922269774
8.182644656663143	0.36692000021596105	1.4999847141568567
7.544338197193027	2.039622714850429	1.784774612879609
6.271154039438456	2.913562532335676	2.32756037966676
5.541996115450258	3.199761246377518	2.9286640803836494
4.624870719678588	3.7779132230531984	3.6472591521888997
3.1395484783771312	4.8001465253825595	3.1617640067496837
0.9792811796753355	4.7329783876825	3.70396463942456
-0.3207823832242526	5.904936624177207	2.9037670055607596
-1.6968684872850721	5.588415396293572	1.9156768555261563
-2.077992187741464	4.272253681136464	1.2102254386099116
-3.5591264863196908	3.839289451914097	0.7764053493537528
-3.0263867968727993	2.4865110280454426	-0.8577174751997251
-1.8737213008766784	1.7151218173936211	-2.2429684822907405
-1.8159692564670737	1.5654010744733757	-1.699042766609616
0.5485092238198536	0.8671227931709673	-3.253746056384789
1.4275389209794136	1.0048327951208025	-3.4430559707145663
3.314697744877499	0.8165562417517516	-2.584753208221841
3.6496867473285883	1.0045136671175323	-2.851997771076068
4.811298048391714	-0.7827264245642738	-1.4215710436492364
6.695795524454391	-1.8434573148742757	-1.8763319375378382
6.280699446320892	-2.2178645354062505	-1.1476275687685114
7.1893412947566215	-4.186526323656457	-1.700173315531151
5.691666706003563	-5.524260172772153	-0.9696039201987117
5.933795997983198	-6.23646094529958	-1.3928264022019388
4.499401694622888	-6.952065904207301	-1.855048325391938
2.69734131273353	-7.235859577204443	-1.3178509201158666
1.5457303748880333	-7.0655466539131515	-1.3934962519422252
-0.3227684149865151	-7.012971937772658	-0.8735628617813576
-1.4547385680172835	-6.305968202862111	-0.816024774915764
-2.627163659664438	-6.656799012651162	-0.08689062762408062
-3.1891049467222556	-6.112080131187312	-0.3261554195556381
-4.101538800850279	-4.583884041667385	-0.19062411830267173
-4.455445399763258	-3.336377426173826	0.40195692207279043
-3.692690758198694	-1.8282351077112902	0.49059262716007895
-4.251974656685427	-0.46435068517674893	1.6020788994253743
-2.4846036697813787	0.41282499754711016	1.9331366491419395
-2.10708297528587	0.8100157573360436	3.0452466076466194
-0.8284759037120372	2.6856463026830664	2.346437161978506
0.6584612288590299	2.9015932462920198	1.4179177398473204
0.6430553473870729	3.8565074705039724	1.295987172811884
1.899317697752248	4.176621972362694	0.029327008078421923
3.048687574687717	5.104278967049808	-1.543546868942883
2.8312124230938807	5.950092080790271	-0.7468738601512842
3.8099176023889214	7.062649251503748	0.3589638369689475
5.402294698542172	7.904482691357558	-0.3664919723562148
