1.8689529818273882	-8.534353722136116	1.444447133805498
2.1588063875596433	-7.358494128316961	2.023948331325886
1.5011144905312164	-6.77524034544396	2.4338025069360225
1.537872938866119	-5.496777729235151	2.3612157107294376
1.9454982215559689	-4.0204605121889765	1.9964796015954662
2.472191243132146	-2.8251038973911484	2.4101791348317176
2.982788090028345	-1.2326813251200055	2.5891272297430246
2.7312520973995897	0.407013968708013	2.2304542148553286
3.148126937382231	1.5018712399126763	1.6838419668343054
4.001575733499003	3.373073312039959	1.2196644424427465
3.384763007185903	4.3930845834981165	0.8382985807129848
3.1639940533117397	5.114589845887477	1.0014325045644774
2.187717152806823	6.2639626186057935	1.3608084463264807
0.719116654930796	6.495595519233718	0.3774454510123795
-0.3347103296710037	6.466176087624177	-0.5767713249138737
-0.20012237185966564	4.705147989236544	-0.8043408993036198
-0.6922900694763631	3.3755463943001223	-0.5679658196018118
0.30034640529524226	1.7501463983865515	-0.24354450749750622
-0.21290280870380002	0.9398200541050542	-0.349435926762639
1.0303049888283118	-0.32075929773044676	-0.40343912545633653
1.583001677358627	-1.4471961004733824	-0.9617057816755159
2.7099682655579747	-2.641644087024116	-1.4082402065272719
3.0701347775646477	-2.32885994443187	-1.7038533694408373
5.324361561032445	-3.1676611312602923	-1.9544127507929157
6.199026166913516	-3.5835025228110164	-1.1954034841434413
7.501198203668802	-3.898869376255383	-0.4386837906841119
8.251868619378378	-2.8776679134085095	-0.3452885837928449
9.253594526962537	-2.2363358737389993	0.5985024877153187
8.237362255400832	-1.423513350414424	1.4299806293267228
7.233814359431649	0.23056727673186767	0.7169308429475669
6.422233595330824	0.37444908011164646	-0.10064589443920355
4.6150602982967515	0.818660636112226	-0.4865189983655134
3.8041041290721944	0.704093583766153	-1.7014670994465904
2.0796928585696475	1.8220365147274609	-2.2808978796536716
0.38339901628871453	0.5160296633847339	-1.940310100920878
-0.5672449428454902	0.697079814163116	-2.9246417482148077
-1.9889978264698949	0.9491571644628635	-2.592614059335855
-3.095921914551641	2.0238112882002346	-1.4152818066434223
-4.004519722395248	2.3114021099834634	-0.93976953358283
-5.084578487287599	2.448520266315074	0.7932550956293621
-4.631468851784129	4.048997803462852	0.9594466349344928
-3.4525609116512013	4.3955877123097995	1.4982274395375046
-3.0013372411472945	4.951743528626809	1.4645258362385458
-2.1140763515528134	6.28755212093632	1.9479486884470207
-0.8671891034743379	5.964009554174753	2.473727349115809
0.026413865216504184	5.576373204335096	2.7235688780044125
1.4727311512110128	5.473859007566717	3.096174062899711
2.5345208585973347	4.989250478357155	4.342823915536014
4.244786931102638	5.028464072042131	3.627635028049531
5.160201292353108	5.239296072591657	2.702301461072987
6.43392374815217	4.325050921641382	2.974427719090862
7.26554652475049	4.0671920299150965	1.8643034138887047
9.043265019633228	3.4732143185247573	0.36741269090114326
9.421537202446952	2.2081789807949423	-0.4186529723207989
8.176977334089996	1.9778039142341415	-0.6232080865320704
7.950504560872629	0.23543543149968238	-1.0790419830563454
6.967222913329937	-0.883136527650362	-0.7752948686752621
6.221532711808428	-1.8162362035446653	0.5883215735673968
5.670860193588576	-3.0859529401802717	1.4943258270853361
6.365619744530859	-4.474607192409169	1.600550890347821
5.5320469458237085	-5.928186266430288	0.8099511841401917
5.262523573246334	-5.904518351799528	0.230149953753804
3.615394150444649	-6.544586569706828	0.13757715815806848
2.5812548537389994	-5.998793571733152	-1.1016157246758846
1.2344851114024444	-6.098718143317127	-1.0797153638011023
-0.2503456187840732	-6.545545697778957	-0.023860611985121905
-1.0822321227232117	-6.2375280457339795	-0.14650301393553467
-1.672285243736964	-4.80588954157774	0.6121786755763023
-2.5551307783359762	-4.512951708178943	0.9493197841711677
-2.9809306671297353	-3.1759017096765283	1.1558040847913724
-2.5715721721678397	-2.1544713038650904	2.1753329493325073
-1.9147439335374843	0.07803832629368945	1.9905718526194405
-1.6013541794357304	0.43449814287180744	1.8689946045528
-1.1339610788704442	1.9322780126477532	2.248364676757451
0.03480471594775991	3.136151431820122	1.7925523656153213
1.321811685068626	3.503015867431772	1.12136820345492
1.681657469353401	4.592374104085435	-0.857785937458442
3.1412305294079585	4.918028564648878	-1.4736509700717217
3.9571021339781765	6.601974694623523	-1.5207318964484036
3.9509157689293586	7.198274856542157	-1.8799515171008365
