2.897950788217186	-10.506607505152813	0.36776943312706223
2.121868822500185	-9.693604218527442	-0.5599922343902297
1.3809486043797712	-8.106965491615972	-0.49398766849543274
0.29366576690903967	-8.06724731364795	-0.5630643107990101
0.009459164002255827	-6.5556233789929355	-1.1924674495163443
-0.6942281388898528	-4.9610222121083005	-0.4055152012849619
0.24232309246851402	-4.428949360799238	-1.0161014589941084
-0.8590189494787256	-2.7265213304304723	-0.6902339352988804
-0.005552447433277763	-1.5228892713341617	-0.3335769373666345
-0.10537908439301469	-0.030316198636033242	-0.4473887374047004
-0.3510126732007044	1.4344750507855757	-0.7458244327842223
-0.6033927971614672	3.9055613020768325	-1.0710585269342188
0.028570697336750772	4.905455473071544	-0.44144005153148735
0.3869447631054421	5.41894237524476	-0.17464503033382317
1.5463987086988715	6.961147883483113	-0.07826705322214805
3.500908224567316	6.530850068753404	0.07355227895293133
4.49603485829771	6.564331039446812	0.7958114172592646
4.780478075953059	5.254218336511164	1.0817454698473996
5.6346512073010135	4.669965392111119	0.40312033152836696
5.768392378469681	3.462995933744545	-0.26157104492131666
5.432052775219905	1.5999218185697166	0.38937312936032403
4.235451485230324	1.568083524560205	0.7411646278321109
3.7868873415088378	-0.0815706103079114	1.8877205422522123
3.156869395046116	-1.271596630653551	1.1591185285689731
2.343246109193478	-2.1307287855384858	0.7647001620132066
3.1133082060141692	-3.1592428861763193	0.790758724764097
2.0146058917626197	-4.5317632395189476	0.06455599239457499
2.526789003616865	-4.8364123421964935	-0.651903414209791
3.417414800624146	-5.737366385959055	-0.826152908988238
4.766089952148791	-6.560124042838164	-1.64562341706944
5.287501718364376	-5.736413948671656	-0.8533600302861495
6.749474050978474	-5.252284942081907	-1.5577101630201995
6.244316637278642	-4.19597710530238	-1.1386052898770753
6.225102749349299	-2.7484034911245434	-1.4012767935261805
4.7352300472449205	-1.1373683625261817	-1.6193701926021737
3.62345141448769	-0.6432335302503651	-2.658252338478351
2.502570556709161	0.20494569177986355	-2.4089490188167106
1.539394938316774	0.7940486837815739	-3.0384696366657016
0.7279011271591478	0.3941929975910622	-2.911034426880095
-0.769041876598646	0.4399351073194644	-2.190509173248129
-2.4162360775877154	1.0388588825387242	-2.896875242029919
-2.1777650840319516	1.1261969539552512	-1.9941686574661128
-3.3566612443575914	2.8805846603667113	-1.5708113103199586
-3.9770515257818015	3.158465191801542	0.3482938249116704
-3.955527978680762	3.8625755611827497	0.8276549682365932
-2.933242590186298	4.962651460365234	1.3639398738556185
-2.8473389896965298	6.049420339794029	1.867976950966613
-1.6376238878621217	5.868305551409142	2.8427852409786865
-0.6532510757396077	6.599267956680537	2.3375292915804384
1.2453526856174966	5.641606663632601	3.568209721080687
1.5228799527572998	4.563688030981782	4.235520637438662
3.5391303690893143	5.213224526000478	3.01073439871021
5.119148332523185	3.9129450444212712	3.2365136405915598
5.897916901398797	4.130103306363142	3.0287842817469266
7.302797706966756	2.789275608133667	2.786728724981663
7.614846308754271	1.8907618587071746	2.078411420943969
8.377293885928935	1.0412185339741789	2.0641244500733684
8.175755491122283	0.8015246703325578	1.9585897261479954
7.712609464538465	-0.7037546207867523	1.8125516210242665
7.620174356771447	-1.5771829026578148	1.7401294998341374
6.832619711274108	-3.353934738829294	1.7371258099737545
6.0905374036916955	-4.926568567451117	1.9014745830353061
5.841797388336698	-5.002457932589062	2.050678508758539
4.509047054198955	-6.356873578871199	2.56496036900738
3.200959008509077	-7.09429158070504	2.426042113467106
1.5855462852835869	-7.674825767282987	3.3136586134539465
0.21482822429954748	-7.89207680835522	3.042608528353224
-0.6361543845986821	-7.785106792217028	1.7099865821391833
-1.7709462716058901	-7.483939618032253	2.1289226556929686
-2.792218647078324	-5.676366968213387	0.8678876396257498
-3.577572301717859	-5.943490477115706	1.1194777507495306
-4.514586398986357	-4.751065868788534	1.1101327334282876
-4.370210502863292	-2.8829401527111203	1.3010857770679496
-3.4443581438438127	-2.307191101376504	1.3997611886913037
-3.0993215517534702	-0.3295945385750114	1.8816192110810221
-1.9207756048354563	-0.18260757852675102	2.5724205352720335
-0.6976758332411006	1.6164705345257435	2.0575005424382713
0.23578842030546987	2.059795105462469	2.1181420424215855
1.3805907972884597	3.412291085416534	0.6465808648473998
1.685377189984378	3.906955363943191	0.12670512536309664
3.4219011499741443	4.378305037684321	-1.185713892733817
3.19469133111444	4.857905067359287	-2.3036235534172165
4.591943270219184	5.714461898747993	-2.0286958431276467
4.586168578096667	7.171907916400436	-1.9112377799088698
