6.462184628511563	-9.537851763229998	0.7006681001636565
6.119697222555553	-8.880564017228213	1.702104447502321
5.381556092744626	-7.179192704306729	1.6033283620226506
4.886215526390896	-6.246623157011409	2.361341607528011
3.965737039291261	-5.694604230177807	2.6422507754609534
3.8504922479556822	-3.9181475020004686	2.4947630615493646
3.4471466598934315	-2.331750441283665	2.291280201786625
4.02242542353674	-1.5775120206327389	2.5825384502021103
3.421891890344108	-0.3458779910977653	2.266041902419164
3.9746018706875983	1.2981631413269863	2.475781418409971
4.072342646517543	2.1272562665199026	2.0520396144433617
4.22289445161782	3.689683464453037	1.0161145700829766
3.028388729172751	5.818935848512885	0.6413659602947791
3.2634374852901464	6.540000340609958	0.6935555529003608
2.354809927729127	6.750511710356946	0.0879931622772217
0.651108780096122	6.863882417154673	-0.49233311062082014
0.1315771390472954	6.313285431422841	-0.9176733806856603
-0.29010378866357756	4.261847923537032	-0.8729565091045974
-0.857890800394476	3.2229194330096105	0.33800312777301644
-1.1043389355391726	1.998125956471764	0.21072027505168123
-0.7824034780546143	0.5343646332122237	0.39410930186555904
1.0246693822047308	-0.7687940932714155	-0.5616124792252575
0.9629451296181766	-0.9840411394980371	-0.49067131750740645
1.735160472310398	-2.3825912271235428	-0.22434500798114243
2.8734368653186686	-2.8216661292279905	-1.0037691272825655
3.6484092009695264	-2.898884483563566	-1.027336288326413
5.407430447815929	-3.0172057591277412	-1.4096530907559635
6.548146204518108	-3.05280474676056	-2.1044841303981694
7.498604438252297	-3.22020679100711	-1.9724946879363279
8.62856303272825	-2.955967518907783	-1.322413405110527
9.303999198768386	-1.7114255321297973	-0.8603425534574729
9.162203845159738	-0.3090095381135807	-0.11955777137912191
8.659944074110106	0.6922815526981004	0.7838068809494997
7.6504312500886416	0.770193714886369	0.7260825280820151
6.741916610551094	0.6030085656478554	0.12332274446979902
4.886885599219957	1.0991768601906793	0.39036794626078164
3.5224842627456474	1.9101975497988992	-1.8365206155150813
2.9095076133831013	1.5539650524396613	-1.7106645033330468
1.5814370017035078	1.6024094317480961	-2.51203840756645
-0.2342135552664772	2.008172172703624	-2.3345798656191254
-1.6541679557199898	2.6318330485727115	-1.4345520785470334
-2.0835310267791955	3.1854025604984724	-0.8961297575702087
-3.1355565686604425	3.742165760048125	-0.4718749126347872
-2.4753275945945328	5.112220298135787	1.048339532593876
-2.028082525298016	6.256384292154266	1.4515284845557284
-0.050364438795817756	5.560843722527951	2.5407601163299867
0.872278073034006	5.7093963374051055	3.174223341054192
2.4360561895945696	5.553696203781178	3.0933719040371748
3.263063081114825	6.028848706934389	3.30703559089865
5.5677356543897	5.697437399080784	2.3486802877229396
6.087163497239203	5.549893708322274	2.500725336881378
6.967650813861269	4.7738642548206	1.19029386044529
7.231358191833794	3.440969959928913	0.46516217100042123
7.848602247091477	2.903047965720538	-0.6107767472342016
7.949173493706265	1.2774777966301534	-1.4820966041224592
8.048862072151596	0.32748266378056906	-0.5143555122406924
7.2646754109248795	-0.48703989471616693	-0.1474316985483929
7.292268673429577	-2.062326805263804	0.05691638025825099
6.715923592093311	-3.801930698323312	1.546727333353348
6.677128096756764	-4.143352886466766	0.4416494106240715
6.28828873231494	-5.3018075289367745	0.7355725587424573
5.752279384911549	-5.734507758809337	-0.6539369461421835
4.347612296373404	-6.355633667594636	-0.15596255138145954
2.819138523247199	-6.293854715137265	-1.0245404731901022
1.3630048127475691	-6.294999169932962	-0.47078899356115067
0.7721620557604435	-6.903230465079191	-0.4203713525847326
-1.1078118702890947	-5.550285641943562	0.08462453230039235
-2.140669234311796	-4.666716800114323	-0.11489562622192337
-2.046930417926972	-3.9237320680226895	0.40930790006334594
-3.4034554772118972	-3.1452178974540552	0.5706008476904879
-2.397295399208504	-2.001537662022239	1.2290611443949209
-2.6715392986031343	-0.6300672219955906	2.3387198490489833
-2.4923983140705124	1.1797927055342277	1.6965059896638273
-1.5590160779198599	1.3327520081485849	2.994392809786758
-0.6024829143771453	1.9271298405398576	2.6658992268676815
0.23561777245400722	2.69951792445378	2.3134761008751825
1.7604715760517364	3.570858193255299	0.43692489824525493
2.372943696070503	3.9389110133782674	-0.6265094577871978
2.4819664819769565	5.837545179166618	-1.9895923829937938
2.3287807611320046	6.776555106240204	-2.1703800775834616
