2.1713152015189965	-8.780719559935935	1.3633049528058392
1.706944772318042	-7.706996363868978	2.512959296263938
1.6237478365452362	-6.495487325758756	2.6358081040136354
2.0506472941674616	-5.363035143859656	2.5791743810961303
1.6430497628476166	-3.3102847052003543	1.959758409105827
1.871149455339856	-2.1324557461637186	1.6938373140051834
2.6333671293264036	-0.6203560720706269	2.5304248117075123
3.4898499216981467	-0.07529066432922699	1.7958908696524505
3.423243424695034	2.350436307687762	1.3873713373252303
3.5715681238667862	2.6514514717562507	1.1522714144883113
3.8763097799320714	4.075717822724955	1.480207030110571
2.868194815989045	5.841422357664317	1.0271579050912854
1.7776454037798453	6.330350281246949	0.09508782330382343
1.4115175544936656	6.054371867076053	0.3096357636453858
0.0095462997488176	6.218517976925343	-1.0450827519466404
-0.14375554976875016	4.525177269681008	-1.1286645255987544
-0.8124384404403366	3.227791924520513	-1.4155180719086156
-0.3082800751659951	2.5016655359245528	-0.22737075128648954
0.15966577588369635	1.5197907870429357	-0.4617589553387432
0.8192640855962399	-0.016695473523654747	-0.3112106786304001
0.7766266989626324	-1.9190882675348262	0.20131076798057812
1.9022424509852163	-2.3520380216179197	-1.1866892899676038
3.4636992946969762	-2.1942095424142547	-1.4510409465502674
4.375650171200608	-3.7252436902922446	-0.7416637709666405
5.371052235534058	-4.0305055272553165	-0.977712686439169
7.173968251921576	-2.7371564355362885	-1.4228987206882526
8.083538084204164	-3.5062253309400955	0.05453464967791832
9.11553131830754	-2.0211452702857837	0.6238317135272811
7.7839680552869	-0.757773454072056	1.8897146692787055
6.442779262324084	0.9086975865946945	0.8565048874325367
5.8220544532275404	0.8325068302609673	-0.037493459137210444
5.256068112873369	0.4733168483146077	-0.6643592273574392
3.59136883453337	1.1860452990744328	-0.8769739774281513
2.250947116798007	0.7789839738784801	-2.5475761149329714
1.0031820846224075	1.2123653526736922	-2.3845320973366966
-0.5703780165026295	1.3558835554418793	-2.6621786848034183
-1.8257629536449567	1.433258301496591	-1.77339665108722
-3.585283271594148	2.0805925237667564	-1.7887904493571463
-3.8443253997313347	2.6942757697271795	-0.9469001451568014
-4.526261498104297	2.5120258858966293	-0.3574444920951059
-4.723679119415021	3.8843049118906663	0.35792969520216533
-4.42487856265484	4.653320360235696	1.6470142326395778
-3.181965737929028	5.189117996947333	2.2479601919748657
-2.036163613104099	6.132076211006533	2.6268901069969104
-1.0328494715189889	5.704840376152934	3.605878016999734
0.7009819566506732	5.792095302343051	2.94059335299363
2.4288537648556514	5.223222835738045	3.1315566888707216
2.994504237984196	5.885796021354452	3.5829313835109438
4.3783706941002185	5.09860113374387	2.9312987253365006
5.250006663572297	4.68502999931602	2.564835385037753
6.797998661812149	4.564284997110189	2.501253461770377
7.387105398557231	4.562341475869295	1.1390105133317068
8.732418157666945	3.4382606560027518	0.5204701028496693
8.155130782257366	2.117121493781425	0.4544222629301852
8.769524205795307	1.3300139965183262	-1.0440788873726443
8.125838617248188	0.4419019073422331	-1.0301749392824775
7.006452425371694	-1.031241240011357	-0.7545029584687568
6.56731493005107	-1.6740420180736657	0.1437168678591758
6.271346624289322	-3.356318411361387	1.4758298024851932
6.2826052335525615	-4.287194705883213	1.6522359597315053
5.150572038014306	-5.643172302326542	0.968528106494291
5.444525011979316	-6.365554200290723	0.5735490656487563
4.195198415441352	-6.968046706431501	-0.3894133149908395
2.3879383123588456	-6.333097018306924	-1.222409002844602
1.3431358309610084	-6.176444337130943	-1.1548085587993502
0.3112900790159444	-5.985375737141918	-0.672820652790517
-1.178485753367305	-5.750610646121718	-0.4294108169900925
-2.1642470319100022	-5.13869047801428	1.035331065321765
-2.8561877461658396	-3.2508469100459774	0.54795017104168
-2.888622928871015	-2.727098204203182	0.7158102392204555
-3.025130717334799	-1.7313562377422795	1.1447925083031794
-2.486453796166483	0.3020951424480358	1.8222983922550977
-1.4773499073703997	0.45787860446849077	1.5051517934915035
-0.1423881980006647	2.30463658855309	1.3845666292627703
0.2723605297770404	2.4772978511196966	1.61413219429037
1.9029254037409247	3.366740575470557	0.10784220406444657
2.077917746920404	4.525921775300445	-0.4433309617493604
2.5976516159879455	5.154221005126572	-1.655667594870102
3.4220049867433806	7.009637866035622	-1.6535212370026622
4.434836018712652	7.602795821040457	-1.4358449302921394
