7.487557023369483	-10.039409511222868	0.5123472759905232
6.605715085638616	-10.151774645827617	1.269528288678704
6.021384577568406	-10.1910672713755	1.4332217450917186
5.316753352865336	-8.544161498240696	0.7921604315473834
5.516563641791628	-8.87912442427775	1.2909973331068747
4.909028572278773	-7.925219885319066	1.0633785774232392
4.458800084973742	-8.565966916514524	1.292067147786281
4.008139468808369	-6.835173890741309	1.2656880394702614
3.127663482847567	-6.547126156074914	2.273553537953618
3.267827981307929	-5.851864659201122	2.4688774078014335
4.191551265344803	-5.408164433035223	1.8195999395836837
4.4670144970739685	-5.027631078748093	1.7289531713513555
4.678897500720904	-4.170192074756228	1.6782843285354787
4.1880113984762914	-3.2776140314994295	0.701905975894084
4.261456923512246	-2.442011302869634	-0.026384637184829807
3.9740059876801666	-1.9794154628411118	-0.2229731412149738
3.425233111025813	-2.2631099783003243	-0.9632544163544443
3.253065491033018	-2.2877465980564957	-0.4221690375358007
1.6921997636259754	-1.857847264652973	-0.8899940739267697
1.651525450420481	-1.2979523134616113	-0.7040880335319049
0.4019018909931911	-1.1063762817178078	-0.8571770760460284
0.7799480391239859	-0.6940821417720968	-0.3805139686458968
0.16969821656511774	0.40509771179987186	-0.44429601212510467
0.08869879670635394	0.6929977014685931	-0.5545076341956311
0.003606404665026819	1.5974031301166074	-0.6003978601765888
-0.7876755627463853	3.513857036051898	-0.44582618257311757
-0.2551522269429124	3.5369750228203354	-0.6699066645599838
-0.6760697013286774	4.372918552483344	-0.5547930546289384
-0.6502588876632095	4.910828783075061	-1.019900901859085
-0.07919631439364405	5.45787883525761	-0.66192100314814
0.021935756876415025	7.103406303776335	-0.17605737310001168
0.9675743102977106	6.84625455574155	-0.7731498784494674
1.0272136201630806	8.053866209108207	0.31536383206407204
2.450487336900148	7.8002407228216075	-0.09872848254622879
2.248433642092502	8.288697067093388	0.9647877301860096
3.541151634770908	7.643825499084729	0.5290806704101604
3.7391429701200405	7.254374363522211	1.3722619984785942
4.34732290209343	7.0923527042533925	0.7967069022940132
5.853782263840868	6.728096140488753	0.4433158209168794
6.127803905190945	6.608393277039848	0.17671204210974345
5.5004349688665215	5.189639736234966	-0.03602939691028928
5.938485630953426	5.063520795649879	-0.16070928038243804
6.06573604502346	4.6826309006475855	-0.09780143380732442
5.777147297760706	3.0970800983978535	0.11310469584562588
5.650429280087999	3.002753587205042	0.11992526739066928
5.404671951803368	2.5321101869422327	0.30323400255039035
4.716526259433176	1.1241476644509876	1.4055617456262022
4.159717640084989	0.8336928417727961	1.9181449333372584
4.23682527964468	0.43037747725834175	1.3746103290861804
3.5786665609004515	0.3216706386320629	1.5007794415580578
3.178838496406669	-0.5425627990865469	1.359932745179302
3.6765975219207494	-2.0458851314326765	1.6379430450384
2.215199720143621	-2.3681871416048397	1.9764187316042472
1.938475289207279	-2.9385526634825023	0.9579886415306641
2.5456382327384035	-3.8744065689265907	0.7265456545629116
2.5887814515987833	-4.23068437176123	0.7373013500781915
2.3951616240812985	-4.353587202479371	-0.6806528702271515
3.217590551175739	-5.32094669291805	-0.5008350433804895
4.3975583578295785	-5.746679909477087	-0.47851571586868313
5.176791222091847	-5.4235066284333895	-0.6624036909163652
5.2730859970559925	-5.754862885472405	0.9472167265917231
6.014483038638037	-5.710360458079958	0.6424968067921926
7.036762357405699	-4.943837863324197	1.1851796752592598
7.042992618094929	-5.667766089513244	1.9076938314883185
8.007404562097637	-5.443911434175446	2.330211153870791
8.477776068087962	-4.010443492580793	2.170263524762866
9.061481362834499	-4.365727379070165	2.766704737351656
9.571889415835857	-3.4817196810539546	1.8094085579470582
10.228578261208153	-2.890453859281638	2.1444056646113507
10.410826667484239	-2.085415068530505	0.9601114392759454
10.134409903387553	-1.6252660907991547	0.17541822213128128
9.562214786633671	-1.1021482605654125	0.8121899745727783
9.42588685463073	-1.1561100369406483	-0.18023337620729485
8.893752650437959	-0.37756695677118035	-0.3002531209800928
7.954103609931497	0.37769704932990633	-0.37264434532861657
7.760298136879361	-0.264841178230353	-1.314608775685739
6.414861306676773	0.04783427168508739	-1.549439140825427
5.729654556838339	1.01468401568878	-0.9153064031839835
5.541021396383638	0.6039921540436125	-2.073073899452812
3.8298741775961416	0.8650854968200569	-1.765387316587527
3.0775955808391973	1.2045331726395556	-0.7954060395458762
2.6182605823215868	1.4454413282519072	-2.0447163072294274
1.5441618449950922	1.275665257819987	-1.4561592717395757
0.7566014183386784	1.6814892320261743	-2.252691150954149
0.1525400716839994	1.9669447591479563	-2.255959198098174
-0.6949180864682629	2.3802672624355172	-1.8753815160738805
-1.444884492904166	2.7808637741504927	-1.9197548528809212
-1.7550521131920251	2.761988371734823	-1.038095735103905
-3.2047402529440125	2.572615075551429	0.014532334420575
-3.390719603283888	3.7718356623902793	0.4241989968634947
-3.104226003606877	4.569551223370623	0.22609679021470958
-3.2594708007924	4.448118540143212	1.1346928616472205
-2.7216275461715442	4.718533465024915	1.1499315228294158
-2.065518564991566	5.09149675264061	1.2901185614761286
-1.3317601496532963	5.778755209282287	2.0004913603673007
-1.1387671573596143	6.124132824901016	2.421792051518081
-0.36258229680524656	5.947187715671986	2.6448260719465404
0.10921363381763602	6.203153978119293	2.8555460639051597
0.9395823833463977	5.970496647149214	2.6422979373178714
1.8868606757912179	5.147640982000857	2.564584133459582
2.9538207349792365	5.069334140461044	2.4462359356081427
2.8900145504386496	5.017580912305851	3.2719573077014545
4.414487654248482	4.6877111826826745	2.253315512715513
4.466059386321733	5.153663309055501	2.514800214864059
6.404847715481574	4.181648785230836	2.4182396036739138
5.867071840924892	4.5477475528065385	3.0306466700985752
6.645478896378883	4.964433952665775	2.24488496255286
7.168446731112469	4.110128398700756	2.3808509356368006
8.602285734561264	3.6177511874529276	1.414295733494955
8.470845766655959	2.940397185409813	1.670199920314214
8.492927996545387	2.6219238629084245	1.6109997552655662
8.93528629936926	1.5099272920385358	1.8184814840897838
7.95188568195329	2.0688913493909853	1.7862808761560092
8.605539564601283	0.7410892380405111	1.6171627264484654
8.49931190665994	-0.20616680688802524	1.5812949527158664
7.964494511849569	-1.2360708863047953	1.8733604842486353
7.213444476721086	-1.1089611323966568	1.7065116204908033
8.1734592398824	-2.1239584919152357	0.21825586044307035
7.323596868248826	-1.9902453319677111	0.28292605580796454
8.402352193817938	-2.7439314228824743	-0.5396320605254334
8.183969660598043	-3.7207518959228194	-0.4018072860071493
8.346692238563067	-4.095743099513413	-0.2691541426933579
8.74775132360177	-4.393167461077166	-1.4671194311499414
8.628719246201424	-5.23169609239948	-1.0467300776053228
8.250036477964283	-6.8348357864854785	-0.7519822496832045
7.033150319262025	-6.540146503119509	-0.8760163608656943
6.785554563215649	-8.001350784310894	-1.6994229726932946
6.176333399396996	-8.192975092916486	-0.8476429801679567
5.7096116188108414	-8.468847589552787	-0.9336661274360594
4.677816000644586	-7.681101325954846	-1.6015575749652264
3.728188722289	-8.071997499460203	-1.1692676480764308
2.37484588626733	-8.980572874718838	-0.2944500306751454
1.5314401112255183	-8.155898653790015	-0.7386160146091179
1.1648000940100929	-8.148628239429994	-0.35262822389206117
0.925907570705998	-7.99836865792112	-0.2739684677235275
0.32231404790901985	-7.704856618538286	-0.30851383083180506
-1.4588507446423744	-6.383832397812271	0.5046000103720288
-1.8897244058982028	-5.574459056350795	0.6618934813267843
-2.0248691673339874	-5.423912041352385	0.9972311509406824
-2.367187253016064	-4.547865931507145	0.7117903211814303
-2.470059275802746	-3.3567037772547783	0.5192951488528283
-2.6530584961503347	-2.5648181252621516	0.8028373015745234
-2.5376147582102737	-1.921712266999926	1.012065214483934
-3.1348271234555427	-1.643567781540866	2.16629476619756
-2.087062094521569	-0.9927447182492386	1.6028625418949978
-2.4081916752367003	0.046628194292274716	1.158241545965297
-2.101158586957081	1.3639754774105888	1.7238654781896046
-1.4755670221782322	1.890748627039307	1.5102142632807938
-0.7318486414254124	2.4839629026549743	2.3935757185253808
-0.46525063766364805	3.3013272747973987	1.316514094699839
0.8286949612831764	3.304322177166402	1.2134833075812888
1.2330957557636244	3.494318112243532	0.7796775617848233
1.9120221309529546	4.249096967722378	0.0588963140540687
1.7466832420549356	4.905256804134707	0.31960556996220313
2.3847162386814973	5.602572950610342	-1.0833476792345096
2.647036005876936	6.115955286650014	-0.2341927027719275
3.2173517273554646	6.920958549668372	-0.5595193054071779
3.4263194311408043	7.146636689254034	-1.181052617717179
3.849425760812958	7.734118972072042	-1.6224012245112382
