5.0131945034550816	-9.786616492032863	1.4477246250535813
4.2293627822327915	-8.902153540296206	1.7280879954224468
3.7630154829837537	-7.784960772863985	1.00196895284273
2.491684735579679	-6.318386692217681	1.1289905742005162
1.9985683723793803	-5.433427215456153	0.8275328993507225
2.6502418961552077	-4.393409021919927	0.023037460832930456
2.63794064342327	-2.601787622600959	0.30190718150908036
1.9984630227718458	-1.6384647548292235	1.1605292235828881
1.3065932106971427	-0.7713270675295687	2.2215167509419587
0.895890416265538	-0.17633622182092684	1.6326422693544986
-0.19856060172939016	0.18882423639764218	1.115854538740477
-1.3251381105025724	1.8738906388790992	-0.13388846946633487
-1.3071039886868223	3.1824150735925665	-1.0877290579468928
-2.227217092695416	3.7111275373943386	-1.340118968592497
-1.5802277767433437	7.121610599577476	-1.1537250596500104
-1.2594420087462381	7.746418345786053	-0.5179158673131372
1.971706972470598	7.181506708404291	0.24596186521750688
2.8958510721899806	7.271926854200227	0.697686041477205
5.431854840600068	6.342481443123654	0.434741364334843
5.024098980414859	5.208579110018126	0.7092510874959416
4.752437701423042	3.559982384513176	0.5944035035259474
5.08427645261213	2.172755567094458	0.006990142033761582
3.8155150174694983	0.6724047678601051	0.14481889935855624
1.884363388147788	0.2686741494047525	-0.8255115229658092
0.8759909915565535	-1.2398587678672122	-0.2234215609922936
0.24714212374272132	-1.77975859236104	-0.13771987162055455
0.8221826050077119	-3.1321957860818723	0.9470927189176407
0.8360861353991431	-3.8847912729588185	2.2186154390218467
1.741057840368789	-4.018193727380666	2.3741601316148557
2.8689632197654698	-4.131055563941847	2.441663282748159
4.909447838068871	-4.2230348979344905	2.2555079548430514
6.252445504661139	-3.6266796217208777	2.0948148435537606
6.890250034005305	-3.618795017059581	2.8696752754400037
8.01268074229691	-1.871034330116295	1.5930923689745304
8.550902005696878	-0.9862547259334893	1.9091558283231875
8.654023946114316	-0.047999126203597586	1.726970073934436
7.764242494424543	1.8677821571709925	2.2375728987530294
6.655354387067602	2.9018358096841332	2.126212735566141
5.262990437818481	2.7216066850794842	3.1634136617204063
3.9157907448441436	3.7399684446672743	3.7217914513058608
2.7701454701838752	4.76137949570688	3.1766052602543016
1.2009130715331375	4.708457483226258	2.949945489822098
0.025422390171130127	4.911522448356241	3.1411624023674913
-2.5376317357634903	5.003033228627146	2.6425083224982147
-2.7874346503679366	4.903771961609626	1.1673949073414789
-4.319354051796048	3.0233837221065762	-0.03188681195765766
-4.142499960831758	1.770594384798424	-0.16337866732186002
-3.208488141329634	0.6040408262752655	-1.4838392310943072
-1.3819822021863921	-0.06433398348278249	-2.3203198864927606
0.30210734720905325	0.22633025465543033	-2.6708476627334483
2.2298995610147507	-0.10857546796525519	-2.587182797371981
2.8036380390430606	-0.039761457238898346	-2.346114440260041
4.742752288366925	-1.2979877249452119	-2.541347327007421
4.819809807612306	-0.11422090107070348	-2.332570470991589
5.642619512127793	-1.5739036341249781	-1.0225520368009717
6.690285276037315	-2.3998633859724308	-1.4049071190643074
6.291266380380144	-3.7684491425566957	-1.7768819842866241
6.585954013471216	-5.203219997536252	-0.9779551729074696
5.66740861020373	-6.016391441893973	-1.602900940130136
4.070544520991478	-6.739808367054847	-1.5185580945952104
2.673621318313912	-6.809886447795375	-1.5336333376051197
1.5322346832307738	-7.337089375351853	-1.3983561128211157
0.17498110538434797	-7.543038064234587	-0.7709441718338028
-1.0684953938919002	-7.433474961770216	-0.184066681383112
-2.8818881672711565	-6.408441725069456	0.3111067033078464
-0.5789285478120785	-5.234827946999869	-0.36153745350745875
-2.0841034585867257	-5.230296671412006	0.3796600486857038
-2.384373900738272	-3.880431860920609	0.937799857423334
-1.2724006974603026	-2.596056310550286	0.6432856096533544
-2.242773181826763	-1.3725222185396557	1.1183218073870387
-2.0271270719027985	-0.16618146932072309	1.8538281122714906
-2.694866447565788	1.2430137136878057	2.107818315554128
-0.360831833740652	2.0422231029682556	2.3327500441980926
0.8879590353752247	2.990537338967946	1.4842044971779593
0.9886219533337024	4.133912267673838	0.9667623580477556
1.517235398679627	4.093932318620578	-0.7084183430610667
2.3199551894578097	5.236245882916776	-1.0094139796802444
3.594798025105934	5.648673542996754	-0.1072054684976631
4.019397244778956	7.215306439189276	-0.3195890814830675
5.651367714214833	8.364256879755875	-0.2565080644236256
