6.528605089414702	-9.031415207013916	1.3286498425213538
6.795507728962678	-9.000533168202793	0.8307635431972413
6.517762822715021	-9.177934023606905	1.4536786913582547
5.717709181627546	-8.509019759082925	1.3626105039973462
5.762630504611822	-8.240755598741396	1.4545976157106553
5.30226668587726	-8.28593961092071	1.5220770170976905
4.595467128848355	-8.146547942494864	2.7389253262224598
4.45462120142954	-7.309335635967322	1.773415563219107
4.30179685875884	-6.056181648549572	2.117865513640652
4.672907204800874	-6.871202078569057	1.7538308814731511
3.884196239492808	-6.260875066260639	2.4487277642212146
4.474139416400629	-5.662863770190807	2.6182439446662125
4.562848461393744	-5.444467597440694	2.753684258634115
4.015791342135954	-5.219334324858224	2.1742403867172277
4.049983064243737	-4.596387521461402	2.2720252444073985
3.999819684556277	-4.31452527763598	1.822848855972602
4.269933790490792	-3.8772591726623857	1.9457144671729816
3.466401546264113	-3.2706979253358717	3.0778227889125347
3.4482298607376567	-2.3415814173005187	2.3698350620149404
3.354264839948064	-2.0127773023490256	2.5431890876060277
4.343166543580155	-1.8739293185793793	1.7036858384295466
4.023473806795436	-1.2058327887245819	2.0350854095314634
3.249025885932842	-0.269057613989119	2.1034999307693942
3.498277579396802	0.1739752609298234	2.3488167475371258
3.7340705153391247	-0.2923820508532313	1.7175426709957413
3.5080917082281777	0.5640609305964068	1.8742183165602775
3.2695679150219754	0.7313346913265608	1.7508781640753859
3.459192122498053	1.9306867307864908	1.4879423641591598
3.8630287792380757	1.7448578700790813	1.783804880836775
3.7148132256784625	1.9080316941878193	1.7794935307984068
3.916160786858535	2.556514466402222	1.6205310239449595
3.59323545608135	3.631760319420403	1.2162748375364696
4.0880736426164095	3.6783279269431173	1.3944641397456257
4.170573617046847	4.562407345717289	0.7798218441534522
4.389816328552193	4.6034939189071995	0.5561976098507585
3.804947122333087	4.34086151421485	1.25237349737162
4.0648073181092155	5.001260071160211	0.31127852879375756
3.0490465991295985	5.399789903150906	0.6865071451066993
3.058185001198431	6.260562397686462	0.12453213689095036
2.4528548536319335	6.324982111092831	1.4067998333010552
2.1135963704893705	6.1905245771294	1.0455199425094475
2.088086360288374	6.594383444328483	1.0435389040733063
2.407430245275844	6.942677244974046	0.06084680548148813
1.477923839990558	6.419056645268885	-0.3832930984949015
0.8246194345846245	6.834941544977037	-0.010229085801225613
0.4151216470129915	7.251482790023832	-0.58265303467368
0.942115112000729	6.455212790101431	-0.2221383498859495
0.28150129709717897	5.657830458742381	0.10076870989167419
-0.7255513449557569	6.091727119489281	-0.9638863965133755
-0.6972858775878079	6.16635202749876	-0.9362458066854669
-0.5901034490368553	4.440696086686134	-0.42752651994834223
-0.899505769539704	4.577701674958892	-0.8252484072764407
-1.020477663687668	3.5845148981368826	-0.6491079993150273
-0.8143283627094755	4.244610450739631	-0.795727039173439
-0.8704869800018629	3.7358481907573164	-0.049338859475070995
-0.21469130535943615	2.29366259619613	-0.5024073070055604
-0.5479869439026861	2.519362758125225	-0.6646920506470759
-0.9853412195892377	2.05451930451067	0.25501538748390584
0.17440450008369868	1.5766369073335516	-0.5877275984607583
0.17651069706787015	0.6373985855874362	-0.18087340236281124
-0.46237933113383356	1.3673245033656598	-0.7010009465597364
-0.5811455412840943	-0.017438842040972125	-0.25612695094689775
-0.1868985135972563	-0.3714207572474261	-0.17359169651255968
-0.01601327042556583	-0.7222848731274482	-0.4068148145956534
0.9028696653540117	-0.9225789793231591	-0.49581271906385493
0.6380580446627433	-1.2971224254409293	-0.4538340250399887
1.4681593539179003	-1.9731655017894645	-0.3569397375571225
1.273807674142594	-2.1917937796539477	-0.10977197036809971
1.682020711500368	-2.049965602787944	-1.0139223596651963
2.3034439372783586	-2.0737488235049617	-1.3644506456752052
1.924567467733611	-2.7171563990174867	-1.5666248011393602
2.423208929230435	-2.3450050074397075	-0.5296811292291204
2.4998689853728986	-2.048720508035754	-1.68817473680288
3.246466366492954	-2.5274792946122506	-1.6085413974341936
4.135700807639068	-2.5203115078476825	-2.133544006763095
3.7140564334243926	-2.447807246130517	-1.6907236892604791
4.2290432551684844	-3.0604247880470066	-1.9964969302858429
4.705311005265737	-2.6992210644398176	-1.387687869516823
5.634437267637085	-3.2024050475688615	-1.4101752014491526
6.371962971414688	-2.8325048077072275	-2.240195429358216
6.080828500905055	-2.3307317626404487	-2.149000574224183
7.170469904215045	-3.468002771529111	-2.011860543666091
6.5587990651029315	-2.1462973426839995	-2.413096388486698
8.28226203775488	-3.450642217520824	-2.344756180403057
7.311028712096098	-2.4136296954222307	-2.115964426589347
7.75243765626955	-3.0740544727195025	-0.8351713275182053
8.260696132700655	-2.650644507578151	-0.837782059063974
8.810398534916773	-2.4244432487212046	-1.4487070257008354
9.238614767978143	-2.6598914224596215	-0.36967456347851635
9.166112753931731	-2.1021287923880627	-0.6667249874261021
9.052574181607103	-1.82424203833141	-0.8280428032543882
9.284058022917362	-1.3950408007714736	-0.3058183036301701
9.988524945321434	-1.5536782239976101	-0.4526597063832459
10.168300589171762	-0.8373502470022505	0.5155872416646153
8.90508533396908	-0.896521418392545	0.5813387857097116
9.032855479896059	0.053427929083782244	1.0791217653691978
8.786899835604256	0.7725056352705696	0.7297234089685989
8.097898087964067	-0.10033673073050314	1.033013038972759
7.4433300793197485	0.7017650648540076	0.9192641227227177
7.067380762864899	1.3627140367033943	1.0684196213467771
6.816191564866332	1.4204397061028367	0.6120135592343785
7.024916508472811	1.2061541675039866	0.6065968916490941
6.087637405435303	1.5912173775148373	0.8128991635900263
6.497373682829187	0.8793070526867728	-0.37839084138703677
6.063375413111156	1.165116615876351	-0.08540803341085779
4.8197239413262505	1.4230430784203953	-0.063905306815628
4.68346619675183	0.8966585948392866	-0.024085362623252893
3.9172905724245584	1.0730474498645275	-0.4039451016636928
4.005309584559018	2.0496417804468403	-1.1574296605769994
3.97985628684281	1.338875364374095	-1.3351474930201679
3.1123809798348283	1.823226508137771	-1.7642070205005749
2.3307675637944114	1.2647378134440082	-1.4211239347435354
2.1576057686653285	1.7195630546087948	-1.8111413782057868
2.075702116967623	1.5609570284408696	-1.5820531958098958
1.1387791664896565	2.5617271050345	-2.374577988160104
0.9469001557320743	2.31196559934449	-2.397543871066971
0.01751505375351775	2.6196473712957733	-2.732935123215504
0.1715511733262285	2.3300241422263226	-2.117120768895096
-1.0110263984019645	2.603446576198805	-2.457648022015566
-1.2323411037047887	2.400122596962126	-2.155259913929976
-1.03776262992078	3.2470024539279496	-2.5130910811947635
-2.033538322139588	3.5723021914199897	-1.7144002652579418
-1.8964481513706029	3.3670444207175523	-1.50104561284812
-2.259298104236903	3.328673035813085	-0.8728692161414606
-1.8981909399053238	3.6230134001267924	-1.498878312903586
-3.038667552022401	3.9477259876670283	0.10791545775083322
-2.545413105738232	4.107766629393971	-0.2525050072124386
-2.5196412560972083	4.203393799196452	0.04017043910723894
-2.0990077948429855	4.449940686750465	0.040319443634210334
-2.2351000051368923	4.999166795095903	0.8986902992039898
-2.1024778203613836	5.110424547661256	1.0856338445923694
-1.34735737882221	5.188390541874938	1.076648048339051
-1.3059187767431193	4.979859611478684	2.3689090510236586
-1.0664335962706641	5.24298002960193	2.647059915402889
-0.4046850177918122	5.112007408752183	2.617250667529107
-0.8761746207306584	6.23852801238328	2.7979343943735175
0.09015738913590576	6.345345931960929	2.4515546362354588
-0.06663200407257694	5.9887114844981815	3.629370296797961
0.9025856891402845	5.3792280552229865	3.3928501469182475
0.8175277366778269	5.969479655658391	2.6449851164537987
1.530698495309803	5.963729096710225	2.734962749961547
1.9945647877030952	5.708384520836178	3.123885302782001
2.9413634336361008	5.441902011464792	3.435972347988313
3.2699057698471043	6.120475071391376	2.9551771873935784
3.884978243365451	5.614993709101627	3.727207974191624
3.7496255201105346	5.207236974506084	2.931275796350614
4.283428717295415	5.2016222269605255	3.578943653856225
4.478196782138594	6.219632002619228	2.38652469380825
5.648896113122686	5.394070344204902	2.907927135758298
5.894029219907362	5.299981976182429	2.568620043518779
6.181425859927439	4.656046924852622	1.5608221122996344
6.546070485789783	5.533580307818394	1.8525043305098507
6.92516490212549	5.31525445790767	1.3353336015061292
6.598926996936033	5.303183058677725	1.3074176578126666
6.829139575711217	4.128911783594742	1.6213046689948216
7.136416559277894	3.602226612795798	0.18177425177036577
8.412403913957634	3.346487084220177	0.045879503653881104
7.792317309276691	3.5226190279944123	-0.3975513910598607
7.6969023727278065	2.6777450924794075	0.529124480388198
7.647092395000879	2.626354940146426	-0.1289325417086653
8.304500535584824	2.356443180218995	-0.5368757605886216
8.065255944824907	1.5939530868794325	-1.3007384636163288
8.415585080357502	1.8613739613280025	-1.0515005315122572
8.283217610358744	1.3324056359066478	-1.410713129740647
7.53995606146022	1.3213126364255576	-1.2587040855749594
7.297281499971953	0.6803177355360108	-0.4521006775865397
8.301378341590006	-0.19336774690398129	-1.1641161751756604
6.998342994490092	-0.7714700255654271	-0.023413012314363657
7.031473756186412	-0.5061162332541382	-0.8668969397417101
7.579399691324885	-0.7989818370758301	-0.5727793093907478
7.429559589871994	-1.8387402965721624	0.48112431530728333
6.777375296633712	-2.2124605526040355	0.9563465047103157
7.544227611936709	-2.9323545273444434	0.5253305721935455
7.2489897282721545	-3.161151835567427	0.6478955958688816
7.01626271826881	-3.5567125791907643	1.666625880566055
7.971826176248255	-3.9313647257385296	0.2192409520467675
6.699421613782095	-4.207658900109327	1.2567014860909218
6.571858361727586	-4.184698787035626	0.5927070864270768
6.392344921537138	-4.286309540885689	0.7887341691656993
6.551893283812066	-5.062335012296391	-0.1967239930215286
6.483979331823405	-5.912102393266511	-0.24426106853485452
5.93477201455473	-5.856657720931938	-0.3849351545380246
5.5553679568037495	-6.351140488261617	-0.11401582911392971
5.363535803122257	-5.6753591001033445	0.03377002293162079
5.015631920682452	-5.668458654661022	-0.21446562615595965
4.995079927167797	-6.175564879294887	-0.46125226796663377
4.043726091544654	-5.752200592020565	-1.1667448913726024
4.046150808176407	-6.785200820546572	-0.39984518878412734
4.060005386749178	-7.00012072387353	-1.2483358876516206
2.9170947366412445	-6.729165696740316	-0.8656737638762467
2.1975801701844464	-6.6180020094929715	-0.9849607998123369
2.509670722660445	-7.082286221854791	-0.8394514805305182
2.3378705015854004	-6.680429178634075	-0.9161769947709277
1.0991606493679429	-6.456864426865329	-0.5036357115736548
0.6875075806698193	-6.1289952370309955	0.07703356788023175
0.5657541365473058	-6.9139912029810455	0.26693312651789136
0.31768089618498796	-6.622216037176623	0.09890403326281716
-0.9475605582144816	-6.575448638428427	-0.0230082179941814
0.05219350952573398	-6.107976574760182	-0.26516322547025173
-1.2650476568216253	-6.109900328820157	-0.3756029275719834
-1.9672940062541677	-5.338477800166892	0.39672734973548435
-2.3128260670275402	-5.152187326808086	0.6429352598832133
-2.537723135420105	-4.7925808684754	1.0174584096361519
-1.927028399142897	-4.08675955289472	-0.005018859719622952
-2.1771681028820424	-4.518156008150988	0.9652215386497341
-2.9352030248916687	-3.1748657886509792	0.2703938851035146
-2.5107369651057785	-3.789400992652787	1.207484288259303
-2.6087633573824727	-3.105241469086833	1.5766946545272762
-3.2669992393556173	-2.306589678099339	1.5003945683412012
-3.1608436336726426	-1.4583762832586147	0.9136312110405729
-2.434878086772767	-1.7842436182173584	1.4380211492667156
-2.882866264244589	-0.7088550083689029	1.1912091461331067
-3.326217507263096	-1.1810926663154957	1.4857569996020494
-3.2842175325504988	-0.5101066890408931	2.115561111143904
-2.799053531251993	-0.04085586209490488	2.0756210829598976
-2.061495839017056	-0.23531938459669494	1.8513980151793983
-2.3295436412025574	0.6068423526174408	2.7150598531005943
-1.9718435671737826	0.9364213226053384	2.1037696874702076
-1.9805750365497978	0.8427721083748658	2.62582773612938
-0.6803420360043213	0.9555287509851406	2.494397753637748
-0.9579567173249202	2.1181805951394432	2.6709521867902453
-0.8032500040256865	2.232651208791445	2.6228440880093076
-0.05606558477201029	2.0914636586774664	2.3118639191183394
0.0868263349133605	3.0096255065681996	1.3305293051719977
1.1044745167823973	2.382306406830839	1.5773291787742139
0.6091712410446462	2.7730916096492644	0.991799561979666
1.6453947368689739	3.3238721847458894	0.5041260049620028
1.6129932783651686	3.211137229288217	0.21980020407581952
1.0997180752018212	3.519673137799506	0.18782376401687292
1.9751717336294008	4.225781902800491	0.09704264902502546
2.487388463352441	4.242650520468057	-0.45862837589430305
1.8894922757694115	4.231907323704613	-0.5418870225639625
2.019853756655984	5.475396730608088	-1.2401571488820249
1.7463279112606138	5.327022325126676	-1.1608636287617708
2.541730805360694	4.826657145508056	-2.030903459414539
3.0530478634661793	5.423666239563985	-1.7979511059755255
3.2163338695601817	5.612739605874126	-2.679697736623325
2.824715308889183	5.981557419153191	-2.198744787037579
