5.044749747163504	-9.827691951601388	0.9206979985338806
4.160904198794077	-8.771590782005852	1.152618990157498
3.697294913893052	-9.134400641104087	1.238957539742202
3.5984477563384054	-7.760712961382614	0.9137963825071068
3.6535357073989982	-7.696386936930094	0.8275829957323451
2.6295053669743873	-7.434758907619901	0.7677454966961659
2.7571973510656975	-6.872951775483612	1.1375190948316358
2.9043344315112627	-6.68118186760166	0.7201339255384713
2.1112268160080303	-5.572994519654403	0.08961748312187974
2.268655134232101	-4.569631492774732	0.42964932476404016
2.3306168537555125	-5.135339435430161	-0.23680392090674085
2.9962308404679874	-4.219005758259167	0.59994890351811
3.2730627564155927	-3.1155824594443073	-0.24061499235981018
2.3634759410724886	-2.526180416784326	0.7118481363965012
2.2567536348403308	-2.088885447280248	1.6690753659439221
2.356146896806883	-1.364776694539781	1.033584698984959
2.06722506364781	-0.893644398053159	1.623721594253871
1.3916743753094245	-0.5210252336351877	2.2408105871396433
1.2862755993593205	0.4292011506221176	1.3926487412551976
0.15218407483377822	-0.08635824951380894	1.8675454392448758
-0.37700697586408327	0.39308550871927445	0.5771849351678286
-0.6110522479864826	1.2581305041031334	0.16000435697032217
0.018251549688909297	1.511528328688618	-0.6531325440586793
-0.9544574325944707	2.309673408505288	0.008325914114829747
-0.9972536222631441	4.205476163397622	-0.8677222488461783
-0.20385821927801318	4.182780132826104	-0.7753359509439299
-0.1800445851650987	4.750504936309507	-0.9529402767996791
-0.9823152680903333	5.003282495436396	-1.2702177109229504
0.011638491378382243	5.759303342681672	-0.2715873906835766
-0.05636302121052006	6.413431336266831	-0.23753084553502668
-0.08053741812387114	7.142384810785685	0.21957635157511635
1.3262508920496432	7.24000951589183	0.07100028737306335
1.1794491757125434	7.029689924109382	0.42642511159858165
1.7985252930160829	7.143138177451384	0.6733969264548627
2.5686135718510537	7.311666859974739	0.34095522751150087
3.051591346349495	6.486412219905437	0.5739410889470777
3.8193545771120183	6.440090491091587	1.2513222787316898
3.9749906258618974	5.48398560272696	1.2206307640011798
3.9328811634118286	4.965199641591454	1.2802261895306721
4.566259675072438	4.279967307692536	-0.024025827722294862
4.778569310834304	3.722354381770147	0.40374926634281555
3.8733678759500716	2.7375308065533024	-0.34583649427317437
4.277622951997451	1.867163584541124	0.03199116965140303
4.081825385873126	1.2889354642251876	-0.043400373605424925
3.3786468480559715	1.4072495685291355	-0.4902742258049595
2.578039125611408	0.2634965491702745	-0.5066507578764794
2.780261496836706	0.02671309242158315	-0.2332783603664229
1.6502971245626552	-0.24812655090848057	-0.9291676980232022
1.4151478597351992	-0.43690728380067245	-0.8188108421266895
0.9760825307322325	-1.182306788553519	-0.6733338360957055
0.7115796120340516	-1.4846006591411995	-0.404192199808474
-0.03215669456531997	-2.4298723007320833	0.2895764996213944
-0.2355709323841081	-3.309359814962184	1.3936703860155073
0.9479747138978581	-3.858866105248663	1.928786038783117
0.40158612661362403	-3.701007176685904	1.7290341118567893
1.3652096172168668	-4.174981569051358	2.220283434860033
2.0436176440682003	-3.961824081818261	2.6302850111564977
2.443092764875907	-4.275923630430061	3.539525990188176
2.9454288000642803	-3.4236182876940178	2.6243464576456437
4.322000406667515	-4.633610859058712	2.4472891140248296
4.800076164800764	-3.8041689899882343	2.5667310677560304
5.078954050676286	-3.7800610311443137	2.335213790501217
5.303822935063448	-3.2854746794042358	2.1266830463083206
6.886966750419889	-3.33699701394251	2.295024544556021
6.623427031775577	-3.5064270950286685	2.140240639136592
6.892482115621517	-2.22585090839505	1.8079227077891153
7.469399467277405	-1.7948742658677213	2.0311287288777473
8.192105202398952	-1.9740430365790136	2.16051187371375
7.513170109086825	-0.7439451600451369	1.5204129735386454
8.536926548850271	-0.6306856660465143	1.8303328539506598
8.160928824029716	0.5120282473878126	2.257822678576031
7.162861155361228	1.253642254477255	1.5625521833991822
7.538485738651378	1.409585202372205	2.2113494478994715
6.976462453524689	2.0637473549415857	2.087905215132275
6.379118618406617	2.524475189939622	2.931174398326754
5.5202284835616195	3.026842033759938	2.512060437157843
5.300567750340252	3.162867616917876	3.4244745565948835
4.4528024686328695	3.385449788132369	2.787708366027254
4.395310391902996	4.234689371213793	2.852303590601306
3.901940060315086	4.140763927297427	3.2529587852572908
2.7886879730122454	3.883471992093426	3.959293413905721
1.678238499660347	4.174913375708104	3.435912037818798
1.1534810519576468	5.089322527440124	3.3757941434219454
1.2093745238537306	5.012017273447204	2.5794070311752213
-0.6234895212513775	5.191140002868626	3.2351710590998572
-0.809811930302435	4.960003205411302	2.9851575470045644
-1.531162738559157	5.009087778913333	2.28794279256927
-2.389597174087617	5.120236774060249	1.8768183175139619
-1.908170154579741	4.322771931653559	1.249372653936635
-2.747516839008621	3.8609581736799092	0.9373289359080506
-3.255805230799475	3.938288410184575	0.24047584934295796
-2.40906188940042	2.684225236883224	-0.5032490056509088
-3.613032961740683	2.6743401556892223	-0.28642451158324067
-2.6689259055319416	1.8694601397842614	-1.6991658911964396
-2.288747710014773	2.4450514605406184	-2.1361810898714
-1.7303753688398358	1.350315197269722	-1.7520071130059252
-1.662336139669314	1.200194986687142	-1.9303759328419146
-0.7424245908097629	0.8421388780452206	-2.9560073606953905
0.6993819398234719	1.0418522360292257	-2.9495003469496583
1.2569277721664422	1.7025623112590957	-3.42617108181266
1.8396800703451128	0.6602920940143227	-2.6903474440393724
1.9181769978597527	0.4941612254807565	-2.8997181811318393
3.5919476678793787	0.7978019882702525	-3.21366255302136
4.018834940587066	0.1783226137980086	-3.092357034829715
4.211956567920583	0.6662331242226966	-2.6540925101394617
4.739767305542216	-0.09585302776192206	-2.7262126091731176
5.149371717080028	0.12928859281382554	-1.8837050674496152
6.131997303081149	-0.8641472372820325	-2.340899839511791
6.070051695527397	-1.0985364568490077	-1.131857795979117
6.540147082247665	-2.2731767703504686	-1.7611351261855197
6.274931217480204	-2.4745562789454123	-0.955989364267321
6.563445177771918	-2.6410995349952096	-1.5693094429168815
7.030782628472047	-3.689530690304683	-1.7843297987861033
5.934877797998402	-4.30006207309758	-1.6989411554340492
5.92970352378544	-4.6624359708030525	-2.022011382289804
5.2431045668646785	-5.831547979360245	-1.4340000671520867
5.485433730714307	-5.818978104709078	-1.7068056886950302
5.50504497556587	-6.262415415802298	-2.3172179796157804
4.880133166376691	-7.069379182757764	-2.1858012850395228
3.3326434660589808	-6.645061559402863	-2.211579555396193
3.087691705271418	-7.348543804857709	-1.6676073301833414
2.4103665899775115	-7.091335075496797	-2.1756651059949093
1.208579162777276	-7.13782918558506	-1.5917777663564359
0.6587844445438333	-7.29779938126763	-1.9160517852169852
0.5776888258145428	-7.061918087851714	-1.441503961482636
-0.8628879519445056	-7.153255067027816	-0.6415793075895402
-0.5977238798234938	-6.888558335015795	-0.7836828504146688
-1.0643364997383098	-6.698250094215573	-0.746385726416031
-1.8779401052866174	-6.720022421245945	-0.4851215775594338
-2.8152159178992484	-6.387837593003192	-0.3940093304995998
-3.8706237890026793	-5.643915714357298	-0.2288895434678061
-3.1808169282837704	-4.983056918861032	-0.20702658743560615
-3.5081004807893157	-4.241884690983842	0.29339277507219375
-4.660007878611758	-3.1942098761750595	-0.10631983520424215
-4.170159912066875	-2.6953957625730727	0.5211786294550654
-4.692307705127053	-2.770042086060007	0.5055601527004767
-4.653901181699403	-2.388928748945104	1.4711463001406644
-3.7111148268027927	-1.7630077350793143	0.8386573955424428
-3.9070093360121096	-0.28962295345697364	1.7443038972593081
-3.175140105741773	0.2453722863935358	1.3097267706997877
-3.5820316087985793	-0.28116049410997607	1.837221616563219
-3.075272363429791	0.7352147161360927	1.8914614469524287
-2.4203780799973043	0.7469291288181136	2.3305134467747903
-2.059884202181969	2.0090446263681963	2.0776960230032726
-1.1398078044947375	1.7093839013564833	2.131713245426272
0.21357779978113633	2.0245002716613905	1.7070614347972448
-0.11260364285534996	2.494480521986014	1.909959513456677
0.6135741402158437	4.103401902566619	0.9161018632842147
0.9474169193542281	4.275616272359725	0.6247753511282971
1.9515041710431351	4.319548264458382	0.06732333473176666
1.6523374387104646	4.75585736118542	-0.7756018441118406
2.7834792317252806	5.132437741658831	-1.3079592947858718
2.998361986754409	4.927007144772042	-1.1337033861147334
2.973448108671965	5.5875427767023975	-1.1095807008313021
3.420481549977879	6.847217095375202	-0.862038255504306
3.90176001553104	6.76863072636828	0.32870470295549237
4.615560704738211	7.163962116663421	-0.046533573352331103
4.328876554610519	7.872753312225337	0.0989636281268183
4.633020279798325	8.106191922255103	0.05149609564629093
