5.882516914365475	-8.48795740877118	0.9405002940057069
6.584647379826971	-8.848793307096471	1.3099286822472536
5.367814723015884	-7.626701840491302	1.0585018322292035
4.934556464398307	-8.11403915018979	2.1594578572457146
4.739534508174857	-7.135932965764455	1.8103751683387594
4.556877765254366	-7.316262380122738	2.217727185439915
4.634405157412326	-6.143550912363509	1.8479253397470043
3.8138090431862732	-5.6725353911254555	1.973172042382375
3.710318314789104	-4.689140802327948	2.22886742119663
3.6872470156246377	-4.444832653935367	2.552487995173002
3.9789649519869483	-3.7737121095978754	2.435028929469607
3.3868628451942744	-3.1440778845995054	2.62761311224721
4.480294278676601	-2.4755611208738166	1.8490497818003753
3.3050539409614927	-2.308788965404914	2.0130124604550104
3.7732195613622936	-1.066307295613708	2.113723954047011
3.5758979677988965	-1.0911184065807458	1.7030299047530242
3.2269585364990974	-0.39039637638984	2.1142530081018416
3.869312758367226	0.4876813269300306	1.621288860961942
4.098717169461357	1.454437699936964	2.0660432625494805
3.4649509678408807	1.6041936203752287	1.5938759546207983
3.990537615494401	2.8342410724899985	1.8866396212100955
3.860770110828475	3.6171422136740787	0.9925914074446371
3.5138604547607923	4.635975398457193	0.5744020040944744
3.4131884338943737	4.184018239263301	0.7350388696211398
3.9276159705817437	5.478407190274576	0.7048330988098283
3.0284326489780744	5.891049000159317	0.7164948960873814
3.310279676587585	6.091451241944669	0.2599068503644011
2.595751754989549	7.111497808156776	0.21237404181276523
1.4647836231324614	6.983353266876577	0.18707704359431404
0.7187570811528803	6.809825829703249	0.06316266800577325
0.3029080961688256	6.70118899386873	-0.4503384763749048
0.4657495775372333	5.9840068773215895	-0.28105055275512025
-0.7222002351414112	5.777914040763134	0.3099893442862811
-0.8044057809049023	5.783414354300192	-0.5319155647884416
-0.8513177269852067	4.356162751115314	0.15616850960023854
0.0032270864518624265	4.1903025736516275	-0.9111857593684758
-0.6295508917959952	2.559517891163226	0.20901614039972372
-0.011416911886250825	1.9949402541500667	-0.38433828423698524
-1.0012492103963373	2.104310541833378	0.09488902561301948
-0.20912903663990945	0.572156306156663	-0.27123066080502956
0.3030785939847309	0.6266635858646644	-0.510386025808061
0.0018604674544129285	-0.08713308664653913	-0.47678890629908655
0.07242455954389226	-0.844835465728478	-0.9247597520032163
0.4793791101350692	-0.7125032958542112	-0.3314238861607841
0.9477927075114375	-1.1348247062210266	-0.566195267910561
1.454459722112114	-1.6429561091690996	-1.0883416191221467
1.4423659229206145	-1.5418989471334608	-1.2220542043584128
2.1447843630750287	-2.1740572383485315	-1.5467633112904409
2.410270950912585	-1.6838559067332988	-1.9040028334089794
3.088999198693848	-3.175911473063967	-0.7117675729571695
3.840050597589865	-3.0548946970668767	-1.1561084220434128
4.398837430310739	-3.067936101579158	-1.601196074438083
5.568055322241831	-3.4338031682378305	-1.5319796037142814
5.457489089255218	-3.202132698131637	-1.2098598830647198
7.109838153619655	-3.4147682584900374	-2.0474693706893734
7.160373475140212	-2.799979361568332	-1.7385588876994411
7.600316870936056	-2.4812825353338264	-2.384008820452078
8.077055811729723	-3.0079006577567013	-1.3384048605522152
8.657719570902008	-2.126629585187105	-1.4530870817783959
9.095018468794857	-1.626535899259446	-1.3991416708234756
9.514826888591188	-1.8809055031021822	-0.2987915961349892
9.229683686655342	-1.7578511065385727	-0.4892271010123297
9.233443849326049	-0.9787644661928974	1.0479623859992744
9.71472413286413	0.00520003045282591	0.14816790660148693
8.865882189806875	0.41841409189448875	1.318174583687151
8.251268704600431	-0.06139258130819622	1.4735472398554217
7.432271980542099	1.1751584668195072	0.5056883511245043
7.083010283367553	1.3626927234994284	0.7649174189311019
5.723792520116617	1.0504832626411786	0.6872174294879277
5.428486725503919	2.030228590941543	-0.21780235634234807
4.631601141926958	1.6941700562898103	-0.9097829135200972
4.6189207661347265	1.3271348933024092	-0.9995882760084827
4.122779257137229	1.3393590889819746	-0.7567123011532659
3.52367253374198	1.269045151600374	-1.650752149660446
2.9739575420871533	1.4447250315301337	-2.0166121928701015
1.8369439219513763	1.77708345322813	-2.704394393366453
1.45552867342555	2.2550467169365236	-2.469077795125873
0.5257460180582012	2.680957768106835	-2.1321372740796587
-0.4659795835040683	1.9149209067291941	-1.7359424550056068
-0.7582882136680833	3.3407183200086603	-2.5390747533482076
-1.3015076609439	3.0780672328626237	-2.178531858420286
-1.9004299183483697	2.8070339355192484	-1.7273234427029351
-2.8621811104775925	3.227034945026168	-1.0605618215941797
-2.743291622452603	4.0083110836640525	-0.1933083197055494
-2.4906407311606986	4.203795146834714	0.21758745253975564
-3.114427985974832	4.9329938290796225	0.14962805607515983
-2.5337615249995142	4.658555105029344	1.36794858912297
-2.460617829827027	5.206225870109094	1.1847264735948402
-1.7216125164033653	5.000469414319284	1.8656405702903671
-1.595887131463708	5.245847110377975	2.597869144432223
-0.33712629059996724	6.070043249867874	2.568113350475821
0.8598101189329967	5.902000469269781	2.5180934107377846
0.957322472328957	5.876806403570753	2.5882643772505256
1.321413262541707	5.633387787772225	2.992879829983508
2.565909139598937	5.799977320506288	2.775252342035374
2.9810247327245025	5.210995224960606	3.444013497150368
3.26144191637373	5.163475274552354	3.652571623886573
4.1766899118568235	5.835765467573409	2.4951050472720357
4.994284060785899	5.296822555099167	2.391769403680312
5.194545178289519	5.960233602869302	2.703029822453604
5.934117353139332	5.469661858338544	1.9993836277526658
6.841420648563093	4.430118413412361	2.291612171450991
7.120150323499153	4.173993060408782	0.9086002520598284
7.2113794453881725	4.03206337294794	1.1914330201188843
7.453867844030741	3.4192203834676524	1.204704042674928
7.670621127595482	3.057341498103992	-0.12620045750261855
7.69398163307459	2.9905051065994774	-0.01863093439480501
7.826965523033249	2.147316806529351	-0.9807707148123513
7.714403015980975	1.1278949575426092	-0.8559828605365745
7.721901130102703	1.0997279531244175	-1.3970806410975085
8.44012743939681	-0.21236669909584477	-0.7459030432790652
8.060905323100027	-0.8543224749460314	-0.45103689924482115
7.117217258566093	-1.0285487874302157	0.37561297579045505
7.079552833767383	-1.891327981882923	-0.36277306470087545
7.265838543877738	-1.5387600725298378	0.7159941055265581
6.907609694748763	-2.9335835557895824	0.12621682313545796
7.593474473845925	-3.298050201007498	0.7852034707207092
7.085559421424987	-4.219750419058187	0.9532344920951815
7.405288920733946	-4.179946631973362	0.23786330360531638
7.261919280803333	-4.642532401058617	0.1190699744674591
5.9543317327920535	-5.102236469245275	-0.3508345165952028
6.387806167660684	-5.6434720191307495	-0.10130942837500845
4.9807750595272555	-6.405104132256775	0.007786293265777178
5.254391065769986	-6.4083906709962655	-0.5242770742399936
4.253105929810509	-5.885209817969542	-0.9168025811566031
3.204402429343129	-6.485108514198634	0.0508165415030597
2.6793770406033426	-6.6348146029474115	-1.1269095908657176
2.2871031748515414	-7.010682787112129	-0.8612065846483032
1.3155826245658202	-6.166385418401909	-1.063479210826038
0.6796324680547261	-6.8042194379400565	-0.2824993700336925
0.02360082763895227	-6.894602047397093	0.5747688550891723
-0.6600997940029205	-5.92973062263019	-0.0070126638461427415
-1.2258769783170347	-6.075619533453161	0.851143775611647
-1.0860105810219811	-5.932133992942679	-0.3299029350153084
-1.6548680745494062	-5.2728990149583135	0.5430016506137748
-2.385479522610819	-4.139079362000357	0.1681203809366038
-2.4930352321373377	-3.9080190632526133	0.4364658397945403
-3.200863867283201	-3.5808060335511023	1.2442256623182455
-3.256889495262759	-3.2962209823300714	1.3224314255194536
-2.160998005248001	-2.8620621360462293	1.077384953625731
-3.3812912528725985	-1.87414828285721	1.101280961244547
-2.56368885435288	-1.120882977438912	1.2436723638707246
-3.0053924534997427	-1.0616902529783738	1.7386542057420686
-2.6991419840232487	0.0731567987085533	1.9470061059286992
-2.4366609714129974	1.1494264108413637	2.038012552180674
-1.2657261600081098	1.418402713559567	1.886804137830111
-1.3874335238422253	1.9470358078073697	2.095057857901532
-1.0543563367701068	1.7521405391272586	2.592054513867723
-0.16036528131165373	2.749197784589002	1.6723064041776077
-0.09617971209419485	3.026844714750871	1.9910549556831474
0.8024149039004047	2.6258432290520006	1.5605971784125647
1.1989779404330145	3.1366542397701433	1.499020325083411
1.174575105961975	4.420257049756882	-0.1045433843292348
2.3534269780877084	4.13589669108511	-0.5721676982719637
1.6768419113034008	4.0069208384629365	-0.6500791881441832
1.878827404909879	4.410836758311536	-1.725806411153946
2.2901701530787992	5.042784354019412	-2.240670231362381
2.6577688956040766	6.263550823243496	-2.0247021540169614
3.2452782750456617	6.254443397885634	-2.7299922278535798
