3.29285328891602	-10.223847457178373	-0.9412514012631406
2.6990738296272996	-9.354918773034	-1.2363294239494682
1.029737419493283	-8.431366040210435	-0.5785016432256755
0.8546674389944131	-7.880798454243415	-1.0192806796016165
-0.04661014566712146	-5.967442369397688	-0.9863336455508056
-0.27128305775670436	-5.012947217877149	-0.7911282811463526
-0.8435492161724942	-3.502599986019287	-1.0696770605457722
-0.204925448222947	-2.710826287528225	-0.5894757206159298
-0.5508488527854382	-0.7955676768068345	-0.33401438127714767
-0.9047641958362768	-0.22283373637494647	-0.7975957586484468
-0.7164715377003685	1.4191740156588055	-0.18780760958990406
-0.36665082962022266	3.0242412585673417	-1.1293831188971244
0.008272282009212262	5.073815391174277	-1.0922594995098984
1.1148627171098229	5.431381443025424	-0.3086319161385085
1.6555136211878472	6.416562243244622	0.08069675934740939
3.398936497074926	6.022602764353371	1.0049515031450331
3.994680960492851	5.845526204248869	0.8208400848880986
4.8161891033482584	6.237717766275117	0.17058877176182036
6.087172898883154	4.149514071359585	0.3874080637479959
5.2344662854221555	2.8970113384174287	0.07848234065133153
5.064233377798092	2.035514707268436	0.7615266311882998
4.805682777337345	1.121795004441145	0.8109657143656601
3.8471151974885927	-0.3690764202638702	1.4040687903520477
3.507918903953477	-1.4781159958893937	1.562239139199187
2.8075265144669506	-1.7658405936912691	1.2610588524866273
2.813241682449517	-3.511278435211352	0.6528647444437856
2.2601912805280673	-3.4270040698629334	-0.22705422354970006
3.4813072469934268	-5.545140586548532	-0.20759315821097413
3.0101553276612685	-5.2056835299955315	-0.9810055745110298
4.951809504918039	-6.769817580190695	-1.4078728252041528
5.102387414544186	-5.994445864776222	-1.7124682756208853
6.142765360082661	-5.2163504375652385	-1.643387577037254
5.4884833512899815	-3.6349433655950842	-0.8716312091040805
5.336669901654731	-2.7082372576894738	-1.393215081012614
4.555379540213279	-1.2116149442745725	-2.337383674436606
4.328816372211089	-0.818046478588708	-2.2034653880065136
2.597343333632397	-0.6378155318507287	-1.8003477382017774
1.6010689387998362	-0.637311031907714	-1.8609431000572803
0.46605135318443186	0.7406371733275202	-3.419759115534069
-0.51450470898689	0.15274810906954878	-3.1851865831090813
-1.6078955760646163	0.847730908719097	-2.171278993248068
-3.3080345895250254	2.5200925575152127	-2.1464655781675597
-2.77426821937153	1.894154090869422	-0.992584843527192
-4.405276400637683	3.1248610016246654	0.024490071283716497
-3.3016372373668883	4.159427238689602	0.5896352898586736
-3.5978432849773494	5.667769738487756	1.1251514788925967
-2.946508153277774	5.263943709018201	1.4002835945882657
-1.6676538151775784	5.356926409914647	2.0155520551135773
-0.043093522322764866	5.489041797713042	2.4005101387151577
0.6778411971003251	5.3125103085351295	2.7112048304206104
2.0404554801615005	4.88438676277904	3.9144665224661654
3.160645118808753	4.237839941930951	3.448863396200318
4.726473973886755	4.431321362551602	3.759527553757127
6.256879961089826	3.510064232016608	3.3129300951262968
6.5640706179629476	3.4742142099453486	2.7309808549659254
8.228506159865258	1.9495202215317469	2.409229234219852
7.488869477113352	0.8633563250437927	2.7637472662365354
8.473813502968342	-0.14044396349604377	1.6753365900147559
7.483483307284514	-1.3019361373265252	2.3669785594344592
8.429167318237775	-2.3174121523573663	1.4747552910878527
7.417010272845689	-3.14694930435138	1.9578111139915784
5.952284683052409	-3.8140549203015297	2.64807907284594
4.890710713239227	-4.901900855862964	2.260587541570727
4.066159184736353	-5.985413836663954	2.163189940276203
3.10892492023628	-7.1104959327524675	2.5510382745635387
1.923436934799221	-7.116729016233124	2.8643198192380526
0.3983862181208935	-7.2698961443420105	2.5816083530499707
-0.7584060171013994	-6.747217616977304	2.2322295687264635
-2.02160762445836	-7.100493905956572	1.4678561897665192
-3.3830816790374914	-6.975637767674328	1.2371322307616375
-3.7600077399082084	-5.931278383685283	1.5169527848239512
-4.016019065174042	-3.574666924340873	1.034901423111935
-4.375030259284994	-2.3796586624332106	1.4654038651122145
-3.736542572909457	-1.3544416906912535	1.0431845973052722
-3.2152438771811673	-1.1793562796928194	2.1755634985230827
-2.4309610412269893	0.21380623851671648	1.9046708251436368
-0.16189250339874195	0.7087869115718974	1.6702279514804592
0.24814163470823147	2.5423976743989005	1.4026346345507856
1.0998061224964184	2.1172557272619077	0.4995114274485227
1.6168315505979618	4.013243700888012	-0.28114070487344656
2.471551676303384	4.590568960730536	-1.521185453738044
3.481182436681725	5.534353201512389	-2.246967219691451
4.239832192694951	6.4724796984355555	-2.4560547877244203
4.30958268551105	6.843557517455155	-1.6169498904015778
