4.709562772161483	-8.989751494010772	0.41224521614350484
4.2799975476365875	-9.11720717363928	1.2050615802418334
4.440838426491955	-9.174852633845756	1.3554287176683522
4.09213601667469	-8.541196657082116	1.103933356744023
4.389942035983876	-8.760506167879948	0.5768488624194862
3.0105823759846158	-8.860197226034646	0.9460745301522167
3.933084821206896	-8.460755146068156	1.1774402414806253
3.0263406158156316	-7.548529665508056	0.773985950286997
2.340323587299701	-7.242371113211039	1.8509685463369085
3.052084667209593	-7.423735653817636	1.3242452345539462
2.425438383027297	-6.099656012973193	1.19334133012699
2.467032988643295	-6.344885062428299	0.14204633312772705
1.8521362472220229	-6.162986498728687	0.6107652420174161
1.9143292508442329	-5.368812692461398	-0.05462933088302849
2.3947033088996754	-4.895567721174254	0.14979820996579257
3.1850758276008	-4.836066359530697	-0.33912187432660934
2.2805592552519642	-4.366461000553255	0.4161241810628318
2.515156223179364	-3.760929261008717	0.632553129907216
2.3163781958406107	-3.196635729414316	-0.040080547729158894
2.2506502117510068	-3.474906359728294	0.8521474281590087
2.524360997457275	-2.69893804100049	0.40088112720736435
2.52162096022763	-1.8148298189504173	0.5382932018918773
2.038021727541788	-1.5984109607553938	1.1518882756652653
2.5881689491690745	-1.1050015295177236	1.0334631844484734
1.4863210560767055	-1.2566534550005835	1.8424455014755974
1.334406341579663	-1.0475974105843666	1.2139270387352465
1.0567779567375195	-0.49176946900062823	2.295559087027074
1.665655037997294	-0.09044496773756339	1.1786649432052554
0.16552538640395364	0.9701830866397219	1.4749443115001264
1.028361359695364	0.7009324228325383	0.678397389137638
0.4861186538953443	0.3379421481891186	0.43807041773375777
-0.3287281439140952	1.5908569285842764	0.17432227074609727
-0.6710024684097327	2.561462896080914	-0.3188871445687775
-0.5365178739764807	1.8116970479857661	0.11603466558465869
-0.3396540054835232	3.054887796481946	-0.1782380807880355
-0.3118010978247183	2.77233731261875	-0.5518096347581707
-0.4226230179847088	2.9199368426741072	-0.9003870840249258
-1.034338517375796	3.702238083806043	-0.41332685724824114
-1.0477100748358583	4.320503634014149	-0.9589060788782723
-0.061758426877515094	4.690592945973937	-1.2310077537767805
-0.48783196105916127	5.681890890386155	-1.0251738790774065
-0.3456639051865378	5.272304959083749	-0.683045883092575
-0.5197227578185091	6.401128693549886	-1.0212912664278497
-0.36720889416392377	6.255604138806751	-0.8540921701989962
-0.19835945662313909	6.242571491467499	-0.02926524758550797
0.7140702747172087	6.920318744634302	0.3468396556250122
1.2347932101466697	7.728534502095596	-0.3161777716194963
0.6805973240046185	7.390598908218761	-0.16530127462360494
1.7188062109203612	7.4173688316996795	-0.12557226384797956
2.3002722419278476	7.243654372366535	0.018517636542879468
1.9640031155478261	7.007338039747258	0.5981559237006819
2.3119934280767245	6.941338872014662	0.9714169392683025
3.3620359445076864	6.324699698460794	0.45331824598628684
3.26668823559356	7.276243790478772	0.9275937350949578
4.064100860403682	6.2647975553376	0.8443014975575451
4.820546981198605	5.7971746810007065	0.594524910238178
4.199017082542755	5.860102181523749	0.8259635610680499
5.02672625928717	5.210802464892366	0.01333413791682856
4.437230119909439	4.417201195288214	-0.04666334447379618
4.012231596489981	4.128660507943529	0.536447689852553
4.187283767319443	4.484176630259219	0.029533600030181073
4.47877615057217	3.4688136334621973	0.3956270088702881
4.5062596977268745	2.8985213808035395	0.452351926222909
4.100803150937821	3.002853562036393	-0.062136700463738814
3.36387008205644	2.3910256650128043	0.4134775449470414
3.1700359884371596	1.3890704418211848	0.6022946185776641
3.4328593197802686	1.8487424495289408	-0.4635153368626271
2.5507632490439276	0.9928793760494321	-0.5685229749520199
2.6552475127925326	0.4338620980696251	-0.35687775913031733
2.7692519059668985	0.3765434210218604	-0.16236221002908413
1.534049519730262	-0.19453449190509753	-0.6195599844957917
1.6685110132944236	-0.8321775010031776	-0.3810169786737967
1.593402527579856	-1.006870828475871	-0.9593377344796252
0.8425340767008112	-0.8539241288129333	-0.4179500753492752
0.9935747266637878	-1.1448033161439675	-0.6188516306861159
0.5293435315419148	-1.8063314591237414	0.26748184173268474
0.2253150807980489	-1.7772737884723124	-0.007097387095603258
0.1747931248316021	-2.3878095483719046	0.2153613581329623
-0.1815393425641843	-2.568686654543824	0.41891064548472756
0.2759509509576027	-3.5241837309826627	1.526591062340814
1.0011148130377177	-3.855444053020051	1.4927306631223127
0.48002333599685876	-3.0219626325189353	1.562149443988821
0.7205706801452592	-4.346086112958555	2.6543037396866582
1.695339136681435	-3.5206712597598626	2.359674385390547
1.7648839161710241	-4.625448652963743	3.421119204907951
2.9632692639040643	-4.69915249884429	2.7996994861680715
2.85431577198137	-4.744745097728134	2.7314607416562118
3.420774518189099	-4.004499105690893	3.165878333526768
3.4558526646214864	-4.646330208712786	3.1603328073905295
4.832487202296817	-4.5863621587299725	2.878917417027236
4.265710535508868	-4.256423764907099	3.3115308236885737
5.2663817363700804	-4.061011539062996	2.162800503898209
5.650421524658063	-3.5723286949216972	2.4675441779399874
6.1559961596088835	-4.223026834994231	2.687294159949876
5.8677894248889215	-2.916981963707724	2.5604325556435814
6.3690255908556885	-3.0964044941878153	2.858161558858481
6.284958243170155	-3.4882689382982432	2.331070594276381
6.6122263104289605	-2.3202979532603902	2.6307965684743895
7.271635041229515	-1.802273871240081	2.0951757843092005
7.100526504782443	-1.6507683554708328	2.135289424222579
8.031924443680186	-2.206499798153919	2.7205124217108523
7.8063183229935715	-1.3094889107350478	2.5312096472977075
7.641452175591781	-1.4004462297349691	1.611250230867083
7.604236029999803	-0.4769922352596949	2.2896982802712893
8.324533328452366	-0.45983809570648865	1.8070573740567146
8.267452499093997	0.12177201195735449	1.5181871893216852
7.537206803763637	0.2459115013116087	2.2030836068410053
7.946074785599627	1.299392792662659	2.2939983547374045
7.856891689585915	1.139195933619871	2.0236811959115295
7.154366912219229	1.6204991490217933	2.4197702053252543
6.732564911673279	1.7044203880163442	2.0524948538878145
6.10582022660981	2.5984350023828693	2.1248201088232728
6.763290884129786	2.236202329525457	2.53035366450401
6.580806888062243	2.5471090767117746	2.4046461580258773
5.114534396897696	3.7441522827011138	2.9798140601897485
5.099632381495001	4.004277194232462	2.795530866721789
4.405159105052846	4.00020086316892	3.1582087911402885
3.941722342197609	3.6787219693243367	2.9851618707248235
3.4104523989501816	3.9492376372470557	3.5663746012086635
3.0928879749063904	4.534359044015749	2.798076411721775
3.300072915490989	4.707745808683362	2.9708316894959785
2.279658434535202	4.201031948797803	3.637670181884598
1.6518188367480329	4.461198818575168	2.775055480399142
1.442769591567794	5.580528616752764	2.8820878650176547
0.3826577484293825	4.610732975801925	3.8065142635138316
0.6922362374399234	5.295879251620636	3.4355833430196268
-0.3086154749911898	5.280461150206843	3.3607046789566146
-0.7458510888350025	5.168019927415642	3.242678236082928
-0.42793740570611427	4.976759503607337	2.767940396299942
-1.6004068024800946	4.810161197839262	2.055879533926374
-2.207255472386466	5.508170566074622	1.653217444878298
-2.26609865457533	4.300864361516425	1.5633395430472319
-2.12252102420841	4.162600634529116	1.2944866134657946
-2.992382504368065	4.23998353207039	1.3494071315099558
-2.464307245104772	4.227194047362785	0.8644469832055816
-2.4681482197566034	3.1318446754683182	0.013427025706412965
-3.2329647945054774	3.561637232983884	0.4835837350635096
-3.3451124656267477	2.935271667800037	-0.5862742903755033
-3.438058665955005	3.2477439834892383	-0.5958644509010145
-2.766679594810766	2.759433945188491	-1.0079415188574892
-2.197742546905857	2.121393180183167	-1.2666901510696826
-2.427074294700202	1.6682156547814768	-1.928524412692452
-1.6356659339572879	1.7511612748653058	-1.8613231696837915
-1.9190214733514828	1.3086156551036172	-2.052140885049042
-1.137524541822114	1.6663304050539254	-2.3184304423005737
-0.4057791344868794	1.0222630277977531	-3.0182364532319035
-0.7017711507360758	1.351963295026073	-2.7860375810246434
-0.059091273618272544	1.7168723589995731	-2.970954639117399
0.21990247857354203	0.9835600445211103	-2.728848906606099
0.8388121863886393	0.630155266773571	-2.8701484346495443
1.8599681980845775	0.9154755827477314	-3.256744355302705
2.0710851426076418	0.8309259533813187	-2.52405175328952
2.490723987196006	1.2858556149712947	-2.508495525682773
3.089308806462038	1.258140561041235	-3.1724317143699876
2.830185506020096	1.1321304825202754	-2.9974359856142545
3.812563714985436	0.0026060208525411632	-2.239770914061457
4.1332187231363235	0.4489391799583814	-2.5277515070000574
4.591950483916723	-0.08855748390255769	-1.9685656539793017
4.9679988651851	-0.007797234794672203	-2.5338992547628725
5.413996698272439	-0.914066755066426	-1.576837482831138
5.4697370243532	-1.1790744672947027	-2.3113121161114103
6.054623230237969	-1.4304116913903366	-1.4950675073096433
6.291490997604837	-1.722276104963032	-2.0106340387168555
6.285959706678882	-2.1811484703730426	-2.088428782799379
6.296929057132063	-2.193452421926927	-1.8470735975384882
7.363828516622849	-2.724895190077456	-1.9181963274116751
6.883561150271118	-3.404762374748125	-1.3238018735239638
6.5234627497858755	-3.281835660952268	-1.9293188331589342
6.3825049201237585	-3.6864565848340405	-1.8990648815495534
6.8292394841755	-4.69256487871027	-1.972780729196304
7.067972126997061	-5.10289137581729	-1.9546813476256855
6.0774832622673545	-5.388327676804772	-0.9691992962369249
5.484638594474913	-4.975743434942059	-1.1537396972464413
6.109920499803167	-5.976890237390272	-1.966383306593461
5.363342767911154	-6.055459495584235	-1.000813056167351
5.077126821944135	-6.192835067630966	-1.3613088159646265
4.670797787814967	-6.052114989464262	-1.830653957648082
3.6743569286081326	-6.843483746582732	-1.4891821243956338
4.116124090161897	-6.463070095536329	-2.425371827499449
3.8232859430312613	-7.058894862292153	-1.7536026489047334
2.628386654632494	-7.500423304258525	-2.3192876161754037
1.9418122024055424	-7.601897756931512	-1.0527579176301003
1.885623458719532	-6.700024768792507	-1.938192877535736
2.119515792810725	-7.921132677836009	-2.0496564410473157
1.6316724532096323	-7.574313650674984	-1.3856882270422894
0.20047864567519713	-6.740469408222249	-1.6352471176223082
-0.4358981611197827	-7.172653866007762	-0.7878516755060905
-0.005553495600341907	-7.747960622017769	-1.5492207840017054
-0.7034611357476501	-7.011614954435396	-0.8416943244400088
-1.3963487495804676	-7.225411077085087	-0.5729015705988095
-1.85692930638729	-7.346926331860479	-0.5627946373725484
-1.8707219830515667	-7.094126458487186	-0.675709663400043
-2.773809580766374	-6.475025539109666	0.13649935048797912
-2.578595618292294	-6.600176716033734	0.0832375444112673
-3.5608177581445406	-6.050840463376564	-0.12164773225489556
-3.239378294692552	-6.055248658841547	-0.19181213830939092
-4.030242705974373	-5.847039060168286	0.0487191979073055
-3.934691124980749	-5.4853341403175175	0.8297310007134193
-4.1002237171041305	-4.2468488257684385	0.35504898543847085
-4.547454208919936	-4.633039909588388	1.0987760305005896
-4.3470722038911225	-2.8598158542029584	0.12906635528178043
-3.6694727803746017	-3.27641668845968	0.5705567706587642
-3.487239225950236	-3.413022078651878	0.9017672184744251
-4.0887888220606445	-2.9875320985831504	0.6985860162830355
-4.179099838061117	-1.6629950131151456	1.0690166197892181
-4.453975720011666	-1.1551677955768254	1.4847377675657734
-3.9156569615648653	-1.3544334147125934	1.2966907035109243
-3.3327744502770544	-1.1124512304998562	1.853472681345619
-3.704586039055744	-0.6605835309863146	2.4996824231793537
-3.7157337115692295	-0.2995289154224186	2.14208059941591
-3.6764396980613556	0.2989238580064307	1.657105834163291
-2.9190404649837407	0.6320241327949786	1.73487453030055
-2.328456538310691	0.6626303552858477	2.6002832617687117
-2.019043788590638	0.7100865703665461	2.6147518333909114
-1.3027509174196155	1.7032601696892273	1.936382190148873
-0.7306778249186707	1.7002447514555625	2.072126335911416
-1.2754049464598403	1.9427629414061087	2.620127787816349
-0.20652299325728185	2.463305440579936	2.233661684828903
-0.2547994150142864	2.2640144832543245	2.5134207942329025
-0.3245056714920749	3.272969042911095	1.5111664200508563
0.39500539775752963	2.8118800421026924	1.176863389280544
0.34286321920343	3.7421094651706897	1.0305092177042492
0.7577635651337895	3.5304177158095107	0.5810645340173515
0.900592127498877	4.41258643424734	0.0040575843148997065
1.08952228180121	4.471382398105928	-0.4119582264169791
2.397370788531318	4.209384755730748	-0.39920578120588557
1.9878551310108414	5.327969033785333	-0.9366078678106101
2.2041472623494545	5.199507450754828	-0.7809106988892204
2.045968078121458	4.838656171970347	-1.35825695044469
3.0654362470142997	5.957761563035305	-1.1852453859098935
2.463883061433563	5.55817823227507	-0.9648001867846017
3.4128363390384986	5.7355288258819686	-0.44063816446161486
3.3057476193741837	6.263231825651938	0.20802133725044158
3.3545434475224445	6.534493688862394	0.5683348444684885
4.371356294530656	7.727367267479436	-0.12929255989407407
3.9229815025898858	7.800976389426839	-0.2411055371135547
4.996449724181047	7.47411029073639	-0.1225680333411095
4.91207053777829	8.364693381243402	-0.17914742318606725
