5.537585975378812	-9.298201322318677	0.9847647813156066
4.735392594554739	-8.668627605719873	0.9833463396846217
3.9799254297721594	-8.681782514688122	1.0374524623000212
3.5287960725133534	-8.794617960563976	1.9588338193231318
3.394674515376125	-8.07799820216632	0.9574015245151339
2.4508362421927186	-7.981319110869448	0.9091041594553899
2.222335070742487	-7.386977264051612	0.7649203468503613
2.4973092424595706	-6.29119898028126	0.8561841837292588
2.867774678522567	-5.611392878634687	0.6518689855178419
2.808030306402735	-5.323955255197991	-0.017347779885116654
2.2326143272524908	-4.768307361341117	0.7966249574281931
2.2464303092384506	-3.2622340810404307	0.3939302193257505
2.4653468938841674	-3.16588532350111	0.4332147319424817
2.3290149791542154	-2.806648585416086	1.483884416972164
3.3754738018475035	-2.585277243570595	0.5984062871621435
2.1748874189902563	-1.438945778022894	1.2611636590611042
1.8421203464682878	-1.5439461946750863	1.6611366470583657
1.0952456579525323	0.20310635890012474	1.4231574614003495
0.2996141938219419	0.18727119895272282	2.0596057894199236
0.17883151700834282	-0.06166136180577664	1.6689756216795222
0.2323497550092432	0.1964455119830148	0.3239428368070769
-0.3136507943083273	0.8519691087913763	-0.0452878678459564
-1.6540377809065592	1.3405031992836909	-0.2735572730321387
-1.2862732884523762	2.218922834390818	0.02541291207473817
-1.735466528292183	2.9229297106220447	-0.2707009019873219
-1.3875429954287046	3.500255219002193	-1.1628141862924462
-2.1715701320364778	4.414763313817572	-0.5160027313320703
-1.410489680251553	4.914341347082546	-0.7432888827886364
-2.1335661121218106	6.0522158748086285	-0.036955118004952325
-1.499498437046495	7.331228696379776	-0.20711854138612062
-0.9408987451664157	8.102293082386637	-0.5692152964064683
-0.3001895948588548	7.6684694818879215	0.842262240965238
0.8413362554750689	7.4554865259215655	0.3376222118178448
2.075589518292381	7.804325937233564	0.7071077917911696
3.6872710755766835	7.801274263445357	0.6014153166623156
4.649034076378623	6.7137457524275455	0.30907251093343324
4.227225355298669	6.212845124452922	1.0961813775903375
4.66671422620115	6.170067065871677	0.1401377089911966
5.139272944211032	5.6239290701657945	0.3901963935287782
5.142603110737025	5.183979561748052	0.19804998957741227
4.6838515135368235	4.186276766435478	-0.02070186861594564
4.441534831101795	3.6640725962216294	0.49214335706428386
4.496703019742272	2.6560817644132446	0.24784546404655594
3.3963365742866785	1.4417143301318418	-0.4202827182098086
2.8212398367237053	0.9650437053544957	-0.16676008184853824
2.4101467219015333	0.815543934567716	0.6000598073789807
2.459922840617901	-0.3609943830029585	-0.42774696085795905
1.5413905107173211	0.27035890354188685	-0.3947371446717147
2.018098382233652	-1.2323017962083853	-1.0138117740010515
1.602305567275553	-1.4861724199528203	-0.20437056704470669
0.36809577765141244	-1.618678077753429	0.09655900869487644
0.3562650598688559	-2.493760433891743	1.0243335808801641
0.42641245585940907	-2.7284357946880875	0.9475211095039572
0.6111052437234336	-3.080290323202588	1.716454058814685
0.45301897842524785	-4.18929365396633	1.5686293432433784
0.8149292632951539	-4.268473570242365	2.712167516058648
1.7608725354661812	-3.688351681373155	3.138866707493115
2.4907069082923723	-4.194071137244	2.6237722762032263
3.4944787209087718	-3.840982786788544	2.9306941852135546
4.275635404705052	-4.400934408283513	2.971047411937646
4.81518010279011	-4.682946345971968	2.6770783088708683
4.827497747300954	-4.504372391875199	2.6377526575503216
5.495591948295594	-3.0432598006734226	2.21732123363807
6.103983706225515	-3.5254095900390436	2.667835849821891
6.296492218526154	-2.628922263227671	2.6325045630526858
6.846104498620885	-3.059510122916135	2.7519255915200262
7.202167059920652	-2.5802640751015677	2.513707528601246
7.571831307574577	-1.6883249588509983	2.382054835979026
8.035577376427572	-0.6469979936373897	2.4985166323581893
8.073544427470775	-0.2973371698362609	1.8092938089398618
7.760282166824004	0.38459083616734147	1.5565064257970225
8.033816201024084	1.163668008451293	1.4900272460926218
7.93456587239147	1.5491461687671904	1.8299418449790554
7.1422621410819005	1.6181553979565588	2.3317250031674486
6.675721681440338	2.517688322001632	3.0968177162365667
6.308944822022044	2.4205143659504174	2.6621200403058927
5.908152332444247	3.477011785762771	2.729924751951125
4.316004181515009	3.428592098170043	3.9619920774908994
3.9771795032408046	3.6726900101799735	2.8390167408223403
3.2852086326807095	4.557376557825851	3.6066568067375515
2.553091560681002	4.052280113959679	3.9625655549761634
2.0089984051891445	4.5243755632769	2.9336829726057085
1.4033685798964193	4.89493204985993	2.925702559330617
0.7522922239375653	5.4205816341301665	2.603754287532367
-0.4938084637264616	5.22529226491503	3.0896031017610293
-0.6133231058635811	5.1912698760706	2.2891007225404687
-1.6600794144134594	5.128087175473659	2.563790091880737
-2.244004209380943	5.147944146777389	1.4317834516020738
-3.6299564455596403	4.169931035044244	1.2165049929779748
-2.962715024823522	3.9021222773664515	0.9348147797822355
-3.6394362276254335	3.4946190766847867	0.3052073445953579
-4.135302058051567	2.056109611837788	-0.5924412799264581
-4.481498365412223	2.148318445626621	-0.5373109397534026
-3.278336839212184	1.2895030875182316	-1.059475698946124
-3.669016292451579	1.5406936847906096	-1.601959100650796
-2.7509913596241304	1.2978585356843468	-1.739484612501145
-1.5865470292560158	-0.06476093756305454	-2.526190732285666
-0.9237629685866583	-0.19839465268093948	-2.25149095786931
0.7253058110964852	-0.05458622085109782	-2.974206047435104
0.5949231449999124	0.24245040551999392	-2.212128824078867
2.310485760484048	0.27637912928361097	-2.9494516419806605
3.1347650090332113	-0.6023926923088885	-3.276569929101981
3.3364066002679786	-0.8562090019329222	-2.9312436245156337
3.346090025292845	-0.6494463402072022	-1.9082917809029354
3.79961365530172	-0.8181259180247261	-2.3126627105168622
4.876680000791957	-0.5051488857174815	-2.618367343352312
5.729365170262626	0.014101533953267409	-2.4856347091966504
5.544343854475043	-1.10436893696132	-1.382736321797228
6.058192935136412	-1.0915337298147454	-1.356428257809943
7.232655744288041	-2.372647436281704	-1.7371873426690292
6.362051647337634	-2.2922406363975707	-1.9046943876178966
6.244435447869198	-2.3419252956673002	-1.942552314106107
6.477605434770905	-3.818620697176701	-1.079658465616271
6.325568329755398	-3.6369123410464512	-1.6811383138121672
6.955356636473788	-5.110028483001115	-2.04098300085571
6.0614803521464635	-5.43178735316314	-1.34213508049235
5.29929519076546	-6.153912800603959	-1.8240170509722857
4.325949005962574	-6.753595367355864	-1.609251545696747
3.8649034879092463	-7.178605157319602	-1.1431249023596264
3.000495486786183	-6.70243665103494	-1.190338838760559
3.110604663464289	-6.9139685224377185	-2.0701083631809922
2.086409296281057	-7.728951776237602	-1.7060388471678125
1.6424574735987165	-7.889553794854799	-1.1939026420810317
0.3198113712989993	-6.858551724391957	-1.0706633434709223
-0.08628962569511267	-7.511411962899215	-1.6888190368004532
-0.7647806391043922	-7.5154659645607245	-0.550794522823546
-0.7011301373825047	-7.163857259405515	-0.826261786470312
-1.273727212734477	-6.844532707273876	-0.20476401632660512
-2.4280280838670034	-6.228452421831261	-0.8437164242195603
-1.162739696686783	-6.349217280885866	0.24295690049915208
-0.8042356137292379	-6.054396247823215	0.20027314353287506
-1.793806585511095	-5.053559886083135	0.15466968836782047
-1.6836267861505654	-4.983029496089426	-0.165257139078752
-2.371292386040276	-4.510720385110489	0.19017936977971056
-2.0246154617332137	-2.9936311092536414	0.12202498663916601
-2.1561101088109895	-2.451795951715138	0.19656464854571598
-1.8334008877110055	-2.29981458405852	0.7365179467511515
-1.570504911409455	-1.8722620522146567	0.8400950330133787
-2.3264095722602454	-0.34737385470437854	1.1013241937645857
-2.6980479489897755	-0.08675809890334207	1.22240986157193
-2.5316832173693418	-0.6524288643306257	2.256294036585845
-2.5581637831917874	0.24656010592211342	2.824960981964505
-3.0663082766521645	1.6716955372954454	2.338296928103421
-2.031593439159913	1.0675533417320757	2.483531603882269
-1.375149239459388	2.7081282059810916	2.7506384837602162
-0.7893585565999983	2.069737239765526	1.7715115834323159
0.014792620501693776	3.201445912464703	1.297012773381086
0.5061809789808387	3.872531371358746	1.592283052293772
0.5463018104659936	4.292498684809745	0.5913495066536307
1.7410592796204534	3.77989736307331	-0.12880605800183825
1.3631598227620867	4.226398452939257	0.11068374030140637
1.748954767009039	5.668603587531637	-1.3613342709098222
3.0163796477488605	4.859750146612868	-1.2318905367110893
2.4217714658778036	5.142878903798161	-0.1888268195291416
2.9490102309070085	5.8757007646895705	0.28858965586289065
3.7138305528098297	7.200496188251877	-0.4817022608473869
4.384932677434416	7.465491632711027	-0.346129108024621
4.476610506016745	7.531380326500572	-0.037865360803505166
6.084765813718116	7.660485246737508	-0.13172367899282117
