6.987090108992334	-9.9549888269352	0.9935029621202123
7.07235653597153	-9.88087874647248	1.1028536274211231
5.859524819117054	-8.90394155514928	1.4973051428099773
3.9864391693080505	-7.412983066132988	2.0346743893291874
3.682081742311537	-7.178441103440705	1.6168694804715904
3.5764387132188276	-4.828880220181783	2.2041709255252617
4.154450668542538	-3.379680072129026	1.1936156279903098
4.127983468675994	-2.5556536194715687	0.1819775850141936
4.111599401935636	-2.282887854544414	-0.9854477921703682
2.876863833110093	-1.6341055970820832	-1.205347104039927
0.29534693038466675	-1.2824238524711806	0.02630258302286692
-0.4200048540655177	-0.09457087710774008	0.2702478482893994
-0.08333104819409887	2.0138072621389096	0.15729685627527157
-0.7046967203120253	3.4220991397606464	-0.7550702020265676
-0.4354267875638071	4.945168280465178	-1.2526554936981913
0.7876288786453932	6.61279772247536	-0.5232764015403322
1.5132353102899079	8.060978964327663	-0.15187656866589794
2.210825493722627	8.150501319273982	1.4278890488733915
3.9152592433023474	8.029300217650148	1.017664006039651
5.049943139426545	6.425564411717305	0.20497886298677634
6.005493643506248	5.55839802178702	0.004716925418942974
5.618653327043654	3.7273163605793407	-0.5216166528528903
5.2136156519109145	2.6775953392972665	1.0280697316348162
5.147489853035141	1.7402896671686865	0.8989169875351014
4.467228920506286	0.7899057258235049	1.2188617512580509
2.7683264758941037	-0.9740973232649505	2.482302895247119
2.2821125712357055	-1.8841258660594318	1.94884378534476
2.616308287426812	-3.7082491718014774	0.9496839045750345
2.9420364912494454	-4.561394513197545	-0.3989959003214051
4.43899403134686	-4.952682588818179	-0.48978780258513266
5.607202232462614	-4.976425706202483	-0.053319556395177325
6.469226510117896	-5.3378753654577515	0.68349756307877
7.667643827453231	-4.919519317538586	2.7251746193934414
9.102271896893228	-3.5510111363153527	1.9690041424343323
9.680698455782151	-2.3910174861824247	1.7290554871027761
10.935496784231116	-1.5718393623586417	0.3023877279747579
9.950306884666578	-0.11325653433206595	-0.48536323350400884
8.665307543777269	0.14106358585267675	-1.0370305413757248
6.870315320353984	0.5457344228565938	-1.5952792276790275
4.807258970143373	0.6270095197590935	-1.1918827660326357
3.985676260891024	1.410373259066342	-1.427194617205834
1.7851661773469223	1.6465318240833566	-1.917766651336926
0.3105174788725542	1.8268214755594059	-2.127969045752452
-1.6495829276122762	2.142799070197518	-2.118343161501757
-2.942649291527033	3.26864983054897	-0.21053827672001546
-3.0619288426270073	3.8530933943275385	0.8867029128261932
-2.672428197007719	4.933475760661173	1.3668512931455012
-1.4799310947954465	5.476909306173392	1.8133970906066668
0.2904202095973861	5.746420547756885	2.5979539961739126
0.707903504170825	6.413696150588903	2.683453846986022
2.357204171926838	5.129967365504184	2.342874091194437
3.9794608454530396	5.131274545074856	2.677951233103375
6.143981105203764	4.457754012714148	2.2181778226007607
6.5640196291993025	4.409252537123048	3.020575077041687
9.058156244178022	3.3688685435267898	1.43951431597492
8.61804196288281	2.621602069983761	2.463811884598822
8.413880579660974	1.409556770828881	1.9623438773422344
7.507392165835949	0.415100191874613	1.6087615887958753
8.117081372273004	-1.1864327438549465	1.0983505259296062
7.5798779953810484	-2.16236052379542	-0.02581177497879872
8.300161872976885	-3.780423255414255	-1.043259045461327
8.188385804115967	-5.322082296171923	-0.5216555600068453
8.271127823150026	-6.138119910355071	-1.0091937266867135
6.528556518670868	-7.227852798400422	-0.7633892158429165
5.072522891389449	-8.709976025908261	-0.913820457092415
3.448944978221394	-8.820278620351663	-0.8426624770967267
2.4713699983960487	-8.578919829149836	-0.4002200836499459
-0.018281910498941123	-7.7995527360507335	-0.2870699340251169
-1.4814930349469235	-6.885212485024667	1.0955191549420655
-2.135119484595563	-5.995766383871918	1.3275510822466112
-2.4922995934278536	-3.6368468786271038	1.060533311628456
-2.889935139257619	-1.8024218099967557	0.7377700447340614
-2.7246514190216127	-0.8911054849681529	1.6286610399246824
-2.452448173549576	0.5203095319273	2.7466139538512837
-0.4512750600051312	1.8350126378215776	1.57910822629043
0.9511532902433673	3.7909650630568925	1.2315531804466229
1.8133504547555015	4.022137792254414	0.49466840217811475
2.4007577988040256	5.401168387321621	0.24223468414535754
3.7520893844004126	6.661195515790779	-1.212726659776451
4.755660632041241	8.261113780035508	-1.5040609694800366
