7.432780490634645	-10.0286070547973	0.7187427263447931
6.778789334401907	-10.138742035430232	0.5909505830203579
4.778722686214737	-8.646749004453536	2.050846061334517
4.111117524461465	-8.32569242334106	1.8288438925747221
3.252457278505475	-6.847109133045579	2.4210171371495637
4.738211886198043	-5.80585143364712	1.6327250141099419
3.831726235956124	-4.176879691351947	0.8139487897314233
4.003015604122563	-2.0422338320538937	-0.04167884665226218
4.295200457984906	-2.5183441256671584	-1.2148979310634198
1.9206781967685627	-1.1294610516016308	-0.5471706935726544
0.9669014553317503	-1.1422673778519292	0.24548750379354922
0.006102580385864198	0.16108726810450474	-0.2863160515597844
-0.21691781293017498	1.9153193532856327	-0.4359086100306312
-1.441064210736552	3.2559080301624572	-0.5547415607581301
-1.8738702246104149	4.644514237010672	0.1859853086245873
-1.0169677630585603	6.538900200638918	-0.6535069734456007
0.7768835048229125	8.612863483851381	0.036190513185657136
2.233989391534075	8.257311579589729	1.1646369959776903
4.48155286447892	7.895961948419368	1.1735036669481431
5.881885738902163	7.38695878704635	-0.14998586950513193
6.739188773790962	6.6037695933655085	0.0578275098983958
6.661064079239641	4.32281407874712	-0.6236972843457104
6.349940422240107	2.9063354228181035	-0.3962802134973693
5.576076255441948	1.449030549706528	0.8448038701624964
4.473711336054633	1.000997215596042	1.1693311802994055
3.1472310339327967	-0.594442230552624	2.339882276218085
2.342968170917449	-1.5353117904110876	1.069605795537599
2.9139589993616117	-3.6493183900852033	0.13454589583013943
3.5315287443780106	-4.919728801256474	-0.2699602270008652
4.149344477554958	-4.930388497000838	-0.88710254887804
5.2315974161848136	-6.003907875717213	0.9597140393167702
6.572518852380241	-5.894231890336769	1.4984261909818302
8.029548145311917	-4.630033590384628	2.357429092130787
9.616020597083129	-3.7708293320348174	2.2126619006888584
9.970332149834361	-2.982820811038745	1.192743913285292
10.345341712622538	-1.6937535011794882	0.4131059631146208
9.27130536287335	-0.9108698222580586	0.39676269660862784
7.920901627267369	0.044814893313279036	-0.3132056472438747
6.549960268132229	0.6299714095821846	-0.8889682815858257
5.934570592573425	0.40359188664680273	-1.5260897389579842
2.719330216938548	0.4392412947327607	-0.6531730979934491
1.1680841131463096	-0.6376855370147648	-0.44164866424205584
0.25398821460672916	0.5504536694326035	-1.481903485155683
-1.3914833519954652	1.405531430829228	-1.6049022545699994
-2.955997147772062	1.7461998079447785	-0.5033870944832892
-3.6367260933252705	3.5835010439660326	0.25420442478534117
-2.696843603461007	4.259847795502144	0.9154207062611234
-2.0966907500183503	6.214374103920398	2.2470437795702605
-0.8057933030118584	7.006981096505745	2.696508228546548
1.1552594787075658	6.47121052125056	2.4532785902531327
2.8760300381821446	6.830401631470234	2.651292626293234
3.651248145023902	5.4608488989407675	2.8964340768677674
5.353340861292882	5.450563611139848	2.625948545333659
7.135755130228683	5.7977973386574035	2.409760762102467
8.781295667554451	4.8379831381582346	2.004641148908702
9.313371077630174	2.36123991767299	1.3550210308096264
8.046059791003419	1.4502764470498946	1.4744403988062742
7.869679177300658	0.18318057335027227	2.000001819097343
7.38211559532958	-1.813515011932554	1.0224369467734822
7.4783618856072245	-2.5248695043409892	0.05622824501707879
8.427158136100237	-3.165473029798438	-0.6408744003112244
9.054288932217357	-5.421509037363386	-1.290193032560817
8.770644305282179	-6.667484457557662	-1.0786567260806366
6.451786209837211	-7.858798229959863	-0.4084354706696742
4.870831043478029	-8.306143627242072	-1.2319175763579864
4.056112148457042	-8.800964892481627	-1.3481402526233384
2.811140179424698	-7.8597813806019685	-1.098975687783392
1.242108399973144	-7.739365563874558	-0.26367532376392167
0.07746918541471232	-6.634918970841926	0.4418898211396226
-1.3221419641013057	-5.78400467028182	0.7028871725277699
-2.2074288241794364	-3.4846754008090888	0.2357379574735184
-1.6809062248159603	-2.7661192273201993	0.8534613988379597
-2.3643640513724353	-1.9329631230752653	1.0976792269832494
-1.2327365562301515	0.49734627700340794	1.8101563349742147
-0.878451550195065	2.0261674799413183	2.6279453728517663
0.4760041707554171	4.066694176949585	1.2075777139230341
1.4357755933092167	4.842967672521992	0.5958813319030816
2.233016707383403	6.464392421749054	-1.1278658893465092
3.153491154764759	7.149290558818891	-0.5977631827488332
4.958758685380539	9.232895081858516	-2.4375424670629013
