7.26087891297265	-10.13938881614694	0.8561642383413296
6.774466761222167	-10.260262775808034	0.3315772143258955
6.659299785557008	-9.942990002742741	1.2129117996416496
6.267624222901704	-10.249978818943951	1.3021370695239165
6.296535469944379	-9.108604679687602	1.1870251961702418
5.423473209547912	-9.051083191527578	1.2504179396041448
4.766418919097755	-9.32559331264055	1.9503405318299016
5.709039189351323	-8.993269062618209	1.22874927613855
4.0380769959834595	-8.505863093941652	1.242225250478166
4.117026953055771	-8.027004095508913	1.9062566713937596
4.507101264204323	-7.226148434010458	1.6602032230202761
3.7415843469448977	-6.7551272532258455	2.0330379023644114
3.2881991297505326	-6.818155922009156	1.6235988125484098
3.6355823844347714	-5.602282732569681	1.8007954238673236
3.3738393766653925	-6.28502848043335	1.6190924154895971
4.26358508759151	-5.387876776567487	2.1032821230168848
3.6619361277399305	-5.16090175561225	1.4096452471842917
4.493685960409907	-4.01719657763705	1.1430439020335543
3.924904974510924	-3.12247256545862	1.080068453508773
4.168473863296407	-3.6563041922023674	0.9459599866057463
4.488534511535596	-2.8378943354476576	0.4404090798907917
4.552476051625501	-3.4290315139951137	0.5685956935262512
3.9670880200702108	-2.889802936352842	0.4499434768895343
3.3387254523280276	-1.8164100041307907	-0.24298566167255908
3.009844066149336	-1.6541593349467731	-1.1770291801515034
3.0061216627680993	-1.887064537993232	-0.17179300338532588
2.3282085325961153	-1.0659265789931065	-0.8362088423362323
2.0551308148258216	-1.4340639397916615	-1.3569750521691921
2.061823689393495	-0.8263591678142401	-0.8685827105239013
0.9017834422710689	-1.2629260234134934	0.2127121119974753
1.2054386864483073	-0.8159735855059324	-0.6144427197890066
0.036206107511265614	0.07638907552739771	0.24896859015611583
0.37369684169049683	0.4379278651434725	-0.6338667518643271
0.2121640120241879	0.5592852821606705	-0.22812256348790122
0.12684773328097354	1.5588874056738855	-0.33527013783037424
-0.576630250505352	2.3806268356559914	-0.3006263786104198
0.4475189125901482	2.123458687130188	-0.24553778501490015
-0.8056863891793	2.5591952261104076	0.18661706804220335
-1.1206885651384821	2.5748992250297116	-0.11584711598422515
-0.6496542394026315	3.2059426955064625	-0.33534147229481304
-1.0288353731438815	3.810740654329996	0.014063949720448665
-0.9702527264048657	4.110216840009595	-0.14017686952552488
-1.867573016538414	4.495851415900957	0.2729177371554963
-1.4800386842218924	5.490777996737618	-0.6423360113647246
-0.7724884613970555	5.723401763610949	-0.36329043562858687
-0.44117589350767894	6.4953883063658315	0.15572726951966853
0.12587942979710842	7.269355348254166	-0.028909133503730478
0.7369076016381602	8.187183937376869	-0.5660034762594425
0.326087032694208	8.481268519866772	0.4955164820414981
1.8540631248019266	7.91190964544847	0.18868574921000025
2.0581328540035733	8.593117784655252	0.015603477930179493
2.567866787124065	7.996800603529231	0.47489022650439994
3.209501701265114	8.214468546992684	0.490619875933587
3.988381102781207	9.11068236448087	0.26783464694617515
3.91105712562069	8.840262161589076	0.3788121180084511
4.332048270115888	7.9097065281712675	0.6061026347069558
5.620940224931546	7.945076464450659	0.5580764107215767
5.613512498325392	7.635674060712845	0.9077784371795254
5.872255869521829	6.993560205280548	0.9049372118834424
5.956172304578525	7.138328825810094	0.516727349309369
6.26585558976619	7.16110157716776	-0.0860585913809837
6.247534108950429	5.818229598997477	-0.8354593306997921
7.401407713131944	4.544181394973845	-0.41146293458771876
7.2092373153368525	3.8118536659857947	-0.158771991946822
6.481297406662579	3.333077635324969	0.48117785793977386
6.492419814444455	2.8700423330985623	0.3873899537428579
6.735422202033772	2.3445049601363497	-0.42803082512301144
6.3398032072479396	1.889665021085231	0.8739481123771619
6.264569963252956	1.6753049223214882	0.7060369228001364
5.853873453783517	1.3444078101903019	0.5156126261799164
5.460952381856942	0.5318561813890942	1.033458814014769
4.621464290888984	0.4016989599374924	1.712561776062659
3.9215549385789825	0.5589752865893918	2.084392337000594
3.353712957488071	-0.5946251909961897	1.6295331893220377
3.1284449887838552	-0.12730926951947907	1.7175139486846551
3.1309271724851704	-1.029837308198141	1.5121278594971772
2.7081298753598575	-1.6189586442128048	1.299294370743485
2.7797394409114924	-1.9587408977165854	1.6250299044802137
2.9837526387305195	-2.37494139308203	1.7640021184443135
2.401922550873363	-2.3161164368871496	0.9039748402310344
2.2901722792570376	-2.7895661794965965	0.40497886464248456
2.57174680722454	-3.998342344391681	0.16724300630292832
2.6055402751365286	-3.7354901274235184	0.09133154752980246
2.174748699556993	-3.7018626653042865	0.051030080608585604
2.957877888535543	-5.033076400603546	0.09651456240857881
3.350418495416316	-5.165855429969399	-0.007304124199838169
3.5464150398815963	-5.529110512592531	-0.8504062796838436
4.863948261184496	-5.078534106023319	-0.9933284458336911
5.494718406508483	-5.575132328979246	-0.7375726286517698
4.826242015991282	-4.8255697821708825	-0.41632246643104565
5.204729425228395	-5.7099503153271245	0.6192560811661905
6.180119925492768	-4.909697727635825	-0.11875021440719291
7.20799967489017	-5.973083596756249	0.3720648697646629
6.586794797651593	-5.630869508269001	1.1907103361709694
7.725165772289861	-5.479316587813673	1.2988611615112815
7.368062163006146	-5.416048671015732	2.172870832395966
8.543193762649263	-5.331248541610474	1.6206336853941279
8.341625419669379	-4.937898281019037	1.5722533729260912
8.523171536673551	-4.6958785283552364	2.6024526828175283
8.800050335279497	-4.573752098635225	2.9325596085515406
9.383953907924962	-2.9966756017110185	1.8312916879381516
10.154423224244194	-2.7549010211458143	1.2581022215998723
10.36979945189513	-2.556011161738729	1.7339890909935796
10.398397839442715	-2.6103598598269837	1.0251110444223337
9.77097063750313	-1.5099672503266492	1.4211191205841371
10.284223601295507	-0.959566660225943	0.25195353295835715
10.250974255424527	-1.507727376199599	0.0810219969014638
9.702905588546889	-1.3654827156995213	0.27866452455583995
10.193486219155815	-0.627411063118688	-0.5134611415275342
9.36067527499428	-0.42273661499034465	-0.16496922020981464
9.084150182466015	-0.051300227708504176	-0.3962930097567735
8.362618613529008	0.87557195253757	-1.3686471830581721
7.654227947839088	0.24268227159433514	-0.6291319337037846
7.356266891195648	0.9574426041337432	-1.4752807121767513
6.884184034301189	0.9743418859031835	-1.3164360202802452
7.005718331961641	0.573986503181247	-1.9029188964625283
6.451501335045468	0.7556459335217819	-2.016279367158804
4.872006872784091	1.214589664858535	-1.1433446986065228
4.157925068173985	0.26043205785328016	-0.6962337982759621
4.317780237769418	0.3296882363028627	-1.1140690428803242
3.7487637939587293	0.760576507145504	-1.4257374605117443
3.1556777371795226	-0.07916967705188982	-0.9251627026805016
2.443060803895442	0.4415862415334898	-1.4142000190590458
1.982327514985999	-0.099341280179717	-1.2205794622812989
0.8821589588665788	-0.268577163175053	-0.9165039107259565
0.7708097316258747	0.21049866664547565	-1.130100956966435
-0.5377038478205269	0.7878688285578377	-2.1211951686521227
-0.5518726875417763	0.7290356449711447	-1.9481434331418037
-1.1595065805483227	0.9232831097156668	-1.2983528893967957
-1.9143579272791418	1.2369162960036881	-0.8107905798477373
-1.9858394489856956	1.2082637386236366	-0.560348230765211
-2.552980393348913	1.3997991874878828	-1.2849415416803858
-3.143765687513951	1.1767813674755785	-0.842386798051878
-2.9212351417781663	2.485671014950076	-0.5721189967407037
-3.1673808868093087	3.5385034065245673	-0.15063962978859247
-3.8231029403906227	3.789627459666716	0.7653344686274912
-3.8006042431500164	3.278421504102573	1.0303972036103808
-3.1694967416570883	3.6909301316912897	1.8304107730695707
-3.0778143391757418	4.810037341471893	0.958419617815756
-3.408157365748025	5.45350787539936	1.274055567315952
-1.9951812526992145	5.468716043030799	1.88852590667516
-2.7687362848940595	6.7436470259178485	2.215297428918876
-1.398566546641553	6.564840916605285	2.0326943671184052
-1.335205533357834	6.256012546562894	2.4795782842406853
-0.5772645739587483	6.703981612940927	2.9699230770489713
-0.4909982831429813	6.198931463055616	2.099051484967234
0.49874430315409957	7.091481809599511	2.3501774665440087
1.2555879250552207	6.600899061470083	2.8491458335403217
1.3991398670987512	6.199100811501781	2.81500364680636
2.2366407603511202	6.5878608278610145	2.904465955189022
2.374259345254323	7.153522791602047	1.9839936376941534
3.5455416559434263	5.623256616143438	2.0782553394520233
4.032235397310727	6.217166318316691	1.9953623126818756
4.372844814497606	5.731252330227247	2.2636836265372393
4.387814316565955	5.128020027014594	2.0009814709069382
4.748604297740856	5.502662117964421	2.3471505543229134
5.793260435804035	5.445638603154805	2.3062568171410587
5.817619975526213	5.809366518481202	2.432713122414518
7.298136937427608	5.1170781259303855	2.2316340265769177
7.888340800057214	5.830332063347874	1.4627221257441059
7.691677211688083	4.762613172673248	2.0893104286644038
8.101030070816805	4.644995579368324	2.143616081029584
9.33173420306988	4.374639523912613	1.2206664136140832
9.228275125178069	4.686952658304317	1.2621466921273747
9.160695610526469	3.1163955288465677	1.9905325799179432
8.455139214205818	3.0841783740505067	1.992041149938729
9.214174695731089	1.5918437569253814	1.5893402891287458
9.097810524026855	2.009123466944549	1.762907980342769
9.038042073070015	1.3104915121745986	1.8375725469068516
8.92347708483626	0.30014895934648383	2.071835624501185
8.455899832186342	0.7058101283621828	1.5801991339541386
8.826872943245311	-0.5340708332202267	1.6518810304596694
7.809140747637454	-0.032343670639694455	2.0012839444608543
7.621206580343964	-0.32957462881999366	1.740359672538089
7.283059785270261	-1.698529374505832	1.6030831991890173
7.447256856805426	-1.9541198137077327	0.9879729432689321
7.82764067487153	-2.09935262269455	0.5726371298767491
7.2559043997272346	-2.9272793728737323	-0.258237229284489
8.280074793916341	-2.886561044257345	-0.334699253374774
8.912637159983259	-3.2947180236905638	-0.7625463159579903
8.582409098169402	-3.545958293331082	-0.4756293667883147
8.422940472457743	-3.98905584628614	-0.15041788395763933
9.042414648739607	-5.09641901690272	-0.834879063375158
8.893358309742426	-5.202003657337758	-1.2132943982676636
7.960654600987961	-5.026348769460421	-0.5257203814592035
8.14907026759421	-6.420577922425243	-1.5109347681932217
7.855101379853676	-6.334650308113219	-1.4626497566693246
8.169442884204098	-7.0633217145527984	-0.8919567103011109
7.38645700968115	-7.262180246310408	-1.435168751282252
7.580089840503732	-7.6092022177557315	-1.6488538582017387
6.903671096165549	-7.450354745198431	-1.7353486053270357
5.51935289686929	-7.717776456002623	-1.08047682946473
5.177056959083619	-7.5751895800355395	-1.701515311706906
4.8149899311609685	-7.6409067329769655	-1.5156869777221345
3.6275516710851434	-8.712692050835061	-0.6726517632019793
3.236345213757753	-8.460072437620576	-1.0390594708197964
2.8129121038984986	-8.436877565993713	-1.1105883306444244
2.6366788967272883	-8.036433452056501	-0.3625748260990187
1.9443128701239476	-7.132414419240349	-0.962345502056866
1.5828559000902562	-7.412173008101745	-1.1058897551079234
0.8768029128058162	-6.818566023335555	-0.6060675267753385
1.004595230156874	-6.803374232450589	-0.41053603772351677
0.4648437125157863	-6.7128187277757325	-0.2801020802239522
1.0211656300622323	-6.943014306769206	-0.31969149663122076
-0.26798904595930817	-6.351343922715065	-0.40139915474859805
-0.3547730969031284	-6.215184635100677	-0.3350133235580087
-0.9562110881223416	-5.745984582678247	0.09139099309854859
-0.8163380246383796	-5.5507823192234955	0.8151524170834406
-0.3848283089197946	-5.304925836708929	0.1663503869851998
-1.648436513287211	-4.885792533540996	1.2219706635862604
-2.3423408135195976	-4.420598624628743	1.5864073092964133
-1.4965688890108306	-3.7350672769893136	1.2048206244742818
-1.7480823253659217	-2.9791387255444173	1.0327053526661367
-1.1329229728150008	-2.7947367737740856	0.9256131679806382
-2.1620565834782006	-1.465673408466001	1.3033102285032152
-2.2966592092375175	-1.3006219595681634	1.4896518953060056
-1.5757530703372447	-1.3222613850409004	1.7211307320817273
-1.1567610910963282	-1.3245548168079968	1.1830390157298118
-1.5759576901321513	-1.1112452112824134	2.7165528680885482
-0.876865793994013	-0.12744779555884944	2.410931904210198
-1.3173163963817291	0.34722264175952633	2.15798515181417
-1.337555633057472	1.1328075773649526	2.662986923309468
-1.2935279441754841	2.5208644725157727	2.1464231919691406
-0.19023542359936796	2.71846267456644	2.4514045670524856
0.2925025348363955	3.0154145821212937	2.2768962881072556
0.5920770684112497	4.2520760955141	1.0580207204470777
1.1771028395733345	3.335225277774182	0.7735531930368706
2.136101374181635	4.202158372248839	0.5268672536146717
1.6514710794248553	5.353339733733897	-0.04099626725905031
1.9154552949191925	4.7982602712217854	0.8662134445506793
1.9157908570157005	5.595741830353209	-0.41858833201043183
3.077946328555435	5.901729618841317	-0.2832980436200281
3.0623502115278813	6.524989870854746	-0.983866207137854
3.7856866562746645	6.233484531226278	-1.552761140188357
3.0154384689781	7.104761009281811	-0.8061202780411627
4.460171998171192	7.7670128233888285	-1.249167368580931
4.309474136095588	8.36297125710429	-1.720813393714213
4.550099454713179	9.511612512888012	-1.4215206191192333
