7.707508930731009	-10.216708479822138	0.7252439901185035
7.108687651569117	-10.50345503712687	1.1808979782839095
6.938935768792739	-9.539395412890226	0.8532314577082322
5.316559120483016	-8.94212950894963	1.855731740036119
4.963970565348632	-9.03138453075081	1.5764970821166595
5.243144247233187	-8.864869692459793	1.619188247452105
4.1709422225444435	-7.790036846899227	1.7356631045035913
3.6715664366701715	-7.306973872369683	1.6750355368252283
3.7592159779762957	-7.116599552221805	1.4323715238005694
3.6396908703695385	-6.132464852136027	2.430684551798397
3.643673692131683	-5.745566110412108	1.9469273852343376
4.013740844448056	-3.994246185096231	1.300949181429461
4.7422588109150645	-4.310430722402083	1.7395409562675543
4.6403130906938275	-3.3775654951679	0.17937894415434547
3.9935316494039954	-3.3713256695477147	0.514887130412509
3.5621092327615336	-1.8948922297580446	-0.04759203598119166
2.8317662628377414	-1.877349571473274	-0.2339839780642885
2.1632445999854175	-2.0330006088710126	0.10072482786166215
2.7890534057464627	-1.5075761157530057	-1.1346754835642252
1.9224920270691084	-1.0740470282769068	-0.516433052866635
0.78098006607158	-1.074360281919578	-0.41912421920956544
0.02925871910783745	-0.057564226450909195	-0.5352111278894797
0.3239869517744427	0.07884670097932674	-0.048861159877975624
0.3094612922976583	1.776002983634534	-0.3519379866499828
-0.2609494818304001	1.6722787986358536	-0.28335002899647876
0.15199628081270455	2.531402013772287	-0.33243280839240297
-0.4384777678450573	3.7461286836885783	-0.713237903821387
-0.8905555245062935	3.9265869677774448	-0.6917658965840374
-0.5077983099851154	5.623250482832296	-0.49675131677783513
0.02685984049085144	6.609286745400125	-0.7867878394863814
0.4108016484008633	6.947375684391563	-0.5210301159751989
0.45218230455079655	7.612433462389575	0.007073996835553986
1.8190018977309461	7.422301581273014	-0.4417776617555085
2.8023415036681847	7.3775812633438225	-0.18489598670674684
2.7088975336874244	8.615292343291616	0.18428870670367337
3.7090702657286285	7.735835129963354	0.40243708237990367
4.468451022576954	7.447836146460829	1.1147039706881752
4.963634352174237	6.851746391480821	0.7368212479874336
4.962919959797938	7.471546765608428	0.8829055589903757
5.249119860876451	5.8042269673866995	0.6332789083770851
5.7399047175807025	6.552266041535396	-0.15870637585219327
6.3990419641676315	5.11391214336289	-0.7198874979851817
5.659295309523497	3.790191099857298	0.4089474796062803
6.3863211531014015	3.7731631307210325	-0.40692277053397286
5.720807922587302	2.9639569726431705	0.4658126035540937
4.874772176117009	1.8551291909399625	1.3373184726923868
4.69865804344822	2.411674653964589	0.5910814217464258
4.00395974020003	0.730998883623583	1.0730384528256651
4.612962797010471	0.39764468031950195	1.6675889241854955
3.273898697458312	0.08100088811536776	2.0035248308595395
3.7121610812536088	-1.4065219161658777	1.6102255873376086
2.6873927560092543	-1.14766365127012	1.9914437404482332
2.439079464058553	-1.733149140858261	1.6995573812048985
2.2865900895644766	-3.0422466385585842	0.69585164270904
2.396023857290279	-4.091802651231117	1.225470794166037
2.9680984314839707	-4.104230747368231	0.3764078793872982
3.1374498009216976	-5.086970265784538	-0.4091833079975197
3.389999350529395	-4.698626127056195	0.06819774826200509
3.8405788609881815	-5.579407004828672	0.24326100911699866
4.638721281386287	-5.457523115123794	-0.47391385486679893
5.581424402933623	-5.092405736972961	0.39885177091314555
5.871187113246174	-5.666863535671803	1.382264128169682
6.626564714264814	-5.25967756070141	1.3439829567354038
7.293388529935322	-5.642346566059685	2.1368696350895133
7.9050997450946205	-5.178084258751075	2.0265322812646147
9.066060185360012	-4.514944339998992	1.6961124098662186
9.065002613034808	-4.41541550709859	2.491667729677898
9.721492078193425	-2.698601618927046	1.537923905171326
10.248640898005753	-3.2773053526101763	2.0362013062013604
10.774531294137836	-2.7682968985370975	0.8131788738373152
10.113720859851542	-1.748331396147542	0.4248300813688018
9.934148225881396	-0.8500913993296976	-0.07599864556616853
9.391412969593228	0.02219680315877315	-0.45380325108538977
9.020247612015048	-0.47437304076414444	-0.6029834145289602
8.398244962216692	-0.19429937603701875	-0.37992414638553407
7.929474493373911	0.2872713332533925	-1.5032321177111774
6.4356693537020115	0.9114176780308504	-1.514632517781219
5.745379695874553	0.892137621266677	-1.4388320005556037
4.999595859031932	0.48316599835969076	-2.080244635760943
4.471902141118859	1.530548343091633	-1.3542390521700165
3.3546903236939696	1.6311826449715672	-1.8092635254523437
2.2805612989033137	2.2228136491788675	-1.6698918019956195
1.5821093941728221	2.3802142063259093	-2.1582791431329977
1.1271127929302756	1.3614285073050236	-1.3351280212563097
0.42273865100951447	1.9791379251616834	-1.9400089011869328
-0.3227122790458439	1.7142660591131285	-2.3021688434553615
-1.9838154942866257	2.7051743455553243	-1.406560064405376
-2.192513335267524	2.3877197631541422	-1.3251003320501469
-2.95318716350751	2.9176317652930717	-1.3014864165459628
-2.977662877315076	3.9102339220353217	-0.3635777723272525
-3.6202534049400072	4.081089224505835	0.10654346666022091
-3.1066409430435478	4.488454721138061	1.2071597281878863
-2.5993641475890508	5.271718651398388	0.6101623825778264
-2.1761837411769265	6.091553598251352	1.438450085677867
-1.758260757014532	5.569695615465486	1.7844675755586015
-1.1299829209456431	5.492983309332926	1.9134660239059254
-0.9277417862004599	6.787075980821012	2.5475678127182237
-0.19844177816845102	6.0002117149504475	2.98394587917884
1.3231426521351781	5.469444370921294	3.088107738181308
1.8850525978604347	5.473997882854494	3.207785677378685
2.125099071796731	5.234601705126638	2.420104238243696
2.89636102513504	4.724754813304921	2.6726382780854383
4.484206273819189	4.785505283982587	2.3445775766744847
5.238829341336511	4.545676686356056	2.1019727491296663
5.675495744565309	4.601386006816861	2.43864783753414
6.639876514763276	4.680444330782581	2.181721342837927
6.986626457783948	4.6411342985213055	1.8896408528915376
8.095350834765702	4.068645296596826	2.3467944755372185
8.189523119745829	4.311599914759616	1.9342764102111603
9.113856468834406	2.769873904227286	2.1812183568701093
8.4521641829612	2.8900340153846953	2.347906943326653
8.664506535319056	2.4874961551288948	1.677064033375498
8.243729963343869	2.0180265871053464	1.3953893954843943
7.774981790651959	0.20507985930751046	1.519924996276339
8.024224122326784	0.4253361927645839	1.972260522467336
7.875955144050987	-0.31301146378041245	1.6632529975794348
7.7174344966387824	-1.7202550021567058	1.6511557008444568
7.273022055635514	-1.3006285083829061	1.0659117333981025
7.869122800859374	-2.0867386622225856	0.1118365874374267
7.747376596185523	-2.836453369912667	0.2387345748272952
8.207346187049364	-3.9727272906187583	-0.9343407893939752
8.304188734776831	-4.03274743782649	-0.6891952127786586
8.20510629546182	-5.397740534187001	-1.0048227400218193
7.953373829084575	-5.268761285681851	-1.571622449108211
7.497547284735858	-6.124626391679037	-0.848488865871621
7.293032873778074	-6.581659217377372	-0.722977644444899
7.203071646633626	-7.27573187654271	-1.1699719890447944
5.693778704519528	-8.049839773803141	-1.1644733507055687
5.384987977663078	-8.209629706579229	-0.7276979369447576
5.265096959320507	-8.813386111550093	-1.5069214291645068
3.5194599182976534	-7.928323572544047	-1.265575382666865
3.139867751612397	-8.987722033148412	-0.7997892249145382
1.8887142547714926	-7.891240497444192	-0.7919001524354371
0.5517435288500383	-8.606474511683738	0.34368555633533726
0.9507218803718123	-7.617029026469008	-0.5265504267367087
0.00825278959682374	-6.846041501258441	-0.3047450636722992
-1.10930987067807	-6.444259368167069	0.6810091754628628
-1.7727432632714457	-6.559144261498034	1.1975831971517066
-2.478252007589991	-5.421981918508817	0.059369969480573215
-2.909972467993777	-5.076247788404492	1.4528972771718034
-2.987867253110469	-4.218856841457334	1.0917861799476158
-2.9612831531873196	-2.349090018588754	0.9573188049706699
-3.049703975421864	-2.7355267578802582	1.7833062612827855
-2.6115013270222143	-1.3262318336132632	1.8164637490407354
-3.0487751548559316	0.13226695559714563	1.279531370046212
-2.7623316176363613	0.3319518036254819	1.9312901418174495
-1.7907721406302688	0.9567984127024904	1.545578019896783
-1.8741570261266307	1.4193748296413657	1.5121320149888444
-0.5393829292713832	1.7905025920393933	2.46764910807108
0.1975138835980923	2.973184052008435	1.6681341945561352
0.8012734611020569	3.3860070869641614	2.0920906961997723
0.9797672646500603	3.4912504490357272	1.7297998421545473
1.788910270725859	4.883790780206529	0.6194535665819676
2.5882504956871824	4.713368847856646	-0.6077488581274784
2.9175647429565066	5.938209496013707	-1.1646360357846188
3.3318168419911958	6.182151505712092	-0.8696514513645017
4.112292635405235	6.651522785572837	-0.8639507427820212
3.885190285807865	7.110745416927726	-0.7198419611785822
4.408386907539419	8.79653703132275	-1.6219207268324114
