7.100598750676503	-10.202992686669143	0.4218517928038644
5.993128276924716	-9.587613213855432	0.5615085030910489
5.291195748605446	-9.283789925948621	1.1860366936393236
3.7198673451618522	-7.5929860253313946	1.4161064226274311
4.130871325403077	-6.689623932159746	1.6290105648838944
3.341119391995402	-5.382548239758038	1.7042069918878235
4.321607673200501	-4.151100171716102	1.4854046388260937
3.8530210281500876	-2.4001939710956566	-0.2031412677714176
3.5376990858946904	-2.6207888760424414	-0.8483921802093224
1.693815775794841	-1.1970718751398113	-0.41598067926914817
0.44983451020556237	-1.2419619103089163	0.16072997088839347
0.47761768592102083	0.36426077965249587	0.44083776948404163
-0.7241837298406657	2.5737188916871014	-0.3648846454522941
-1.0097488855672145	3.4557116880144023	0.24160603470202835
-2.002526331610261	4.388055878818917	0.1689268442225882
-1.1949570482367127	6.523630221923472	0.1276467965462449
0.6865130635260787	8.136528189248066	0.1470841041461608
1.8966970012172157	9.168990044910062	0.5597347014102753
3.9508175686834086	9.125893199876181	0.579436720678115
5.562816152681622	7.251358701016751	0.07904581269440036
6.441204877782847	7.392417617883079	-0.9971820164960139
6.739294105783251	4.446920044161059	-0.9644841935798855
6.809161946039719	1.8448896907592003	0.8050037202099609
5.295163219639603	1.4308520691069884	1.4441896625956585
4.327790937763421	0.36790193624573686	1.4936078812313975
2.9454737721210527	-0.3526544307846369	1.5733524287041707
2.4650717445925205	-2.4045344711717407	1.0739887901969447
2.2219377292795808	-3.7720544933382456	1.3311399194469582
2.3973232353662257	-4.475881758886805	-0.6511680734464007
4.607608533009219	-5.241363736536035	-1.0119857912199464
5.390551445304403	-5.666154627193166	0.3693019660575952
6.361206490928632	-4.683281395058682	1.0992076839629275
7.783425521468188	-4.75946588645725	1.9797463745734953
9.205359975962244	-3.5351379248649266	1.5928079215508517
10.007764631123152	-2.569651125873413	1.9577547868569507
10.28487057932983	-1.649910525058966	0.6394268718939121
10.229200611786197	-0.9962951146911778	-0.3544853257312998
8.08675191948768	0.4021589507156166	-0.6456795399149141
6.567049700031974	1.1829595394455144	-1.7504905417350602
5.588557727564246	1.4020357213141406	-1.9476599409875743
3.4120172477044335	0.2593790818088644	-1.6432612028859515
0.9059463730097943	-0.2642704001845957	-1.3858843436996353
0.6616051124832767	0.5329573154237477	-1.7725657808744661
-0.9357244250222161	1.2656447338446513	-1.8036429136479817
-2.469824487854151	1.7451020321377493	-0.5688394412682098
-3.7324020648504477	3.2299439708246664	1.2094401875578278
-2.8903069064957436	5.082380206416158	1.0306384531647794
-2.60872590349777	6.0608540699834705	2.4378284846261877
-0.2310632857343653	6.8220004261832266	1.8449932211263294
0.6528667396731054	6.282563801372997	3.381137512895859
2.688752157627424	6.945403927041135	2.648409245026943
4.065504203214177	4.895920574485376	2.075405078768791
5.267841623432566	4.808677879350038	2.311700376665793
7.74065783654179	5.006843848443681	1.7308438688362797
8.578548900742282	5.218514944975405	0.9149972338035155
9.147291163229141	2.8013512804753837	1.613057054958
8.761337003239113	1.224998075876234	1.756632248855499
7.872106330013513	0.37648301661355765	1.526726796776174
7.784869732480578	-1.225791335660075	1.222307726266636
7.345119619214385	-2.94489219402686	0.6836855536240205
7.898252455869622	-3.2013244249114376	-0.5008965879289536
8.728745079791718	-4.61379287789923	-1.2978198344318352
8.373004413015533	-6.060077048000927	-1.0040899350753902
7.288894608548326	-7.50520152669027	-1.748640874525262
5.2937981453466545	-7.868065407719271	-1.2193816677978053
3.542460533972873	-8.418980884027745	-1.4618896828345134
1.9135420097364881	-6.928910941985379	-1.019864030684555
0.6712718695756636	-7.117307405235985	-0.8205785219388958
-0.239820410271135	-6.431912043022124	0.2651391308253491
-1.270650327029112	-5.254594959268033	0.6493011191818887
-1.4804291047497282	-4.400183160005886	1.0720993075621914
-1.6855806209635218	-2.4374590711294752	0.7312220328114218
-2.353642750057889	-1.965159358674226	1.1461975914810796
-1.259699093217309	-0.06061133269921404	2.4353525507220395
-0.5838657090089536	2.934126851614223	1.5762291849887584
0.6754801151104285	3.712309919123293	1.4242904459163805
1.3091895701157494	4.866609469011393	0.6158770715372734
2.951465295089191	6.271134551529034	-0.6238684092158314
3.875692121170601	7.6180386947821	-1.4585559860425201
5.0261407932247355	9.656279360858662	-2.2738473180557657
