7.1463268198749414	-10.587348340839943	0.19231427374058635
7.084359551705544	-9.95937339133612	1.0990422190671896
6.427801688255248	-9.767495236178078	1.176729569748423
6.201541043511274	-9.739062281891213	1.002215482843791
5.057821086690286	-9.415415431420765	1.7113306924831266
4.843389095005868	-8.3837663006005	1.2095062685933549
3.753803331338889	-7.841524134559645	1.701781949500126
4.427920672180445	-6.994194477971782	1.2686616251807608
3.930612595100736	-7.138450373414162	2.316123362594516
3.3968604991931795	-5.648939869998692	2.4403447885577947
3.3704106876111872	-5.632690332647249	2.284332402589385
4.327745703920983	-4.260958045130222	1.0383597059849683
4.52562956886866	-4.281155714548735	1.8597541140492422
4.484607089050936	-3.8557707992235426	0.5992409483890504
4.150701918600872	-3.322286060445122	0.0009939634629164695
3.401510510824476	-3.013736143574872	-0.02056173139345019
3.939103141507929	-2.632681799140467	-0.8469888616496746
3.114618330074274	-2.1552561762046167	-0.8911212863854713
2.452666887527282	-1.3518556358045206	-1.1459629420732331
1.2163489598282748	-1.28211992867212	-0.670220792392291
1.6652219717331316	-1.2534801022752309	-0.6696765158878873
0.31323141306949753	0.7327371633999753	-0.6544804964621906
0.8706904166109617	0.1568589062668283	-0.17347844094802584
-0.5162607873426122	1.1221477934350244	0.29377191162597416
-0.3485288035154057	2.625989907090331	-0.08101099755168617
-0.5706711864017628	2.1232822447912505	0.5749233712286639
-1.0230622422263616	3.2583580244656782	-0.13096633205811448
-1.7285433664378613	4.099627214450116	-0.06378447837220025
-2.2950266506896977	4.772084724021205	0.2864177158694978
-0.8957045053079685	6.335272256088463	-0.8612864026506507
-0.723752084729061	6.987874300043288	-0.6392453042019826
-0.11338111260497258	7.506634788064137	0.5489994809613586
0.24345841734384752	8.601389474391517	0.17524057376577873
2.117711098373258	8.282249105188868	0.23017361068559472
2.283761006756761	8.626918498880409	0.30518263581016447
2.971025676809959	9.008907173420054	0.6750496491083088
4.2124900654160715	8.509615099107595	0.21393077115430703
4.989308484304328	8.030869563365261	0.8745451264301628
5.544676570320786	7.246319067715069	0.8231874001179458
5.98351804534699	7.5399496462092	0.30012326705732284
6.237405926382147	7.093415408523252	-0.666143915953433
6.458603500441155	5.909278402245697	-0.7058369467096871
7.469743005605804	4.399424024631494	-0.8397675006190346
6.94041749326297	3.4981185279611986	-0.24674675082085823
6.967820413462336	1.931267592760796	0.6481745878239153
6.398109221082892	1.8386802359781809	0.49241839732025644
5.022209738570177	1.5189862999656705	1.5741999432401337
4.440788582926868	0.9245742262100427	0.8037884221214374
4.037298904953788	0.9097560540843714	1.3553413538032377
4.303626435133882	0.030763823339208463	1.4033616220830578
3.0932539807239268	-0.4807446263045976	1.7322499641859057
3.276242582759349	-1.5307614436421884	1.1644213688427378
2.19215571383208	-1.9967876096966914	1.9149166297683387
2.021130737112854	-3.2906307092733753	1.051320254868755
2.33617583335537	-3.2727058055972464	0.44321237610753866
2.37408242048144	-4.427396752241696	-0.2326122457083888
3.0600769889128037	-4.772465974184662	-0.1439092620762854
4.267806014046957	-5.325273249477048	-0.45385752809216917
3.9515946767895147	-5.832141383459205	-0.7017379024217386
5.603923921747251	-5.271004572745106	-0.48723601871558575
5.24623060032207	-5.175910509497285	0.4389544485054104
6.204711732804016	-5.66228151692043	0.13150325626726247
6.5642017925940195	-5.802030227838329	1.3639371908785853
7.429410832021392	-5.648915916676804	1.188417471047326
7.8401897658325375	-4.817435216344701	1.6161121217727832
8.640510312783737	-4.382228229140787	1.8157771361302522
9.652173724847575	-4.213849484554861	2.0825859543439638
9.427351882235149	-3.4218360540244057	1.5457656074779287
10.536963606458459	-3.4053175152858053	1.4652940248188047
9.69268944844043	-1.83272860653688	0.7989713125535725
10.278965404886263	-1.0064092156623476	0.5074200026772073
10.01566459206232	-1.214254858960102	0.7014068244211433
9.55268235149996	-0.04762886991580606	-0.25227630941710244
9.426219650968239	-0.6681387559510055	-0.7029771074569822
8.905377717201889	0.26114713894223873	-0.9031573226874753
8.41890846042738	0.3286494892436389	-1.685915297928953
6.558825536396182	1.156078652579608	-1.238767468318712
6.418115097458724	0.9139601426299782	-1.3341312212061864
4.793421939899035	0.9819192598376827	-1.7196681617019496
4.282881408791668	1.2562116844274491	-1.3639367548588477
3.0353516425515803	0.494894593136803	-1.4662949631490056
2.6991260252709357	0.4745241153581014	-1.7325173380147711
1.366129433980033	-0.6778107984547456	-0.7280894341312298
0.370112178862933	0.3901798070600712	-1.921521650843538
0.6386297745031762	0.841448180501444	-1.8448124741676033
-0.45929910645009375	1.4810073602318434	-2.006883854487213
-1.4566692127089778	0.8802810057486814	-0.7737823725382793
-2.729978000793042	1.6135407687326793	-0.4370873678998586
-3.372917353100743	2.2661404417657742	-0.49185933989117
-3.4731915594964495	2.0609628242028624	-0.3341921993049134
-3.0425636655514445	3.845019617884695	0.21132943436965773
-3.591873655859565	3.6851911506950006	0.654776046863467
-2.618090045931965	4.091087943789628	1.2328720353698746
-2.4521182283850678	4.943840228853863	1.495796858948427
-2.2781139162737962	6.170692519337077	2.006668687274963
-1.1102880015192325	6.730699227452023	1.8974304033621394
-0.16200691776327525	7.066521723051199	1.9626094432612589
0.8796007262103229	6.781382463634467	2.3182471580495507
0.6129271785519204	7.153068647965053	2.032756007471726
1.4762789238906713	6.323504387828313	3.1113791814815013
3.1111847822087633	6.270631335745853	2.27008257975872
3.2867067413393114	5.648551117194508	3.103918814519415
4.145884181627987	5.324498274487847	2.355234590706579
4.772424524819033	5.000573478989787	2.961857025669019
5.721437917182869	5.241514234068323	2.845149867035151
6.24198619601802	4.849729331457966	2.396226861050609
6.816059579914587	5.864054554677039	2.0590562274140756
7.986967721386765	4.688824645309315	2.182624738777418
8.813110333856615	5.456933413513493	0.9296953936541934
9.030727751696247	4.101530165807359	1.7247801179512632
8.915829630962364	2.664478665832128	1.989178006236493
9.29165359638442	1.8772475809941307	1.5821692465771244
8.65575180729737	1.1335207165569168	2.287478569923201
8.747573680401338	0.603350032209474	1.4528803035395623
7.9511401561202835	0.06627970714903308	2.365187287166986
7.6513299340548615	0.1678980054406285	1.086631751671278
7.534890472815011	-1.260119981200933	0.8741272618332014
7.5228589384507325	-1.7699676226428314	0.7318099397049628
7.5725071893984675	-2.086348048699203	0.24422647574033635
8.038621805547091	-3.1951054390329494	-0.27938957822063837
8.33874950349541	-3.4200069845119963	-0.670900936518442
8.487090124953678	-3.550092940382102	-1.1430217027287086
8.460720573865268	-4.42467214057762	-1.2813769634932661
8.388793094395691	-5.586150282409587	-1.304626135644518
7.872042250577573	-5.99946418729467	-1.2726224193475328
8.027135559783874	-7.218594447235659	-1.5485989202399697
6.460262656148569	-8.027891479772276	-1.2013664342606816
5.5726842630072975	-7.275909719364069	-1.3429296118527048
5.303522906671926	-7.706742627259047	-1.1223894502377385
4.064424344941816	-8.080209628765921	-0.6728126974112811
3.891838308603369	-8.767678875876967	-0.7738642880295507
2.343983847860826	-8.252507381853784	-1.29984533340372
1.4815167171106305	-6.890593345558889	-1.2091031626307038
1.2676914488688742	-6.797417152536581	-0.6166064142538424
1.7513411221615454	-7.2695836137284084	-0.7931203101497685
0.1468441618473081	-6.884236382053876	-0.5478753386451698
0.08134835736542462	-6.709747248439262	-0.548769390062466
-0.18252931956666618	-5.605574207992637	-0.3695138863139171
-0.9499451705278028	-5.598214664022277	0.637294643702206
-1.2854206363782523	-4.64827120112938	0.48821576553719576
-1.9825148532631593	-3.5895076975413307	0.4332365988120471
-2.128725083782661	-3.600752279212776	1.2859926218190234
-1.6023042333639337	-2.11035610587826	1.2750540163321542
-2.362666380300215	-1.920666217484544	1.7970350045697225
-1.523984544619096	-1.9207067862856972	1.6079172714088705
-0.8908508504540218	-1.282933398370722	1.3459997472612666
-0.5961584304420626	-0.01882367342239566	1.8523626559058217
-1.359185751327364	0.9852232697213412	1.928290356714605
-0.09268126526525067	1.9992229821407514	2.2290743047896133
-0.11700359121018028	2.3609822476447513	1.394595528342642
0.7538569156490731	3.438152753195493	1.078076565959088
1.0851318504628675	4.150260577725874	1.4364585705499027
1.2684361273621774	4.403455730296326	1.019199189098587
1.9580701161026213	5.045270529103968	0.2616483206900744
2.324654777018573	6.301288453026602	-0.4623940298084841
3.0068350848851377	6.104303539834228	-1.267948143961593
4.017977254981386	6.676094230989616	-1.4148398716350596
3.9557800968675796	7.793494584192137	-1.1029384976945225
4.299452531545611	9.097815594010749	-2.38111895352267
