6.22820131719487	-9.492011369519735	0.5218691802767892
5.799755295331227	-8.499295039455562	1.0652944905568158
5.360620680252826	-7.976533546049853	1.2004867746001056
5.543658006723287	-8.261737098176933	1.4545969992953518
4.679451337698497	-6.827191795895638	1.4616951991177658
4.7963582391519335	-6.589297168959569	2.3815355334510686
4.218284229510897	-6.568452755305572	3.049400141187499
3.869945675616527	-5.6876444275375	2.589565452009336
3.855061425974214	-4.540148293141925	2.4323402160782512
3.556037073603053	-5.026447835178887	2.815036939145812
3.655566875822215	-3.7202979883667253	2.359342862444266
3.355587428191062	-2.9299012976432905	2.0279266461052883
3.375775980546641	-2.8249519809759596	2.6773311457648004
3.6070716186264735	-1.4838570036172027	1.9679486946437112
4.222918697363474	-1.0932622907770448	1.983873229219441
3.3343293411207644	-0.27159940577791364	1.9130880151825218
4.2711431955880945	0.08170263697737568	2.2742438559126565
3.654558775351348	0.7108433917364301	2.4782725606715985
3.4817644810829265	1.0821521621992003	1.9173709552078972
3.2716831773215964	1.7725498045872798	1.2538921927467805
3.638188692178539	3.3602845456963393	1.4904669946593139
3.4918867018657953	3.199943519121746	1.251037197697432
3.45108809825072	4.702828904343823	1.083106812528778
4.3319509980163655	4.173416720050847	0.9948378034144062
3.8124022322741036	5.062562782588052	0.4568525367452848
3.901498043427627	5.277747097662237	0.7409393574934278
3.150857200725354	6.595920406204767	0.38546499878955665
2.2212297756150856	6.3561377087835575	0.37317073320888594
1.4733335031072146	7.5449983102501115	0.3537732836608276
1.676266533035092	6.879527432615258	-0.07437571438830864
0.5454398979691607	6.738669231097472	0.08318646218352266
0.628900817259989	6.7093102388545285	-0.4965000486476534
-0.4960149999715032	5.6309912009613905	0.016159702295305278
-0.6429059387515744	5.747317737058776	-0.23285802940027212
0.10399313304103774	4.269136288654751	-0.33134170773807303
-0.03610725102863088	3.6692036626047697	-0.9267057794220422
-1.16231067362731	3.306161634132648	-0.4780740867844364
-0.505659161826906	2.486344902972946	-0.07983844272080354
-0.7550197587016984	1.4358558617733321	-0.4617196213525549
-0.06715895229187963	0.9324933725413722	0.10526628270599725
0.4240012776022095	0.5357850409956658	-0.360923515219826
-0.40684744971588915	0.49307150807821043	0.036352523171579554
0.12847071052181086	-0.3063477697848629	-0.10910456187107354
0.9718351749139165	-1.5580182959305746	-0.9647126813000262
1.1542769680254565	-1.1995717342226986	-0.4766315231795062
1.4031622768138625	-2.186469531473855	-0.351797397155059
2.223452296081955	-2.0031060331265182	-0.9975847483352995
2.999950244547824	-2.8432077797790227	-1.4608692848633926
2.4429062920692393	-2.256222216145424	-0.9023866028837761
3.4774178341550077	-2.903086273543991	-2.029759256746993
4.019374630405868	-3.02583864630055	-1.4063705940972135
4.189638034781803	-2.938350001111809	-1.403439367852668
5.968565708679883	-3.3288655619247502	-2.343620554487316
6.0920985641430345	-3.2828178662159315	-2.2830481909811144
6.3645874867141	-3.5367898655304777	-1.8019181168121996
7.043881822215672	-3.4748074725883464	-2.3652631769265344
7.501086087837917	-3.371160829936546	-1.5659074929831023
8.695577500630693	-3.1902960876349784	-1.8499066520304577
9.736832516461897	-2.932612409057792	-1.4037868576018517
9.247294484849832	-1.2982981196367163	-1.4136475334191783
9.324249745953734	-0.9363779576471691	-0.6356047320281846
10.015683746226394	-1.6280894455589126	-0.030025601060345575
9.07883790350315	-0.12587506875027588	0.5388347078011024
8.756505031042325	0.18394815291597078	0.741058176119223
8.395304894134066	0.650361620887164	1.3430499408065717
8.221414251735712	0.420251880700272	0.5756640731836001
7.199936052436749	0.24156711126387978	0.6363484326965207
6.931058711589943	1.5481271961138494	0.220694488405616
5.809684399961402	1.7221560555564268	0.729690496439794
6.13926903691754	1.0908602827681602	-0.5472859464648456
5.274088445182308	1.4386255149079517	-0.28665171134229017
4.550155585586827	2.0832508215463843	-0.8571462936568899
3.5999976622805283	1.126994495010229	-1.0081958209396755
2.9878191278171156	1.3934544520966974	-1.526840894112569
2.2694459632860653	1.428231939543054	-1.2366625886863167
1.809843667280764	1.404997591675274	-1.4918669766219097
1.671571999829145	2.323545394737086	-2.456922760599727
0.7200355966137801	2.0489792087344294	-2.845650780614866
-0.32618057734352063	2.8091547948370987	-2.4397357457489006
-1.1471659225507018	2.743799617942634	-2.7729371085022154
-1.317088668812901	3.150887943839738	-2.730585558966575
-1.7856757739043525	3.7855711069104805	-2.405624878818424
-1.6797331440436976	3.0265843173036195	-1.6494217102826245
-2.3469657493622367	4.308881502249728	-0.8530941785729174
-2.9351925953230262	4.688611577243909	-0.491039850009378
-1.9023803419419505	4.052635333234145	0.4157417376592442
-2.6330082241080657	4.96471060811184	1.25857637367002
-1.6394362800891304	5.049369275329416	1.000353492193946
-1.5250511972206529	5.769108118952529	1.4931847662652642
-0.6239311798107187	5.08737714178037	1.7055139510295745
-0.7937280355337761	5.450028780138395	3.16018789055261
-0.0881229196131304	6.162580353532116	3.2992289399982875
0.49939607509031686	6.17890736130765	2.6471525895248957
2.0963336865282565	6.179173328622431	2.869005727590443
3.057290025424016	5.4008697155273255	3.006048564543539
2.920409465994144	5.353314531211543	3.5326330968239823
4.316316902235704	5.6987166237515465	3.0864845784371937
4.08604998065926	5.795404186258234	2.7050950757616405
4.5823466077121076	5.708815911619746	2.7268990802942965
5.126426754291991	5.245388992524851	1.969142107015342
5.640766187748052	4.7057125699693145	1.7686269759902618
6.804504366169977	4.905520594977222	1.619704600900506
6.843767081906768	5.1483866068811	1.4129259601098862
7.137128175901244	4.382481507492963	1.0242105433546247
7.706057493838392	4.394265481706367	0.43998562683411413
8.046955828465759	3.0723274999391417	0.019306055861192717
7.73546237394674	2.9953474506482323	-0.8591460989033812
7.521019841799069	2.468348167171869	-0.5130410656652467
7.745367750211591	2.145399934457794	-1.287998289627104
8.286256311416338	0.5206007209286879	-1.412470298669715
8.085139027338922	0.4895766173253238	-0.9215027653281963
7.33147293324953	-0.6448153695560563	-0.10871712547723456
6.805806688415049	-0.6842935812978788	-0.3049283803513686
7.463344895572904	-1.678549337560748	0.6936163549308868
7.660880856106321	-2.3222621061222175	0.3780273664836835
7.512883977191391	-3.0584669721049296	0.5104262873144598
6.722905824524606	-2.8359638319634914	0.904937197604319
6.644219700697213	-3.9402397551525477	0.32487683189385397
6.811315188772884	-3.635311215447734	0.09314669410579805
6.956890300494336	-5.005907386458227	0.8030608620647002
6.442127672949187	-5.0083149883758615	0.16701587612899166
5.719939288132459	-5.551967133119086	-0.21565814904786262
4.985721216670865	-5.440096895636775	-0.6060897383503394
4.8474885362702205	-6.720196044005627	-0.9633160940585264
4.306442580225142	-6.468490498046439	-0.8783768986697731
3.5140761660415922	-6.67051131004545	-0.7307303361891251
2.488047805229749	-6.676907756068299	-1.056836694394097
2.2644440362907265	-6.589367388550656	0.03524760055527354
1.6534000434423803	-6.911666169623084	-1.02280332695998
1.4665940230004006	-6.687885812498873	-0.6887355937898477
0.7320817572029965	-6.522785822671425	-0.6159783204646965
-0.5891027970943418	-6.495916216989102	0.09767520178163003
-0.44854539915686165	-6.340986872105529	0.0942623987917186
-0.8111276837738421	-5.90136955750299	0.01995124914962426
-2.1413330434295603	-5.423231067938189	0.29928935801367695
-2.5432074516899017	-3.884939891527301	0.05673823817870628
-1.79295566476701	-4.1218997609776284	0.48188821022916817
-2.973833198882099	-3.5779035936405705	0.45910245113428866
-2.692251028881558	-3.063597575900658	1.6208293605085684
-2.6949491194879283	-2.8602266679929356	1.1128184017458913
-3.285664852102441	-2.1010651705466135	1.3949270435787762
-2.2601229788856383	-1.5633219460268941	1.6188242088224012
-2.672598654013668	-0.4054554185913104	2.2213070644859605
-2.4735511135401396	0.4547722325082876	1.865701878691807
-2.1921070591031784	1.123515979518024	2.212290654591208
-1.691923793662627	1.126519627578402	2.004038063635681
-1.2012996392486672	2.0842152521819814	1.9455593189755511
-1.1149821016432817	1.3832961296728719	2.3911732928838965
-0.44580140705992993	1.8259608431555112	1.540650875928989
-0.2566804557875289	3.159046771058775	1.9589221953211724
0.4729267777021609	3.097869915367637	1.8759399336058067
0.6455956909437925	3.2438073952765323	0.7757003128996283
2.2499107623405177	3.649458756894788	-0.011635113089141197
2.3285566120232053	3.761084372830714	-0.23776932754550473
1.861220995440077	4.066324832163744	-0.3693108551308908
1.8296202906705188	5.199920311370437	-1.2182980489609527
2.0515667895604968	4.780005677801162	-1.5728357493747709
2.7567246945405977	5.370519536002021	-1.6470995687037309
3.0149018005606925	6.109386718313471	-2.414705258323126
