6.085908122055269	-9.532300514733528	0.7551250157774481
5.543272345276219	-9.352569675642005	1.982470254482096
6.139413928355623	-8.71314017265318	1.1046686694504542
4.8857697975175505	-8.083662848910802	1.3656835849708104
5.7561235513770885	-7.959822884987614	1.9129009187515544
5.416645185282865	-7.570833176147266	1.7717422468674466
4.40197906803483	-6.723846028541864	2.0171500467649786
4.115796158066018	-5.923881955750165	2.0723189287305983
3.959393769897471	-5.517008722261683	2.9152913211330564
3.4603474732884862	-3.7118236103843816	1.968866560064546
4.499378043922032	-4.297061119303258	2.0800619332407186
3.9787056404606385	-2.8203570679598693	2.512737547285961
4.101141105954442	-2.523442873872815	2.4224937246305522
3.656452532618467	-1.4009637867036866	1.9439075389890696
3.501653770830533	-1.769042747659422	2.945306749009851
3.6665233519925735	-0.6300764872723517	1.9810513093892186
3.4639154816228315	0.12731296176915785	2.7651592378011185
3.641513975203212	0.12886869603971013	1.9057165820136897
3.529110059613198	1.4592121770620483	2.591702901396858
3.971570601912455	2.331645806415402	1.8352224032764641
4.047100962536638	2.7789266748467933	1.4098691709186526
3.5720790644348335	3.3274898424032613	1.9279082409702062
4.179750712977217	3.485958865377925	0.9043242380578771
4.017302806817764	4.396588506204734	0.6764372443140844
3.698211510771602	5.288921068538221	0.26739370854969063
2.8931526544471833	5.768239159105974	0.19688898599521676
2.64821674470094	5.950877974624304	0.5069647426755288
1.8338095427559151	6.098327423719958	-0.062372631727708655
1.5582971272127333	7.212118177233044	0.4684042446468939
1.4659748741593757	6.2715979122487555	-0.3962961520244433
0.5773480462693658	6.824905414405815	-0.40421525013296966
0.0909164333616187	6.644730107246288	-0.8025499299921892
-0.47748226064064075	6.047087614092998	-0.887924192870077
-0.7802160773562444	5.541902478422017	-0.4266027914077788
-0.9680013031662276	5.096461767192456	-0.8499660524398136
0.08949555765028938	3.314771219470551	-0.6695385479814873
-0.032839945203815946	2.569905017879448	-0.6637862732630204
-0.8542123806480627	3.060128722424275	-0.548232813414367
-0.4677682810589787	2.184462120490525	-0.009026862068631014
-0.5282241243403438	0.9417932011982358	0.17615607311155868
-0.28657087184969876	0.39530619577025633	-0.4833984359038594
0.6453912401427702	0.10647610330351043	-0.648001974920575
0.5781013238015958	-0.40929075769406453	0.0024830024493960323
0.615892262479601	-0.9994820780099503	-0.35283334306494085
0.4786300440305727	-0.9676940042397029	-0.6249238037062856
1.348968048433917	-1.5952920236079469	-0.46122258193190535
1.575508592469017	-1.8650896480745616	-0.5042718139419615
1.9778687667167143	-2.321048796387988	-0.6670838016955096
3.134251431130729	-2.2333502970435446	-1.2234860590271204
4.286837195416887	-2.7985871870032066	-2.059392997076147
4.706579726257839	-3.26463705783617	-1.8552350312546255
4.312229528884259	-2.0749725735867766	-2.217039003257924
6.0896122236720975	-3.3008725137405617	-2.0793709812026493
6.501892097064146	-3.3511766765778535	-2.2957682632597036
6.21628058359015	-2.455710849131296	-2.4562070888415053
7.043021871930079	-2.378567097197174	-2.000877642451206
7.865446273189569	-2.7857598552737395	-1.9332508339151429
8.571863934803487	-2.5635913286600025	-1.3624307222925256
8.780044288454697	-2.0704855820634243	-1.1737085138455265
9.004594199164238	-2.6021262781516716	-1.4260499141636458
9.713146562655774	-2.035892121828853	0.04930253519761418
9.89785604212776	-0.9004288245240777	-0.38761820106973766
10.112563554313546	-1.3005339614605016	0.4969205302534455
8.91563901839869	-0.06778470341758291	1.24999945190618
8.986098269409812	0.31295580485087204	0.6633127411196831
7.826132777868057	1.3172950336154743	0.6890379800467838
7.16832946670658	0.7480412967540521	0.741641781586595
7.322447978578793	0.7692501167410526	1.0996840087846986
6.5256060351339995	0.6912928355216383	0.6591008849306191
5.3916056056478965	1.6964687955118254	-0.28116490830252167
4.905309470783942	1.7617577935807074	-0.41595418410392027
4.622836630196766	1.08981352820374	-1.2317805600809795
3.8501963605912177	1.229441037702331	-1.762578469070708
2.9434529797102726	2.2972393442902534	-1.395240872407133
2.289427823643288	2.289589893244623	-2.443352968843792
1.6147416783129198	1.6832342717552127	-2.4560856397003428
1.6932833092347148	1.919889721118424	-2.664597581409844
0.600733561262246	2.434180305506008	-2.3375753307800555
0.11866765395529333	1.9900847573022968	-3.0474886737127727
-1.01704279874471	2.6504876113385345	-2.680194535234319
-1.8799778285574908	3.583225739427747	-2.090623345156744
-2.2366476097618753	3.3333309448890827	-2.376167205667725
-2.4776112444642067	3.6118433107654937	-1.6047059846864216
-2.295112906727576	4.069942964348339	-1.2111685041624924
-3.0822043711705165	4.429351509140274	0.16590785122139917
-2.423322688160062	4.953691633625421	-0.11961309828837902
-2.620459099541492	4.376902678011628	0.8191775307648823
-2.1164952472567666	4.661408356343242	1.902276620224236
-1.4977815339301492	4.850659236090704	1.7433279092104985
-0.655023283693325	4.99434028193813	2.6122884284197454
-0.7673325741432704	5.476909944316986	2.719445933760957
0.5751894907078372	5.6789106636021875	2.921457855419007
1.0038265669277724	6.280245430571889	3.1358627883789882
1.0089192257549275	5.685495177443139	2.9779185619569066
1.996984688845345	6.543534144978189	3.3702347542791045
3.020322486903457	6.05546111544845	2.977104235616648
4.007290061387135	5.843735771231161	3.1633876976789326
4.076327045660934	5.645545242104768	2.606169716470938
5.587011756626857	4.997987755204141	3.0857939231000096
5.538044961384085	5.259279324023917	3.1037778315218727
5.699236791892376	5.385428510155254	2.0372773473210373
6.386005423992739	5.300685505176511	1.7145129453421575
6.806889411754267	4.218687139270703	1.089207174814959
8.093000791877625	3.878972936103726	0.3885799448128211
7.29139592412067	3.8944979615817026	0.44076630309514864
7.7883017158956305	3.589793294490527	-0.06934902088758776
8.262136065478085	3.4234040725650177	-0.4866797021812659
8.377842118197613	1.6623104251563823	-0.22585371897681772
7.826758793170586	2.44459312692563	-1.502267537997205
8.588317746125504	0.7740340580022185	-1.0271337703089292
7.405583970435679	0.1740872042251807	-1.3162031902353513
7.708645948813988	-0.13252213045518701	-0.7530110081555114
7.641929539435941	-0.8724711996049285	0.1659918565824522
6.928488209608458	-1.7880206180378753	0.8994163606948148
6.82753609945264	-2.202229101971893	0.36862248945617015
7.328155416808188	-2.3383448345812177	0.8562657923137952
7.282290192223008	-2.674154836396118	0.45578167968485467
7.165554358715243	-3.218686168633034	0.20446209135815516
7.21859288570368	-4.110645806241356	0.5243630605994437
6.848707429434892	-5.277708655803137	0.736209042678013
6.066244289434574	-5.452224948371056	0.41401888757429167
6.047964326018136	-5.854324862347065	-0.2589733753545415
5.006007747503695	-6.46821447945175	0.4634942339167868
5.165698295804235	-6.714000622444298	-0.9934292808211076
3.8018241104046884	-6.427090679009368	-0.7661269699058565
3.5901225655974622	-6.156227913030531	-0.9647732043697282
2.5390499608184616	-6.983005128966501	-0.5727155888838118
2.1058001496368637	-6.6173901604323175	-0.43381031855286056
1.6253066085969716	-6.760746402293531	-0.0342083136411
0.8712647443755851	-5.864569915053844	-0.3695764036912117
0.20543180542252154	-5.590633247300295	-0.38543389229926206
-0.05029662919403444	-6.371100996211612	-0.3699217982676189
-0.6782041260900041	-5.508397672310469	0.30975978654084224
-1.4166546561532893	-5.170225212224011	0.1264266248553505
-1.8520519418074481	-4.453336542246449	0.40405755382967634
-2.0060465614760554	-4.522591512429892	0.17177188547301553
-1.9198614111434218	-4.28150827990814	0.7860488299679017
-2.3645118730431576	-4.118040147380233	1.4381320952848764
-2.8159453959108434	-3.145613174938994	1.3799396597041325
-2.68095733338293	-2.8562357056045435	1.122742579475191
-3.2695638269014538	-1.8930943362254105	1.1466092620130475
-2.6411744510829935	-1.7630843438341952	1.6848953515117286
-2.5432054054439996	-1.0319122300939005	1.9765200533746812
-2.873901152205152	-0.5194192508355953	1.5586991930714238
-2.6492612729318896	0.9898645032805863	1.7419732462916502
-0.9896656707306444	0.6945018896810546	1.9200119034459746
-1.3985761969278974	1.8652703813214613	2.058067834372951
-1.1184296339352722	2.519211798444136	2.4496058383415114
0.0337547160514714	1.977270019937115	1.5882683339155912
0.8035061164099531	2.7218702310365304	1.3112329357617458
0.5123354935255202	2.7824658985639914	1.4432889034596847
1.2931620260959802	3.100857804048285	1.3554475480435253
1.9337896266399373	3.252181345926714	0.14864053133304259
1.8130111696369795	4.018439098994528	-0.1563446959767052
1.9771975205783188	4.987099290641956	-1.3574198451465385
1.6747202841124689	4.492178083841635	-1.6071024096694355
3.2645425483345836	5.022605817905744	-2.0900582901689004
2.5989094892958446	6.287914291415517	-2.075496591516572
2.42543569977833	6.456897050971551	-2.1009395193769764
