5.980034553364056	-9.70447489444688	0.8363000583082563
5.958963381655279	-8.59045694551271	1.707845210979815
5.158505384003199	-8.781912421379944	1.2008008407860435
4.77117202213137	-7.519660367085706	1.2762311447692987
5.25388885230837	-8.105862611206517	2.122956215314253
4.825404294732492	-6.378504676236987	1.9353776422817066
4.796689790545225	-6.204888847805919	2.5065944120562347
3.9469003269905243	-5.2350874564163945	2.6021464875539095
4.607121060119555	-4.9258872641454765	2.23521148511846
4.102530954987159	-4.707021906312068	1.807413690321893
3.5715973677826116	-4.152100214375537	1.8559728754944702
4.25326966703712	-3.8003746425701985	2.7538692763889903
3.4984474946005526	-2.1788686787621727	1.7574865299233826
3.9459389236304423	-1.841360102963532	2.441840379823041
3.4185186356742636	-0.5962139160023199	1.6708214467309588
3.3753963050029414	-0.8013003101443977	1.975288132342354
3.374902514136187	0.23851435936090926	2.5578853260873977
3.319923738268475	0.1486745753339992	2.6395398722618904
4.069613547821758	1.195968054680253	1.6045979251939804
4.075753347868378	2.4815869216931556	1.723621672851384
4.224215738724946	2.9099611488934682	1.4966356169756627
4.045322363241386	3.6189956694583447	0.9307904398709647
4.319698125914677	3.441330938272595	1.3307901577729524
3.7519910654881126	5.016394509880767	0.4932847556708076
3.3294319155018814	5.24094941212176	0.813362376430677
3.1069621986505966	5.95221376576791	0.5798383337466217
2.373231672188571	6.317569154003462	0.756296120429611
2.407693476883871	6.5854308061417495	0.16663589035018714
1.1371070929715938	7.2119275825178	0.4902808268758875
0.814324130095803	6.234349150126912	0.5438730366923579
0.8560573664077976	6.1471947597543535	0.228588058575669
-0.038739196108539375	6.424844690128951	0.13386000487135474
-0.5767337683650986	5.638239179445755	-0.4714362082290038
-0.13755768715044148	4.796718101695178	-0.8086858001406665
-0.8353689104856197	4.271817325303802	-0.2335453407798287
-0.3483239333293051	3.279497701733127	0.31052361926991245
-1.0944084592875156	3.339627781744638	0.24411867058863956
-0.7845598008388683	2.723313107099931	0.2511817368033554
-0.3656758785209976	1.514315129935858	-0.40026108555029416
-0.5061724403406094	1.701319194268449	-0.5600176807302129
-0.5809092830045721	0.5068831310108896	0.021199771524998634
-0.37155675941792665	-0.48084418055080197	-0.16699117616051784
-0.14517125797795644	-0.5561944048315185	-0.6773080242816718
0.3293235167859325	-1.1629131097144578	0.07891991010282395
0.5481637145009215	-1.035360226929101	-0.6737495922651213
1.4047556715900056	-2.2072404347036074	-0.9856542997628976
2.0165500603675777	-2.612892375472482	-0.5898647076805112
2.921780362531652	-2.1659498869580545	-1.4126472612756933
2.7859705359018987	-2.3073099417445353	-1.023603818473911
2.9908022739590825	-2.215061398907695	-1.6090561853713374
4.254876127777064	-2.5658865147878753	-2.036185466394689
4.828425162305858	-3.3150310792425524	-1.874691646735981
5.504104034465961	-2.6377228042222383	-1.6891996816937702
6.491376047507255	-3.1239199952466183	-1.9704137138118327
7.277398879885144	-3.544460803146462	-1.837705419524162
7.040197900702278	-2.5044068549078062	-1.8263262140988714
8.598629059230808	-2.9340905398934476	-2.4074074432818384
7.845329370101851	-1.7745826864345213	-2.032684501826241
8.597339722320466	-1.8798616308606262	-1.8631588258385885
9.808987154349628	-2.183574528891759	-1.1150016853457274
9.041761724602653	-2.035031770635987	0.29782408193713295
9.772365123020178	-1.3809690535377457	0.1335400180846008
9.870561953567192	-0.5095456668629008	0.651277078954858
9.520889691435851	-0.8119694069691306	0.8015356361790935
8.654260552300295	0.7368017273639237	0.9540091778897668
8.625628034403345	-0.006653132661329303	0.5427574503510297
6.9896504926235705	0.2857186555175808	1.8054130202277001
6.404514369115642	0.8913149354774674	1.4378257895321176
5.889377013160058	1.1284898246044401	0.5436422787165044
5.4726879576444185	0.832238163805155	-0.5249149807635329
5.037358359000538	1.0661511664668333	0.3078702908575177
5.188993855163092	0.9147595067307125	-0.7152301931805549
3.5242236654774435	1.7455346901619861	-1.5098867572117172
2.9139385082816314	1.5875330493213022	-0.8237764952261486
2.4272966721900624	2.4754304573112957	-1.9199431540671485
2.369237288701581	1.693738871736657	-2.4694136379656264
1.3213957597812627	2.0575246871570974	-2.0472731569270657
0.9363651771029723	2.705187904512387	-3.000919466208959
-0.013888839444072154	2.30436969461256	-2.6041988190605574
-0.24909799610037653	2.4284314235418307	-2.736413519594415
-1.5346375749599894	2.657029136913105	-2.4161346521121607
-1.2830667483292888	3.332844504095835	-2.30097844507427
-2.637574750829632	3.4886138907332804	-1.0774477057864313
-2.67745501730589	4.401726230744146	-0.6012276113647906
-2.9820463305872122	4.8329482976579365	-0.5905693380489621
-1.9827218886960325	4.4105410465028605	0.3105997268509551
-2.197549315231891	4.539803185743872	0.5485002111791851
-2.370319307865735	4.730320777504903	0.9083404325386861
-1.3201244798570302	5.5194807988770505	2.315717440848418
-1.5815702047314784	5.329564987927449	1.7997103654410276
-0.17912839237774225	5.915006726015054	2.320354213339305
0.23344989714499914	6.085524461497798	3.2271995915476834
0.349339615033601	5.4654822364974285	3.9943683982814613
1.5716989531276315	6.058420320342529	2.8800275256156804
2.1883148932991463	5.266069597177973	4.076914353188363
2.945083130509936	6.152583426153782	2.8418612064931157
3.5188348772247586	5.759058381831102	3.727474690069161
4.0587332667662395	5.638225401596898	2.6885101334342925
4.766250456427172	6.112611283862228	2.434197964760552
5.7239588559615315	4.887239614488411	2.675712911076406
5.867373373716575	4.563097348031266	2.262782622791638
6.64099452047296	5.038828672625915	1.6347843978538035
7.489960870566186	4.271940050979824	0.9507901420810322
7.700235791936579	3.8639209412637645	0.5140524195996549
7.4001288705845045	4.433066653946282	-0.10166758313734109
7.344232533530876	3.8168060995631836	-0.24686391187420342
8.242976081579261	2.5007362823212316	-0.9563691642478631
7.895094200102238	1.6965473440121397	-1.1446786980110715
7.595973380524936	2.033176821768809	-1.5156733397692546
8.003741274328904	0.7239055654044144	-0.7287382543598484
8.231078927201954	-0.07277930308175629	-0.5724106809450971
7.787870078145474	0.15167117750925774	-0.6379236647821385
7.223159697304369	-1.1861993403181383	0.33592411228579266
6.902424831622437	-2.0354063487111826	0.7725948239406514
7.35601900879852	-2.297772552766011	0.8929416558355683
6.9277994070940965	-2.865930004188096	0.1057694936164111
7.390735194063184	-3.3788763270020206	0.44335964965936886
6.6694400280665915	-3.3748625631230187	1.0637863279273487
7.52144785682351	-4.405779723164723	0.5926298739435829
6.573264756803201	-5.166392698848895	0.4352921009878072
6.30348588832891	-5.5640919825261665	-0.10169488547295635
5.4135995299451745	-5.535400301246251	0.2986086890318842
6.188823303367503	-6.34538673473828	-0.6518735977412566
4.295505799333264	-5.52121982734249	-1.0036662044048366
3.661665098473547	-6.697043829598537	-1.0616501652294406
3.66795920433724	-7.0426289060108465	-1.224725032000468
2.392000399720187	-6.402928266756046	-0.24597270263626836
2.647694866591679	-6.772292096251311	-1.161053626257005
1.8465035997961747	-6.106152061658051	-0.589023202936329
0.5773599549499573	-5.604524634217524	-0.8138883289873604
0.19887600164311786	-5.86359149062066	-0.33110950201460676
-0.7656507384242436	-6.073205434028566	0.35261360539240605
-1.095819569684764	-6.168075201051184	0.3226562973770458
-1.2325866848249565	-5.356385540516836	-0.10184847202531111
-1.2534963453759949	-5.671151572676211	-0.21971569113998005
-1.971883425482494	-4.426231511752724	0.18000309377935414
-2.2682813721313004	-3.7515218018370673	0.09974961026926772
-3.1467540556114306	-2.698764306919906	0.3049335436100056
-3.0095693111710835	-3.3625801733590572	1.5314830927447871
-3.236034314697645	-2.1245891199732827	0.7767205209562569
-2.8363553085166116	-1.2009493863164176	1.4284951549908382
-2.9002738049386263	-1.080139047196319	2.0951457854897217
-2.1903825015484206	-0.25814229916587395	1.287174298799047
-1.73444882115966	-0.5391733557926509	2.001407161340568
-2.288774638168284	0.6502645911153625	2.633553033363458
-1.826500146180861	1.2520301462879906	2.723780556212189
-1.1036083880520542	0.9438088241747028	1.9889781022848718
-0.7533298907072056	2.1752354653026362	2.4733361477698326
-0.26927190789900013	2.946996290081353	2.309375377988151
0.31522932208879717	2.4585017719012456	1.2628003383717545
1.3262389624155049	3.2801024491619257	0.9796837053581411
1.1755213009355698	3.622782727414974	1.3026721043397058
1.887156086616213	3.943520506342467	0.20688551650784723
1.233273245046621	3.5623861004524544	-0.5583680752754143
1.824554552511078	5.154921870625655	-1.0657516660725523
1.935074537453493	5.071762159534947	-1.3024391531782937
2.1094921615815254	5.31144878074746	-1.7635029924725125
3.285070728626557	5.3847455543940965	-2.051134088458513
3.0146842341476425	6.363747284561914	-2.186495362933746
