7.191932161685081	-10.276271652913545	1.1584345606109792
5.857054829715181	-9.091666050009609	1.1624102069947981
4.838467982737027	-8.703303356911798	2.112077028749204
4.052529532162804	-7.521310624507184	2.0503585512629647
3.4881033548073956	-6.211069480076077	1.998879419485034
4.558670300515071	-5.129086762017781	1.608888419143629
4.614385523364758	-3.518518630347537	1.10001485499477
3.985583568862552	-2.8825940535829453	-0.16932759597322844
3.3524678651367417	-1.4382266795629057	-1.2671959457882072
1.7238448709672696	-1.8065649921423963	-1.290313095316391
0.6242641872136153	-0.27228537826512134	-0.8200369122208422
-0.37572716523056854	0.2858480178286513	0.2537457805549176
0.2979018446155337	2.0585123024997833	-0.4095258173441327
-0.8049353830407289	4.201176744899145	-0.862277891117287
-0.2555000073003326	5.522734878635953	-0.9427811873279985
0.03635449077198094	6.180873653410148	0.17498135853289698
1.8789643480991116	7.253143650202022	-0.44526007489991876
2.4338638557603627	8.475695375973418	0.8378788724779259
4.523601344805343	7.903858267742837	0.6227533335028352
5.439928200728982	7.454095896049486	0.3464949496229526
6.203231919488539	6.001587401699369	0.15509435215073342
6.540746619227813	4.036543023426365	-0.0028512706374016483
5.230450453606718	2.4977854548386533	-0.01638207980158879
4.755285000876229	1.3685043516666575	1.4083812105736868
4.520582066796893	0.07420958600581276	2.1339016731279425
3.161333416115887	-0.8631049086648614	2.0568496171834765
2.3433773232285766	-2.78957291493725	2.4156737809509234
2.2748464485445896	-3.6385498025600347	0.7216797608730978
3.446121045933766	-5.053983373127896	-0.000549654468770866
4.526788982331323	-5.677118518605663	-0.6959049431030992
5.894449575401662	-5.396918164309879	-0.4141862461426121
7.15892508124779	-5.640364680561703	1.7177097784646653
7.990211553021298	-4.445609291573167	2.0892103243761753
8.946747898967217	-4.53165487541982	1.882667571035119
9.794843667641668	-3.326815186877681	1.3074191211472264
10.536869591847461	-1.0452654033597604	0.3410035353160294
9.15360836504461	-1.159002552279934	0.6655528756393251
8.14946350681267	-0.22181089212745864	-0.5912645884907747
6.3813199213113805	0.5095785902848622	-1.136692449807379
5.836918455564242	0.8935526759886454	-1.8838198983471233
3.0691901047681767	0.7346899798378246	-1.620191120865896
2.355769795606376	1.2134281884307372	-1.98684591794833
0.48979883312770434	1.4686837476571788	-1.6316453446474957
-1.5235958241140253	2.9738892386672	-1.8785338635084958
-3.2532276327195904	3.4955941909088386	-1.2291961408610057
-2.6807202136217025	3.6281606085555005	-0.3571812459130667
-2.625176927245608	5.040890621570823	1.052958585465617
-1.8545898651253205	5.913612391392421	2.591953218416929
0.2639129798182459	5.686759527450081	1.9663466346845941
0.7335324974713007	5.319619997734213	2.601042193741738
2.5701382403413717	5.954078862394151	2.749946455882238
3.6812818463443797	5.600737951507011	2.803557837808477
5.760140518987955	4.719857406046222	2.2318257633434517
6.5397557743794925	4.789777407551341	2.791436051317496
8.620705108582635	4.105163552193053	1.7945845998633776
8.446795603666052	2.735124857287278	2.3913024409278103
7.989699947026976	0.9873504818931024	2.2512379378251484
8.043884343479407	-0.3423183154980345	1.556108672383949
8.01809863159917	-0.7781494444939685	0.8033855212586198
7.481824711951356	-2.8386058233391727	0.8865324839569011
8.278227598812101	-3.3001429198266874	-0.06379954204259008
8.166629359701384	-4.724023575734781	-0.615040235278589
7.841825630407352	-6.348394779738122	-0.5503323825413897
7.7109710739200805	-7.951024873576579	-1.3575299336700457
4.988524766461605	-8.216869384075478	-0.6989917530346363
3.614909318409781	-8.377125030875838	-0.4500965914484323
1.7906468937248117	-8.567468904673241	-0.7827219955000027
-0.19267813192280842	-7.778294856010172	-0.0729462574383073
-0.8089963725398639	-7.332181273979148	0.7187362176793451
-2.15699844421096	-4.766379462247256	0.3056858371461061
-2.2712471906563354	-4.281198882273932	0.6875729941466286
-2.7937790333857047	-2.049772609111756	1.2305663373839888
-2.7136657377267825	-1.1137300271110842	2.0250596202644404
-2.0544419108634324	1.5156737460104597	1.9083934455016434
-0.9068132059641575	2.0497603658183263	2.2261055208912954
1.012276843923451	3.3992497071164234	0.8763335889699697
2.3059654777438237	4.639667203466109	0.46072221608014824
2.481190035373249	6.120888341103863	-0.5928583144623906
4.116358252786795	6.494396374682118	-0.8085706227246967
3.906919208717937	7.991372476053075	-1.1286063819732957
