7.528771326844492	-9.996119512185201	0.7889091822856055
6.797542355267112	-10.447838223715872	0.8362023382424221
6.701538335381156	-9.976306305072868	0.6885173977401189
5.87796926126244	-9.21727373088208	0.8554485336859718
4.804947838264122	-8.862882448340425	1.7504475957485361
5.316118884126253	-8.729925663355065	1.2136206978238442
3.939513168039739	-8.525119997785891	1.4739115607386386
4.444081879276877	-7.306604707277012	1.724255300029281
4.210518746040609	-7.104477542880725	1.9989461527485668
3.2555909411533013	-5.33125980516572	1.8944652245149318
4.661541683281179	-5.738237436540414	1.9270377673973604
3.853328375837241	-4.7335972468832495	1.6158014060761476
4.449957024272859	-3.6230171073901083	1.325599592607659
5.027545426081579	-3.1871492157297503	0.2855401741731453
3.817692720744128	-2.8851044697614854	0.017256885803502764
3.770173723234289	-2.3740038376757058	-0.292774753365872
3.1321541212810184	-2.5821584700011013	-1.2901177446526855
2.3340425596476164	-1.8997177186488203	-0.6792266568188721
2.0235040427478097	-1.7978930854347022	-0.5031557021348543
1.3063799882223428	-1.2374176130071097	-1.0952975793744375
0.7247330652304997	-0.14459721896747824	-0.9493348366880388
0.09267466769215982	0.6685151559638434	-0.7318906557702801
-0.27327571258749916	0.090204365730598	0.878209329864921
0.27272789412205733	0.801221290285848	0.5710808344840387
-0.5491267631286789	1.9244979092848347	-0.5722195436062764
-1.115702533170107	2.9694432216597257	-0.4145288455928199
-0.6844483786612268	3.516583500626729	-0.6251647374946538
-1.1171556066780202	4.528251357883915	-0.507908535225061
-1.664227062317364	4.471063666684427	-0.12507841800020847
-1.514792998165518	5.7881427365118245	-0.3440112525892276
-0.5735532838002979	6.864162910787222	-0.8082165336124938
-0.006836932384880923	7.191017700660188	0.08949270821208333
0.8487813591326411	8.663728183038902	0.015367069811488165
1.5691291959219535	9.04472422735105	0.20771133831407312
2.0757807634638477	8.099236873296366	1.19282259111404
3.398517826542947	8.595604514325004	1.212900917724303
4.952076850992174	8.545535152231047	0.5329100474370759
5.125876701127327	8.085029003686145	0.15599729963887657
5.130263869712925	7.879527395593467	0.8265313361130115
5.8336733981172575	7.439970870199828	0.2004101323929166
6.431749053402283	7.384986578268402	-0.8725775228280868
6.721452628418703	5.876044265054924	-0.6967004437055114
6.5581630826118165	3.655178139696336	0.3471252517106438
6.725745484758987	2.707000805844509	0.5089292026567103
6.684998411305446	2.0774022044467246	0.019949325464664214
6.91239383972561	1.7606202726191484	0.17458035299242675
5.154874662554549	2.1516722955177046	0.5855601306258423
4.772849256721963	0.9678247271532248	1.1353166077057024
3.746219895632639	0.15035707284821834	1.7752900459630379
4.024667052905131	-0.5985680415417242	1.9175582811891245
3.557690458623521	-0.2849966538231188	1.5523696082441556
2.550474262446956	-1.925746689160397	1.9963364823027065
3.011657499348665	-2.742504241261754	1.8585929977861344
2.0925609937948564	-3.4865767233466323	1.6010003026533814
1.8956766407560959	-3.292805672940465	0.6419691977527756
2.5544489044599605	-3.451483500507937	-0.2533123216585302
3.343963749613505	-5.069371406972825	-0.16505374226184089
3.1486149762784996	-4.949714813632729	-0.0019277453811556988
4.4163737580814075	-5.343842725994579	-0.5383932466653649
4.96093678853091	-5.184058548971659	-0.0140381133747437
5.639010493169541	-5.1758296226951455	0.5416291695757647
5.934766419920525	-5.820033627436525	0.8846715107108841
6.806260626770447	-5.689787933333786	1.8444492216115362
8.009439366212144	-5.0784109187639945	1.5528749507770299
7.800479963623098	-4.095787707200444	1.6671899424013938
8.304737348022043	-4.326900581042266	2.252693432433408
8.950468341693563	-3.9159034206053014	1.9422275938550861
9.994349149299083	-3.542884367768682	1.409821295621748
9.735259324628371	-2.8540750944253515	2.3037086255696577
10.212284271098369	-1.6814191863413264	1.3126670971614038
10.626290012067996	-1.0904449537116119	0.39802099538488933
9.916478102515093	-0.5380379796064305	-0.1283817182982559
10.26391033932353	-0.8405326857358109	-0.07940929146255604
8.777188564195246	-0.42548134099240886	-0.903333710580522
7.884364230062858	0.7326721381264618	-1.1054729064364688
7.60241877884078	0.15654801854571793	-0.40496534842841103
6.781592336317097	0.06459774325617038	-0.5642027582073004
6.385555570246428	0.7396461325705068	-1.7486443904731772
4.832403286423452	0.4577301854459763	-2.058348090410854
3.8078481202985266	0.4945050942089551	-1.9175390069728555
2.789959561149456	0.024908757200097054	-1.3331963249415788
1.8003049405803384	0.8664901779618901	-1.5612739279987609
1.0080490810742517	-0.09843212633484921	-1.4515204621782583
1.3357404781396758	-0.09312764033375226	-1.568404628687529
0.4075089478735472	1.4080584543269254	-1.8943256413340552
-1.0351810110579094	1.4400469626873724	-1.8992624624668055
-1.3228439073884144	1.2341615133982453	-0.9110039300119115
-2.561650204287596	1.7452203785113025	-1.2299743419641151
-3.4542277725921346	1.4754239311491344	0.005156274703043362
-2.8016035395763477	1.9943680910143857	-0.10197213366692498
-4.060308725359941	2.961166136546538	0.544312391515235
-3.312438773109315	3.5606538213517935	0.9488298916035418
-2.6327702642247006	4.073912555783944	1.8106152965432405
-2.268152146968018	5.183024773148146	1.7624411506351119
-3.0564478210334727	6.105591270600938	1.6059061537332033
-2.0536153952647465	6.5685101853060335	2.6078985485912334
-0.2956707325433303	6.9311757155691005	1.932411276587236
0.3469252856943706	7.128059064757547	2.6214771640987538
1.052989470285974	5.971998645369263	2.1788360964751345
1.4769023333763391	7.007876470755663	2.8885846180358747
2.446110058703554	6.834872677772892	2.202997571373042
3.7433874676155616	5.539994095715626	2.508632802350064
3.8847232188382286	4.998498869408135	2.6438209092366596
5.429058514389219	5.150106555243615	2.5247990439524353
5.151970088552304	5.63940948581017	2.957807754378247
6.455062390268278	5.576732599195136	1.946204780937733
7.351938935606557	5.658155948700117	1.6695681842699477
7.641384686259482	5.0352017119536985	1.8092208495642934
8.910211123219344	4.606079256508285	1.798018120171918
8.76618654244741	3.450694495743677	1.3367547439597087
8.509957352627506	3.349278568460976	1.3289600793314953
8.647524934112122	2.2624207162377674	1.5645924256799677
8.299154677845582	1.2950896711906918	2.44878244477232
7.716907426877463	0.4942039740481161	2.5802958297294833
8.218375865293174	0.06892960265164494	2.027514393579872
8.357092655764271	-0.7710230611203928	1.1441182583462812
7.648113627047475	-1.6216207245127308	1.37912610554338
8.276507248913811	-1.930347802087942	0.2756007858364926
7.259271448316722	-2.1868552966702914	0.8404998629109173
7.593379797921119	-2.5463631872847103	-0.39004157419030655
7.915531555496762	-3.0134761606265412	-0.32358849909251786
8.69799125788476	-4.149760420244633	-0.8801567344603373
8.765880446703111	-4.64433621646504	-1.3415842472492512
7.96018156428442	-5.768301268244394	-0.9070702924874308
8.567121165807531	-6.487987005515304	-1.289481832066841
7.318762847490353	-6.811489585956365	-0.6063095121235793
6.612006553925492	-7.141243889893383	-1.444741893116468
5.975694261260058	-7.05255118382558	-1.6187469572266453
4.827752193098627	-7.646519465814992	-1.7963885950355476
5.170931687244679	-8.285953372957913	-1.410670871235939
3.789298005872947	-8.596356577693578	-0.8658465110051154
3.1458917101783728	-7.4209184635034315	-1.2788592095779692
1.7816406332761816	-7.233877438275293	-0.6607152588659644
1.2635179479392193	-7.673093111882952	-0.4401092597269438
0.49510653461856036	-7.0430904164893	-0.1243225199464677
0.158073200542471	-6.9894820901913715	-0.028776963685880563
-0.14162481280929567	-6.6227951602132125	-0.020222198266275027
-0.14257986349496354	-5.551860721093541	-0.3722267070517403
-0.6979192525229089	-5.881679280764404	0.1543032912503422
-0.9040999454177783	-4.809597869211187	0.5851605919005569
-1.9801502146547791	-4.07541058632535	0.6799878325663975
-1.091764364861772	-3.210408318067784	0.5234850938604778
-2.3548137237798987	-2.368960795608594	1.443533411406182
-1.4956337210746662	-2.0006578966294657	1.4538415474074262
-2.241590923659889	-2.133673023972818	1.0613295938873366
-0.8601627769888052	-1.21147227367948	2.1125836798137816
-1.0044044998049757	-0.3316280080892348	1.6794309491317665
-0.4874940580416556	1.3393392143339224	1.6477853093294657
-0.27789238032319097	2.3346619440740417	1.4857462754404478
0.16347107625850832	3.2884488119814725	1.8854798802575086
0.9523593298590853	2.979222335529299	1.0976975565247475
2.031861481194933	3.9735893379027836	0.6185132954322436
1.6749012110736623	4.595451082589186	0.7121723953899484
2.4134789021777605	5.178621194287285	-0.6248868280820903
2.3598661951890234	5.981235598210801	-0.7762689382166563
2.7587794342485275	7.412062649052804	-1.2554723723513181
4.410111817176327	6.685172867980042	-1.5274208433500334
3.7680297312143196	7.860191515592205	-0.8625682137890478
4.572467266498156	10.167037678137792	-1.9123134813780942
