5.970836787851708	-9.349514514514102	0.29659146016034416
4.557056666485872	-9.421608546071353	1.002728414954876
3.4609009788528526	-8.524229256534811	1.0398875834974353
2.9497787538958327	-7.000102453939727	0.9962399711495588
2.378110731526003	-6.288767174814117	-0.03513088915285094
2.490003156543423	-4.896273525662255	0.6180945928799672
2.3747030520436967	-3.75683550836933	-0.22224648165449215
2.839085771967682	-1.9322440709113486	0.9959657141182426
1.917267565713885	-0.5454852885893937	1.29536667608037
1.1676702447542247	-0.34717779102549523	1.3455662464851974
0.7016074566861215	0.6399944858216031	0.8223065050177749
-1.3492227069837461	1.3370314850269884	0.6486248463927462
-2.1810942730890694	2.320278320066218	-0.15659016203766518
-2.359231505540648	4.284595255236968	-0.8716796249280871
-2.1083708449919625	6.29011783415812	0.16109173745735572
-1.0138865394173342	7.07358597863539	-0.15666272676843535
0.830162566546533	7.932344197205218	0.6143414723160479
3.4767873029684684	7.632605338499527	0.257156450804512
4.584794440015194	6.245811280549462	0.380979023081795
5.352771299093215	5.974357432048205	0.26595964480696066
5.842111405213867	3.309363055781282	0.009612524055095162
4.498104680425598	2.3184465533148417	0.7490622439335357
2.9727289696635166	0.8152742097083991	-0.03026253496356557
2.030440854870886	0.4557818194453292	-0.5693504000024263
1.9320690328626138	-0.6451086158834076	-1.0192581948204098
0.051559679654514856	-2.295485942921053	0.24836945762216323
0.6723296888161263	-3.240231767503098	1.168988352224765
0.31274402092936393	-3.25902143318672	1.712492726797008
1.48636991911234	-4.238459209349108	3.3801959417005634
3.6369025948581766	-4.057833081975754	2.7777543828563647
4.758585768896795	-4.389740923106878	2.4267268646065174
5.8381567754640145	-4.136432556996901	3.152852424194481
6.626418099049609	-2.8783151811160184	2.5870230507643885
7.362100588996181	-1.811315927943281	1.7300353344529884
7.463684496455871	-0.9438100913587993	1.466003388519235
7.803478374341426	0.2898279596376334	1.9562856513036766
7.105363260662443	1.108480415564483	2.8423570586831017
6.247033704144945	2.5551955446945604	2.281417583341233
5.191952602800735	2.884679699494159	2.67918695597227
3.7518086830327566	4.0686221792723725	3.7304347596158154
2.5584632457838117	4.770347237209374	3.4992829374116505
1.2239590744891018	4.448797813021235	2.8749728371380274
0.5301366476571214	5.417357049422742	2.4949067241070555
-1.4572106161863605	4.632382778118447	1.8500136348541465
-3.4243806216886647	5.321972133246683	0.8995801790741953
-4.312819989756554	4.1594841821781445	0.3834463533571266
-4.154084041244027	1.7360526512405126	-0.5124462345810346
-3.551753126838765	0.972877214194659	-2.0656508918157157
-2.017345352747814	1.155982158400389	-2.535524971044402
0.7495624452032545	-0.29820431133698594	-2.97829084933186
2.520687317206905	-0.4453079971805283	-2.8234812909183766
2.601909667292635	-0.8337387429538572	-3.1222951735456834
4.946534564183496	-1.1611169825434702	-2.2713292306118777
5.907496413816766	-0.7138110149220446	-1.981055626147385
5.968454473575542	-1.2570738754378037	-2.098243571669827
6.183372475321322	-2.845083074523166	-1.6306907351288862
6.658847713665794	-4.096041962956932	-0.7010901775439218
6.354664222029483	-5.430898013913579	-1.1753465034662565
4.945733596199632	-5.965993196161215	-2.0560244358586903
4.490938559167623	-6.952466352683683	-2.150007454118256
3.024387172274382	-6.605233057518269	-2.233111787256546
1.5742251462651629	-7.077466025334351	-1.9375039100722344
-0.13210254631718854	-7.05437831033001	-1.5064148411539995
-1.6650984155074404	-7.394987752668688	0.054435227362679806
-1.7942678028605537	-6.313284480978394	-0.3688292765876887
-1.129720840401665	-5.8223467238032285	-0.6352932997739145
-2.546036809965398	-4.432262163938336	-0.17455451927377602
-2.7485091102547043	-2.803809696954809	-0.021314057955701612
-1.4005423669750776	-2.2493751781474525	1.1162734985226686
-2.8871033573175624	-0.10836322508380714	1.1864155336553421
-2.2161603110048764	-0.3699539113959086	2.073338885838534
-1.9483101532968878	0.5025947654242093	2.098898954772759
-0.5609655407621048	1.7815724524348386	2.5902178447963964
-0.3373613480727683	3.0766608516614125	1.6354524344490429
1.5242727917677965	3.549784381244166	0.7436263995456898
1.8123433659097157	4.37958500300805	0.2151858047658921
2.113230235008096	5.119554379743922	-1.471704915069939
3.025376716109301	6.605668601587849	-0.7586772864109257
4.496570245463423	6.935272529405842	-0.039197215752878156
5.343067322165467	7.891034199280307	0.8239293675913235
