2.1935310882879757	-8.059029862672809	1.6606176445637333
2.5102069538449623	-7.600117115717489	1.877828561008065
1.717737951665002	-6.2725764574561245	2.428997880151658
1.9561248061694194	-5.1076244979336005	1.6742940825420716
1.56049275285574	-3.0621066471796214	2.177986704561505
1.9662833990059976	-1.8126076651950531	1.6813366746370042
3.0304611295288635	-1.1556421698283732	2.446274509882816
3.524312209429085	0.5782348955695347	2.1630031230458053
3.2724606384494876	1.8062046810419345	1.6091929920278099
3.518844193923804	3.510759019142922	1.2762032869038458
3.7292915681544274	4.029925621376604	1.0799583945769509
2.671181808379622	5.594319923912344	0.5537105523640642
2.446129538820039	6.041689006418099	0.15954203835727376
0.8120377966733717	7.375952906818274	-0.4914025547747503
0.30662009567759585	6.355778631294059	-0.2463257117072355
-0.7957774964546828	4.67614561407456	-0.7525467640319663
-0.6077916397751939	3.07566578802114	-0.9321934299334246
0.26272175481812376	1.9098649867756348	-1.090775108776623
-0.10886307276184382	0.9189442511154753	0.004736626730456717
0.8936563431795599	-0.5731016505111748	-0.2755697432615575
1.3234562895633997	-1.7811420374359264	-0.45153620911415826
2.0128434271939692	-1.4982641245869306	-1.3787722138429983
3.130787264609628	-2.2971194141421662	-1.2906331242439089
4.411455002079668	-3.507652633514041	-1.0470918869628676
6.319458983743452	-3.087948440112312	-2.0148047758609327
7.0179280443370615	-2.738324406543833	-1.46095366274918
8.302938208101859	-2.710845188056764	0.01897674329033283
8.858958453086272	-2.5014093836206728	1.2002353304149722
7.834851440221382	-0.932409273449116	1.0006259226361118
6.632504591559804	-0.06768168935763058	1.972437838078684
5.939854748367398	0.6659498823723778	0.5699615506573779
4.338530351786609	0.7130734095822863	-0.1330238503748813
3.610235042505951	1.1119576176571155	-1.6766393097654193
3.001610108765076	0.5653984003273771	-1.9947735634758061
1.1199277634817877	1.1818174537321997	-2.314439906330202
-0.47509361105491243	0.4883728606976952	-2.6620127700742544
-2.2228573860776577	1.5265069631560606	-2.12951082425691
-3.0173076036861746	1.379938144319889	-1.8202812293304707
-4.147151283778741	1.9734262805772043	-0.5739403036895838
-4.769505078337734	2.741350201430542	0.5260990966857536
-5.031476986629521	4.381923712012712	0.7959051586865276
-4.5187172461396035	5.0849845730842045	0.8784646480491753
-3.0710759209322127	5.0459332435669895	2.113138265011541
-1.573890388775009	5.656174435277711	2.642982447430995
-0.6342560219316604	5.439677023018007	3.147375974635252
1.1142802193786394	5.735566582747549	2.972209433815002
1.9105674803605	6.104709222292431	3.322070490719543
3.270821653632578	5.572791530387525	3.516731193233596
4.298425971126041	5.068301053515386	3.0799412638973864
5.268238036086608	4.679611774285994	3.16512411503392
6.649671838786834	4.422975898377315	2.8741940926565595
7.188098363420284	4.19962300756296	2.2826939779119084
7.748928132637109	3.899281913379311	1.0622723721306924
8.196040792508231	2.531744698516283	0.1269645859899965
8.879932186449032	1.1217248119129182	-1.0219785923217768
7.675381514317489	0.21515610882331115	-0.705357994814236
6.589138022096636	-1.0967660227938314	-1.0419571423546947
6.878199956009066	-2.348447875769212	0.43554745111810944
6.892278963155363	-3.207073347916893	0.7451658004562367
5.62759460514146	-3.3318502386391677	1.0173178990400917
6.144676927657911	-5.336112119366549	1.1201919230999957
4.900379836132009	-6.127512064386787	0.5587756647168293
4.233911317351243	-6.947664295595361	-0.7823884725953659
2.6777192755908628	-6.93290550053177	-0.983929005146915
0.9966946855891395	-7.028570198317929	-0.9135597679045138
-0.3244375781856163	-6.565906034727906	-0.056099317419645134
-1.1863859540419082	-5.398820413992981	-0.1605826330095259
-2.036109036856729	-4.86884715540104	0.20215966768599947
-2.7900867367957956	-3.81060910412127	1.2325034751947237
-2.7919752839743097	-2.3636515506434304	0.969147461382388
-2.454311727890123	-1.3595700499892305	1.0548595479753686
-2.608722896883369	-0.060089153063863976	2.4095491583970023
-1.712455239518495	1.3948451890015652	2.0285460532111714
-0.9863889574036102	1.5200105559731818	2.790858394778825
0.39086156110901277	3.482019980433103	1.444837763370998
0.9513936322399341	3.725816977402624	0.45212376536357834
1.6835896287090473	4.869853207082343	-0.9151148478319622
2.5237342917668997	5.351450113063949	-1.7364815765786232
3.4064847827885756	6.465375698742694	-1.3500605390893041
4.823077490250794	7.327729026182274	-1.6011281233564842
