2.761007724676761	-10.475804696687078	-0.9048803364913999
3.137591101199112	-9.516878300887502	-0.6384931088002975
1.8787491067877173	-8.114206800297083	-1.3336458106350393
0.7392101384310152	-7.760197156546263	-0.8353354994704105
0.3791673859889174	-5.771207888293025	-1.2692683078678568
-0.6065517455437798	-5.615971688716316	-0.04003084135811097
-0.9821088051334621	-4.43894407260775	0.21527195012253686
-0.5952053734559787	-3.050602819093815	0.21692355234028982
-0.7763246085000719	-1.3260398536588605	-0.6251858260620093
0.09855051033115902	0.2698612666007459	-0.8816039154081821
-0.6473602813741244	2.4317028480784257	-0.7210857068277673
0.12989587791773638	3.1974671969005866	-1.0782527659582872
0.3719031532172953	4.134785926587034	-1.0897852382372937
0.44283977399940866	6.271120024194911	-0.2574046685159389
1.2218379116902474	6.3896022673392885	0.7391331921449811
2.765058562634905	6.9632906596212445	0.7060852134964264
4.247766074100533	6.841549902582296	0.620225069875991
4.859548709964842	5.988219944451375	0.2460133780552885
5.470796205881302	4.83802329642927	-0.3739296450202906
5.302032545263906	3.3511480641140836	-0.2628358710024275
5.005827872840176	1.4603203792686916	0.6855249209666783
4.528233484850585	0.9794753309983248	0.38794089943623117
4.110523248370531	-0.13823596776571528	1.3689310821113125
3.423177974672113	-0.9674516065176921	1.2239225201029678
3.2671190859348833	-1.536564366379294	0.7219978659071846
2.449506901437862	-2.377281198996549	0.8981772058505335
3.100406719935447	-3.623792919712581	-0.1571560303360503
2.5949338752020124	-5.279592728389566	-0.8087430684915404
3.0177602581169185	-6.094462799564543	-1.0772106365859102
3.958683187406575	-6.592741023240221	-1.533396516853754
5.952744636929603	-5.787187513121512	-1.0734797515111658
6.356853352962265	-5.192160517073849	-1.8154775761852053
6.190114805250802	-3.7863745084460296	-1.0273742413739704
6.020092668897838	-2.559778095134128	-1.5302470775439556
4.445454232409928	-1.9799183215512104	-1.7685413391142835
3.6652136734492267	-0.8840238803394311	-1.8985548434391204
2.9661738347014817	-0.7644770916022101	-2.441910058318848
2.2550620163053283	-0.0023746029065808694	-2.7722938570931484
0.01103760227508582	0.6979421713333545	-2.627182211838804
-0.5918363156775363	0.6836118274187607	-2.4889330654425335
-2.1100161047623827	1.0476320899279319	-2.6642233988387507
-3.2575381545821753	2.177808534197709	-2.0819763784925462
-3.8283799279055923	2.0967815129977505	-0.7655553938988483
-3.3763854066200274	2.7541427095957434	-0.0044312763808341815
-4.282472723984327	3.91151263881868	-0.004288830037435555
-3.8086435679102655	5.824193387944837	1.1823846715341366
-1.7489349631412998	5.685865777262321	1.5448512822875076
-1.15397057640924	6.0942567875796625	2.5355469020077734
-0.31931505352559664	5.678794915324004	2.5805390742052148
0.7390702079125236	5.075635132669819	3.710225385169648
2.5373364396116926	5.2201648381278565	2.9053647872213033
3.3710898324676988	5.315629237130154	3.075488513639125
4.679664061695444	4.325145734002966	3.450690108767461
5.2090627268063665	3.295946680971337	4.006342776810801
6.1290995618305155	2.72068780267384	3.3605839481544444
7.257518069607025	2.9987089852695084	2.2721693231722773
8.157942265373121	1.8893060999042932	1.8777983716101823
8.336992481113922	-0.24211720945793047	1.4444518746621744
7.670574909369016	-1.3814230616294116	1.4095725484882358
7.134289680387322	-2.3394235348654604	2.0309207246794676
6.967829502137046	-3.332407453953186	2.2509890960447008
6.800117767991205	-4.637243949371966	2.491914812259789
5.066999846647993	-4.767579033761371	2.582079420617267
4.641481971626651	-6.1143158572598555	2.3934682943537107
2.800290290550996	-6.7644025729805595	3.0343401387940223
2.3069788202711154	-6.8981802157682255	2.720383374499098
0.23637175501586918	-7.752204828220102	3.1240986805902278
-0.7825310043522029	-6.66243304476747	1.96821937981426
-2.021088385134537	-7.192623663314421	1.244660691668061
-2.6430246451026678	-6.29883997708623	1.4046701617538189
-3.6771202227570727	-6.006188123784643	1.5663194786474817
-4.269903416880528	-4.621603820975334	1.65003774940332
-3.895175279414341	-2.9881649463677116	1.4778903643261487
-3.983677226985899	-2.1449847054500335	2.1278873810716723
-2.228987783054562	-1.0792949913663779	1.8020829770143485
-1.951902420366305	0.4283142475514352	1.8469835819721347
-1.1956784090089043	0.8321935439865873	2.2490189919439842
0.9245496191617029	1.5312783837054795	1.1578485958667253
0.9960788121456376	3.2644571947122847	0.5537795709604758
2.1566895600745	3.644790384110161	-0.04723568287731528
2.922451860800925	4.679242134278692	-1.0479346742083129
3.3924146788703293	4.687884489227991	-2.2181474013175952
4.29730445979085	5.728650085921069	-1.7768580403816132
4.100877799385725	7.8305077201120845	-2.5320621158527077
