7.491042565424706	-10.326707145654675	0.573071848214656
6.519579464595085	-10.05567825964534	0.7117000425722902
5.841509858580187	-9.785820773115205	1.7615157467603706
5.5622880425776895	-9.86297276317339	1.51442175064767
5.78987714457294	-9.346309675061784	1.596495077523388
5.436076024423831	-8.885878828503948	1.2227737326127444
4.882552395825481	-8.134065807460193	1.364291813831153
3.4489439590785653	-7.676988370190549	1.275514583999399
3.566218598534789	-6.74046182820004	1.7519487966060863
3.900281033364948	-5.936182627466745	1.6965526415985352
4.41224832997082	-5.701114731442456	1.5961215228059857
4.46510356035601	-4.832456985578998	1.460601918867565
4.6928197893457355	-4.059755211987848	1.496523111873047
4.387706055370912	-3.9158602898590025	0.9885108378392329
4.82654394240756	-3.432215823368362	0.33570970191918237
3.99184305411129	-2.8355528789080733	-0.6306743048421805
3.136144109731604	-1.9105898517133242	-0.1933686447497147
2.791033064434129	-1.3780811472004335	-0.46743454647726645
1.9004336121371188	-2.003241661043106	-0.46128465350910375
2.10257597416937	-0.861640712391613	-1.0645951490931806
0.5531680916894823	-0.20074219301318963	-0.4178513200000207
0.004163504207178981	0.003560583966327524	0.19474139162353288
0.07177578094672543	0.9142178057461422	0.18171268193860324
-0.13427606262067793	1.1917463252787188	-0.31621506820861023
-0.2048367326604117	2.627821286718522	-0.5329658173448144
-0.03021701656797182	2.683317462903283	-0.8130410819592297
-0.17944745397527695	4.055898011768011	-0.43840640839986156
-0.07234004032238983	4.338132225725822	-0.11019757698605326
-0.55093474711129	5.084263531522403	-0.822442422368034
0.4671467624891148	5.730124419288987	-0.6525174228335182
0.08251456146662206	6.666878944609443	-0.3417960875318691
0.2886878455181132	7.05236173665554	0.53735746205289
0.8631744317784245	7.45779412238042	-0.3034297295765696
2.6571450031241786	7.490657305541989	0.17093797412518275
2.193552092219037	7.701930442020937	0.6949321313320087
4.190741910239715	7.50541359900193	0.5341332160230485
4.420977450487696	7.368370687255244	1.49662620105547
4.188579832212404	6.8997586733140785	0.4738079508672183
4.954864332000711	6.763586337362568	0.8671062152984764
5.369155224249389	6.6415374253712764	0.6395950597813667
5.996496122886715	6.177997608324008	-0.6008769717064169
5.963966817985658	4.4924799982896735	-0.124315675631678
6.480364400110256	4.287570238190705	-0.0994412929221048
6.20567657431261	3.5631559640461794	-0.19145681144271792
6.2602468049387525	2.93677294646076	-0.23706805917264145
5.60363118909647	1.7965896986896759	1.2869614360562138
4.518998691685379	1.9795977406051712	1.4509222337319285
4.079725747433412	1.438280215056413	1.754785554661511
3.7182931676082602	0.7319622844767195	1.3040104482030972
4.519369653904944	-0.48655772380701656	1.3451396315897557
3.4706193030317625	-1.0634927589036032	2.1469607773103663
2.6636784483668583	-2.1200089230500945	1.52482430660715
2.6980939353270115	-2.0261100259899347	1.1413859526210215
2.5903793647894577	-3.153538872895952	1.1395489858492795
1.8168865121687112	-3.6601731968589757	1.4446952830059026
2.854778598618343	-3.926374942634113	0.4859899468284324
3.4571587542812443	-4.423677604177013	-0.5070361585418715
3.509517546967055	-5.10940329175286	-0.870370191480619
3.9597569952881932	-4.77639154101773	-0.7470673257556399
4.995386932075278	-4.870589136693549	-0.693870241504557
5.3375659685022905	-5.310455939486849	-0.3002905791235647
5.719808730837584	-5.739423920050638	0.1737969714984118
6.767361909281966	-4.911362216407953	1.136267680422135
6.901866119510855	-4.985485533839797	1.8105965676592768
7.703978484407411	-5.213185562666925	1.8602890963300203
8.423991091849357	-3.795149828844795	2.141428148184753
9.081980190956727	-3.845043651227323	2.36658240708499
10.08206754702024	-3.6064450879185013	2.165655568642773
9.932840469640537	-3.2492498918126507	2.391444725601671
10.457362873977447	-2.212874346274199	1.560227738501216
9.943699439194118	-2.08349060191436	1.127385129166989
10.468438087575167	-1.6826523519288785	0.6616331187685955
9.1537454586	-0.979032430758165	0.3177665813878664
8.531942400521919	-0.2991252745730202	-0.05513182145032336
8.103690041235312	-0.3710746673298	-1.0698691051090354
8.067510515984672	0.21552903498171905	-1.0784640147252613
7.7115999563390165	0.3519102574651555	-1.7841087715673094
5.909729735654038	0.279266711571752	-0.6613330322755717
5.147719693535911	1.4747359469135655	-1.6073731324571923
3.8934857152256876	1.5161351746589706	-1.6027662649802958
3.570608822495589	1.0770723824235315	-1.0102739810875212
2.371360942389092	1.02228195050556	-1.675639025127779
2.6791418219143113	1.287975988971068	-2.324570930156031
1.1140196562714246	1.5161545350476118	-1.8842504073213906
0.45449117264940253	2.018318685960679	-2.445532458861085
-1.0718446593241475	2.426495384564324	-1.7796200441968821
-1.8742065838487463	2.977289970440137	-1.8354112421600375
-2.647395433741689	2.1551892974169227	-0.3998702358245194
-2.7689090012876005	2.8337005563510433	-0.2718336070480636
-2.565758025230271	3.116614077454727	-0.19926803093378076
-3.0371430818647163	3.6654234522335734	0.8303732271527273
-3.363765153953928	5.045216569165121	0.7323538586404584
-2.4047534809816975	4.714308397351434	1.3394670975047518
-2.5301708867710797	6.089586191672934	1.0826165337033662
-1.6034110130875274	5.630386656746017	2.0404706144833074
-1.2381012130114823	6.414860010790963	1.6707094735336214
-0.23209081570724	6.4912268807273055	1.9173824622843012
0.3854732973367897	5.812743282803435	2.3682944515061104
0.7850230944004335	6.200201681125701	2.413807774692073
2.0806878863365013	5.393417695840651	2.7715439469419905
2.9968120607144826	5.0012531295768845	3.347166828686653
2.845738721008094	4.716808501801754	2.6866543450387255
3.707051685615893	5.012163434740775	2.1727307639007196
4.8511525074598945	4.877417396449664	2.6440075136326127
5.119378439871558	4.277749555639733	3.1001709118362157
6.357744362139328	4.19780078167361	2.7913847472000968
6.6066857856874	4.858012760026817	1.8796981743320165
7.20605508729313	4.930479758952293	1.9977172324948786
8.875432553839623	3.467955536494563	1.7489940918272338
9.084323997780658	3.0512431505081614	2.0748506783134046
8.903479190092197	2.4164189201950133	1.2615213928661517
8.488912312086953	1.7771556289876274	2.487094940256865
8.387120421197992	0.961539170752294	1.4414809852020727
8.550189867465466	0.8509858442017855	2.043854579395323
7.687595967013539	-0.06662390032767929	1.4930527889470788
7.519920893469312	0.052308150269438025	1.3779130163796738
7.486401195152517	-0.9620370735280398	1.3310680464986726
8.253466610482109	-1.6866898954918819	0.8639710234781545
7.697856304994208	-2.3052754906809874	-0.006595875167110576
8.471198352189047	-3.0622215398861354	-0.6728971172984488
8.017385740785638	-3.6556618462444126	-0.576297685332892
8.41665901632984	-4.646959542488435	-0.22601678399453196
8.429827215846307	-5.11703143741209	-0.9787611532838354
7.951469532132067	-6.211764889883565	-0.37371989391378047
7.517380192295318	-6.942693253570354	-1.217423721499076
8.059316770019015	-6.950337682301637	-1.3941096690530599
6.845295449859764	-7.117660207623395	-1.3719541943586286
6.058249919987469	-8.199499020814336	-1.5610059048576417
5.361269193287191	-8.50998376813922	-1.1463618466298193
4.04004523975	-8.555934896803086	-0.9223734081913659
4.223917514976356	-8.517624229748499	-1.406388621016096
2.346368930550472	-7.750130301162871	-1.01725959476766
1.5126456544786586	-8.251604957946826	-0.36731865557922705
1.8710673838248146	-8.43176675833535	-0.2442832241353986
0.21346096832808087	-7.15053046502412	-0.3773739235345414
0.05944561073952914	-7.045885911304806	-0.2953516716254251
-1.4992000420380294	-6.5644423449795575	0.8410887105585113
-1.2055240017093316	-6.2882158053405135	0.1356333627010478
-2.5537179139492907	-4.852866797738301	0.520838409873768
-2.1698456200404186	-4.627636565402467	0.2174778301628142
-2.129253534257095	-3.902705445528073	0.6531319430005509
-2.980091398335708	-3.416908148057308	1.6140555350096837
-2.764090340845579	-2.290108670376965	0.8125165668606387
-2.9311879658862243	-1.0949217848556438	1.6856000446258275
-3.0522815072102705	-0.6342096736881266	1.9915455443300678
-2.2164425499672706	-0.2521600847515557	2.416965176067184
-2.173788852364114	0.710712096341362	1.6981664183392806
-1.0244752132438322	1.6219561396685278	1.6943146891183838
-0.47504033648023003	2.4727520684068147	2.3612556923405563
-0.24694548965702678	3.577741410380664	1.4469554955675201
0.7332795504118526	3.2042871592151205	1.884782612486317
1.2755124755211327	4.3110024675670955	0.9733514336821809
1.6633264945295991	4.838971553369	0.027257225556808207
3.018357041576963	4.712996262714806	-0.6778462082842738
3.080419958649441	6.065199000069779	-0.6136702841247255
2.6442396431788	7.011989855752158	-1.0688615356127367
4.1169981089099	7.062431437377643	-1.1705596332638875
3.972446844757367	8.286626705642684	-1.916080658500896
3.8596785488967598	8.048293988782824	-1.7893971532951354
