7.615579935645419	-9.659304596603185	0.1398519752611293
6.861672516925079	-9.369596900098651	0.6631094443211014
5.879131063086397	-9.577100311542221	1.3338767315906912
5.360296562749642	-9.544390839156737	0.7960784136659416
5.420587820451187	-9.197615812343864	0.9683457960272767
4.572654701400517	-8.634211888880795	2.0262805832504256
3.802807890530882	-8.520646133101051	1.8801792339330952
4.104433417769309	-6.713545423059042	1.5574541947401843
3.1648798763444277	-6.267485663073367	1.6273431275735537
3.953561740942783	-5.335327881579097	1.3874011077371022
3.7866538358271082	-5.06973693905637	1.54618916484943
3.7953440216279515	-4.202570471216612	1.2062156545806144
4.94573470512353	-3.730809235470871	0.9900006698664325
4.701547317406137	-3.962673521950053	0.5185775993660229
4.480446491353413	-2.6740654951553466	0.43235372564679053
3.8983380591477763	-2.391927095679812	-0.42522053168610185
2.9611067348915663	-2.5985648979491565	-0.23134799361112934
2.1679697690217483	-0.9724577464773088	-1.2737876247003075
1.9337137887857485	-1.5607800490998507	-0.7157441727255337
1.820603290832952	-1.6075098506498187	-0.11805619305861326
0.7826105190202675	-0.20896513495055724	-0.23889053201087707
-0.06861359035121489	0.3535196013557895	0.23249187997527032
0.13443279018526932	0.5830819247984832	-0.5446736809146284
-0.19779610478651755	1.160358153880183	0.725227223386956
-0.394575455365448	1.6774715978304333	0.5631907790286731
-0.8444209583945377	3.5754508328098344	-0.2643314810254316
0.1246741743770744	3.5655081841433254	-0.08292606508707012
-0.5450820457849276	5.250053551174861	-1.0586023742764603
0.020035515407696103	5.244375768153543	-1.1231838010891564
0.05500117527087389	5.639669268592483	-0.8708774352499428
-0.09547315297955905	6.168445453122099	0.00614020703246454
0.4900762096875981	6.80256669235598	-0.3173239690460503
0.7960838736183026	7.433464586250331	-0.2334886265462165
2.0656130161573096	7.398501819998755	0.6435676956308705
2.834119673753173	8.501296219119933	0.21006852294813977
2.7908327173706224	8.59763451956232	0.8608552899489835
4.075700737067807	7.197779398828833	0.4211003610010546
4.159423564965563	7.837987024172095	0.5487699422057862
4.778586750791887	6.6345092483912	0.8985159857500072
5.544506739201856	5.892393265022586	0.07480208756441414
6.689305838661463	5.2514071164178935	-0.12853746212847522
5.8223366077092935	4.646196567693521	0.41851448137448644
5.541949006731196	4.8269406574300975	-0.4311571418908703
5.380134877066562	3.5966839657489564	0.780757246017767
5.6647549907448775	2.589488648208424	0.6244306724791344
5.403508275519312	2.53565169423884	0.6905471577960433
4.849576503240252	1.8630455527700565	0.9693935744024278
4.768315862213311	0.5461758169181761	1.2618039547423487
3.8101829584903015	0.6633942451461731	2.2811951750414625
4.0694379152041025	-0.4505436728114408	1.2824670452810298
3.338087734392683	-1.2123729759416404	2.069186278978885
2.3386649176525625	-1.4479156816129861	1.2800756255784695
2.7127817003425436	-2.4359760343108103	1.9767739693740385
2.2063986934067206	-2.2981380101810442	1.1107414834588945
1.630470197948421	-3.2772883405809656	0.6628148252666077
2.8993670843640005	-4.686000360510617	0.10621815143854657
2.570124851424881	-3.833927611656618	-0.8888712898151335
4.012481950730884	-5.49924469664014	-0.9301440760530594
4.280582619429931	-5.614379452871871	-0.6387960498875627
4.911670828727343	-5.903622230163517	-0.16919648171683477
6.074297657261997	-5.085951153960974	-0.3334788542302986
6.621519179347564	-5.855581247602565	0.7304356343241529
7.144068058215542	-5.1532810997323075	0.644261567162121
7.246794560462223	-5.462812114337436	2.0545297677584324
7.486009363106217	-5.013031055246017	2.371461953998012
8.69809571596785	-4.156136923488289	1.7439048647372348
9.308551791227611	-4.024340609547358	1.558681560382655
9.363790923606649	-3.9716532916889964	2.438534127381029
10.172364222875897	-2.172361396654312	1.4601628352286413
9.66367458651887	-1.8164588270390272	1.1244124405232205
10.004554172882443	-2.2468605528704115	0.18536149370583305
10.207706148677415	-1.1072107029015688	-0.07012279706437852
9.812416947051275	-0.5016464606497678	-0.7581544111162948
8.726843682936545	0.37460306544426736	-1.017872125577603
8.010970338483945	0.11459772696343562	-0.5299691900759191
7.189759979763015	0.028998085502400017	-1.1544920076475371
6.96999435979837	-0.033518813162160294	-0.9145779540641386
5.795946296708443	0.3690532778708172	-1.7019818665360684
4.951893442070532	0.47446853695815266	-1.2535195503799448
3.922183423313634	0.641355640805719	-1.916683219555649
3.2733017959723587	1.127977992868073	-1.4635951638839289
3.1886344549774917	0.9374508187240166	-1.5813150779273732
1.711340250056646	1.326771565646986	-1.9016282590079852
1.5368060579886986	1.6190216070322154	-2.2829594368953865
-0.38455478628212963	1.4547936806223314	-1.6771783331198165
-1.2939292648481011	1.787113419643409	-2.2411656874840435
-1.6021526049331818	2.6361755600343306	-1.7841231823355599
-2.6883417467469886	2.800225268196159	-0.5382954715627599
-1.9932581584473894	2.5719217002700114	-0.8005754218219163
-3.3411364704371795	4.455802794547864	-0.8351854142624244
-3.78192550888624	4.632299388561009	0.33436382437498574
-3.361976171319683	5.136891165248223	0.6458023753177307
-2.810546634432014	4.876682278964294	1.6265671064629106
-2.243014873447465	5.325745517642779	1.490914688451386
-2.0893308086424227	5.632750912046275	1.8492577757763582
-1.2384601441401402	6.021803139640652	2.75201238507744
-0.4105872068987474	6.917197325024238	2.110219054152435
1.0964282806865544	5.620128083572992	2.3924523772407538
0.7812356465479566	5.83765097434062	2.9118468425951605
2.039663687550025	5.2748734672075805	2.908997787951768
3.346219335302978	5.444123554248602	2.533419706928207
3.20809187430183	5.5041065168938905	2.644883908144605
3.7393753826390665	5.418553290475355	3.1177459428391487
4.3409535619518556	4.337969509697816	3.5365392096242676
5.153746683281391	4.2385312027839115	2.34176021383862
6.522849118158179	4.035128508294294	2.2583581195523554
7.832753840292699	4.259481813645309	1.90967932638973
7.245851168325347	4.175727415635297	2.3381491972814556
7.779438089931656	4.038136008345809	2.02134884622866
8.56355411070677	2.726534960348393	1.7441475467887932
8.782743258691616	3.0075013646303326	1.4178812697202736
8.936413825939216	2.2609310695127567	1.6704195113292997
8.411517800042189	0.7544003511111799	2.2051267919211623
7.760040783370087	0.7960277949050714	1.7428716719970603
7.676135931717004	0.20784968911534663	2.1994811561806626
7.578203988561345	-0.21281441778167687	1.0479276493057301
8.022882242749327	-0.9261560026051576	1.2233325305542988
7.8419869936357	-1.5156501692030342	0.863934018244802
7.805001166719806	-2.9461116341144926	0.5657970560011554
8.28225860073366	-2.8935666475698394	-0.1448152598922472
8.02973769194395	-3.5256991747696347	-0.5564449313243562
8.518882662297614	-3.6699224993735173	-1.1361679169430492
8.6743415652039	-5.542259030796618	-1.2688050895111944
7.878892919005897	-6.26505317431331	-1.3699835707412928
8.225587840105055	-5.85804508609013	-1.2100098176616143
7.023437059299393	-7.301606186030687	-1.2529254110833912
6.44197325368524	-7.377880644065449	-1.3312928074555268
6.890020896977942	-8.271419312684325	-1.6091778902423106
4.847370505991629	-8.646332567495103	-0.6710380245399463
3.924689667127438	-8.218126483683326	-0.7385603273736512
3.3925079570388696	-8.810893495004834	-1.2109041346369305
2.1793215795184033	-8.27309093211019	-0.6228392274570157
1.473968002556183	-8.672636560894507	0.3244990437504589
0.7039073328542458	-8.024769800910306	0.06713590576032646
0.05645579481161944	-7.888966393818227	0.644362095013105
-0.42331894430471617	-6.884857670687527	0.41091270966630716
-0.8364515991955234	-6.136195156240799	-0.061351800439029686
-1.887840109244952	-6.12902724886886	0.9961174420434957
-2.2334516566629223	-5.522173593257592	0.1626713599017372
-2.490396558214299	-5.1422634450241524	0.5331870502179018
-2.8105165195016903	-3.6953443604684937	1.3797227325319663
-2.7512814954987697	-3.4778432955918985	1.5451467002004895
-2.8214245772576474	-2.752202332568874	0.747096251922108
-2.8941772213084924	-1.20977914387426	1.3832606220165684
-2.938564425202188	-0.6635050958939365	2.2148897425413328
-2.801125127676715	-0.01209559432841778	1.7873017719688362
-2.450709295630145	0.78731072715048	2.357681622044962
-1.3075109056880794	1.6010552792262045	1.8968985623677803
-1.2429268721684628	1.8973113281151752	1.6054050555303836
-0.00575920754470316	2.5941243467305486	1.2982533887584282
0.6156604442442564	3.4853387074356004	1.8579514192392228
2.095832615833438	3.7732677458687864	0.49996983083934277
1.6584010541715752	5.296014367891719	0.24575348957204574
2.0974676255262183	5.126068251878865	-0.6355164290162132
2.7844972247293356	5.393416266787333	-0.3283455744108267
3.606269134160857	6.799053475853262	-1.4965182908676729
3.8476035164269824	7.440557114864038	-1.139207371406552
3.4563748034865043	7.405038682799129	-1.5618588961381208
4.152398124376905	7.8287516774211685	-1.0792603792775932
