7.36154168486082	-9.90939101060909	0.48413037409899384
7.109033944268038	-10.441462328644677	1.3797144139230526
6.649203281721959	-9.471141588415568	0.622186490878976
5.835197593913754	-8.909788351016108	0.8068353349493521
6.392955577456123	-9.22877846298693	0.717544196797294
5.196458780506305	-8.975024242356957	1.7586212065431053
5.133893545439694	-9.382062255248083	1.6594500518617012
4.495431496505654	-8.523555895701442	1.6307369356423451
4.960730568127464	-8.502253471599031	1.2048815249252036
4.389545513064595	-8.274719016937247	1.4136407732913907
3.982623338155418	-7.9269839577774155	2.402670386288418
3.4491966335795756	-7.512210712311843	1.5669378391003808
3.3276278219907485	-6.919590182909252	1.784844537529894
3.714910365462091	-6.254124912177673	2.42513170289514
3.3279295993201816	-5.977244597434156	2.1177673597212356
3.391968439190278	-5.17578193870225	1.4166499026455581
3.525642851393567	-5.0849297233370665	1.4153990310063749
3.942835397452911	-4.891702832431798	1.547638583934567
3.8471293629546985	-3.816595588468231	1.8884614957014723
3.9332470941703974	-3.3279229685246046	0.8445688152290988
3.7883493154721664	-3.5989083338612153	0.5701036316376372
3.743874154617279	-2.8638743545309318	0.4885889245763577
3.978745325184887	-2.3493088080524775	-0.32235588139866944
3.1431259990684994	-2.79493523509307	-0.14974837017407217
3.4771780140024977	-2.1178737411948347	-0.4864683078320864
3.293547445017717	-1.772150882755937	-0.6466284397922464
1.9579125375190456	-1.2650169091284116	-1.2670328385660112
1.6574778395566798	-0.8360644200419929	-0.685794555584341
1.3186078340217282	-0.7932183624518123	-1.0759776636525844
1.7570667863738607	-1.3626056247794223	-0.2747588206854783
1.4587615059680057	-0.9225664166805001	-0.6082980378214242
1.3967715910825564	-0.8691719741115937	-0.5163252040875717
0.4362073753998707	-0.21370596701568528	0.38711640973581074
-0.18132800697273926	0.14035405890650732	0.43324545529104497
-0.05910371199617015	1.0538408058278896	0.3213260374920187
-0.4434600643345769	1.0410463797873233	-0.25113722760713875
-0.7377835781196302	1.7383665783954525	0.0705721282101156
-0.2616941981582981	2.3004173120298197	-0.5138779551500462
-0.8894637699758607	2.4086991808676004	-0.048077903991684656
-0.7048462059309603	3.26904056688522	-0.062001536622386944
-1.2978386201734546	3.4226181800188673	0.33257314626727763
-1.7588096219239673	3.9821889280336444	-0.023682704678086197
-1.5295294354261086	4.662551665697838	-0.3069772848763236
-1.021588838037374	5.0158477381371664	0.0685098473873833
-1.4505105447565558	5.895159547582516	-0.7756171113454987
-0.5095020096022143	6.14481005036016	0.22870175472164345
0.1351970000575472	6.931036464369587	-0.6583775496569245
0.06992406412059438	7.2820273663295785	0.7161217917910823
0.5347231040035958	8.64732491078403	-0.24738957677052698
0.9185327842970621	8.388760107716347	0.8842671049458517
1.3278243829203986	8.746321578713943	0.2916478183109048
2.0812790706628523	8.001692763358172	0.33076465898789587
2.9200343682919914	8.343605401391995	0.5775750354877813
4.155309302014535	8.328447200621971	0.5407736072890069
4.8825422020490645	8.204182960834016	0.8733293893652614
4.649555743570026	8.474672500642976	1.028697153328065
5.724466471923397	7.324532713832212	0.3819226127472519
5.475293553740233	7.41901786363357	-0.03766735991346093
5.455998153229164	7.312557677537724	0.5935133437707669
6.326553053501215	6.984628973144395	0.23251102435536464
6.959574795399887	6.882595254997146	-0.0019942680323647988
6.261336592638395	5.7394104454553725	-0.603497318947201
6.414416357140916	5.127334964438168	-0.4152911605073559
7.454737135223086	3.680158894820691	-0.07213530768545628
7.517349176374134	2.895680914214144	-0.7159951909951363
6.653960743504908	3.6588134507823997	-0.35277119493272974
7.246282005573477	1.9738416618121322	0.31671359197079363
6.82599292945355	2.289037551627405	0.6495455491653493
6.4575518841495745	1.522524916688946	0.42971408839890196
5.496687693343423	1.6516734631723375	1.2413135437724403
5.017541357030891	0.8554333836031784	0.8364392000612448
4.647805165751084	0.4444509060272913	1.3188234257441573
3.748859189892018	0.9834351733131821	1.8266885485242714
3.9052283379247017	-0.09569173273409726	1.331589758100528
4.077076116187723	-0.7280773392630174	1.2964080737329988
3.062599299119092	-0.6021581703502018	2.074947479664664
3.1216526923141963	-1.9527555794648102	1.9340207441496233
2.638997649775567	-1.3899212196658777	2.0003365625321807
2.1255695411519078	-1.9120051025495244	1.1040688662708418
3.22338128086123	-2.9430746470821445	0.9979969477111221
1.9762517724126023	-2.9417616894540144	0.5697108385890823
1.931218594248436	-3.122848954769952	0.6572904710769762
1.9072295983634506	-3.083011104535779	-0.014626183114957697
2.3496830481223374	-3.585035416066991	-0.07077582453189601
2.6919773339017876	-4.647531712256426	-0.4782993966249052
3.448072371440717	-4.771947501224789	-0.3611414166610143
4.128667586116279	-4.71309235724772	-0.4289354977970159
4.596273439659144	-5.653890941283529	-1.0713582753467263
4.385858232491596	-4.933875272100169	0.07639194341293964
5.593307070638421	-5.166780773413215	-0.41255584548066554
5.154968253301115	-5.710992733381545	0.6999676567210835
5.689396933507906	-5.210451989800303	0.6044032607922654
5.998176249438252	-4.64755408257874	0.36743637041173816
6.560815757351282	-5.164908775177284	1.2748122512980142
7.351015163216919	-4.5706584048583245	1.126600280828343
7.661389666561164	-4.872654697272497	2.225366343238641
8.346501054134121	-4.439127705580372	1.9152436860459234
8.2677422637602	-4.8313798071510465	1.4693995319926134
8.785598416043563	-4.698557567495416	1.7170739976330873
9.013553393596542	-3.7046823830778743	1.8172497718486478
8.990692389963838	-4.146068262800155	1.3841330192679537
10.008873457900803	-3.0599335625265844	1.561548840655588
10.547881797530568	-2.9509146203961785	1.3859194082707023
10.3707585519731	-2.561144340975039	1.747987232572302
9.847842173308509	-2.3960998671818494	1.199615899869539
9.910982544770654	-2.0076276581976598	0.4397465353484714
9.550302387805536	-1.5573029014581001	0.13782374484799473
9.76525049049426	-1.0513896572704886	0.694081919387485
9.366400881338846	-0.9229565824871516	-0.17793133587194399
8.874689521987868	-0.03660384306349318	-0.16080695679071133
8.955691455055149	-0.12744643544404766	-0.7117821182706805
8.03392336509843	0.10677345117418091	-1.2466429090790465
8.423449336242125	0.08975729745955513	-1.5331469781316365
7.885508198253095	-0.057308148611175225	-1.5521830649285648
6.832623927042738	0.22977586879380987	-0.729866671244676
6.5825060112127245	0.35439371575582435	-1.6296860773217419
5.930531534771545	0.3474127646134382	-1.525800852511004
4.864016953667737	1.397754815891693	-1.763762731509482
4.922219101442064	0.8115258957907686	-1.8565134622473698
4.358154465779791	0.32606704887013466	-1.4113253320340453
3.700155761420379	0.6301077225834444	-1.3959481605120292
3.111669204812912	-0.08415299451024516	-1.4864848050288237
1.4962258031082798	0.1838812233662006	-1.3717315663966636
1.0494498236028247	-0.15282204274617373	-0.8774582689328478
0.6932124048821029	0.5910147723998945	-1.1355270412613248
0.02362601007002406	0.6884112128923144	-1.7857521967681291
-0.11906599542076168	1.3882551647410333	-2.094725079507159
-0.8841758606108201	0.8694874866803665	-0.8178965220012544
-0.8044356259909602	0.8135996898083985	-0.9126904433539458
-1.4171886388352146	0.9091856505563345	-1.5857901077936565
-2.193181863412605	1.4695803942318229	-1.0695655522461645
-2.789418590511833	1.691847102115346	-0.7035053803850844
-2.5465272110091473	1.1226825332319934	-0.8309789556253168
-2.8294219380132146	1.727531422147251	0.33333088070210726
-2.7919623887123364	2.8845487327591743	-0.3481993783868422
-3.7865335949800816	3.012506697908698	0.5719096685490588
-2.9088995434503406	3.3310196763917204	0.8415332462211182
-3.7321923295466757	4.0876826249157325	1.7746922028724947
-3.0754533885909625	4.253789517303437	1.74716209370485
-3.16921988346333	5.155274805919863	1.5163842834090198
-2.9775496696411596	5.673238069246597	2.308282299388237
-2.7553976483179436	6.478047933724227	1.8105776604095198
-2.0070211800627313	5.990986601514531	2.6333387925066836
-1.4913924303062822	6.60937343338994	2.2101991772885152
-0.866555091052122	7.307951610327548	2.167065392401563
-0.4725979658279867	6.759553563726122	2.8175400022399297
0.1506462854773948	7.207376684621655	2.1175988221021886
0.8918615739538932	6.09056127539483	2.3271698467028306
1.8840000706431472	6.446041556816041	2.901388850948269
1.6907836379867212	6.374706835560263	2.3185596374176853
2.4133819479534475	6.598061450910942	2.4602305976151646
2.5216600725977116	5.990327076869836	2.7881866614625808
3.276596123728915	5.504151663146255	3.1006140384382466
4.252586627521003	5.302574969166475	2.5189688504929895
4.191949059636745	6.072690203856797	2.634524309348453
5.611886239114943	5.2785400289436595	2.4290183714511215
5.024145055246964	5.8863016474147996	2.739713490581367
5.9374139712960705	4.977152027477084	2.2046815293812867
6.119981701515025	5.526063104139994	1.7618407518690438
7.776564732335769	5.51442428891178	1.5873478028217622
8.22901467969977	4.971178885101201	2.3572151465920226
7.918474220886099	4.56912664307343	1.9695724330198399
9.131002105081082	5.284946466151094	1.5502035352657884
8.654731271513858	4.648623291936827	1.1792143837507318
9.100475727977836	3.7512469093331937	1.3858952424465312
9.378231709530487	2.2358627620667573	1.582426355403375
8.509652732078507	1.7849237926786845	2.6558359440583565
8.444275031988022	1.695852431532642	1.754701615461555
7.953452290193046	0.7317951891765249	2.335198358168168
9.072793669360186	0.2756230025917256	1.6340715209932872
7.79203448186365	0.20460552626434678	1.454307972161947
8.649432984384772	-0.48911402415405963	1.977235243134766
7.494290930953911	-0.9267891534135828	2.0199885282554377
7.279569961444816	-0.9129445559010851	1.3243614555193084
8.12348446517406	-1.737683141546217	0.898551655051982
7.318469136056666	-1.538581198376395	0.7804880203800939
7.249900975432887	-2.6407592619743285	0.22909560723845407
7.9996428271430045	-2.03068398424571	-0.0129731572920041
7.512620386443455	-2.23791283399712	0.3140337081818396
7.832454018773067	-3.607129340767594	0.3643346195431223
7.900290684307646	-2.9514268898214544	-0.7555565921043199
8.586923095636585	-4.312801648558104	-1.0941982216417352
9.20326438403295	-5.063169378191448	-0.8160006223458274
8.122896479185902	-5.446891234964046	-0.5785642551219039
9.227151851008218	-5.867889725964372	-1.4573448415300807
8.922450304841734	-6.0551287510705425	-1.221359551516688
7.997573788188676	-6.138739768138203	-1.1567544356722657
7.785787020794555	-7.31702737486798	-1.3819015435925828
7.053616134172437	-6.366269753006922	-1.2979838679399802
7.309441138690221	-7.316809674718802	-1.740811757664416
6.577496078909	-7.173323328681242	-1.66308756078665
6.1736311864981275	-8.243762386244793	-1.7828684561594397
5.462916182682442	-8.499913918982582	-0.6966018957921367
4.223500766506599	-8.405829431337557	-0.7423234464388145
4.3522050779883665	-8.452395164067712	-0.6745027429309964
3.5993334785293136	-8.33573586812651	-1.3681214811586382
3.749722645308209	-8.587415323612861	-1.2806418723065793
2.9241650264961203	-7.732957621392898	-0.6913744063670335
2.341988113918739	-7.069866906003087	-1.279926937119786
1.588702243373659	-7.282319971319273	-1.1715376274572045
1.0366505105911863	-7.460505112243879	-0.8938963012610637
1.0588675552063782	-6.708444221524335	-0.8429553385317367
0.2735488910829067	-7.359617678903061	-0.047735048872520336
0.16288918100150318	-6.353612716965607	-0.2683018503409655
-0.17537447586369237	-6.553727231051372	-0.42766060672688166
-0.007091243612516007	-6.313976854255596	0.1581386893075754
0.10191562757776396	-6.354189656053115	-0.2889229720741201
-0.8262963560775864	-4.829883116455037	0.3206946671031355
-0.9179883569118535	-5.462128216468736	1.0419238586385564
-1.8488753774127402	-3.9613499216130466	0.6454624117662376
-1.752236782518037	-4.716396470135641	1.472193704562371
-2.106604000661015	-4.043046775261094	0.9444770808932155
-2.344784238133837	-2.136121983668668	0.6167492133890919
-2.1058557540171496	-2.3619682155456543	1.509471316523574
-1.7199567269720224	-1.5681692923470663	1.155211374268326
-2.0528650195590714	-1.455739293224815	0.9979304913570385
-1.9059925932338886	-1.8862849944744107	1.9571977892729189
-1.5186964805428933	-1.0460587417999383	1.916990536473973
-1.8540762785940403	-0.7687717887807926	1.5735803272317201
-1.0231672725082954	-0.09269574630348865	1.5233957999333938
-0.40393707022387537	0.06543066997430336	2.1301185952107016
-0.7612671408703007	1.215946349074108	1.7368721720611588
-0.9466069708741162	2.8501823224277394	2.0625178810584743
0.08161382280433149	2.7175045561085005	1.5152144816071857
-0.1297051860082724	2.628495189898169	1.9844946333601061
0.20519918576112928	2.911321963407073	1.8007825650674598
0.7602635849720354	3.8575177709006736	1.1248244277503598
2.0925362431488566	3.8039369986110194	0.3080121758579134
2.5864606288835157	4.16468137998436	0.26079443364448324
2.5757639977682834	5.070172242193525	0.24254579091499684
3.132916897250319	4.921133917800346	-0.8683576341452648
2.4797206893069585	5.639233248042867	-1.162075287130442
3.723235077623323	6.339954953857513	-1.2557138316738847
2.9773749837689616	6.377981762992418	-0.6247418795398907
3.0152423272203044	7.795248024391868	-1.3127501438987337
3.50466674704445	8.46427869031009	-1.71229912340206
4.752212201467887	8.905349477108253	-1.508386677219461
4.474272431191031	10.118476077391275	-1.8943690882443582
