7.181111726481385	-9.738615456546068	0.800267918909618
6.501305072068698	-10.504254606238678	1.3211746083601859
7.543241235581352	-10.107869972435392	0.5050365372159944
6.155434730765459	-9.429048531136631	1.0511179586634523
5.687755083575431	-9.447221364112918	1.367862911394675
5.219960112313191	-9.667256569082303	1.775720504635225
5.308984288586514	-9.331444440357334	2.0450195410818113
4.799731698678091	-8.378198206239428	1.308474387178054
4.198363169282292	-8.358066486718295	1.647177291487786
4.321069609360718	-7.631602088203353	1.5258592296291245
4.382924918558214	-7.259215074625913	1.6977964604119953
4.435240934086068	-7.676576549899657	1.6938264531193248
3.2002720925797665	-6.738182013905838	2.4629792105425814
4.0878029863529495	-5.819919550651342	1.8507648347431676
4.182514203609241	-5.27034987144232	1.520520741781945
3.4394658554997353	-5.671438015139463	2.530493737400309
3.711960047180776	-5.2531598097799295	1.7123205381740156
3.9367971613832045	-4.859934239756234	1.845597108353656
4.405289200941714	-4.254811788763762	2.0076076875476736
4.713126390368282	-3.914951550483247	0.8178024543246787
5.071793945759947	-3.505095455104691	0.015058432239929302
4.719904369239654	-2.973606298443105	-0.06272964001537407
4.423126767870919	-2.420880944625805	-0.5921170214614816
4.216051072172512	-2.0487778442116813	-0.599934209644487
2.987931451808153	-2.623430569282821	-1.0251675427775193
3.300511066876103	-1.7390346759446629	-0.4559972960332588
2.0362784495078925	-1.659113730150358	-0.40156147717541235
1.5650991260427762	-1.5834386477840383	-1.3467354179769857
1.2253699341226474	-0.5187820573665023	-0.8165853462305412
1.8963843089886536	-0.7568219458421444	-1.0943596252633927
1.2974933155912503	-1.2260620853813682	-0.33557495008108484
0.680954572058259	-0.34620038099202677	-0.0072614287456230775
0.1511381269833147	0.15546572471639175	-0.23108555858399804
0.7118556435507502	0.12062444502805321	-0.05891338600165941
-0.4506071798795538	1.255232357448156	-0.23284921273622528
-0.418545995194322	2.1180600499863638	0.21285976242974536
-0.7110324536820791	1.4707316854394343	0.5897218480097058
-0.13683111063015785	1.9810420723574724	0.0268358109315181
-1.0654013942992666	3.32822496057409	-0.07821761463407384
-1.0205590904287896	3.5199603200987672	0.33467403781093075
-1.7497856895662365	4.526438451956093	-0.03421257480523898
-1.1663113299504895	3.9898390840747933	0.2432746417519126
-2.198463150971314	5.253804277817462	-0.35863537719045335
-1.4979956142558495	5.24896104240138	-0.4817053963186912
-0.646081677485711	5.677390704568616	-0.8338756828306796
-1.2381050923877601	7.574600214574753	-0.8562691571024424
-0.7478011717918179	7.195911035693274	0.14894391542396856
-0.18040680703891243	8.274704906131493	0.08275645429523903
1.0253868509844948	7.960928861574682	0.2529284536493367
1.0277394361579064	8.426671570392475	0.10619866294800062
2.2580481102977137	8.249677370737816	0.16193524996943906
2.27224030271429	8.617928744228433	0.2126405403728064
3.3759726194814323	8.908955553644594	0.5709900297502217
3.44199505825053	9.249792948574612	0.20490216662177152
4.666214075681113	8.2615427902051	0.6081822335930069
5.051681437520211	8.144738112138164	1.0455051452800006
5.858582741999198	7.776109369009886	0.6559630553511256
5.3573932417317	8.181355678036585	0.28025018917341954
5.974728880324932	7.3002533473316635	-0.3024825019849852
5.960207777637586	6.572927574973868	0.6204815875362185
6.8983496139860705	7.408682889394411	-0.5962524010294705
6.890941718075708	6.144243558541193	-0.3813452690665603
7.4014975022654355	4.410300347201948	0.03770849013483768
6.7808370966187175	4.112308323072757	-0.9027354825789431
6.64186130901976	3.4678133777309696	-0.6736731703339329
7.0074677411566055	2.7375736317605903	0.20964486843096608
6.5845983319226296	2.9635840550653683	-0.41194141657665884
6.8655370072929145	1.5145848111291007	0.3874806958784074
6.448631365095569	2.0451661544306514	0.5546640237598828
5.100970871463426	1.4588799519301396	1.2035344184763268
5.644042993307087	0.5257972268355242	1.2498947214685647
4.434996988381956	1.3846346524806175	1.282071621184418
4.730970218923153	0.47083240895290435	1.3271434604233903
3.836410039135105	0.6759232530415128	1.4012062153569886
3.9087087420419273	-0.791434018455077	2.236647643181924
3.784641577594331	-1.4396327636710462	1.7567100277859178
2.894966201104881	-0.7746944569922618	1.6687712186886245
2.220010920265909	-1.8506418870972978	2.3474249483155383
2.6584628291189896	-2.231674611644388	1.9318232181739559
1.8901692769053886	-1.8427555386137435	0.771164778597355
2.361385215073673	-3.4831100797647276	0.42928044749077066
2.120827297521239	-3.513358535660274	0.14515998337212155
2.065553717025524	-3.2835428391766808	0.15747609439681867
3.176679617560583	-4.230514828122313	-0.023815799260145876
2.53420840159812	-5.129263425354768	-0.39864424184542346
3.5031923830307585	-4.220663904261981	-0.9737161555787017
3.6944656018934623	-4.568123258544217	-0.9251373249587941
5.083927470900602	-5.4798670682512265	-0.7588703311151759
4.224321149233534	-4.580255610270682	-0.27332297946477424
5.597172409635621	-5.445664603353359	0.22327936387473768
5.256447653712473	-5.8651901124380545	-0.30878841137858076
6.635380891253865	-5.564187609471606	0.36699793744822135
5.978775846526443	-5.45761883128913	1.285546091035702
7.594628483944373	-5.918408137127183	1.188045514925031
7.228856199292049	-4.759880145756289	1.3159710768147677
7.177665883716695	-5.624137646823476	1.5641261525179742
7.536060550082531	-4.468634691155559	2.3208204168720115
8.818147913416967	-5.128096524199042	2.224510289309891
8.844203613942994	-4.529107236776923	1.8080851979941648
9.222113582261564	-3.497780498744591	2.3428777345276357
9.885210204985468	-4.072411340313025	1.4852446482873678
9.48180506771708	-3.321835059645255	2.5812723950126943
10.6974092630844	-3.421771787119136	1.9482672339099212
9.703847609284589	-2.601322257817763	2.0754508312334603
9.706800650131566	-1.9875078835803046	1.2210943498737663
10.037513394689809	-1.1306705438489695	0.7722690467457137
10.393693458184746	-1.8650948721537495	0.684270806126088
9.380430157025486	-0.9980125027287132	0.5057130920480621
9.735428970491034	-0.3303479339182904	-0.6318704900155022
8.893612134776589	-0.871668743476246	-0.7389996524885063
8.67546557657227	-0.16672689596321266	-0.0028802476002351973
8.344426797625763	-0.46671030550803927	-0.7437687554152853
7.430739488913659	-0.3286363749112848	-0.27670231964718917
7.20107071115786	-0.006454082178198817	-1.0995387389972602
6.455100933223933	1.2265288104537615	-1.8869730050474045
6.184993357599842	0.9141454305759014	-0.998421477216291
5.357190013453228	0.3244610506190847	-1.909000059223021
5.8008693352095495	0.9248351397968593	-1.424316982396379
4.875308345331974	0.8586990258644952	-1.627879446149581
3.6457131171749526	0.5223316960596893	-0.7034340565486363
2.918243203273768	-0.04821988061422716	-1.1469419256678342
2.460033377547475	0.0040704016025019385	-1.5989415307259915
1.6896699883230533	0.5369343194465764	-1.7541557475490501
1.7289114164160875	-0.4814152642547362	-1.1751286251883921
0.545225498058081	-0.32102675182076323	-0.7882699280193655
0.31271549013208644	0.1818939837086678	-1.3246941173604312
0.15470457238270086	0.7017094828284445	-1.7595693594836055
-1.0896805532548959	0.567462826680899	-2.066668404190125
-1.5429935893700863	1.6473733180183951	-1.288093698925675
-1.9586603323602136	1.150233087018907	-1.2719965165495668
-2.0222739472650604	1.483132920302539	-0.8275246282117219
-1.9795013418415057	1.2520874657363956	-0.6253592404258412
-2.8090113821493303	1.4571314975015017	-0.8852143455155113
-3.5194277393872486	2.7307729068540896	-0.4027757808799721
-3.087237588897489	2.6336635814824407	0.26094450235286776
-3.9355260211878944	2.8856328406295724	0.7268813094391311
-2.9381212665117618	3.484353798665446	0.3430750884991024
-3.069141639752911	4.377984213665101	1.2022524133941612
-3.201054450203245	4.1319291168691015	1.4134951072172166
-3.456538290316397	5.534339075211981	1.7314356414727388
-3.266881125646749	5.537769263297591	1.5414839139714456
-1.990055184003924	6.145045080525945	1.7907442060533492
-2.264690484253837	6.0434250572111265	1.654983801701721
-0.8531204548621182	6.930610070496654	1.6871264778484332
-0.5225687919507488	6.800266211731824	2.7733490283501405
0.40097443105833197	6.495763570401648	2.409823325031242
0.2575242583348689	6.294973092449935	3.1588209950306503
1.0358956037626532	6.653870528790021	2.796433766349687
1.232387774448637	6.358122408369158	2.184588678338232
2.3915771987736894	6.441577495447101	2.80022344347064
2.4447138584879724	7.028601505604595	2.218612890163507
3.154270968081459	5.708095818997028	2.7571851345817797
3.3475788829834965	6.0358567867392665	2.168624741200427
3.941688985277571	5.102818727313674	2.803272707407965
4.3224621083571355	5.114059606210267	2.1454696426872433
5.196277791493076	5.652774278526433	2.301127225541198
4.9827357874958995	5.0191863126239324	3.034910219093717
5.420100041527103	4.833687726536566	2.7648435036428554
6.886968216695128	4.959851727113477	2.853235748770282
7.381275735965229	5.260100789628227	1.5256695894924703
7.700292939960239	5.766547144962326	1.5858127777047228
8.591738085522412	5.197914202919807	1.2883062566995038
9.078873053446543	4.527114634942038	1.064082747505225
8.51231148326564	4.592725249284587	1.2779068721066489
9.402030502378992	3.3030222530914055	1.3195914946929856
8.374976533064919	2.2499867671326315	2.426238453484859
8.26410926748699	2.9483478005344463	1.8231367151129414
9.135320366779084	1.9845345314101603	1.6795097694245362
8.148984664913751	1.7747777976308248	2.296965797753548
8.15321101309892	1.5732632754484552	1.743325137729121
8.536505686974667	0.9060960404051002	1.5210950187605687
7.378487054679382	0.5192859502978248	2.224464475318971
7.4601959911978195	-0.7572492899811458	1.7114286385177488
7.589875719514943	-0.6618070946420129	1.060063363986227
7.978479701201167	-1.87250170085736	1.0000554728440771
7.939666624518216	-1.7831178600159538	1.4927048296870051
7.9758310062808535	-1.4975240729062704	0.16745050420986957
7.306904181559125	-2.1228158309230345	0.4539206221487376
8.142336425797287	-2.9552373120896545	0.5498888790568881
8.353369342368465	-3.749909524418847	-0.6475610793215136
8.857071663773803	-4.1032172922697265	-1.0852460100545398
9.264432013011627	-4.612787898485645	-1.1379961460655696
8.874732106041568	-4.77036551122716	-0.7655167747660478
8.285284364416434	-5.138659030488191	-1.0823970766054833
8.237943023323668	-5.147361017800429	-0.7955448619250329
8.133065572915697	-6.095685806280581	-1.5169423840124538
8.153730441996814	-6.757136098764663	-0.6080179557323875
7.317066276350898	-6.461489039023425	-1.1632201812495193
7.20648028876504	-7.047824253543544	-1.628084513150078
6.674833610739388	-6.660898023627556	-1.4655274554696422
6.938227477060641	-7.893679561007039	-1.5139256932498113
5.616659496719785	-8.388805196923876	-0.7221933395409617
4.798777583779435	-8.592476141318176	-0.5452919481939045
4.268581921517095	-8.371211515475117	-0.4145969737738757
4.419788267529015	-8.616066973327229	-1.0710909530900243
3.2553906245510085	-8.65398042788449	-0.585005151731122
3.7999238399744955	-8.580236840263066	-0.9051182132466435
2.8747155087552523	-7.749707381639038	-0.5033369063701437
2.490074067955989	-7.957433289651206	-0.9371829545601924
1.9898894586788742	-7.529507922683612	-0.318641045470653
1.6677254272972128	-7.508944881729204	-0.3203189661815127
0.532369181372876	-6.875402207038273	-0.9136602182419254
1.0213504680092547	-7.1643488787462575	-0.46870531238585117
0.36979421908629223	-6.4737565746910235	-0.24908591919486994
0.8793244507840874	-6.695809658957191	-0.5844793406467061
-0.4547473432516325	-6.607616825207982	-0.09307797926884781
-0.9091265707660933	-6.368243238053845	-0.005489360227659057
-1.1791212142839396	-5.536471061458519	1.0695604146355273
-0.684134831180385	-5.035011590375243	0.0061175911415075335
-1.3661163440722115	-5.081347754885727	1.2803393649887203
-1.3297577546635593	-4.0610557530176825	0.42743793381911066
-1.6664066924554692	-3.890476388466554	0.6678693403962217
-1.513510992278824	-3.0351547954171627	0.3184675888741147
-1.3194362658831107	-2.1098116970693015	0.38899621310568105
-0.9755648991429997	-2.276699659783314	0.661968403686618
-2.3608979405284103	-1.4909673443283324	1.8769431623649127
-2.255774932565976	-1.912599836901671	1.715045828840429
-2.0837348780812337	-1.7515612662388804	1.255222473932254
-1.3901349535154925	-0.16141420325162548	1.336484948700874
-1.397016779181238	0.5029446107577743	1.9623182113422712
-0.9824727405729651	1.3781522686796304	1.6949565446204777
-1.1543056254826232	2.1518933193149588	1.645300404413388
-0.4369015000323502	1.985235072525994	2.0303053195678045
0.12522037988470258	2.643228646122273	1.289164336783537
-0.2597523056922835	3.0440978516791217	1.0848684683932666
0.6792376215490051	4.091486638469626	1.292961054607944
1.0320695313221022	3.5994765233434878	1.3920944476855703
1.301812840753005	4.5764003492611804	0.7028044020357197
2.0353134678045723	4.056064831748974	0.5292979368314579
1.6185000197750687	4.545666594582441	0.7055672483296993
1.8935336157349187	5.406108217154125	0.41543749029980104
2.7574836394520106	6.10638102896857	-0.33927088698887153
2.7298519145713382	5.95825015485703	-0.1657988407669153
3.355902147613024	7.0648670980072215	-0.9940457864560588
3.4314976461794675	7.584533568898745	-1.6704848854022651
3.480808484845036	8.58321507453409	-1.71415687031069
4.119105035880338	9.174839691580763	-2.1187045006788123
4.27655149434076	9.772599324652397	-1.2774238436053398
