4.6318456673177915	-8.642788691404984	0.6085993476289101
4.773128973640361	-8.71999470219497	0.6345775372187411
4.463066348727837	-9.219052800323315	1.177262459143648
4.599350352518357	-9.148930369894467	1.5602876483745034
3.542824021214189	-8.485541818487583	0.645216747733655
3.2522092721259694	-8.17053991045403	1.1699133135041975
3.632610345019465	-8.337523723360833	1.1351707114276453
2.8790732405813966	-7.627202154918946	0.6999352434837578
2.4811367170882055	-7.795827687599856	1.5191465247421587
2.9250063900851018	-6.719700697112476	1.088501483858175
2.525259702236642	-6.729104415703071	0.5874399773844114
2.3044303523208067	-6.714126857227861	1.4750118280462308
2.3765762255748673	-5.370956048722585	-0.011242051065704736
2.1177372716824086	-5.8643906153910645	0.039769876978761914
2.5705922867644295	-5.090633871943663	0.4467396119474989
2.0469979638581672	-4.252088504276987	0.116769353168105
2.7279015174315955	-3.627484270183831	-0.20642969801413108
2.310937307237696	-4.033035721921368	-0.10242859713509644
2.6297325350992367	-3.3402459419435573	0.2249968764974455
2.4684995423282206	-3.2226012657915404	1.4425578432156716
2.4076084959284048	-1.9376557478815075	0.4641256787581346
3.0929818908112394	-2.1122931317501172	1.1942921433585165
2.566055382961399	-1.7182799023073247	0.9160148280631603
1.8363753356001098	-1.4437971233619848	1.1637238718881475
1.5674440830781422	-0.7631778070347403	1.837850755550706
0.9569554831111424	-0.050171456865786945	1.6709251352273509
1.7338171949143066	-0.360642119813257	1.3773533077405833
0.33075275570705137	0.6094230150752318	1.4468026010570352
0.29644127521232455	0.4909554552760032	1.5404258496530367
0.7436762123437026	0.3123073565955279	0.9079130922748007
0.0874208988521134	0.6292717136797938	0.41687146651373086
-0.478528554878972	1.222189279446567	1.1179395601951951
-0.41019939699770747	1.145729512962904	-0.1259866689145046
-0.6903490098639935	1.7288448993150751	-0.5806342943327187
-0.629848628159093	2.5023781304056243	0.17741425488137752
-0.7336325381981325	2.650871533762865	-0.974159943967666
0.2395210248676416	3.1668007354981826	-1.0999379577068291
-1.1048390172409457	3.830524251443819	-1.1819173527314801
-0.2941155510135689	3.998305382268493	-0.8507214670838819
-1.1920281867493476	4.747971097891654	-0.08464351280321658
-0.4833543864049821	5.069325975432409	-0.3144156122189148
-0.4695566094623316	6.0471674515405285	-0.673479614970058
-0.8438601720948311	6.194766656569414	-0.26635637300669424
-0.4444703649258236	6.328601429280711	0.23815721284137847
0.5738312891996331	7.261923561486952	-0.9126991689019535
0.700034655891886	7.016492997582998	-0.48928879741428216
1.159264691653041	7.058947278896312	0.44705831478820657
1.8102512799797532	6.885684913154065	-0.11856643677640405
1.8559623391540523	7.117983384846642	0.30914780860544444
2.152132117229084	7.389257761572539	0.2362719888239257
1.8811169076024155	7.513008348099056	0.9074909458786663
2.6654781873696325	7.778693551329112	0.9127835858077162
2.645205962889171	7.463362192200146	0.7699579448436449
4.034268304941686	6.0107098894770585	1.0439985086384322
4.407556969596829	5.714529198551935	0.5696300446992919
4.469358886325626	5.947265589332575	0.3803202517461049
4.412942743692502	5.240111906520741	1.1744745599026059
4.9536376272194165	4.932035650573139	0.5136120287905142
4.67147887002293	4.961507896641976	0.6944155268206248
4.928881852140431	4.357195279282162	0.603907660507663
4.331935145679855	3.2962408652749815	0.17236571474395745
4.723515091480774	2.943557043104966	0.10329787681621144
3.7426654356668276	3.1873512896162266	-0.23697349640117799
4.139642298670291	2.428834075136647	-0.03312721783315359
3.5810572680123953	2.364456203334913	0.5663965829508648
3.9918366055238446	1.6865500750826723	-0.01314283558928625
3.505662633984678	1.4996923397998274	-0.3868182035708452
2.591521514722692	0.496458318887946	0.6343748153114497
2.7539707058339857	0.6771497894732347	-0.013845715883152088
3.1244605352748667	-0.15455726278472787	-0.41661871104885395
2.6657982946709797	-0.26186409230657326	-0.784547989327437
1.8963584576109662	-0.48884547110424703	-0.3668678468419737
0.9685783244558823	-0.8400245583728919	-0.4434657916287331
1.5853007004358541	-1.1700732695844782	-0.14146762334231222
0.39114861604869233	-1.189300978176297	-0.11134077714070889
0.7606282399951718	-1.6222757996142139	-0.5138320186519705
1.0543969662036787	-2.5278703883023614	0.12020651220340572
0.11954429175663678	-2.277741528997369	1.1290374946023076
0.0745976099553301	-2.4226142926050747	1.0479112959039607
0.7598864369863046	-3.6648951706422754	1.8061810201526227
1.177939435046885	-3.160091973408089	1.2318442123154236
1.514196995421315	-4.006065038706442	1.975671630366651
0.5692578295654676	-3.5068561902219124	2.885822146863342
2.221389808176407	-4.17041629310621	2.001034735738722
1.7425145925540222	-4.171621547950839	3.2239291235113505
2.325453938558304	-4.654555598664287	3.1936280098187684
2.6600746790959997	-3.8410282407343184	2.600712938596825
2.9409680818006967	-4.026481088828245	3.191893316477274
3.2210356623987724	-3.9957578496714663	2.8010224376533106
4.586249622947349	-4.56805045548342	2.808779697109459
4.16771080322291	-3.9780225173747317	3.031518268945696
4.413694597724705	-3.586501086188719	2.8619081850547174
5.503948345229018	-3.499309967437674	2.2562761118205783
5.993596412866399	-3.981153038174055	2.5859478384398233
5.927773744020858	-3.4367868218950854	2.8959628269941096
6.318057803510221	-3.877014128517219	1.9279713324011352
6.8282452084708884	-3.141519927148212	1.9490073984018534
7.472423889382763	-3.213259174887081	2.7063566402952635
7.44465670926845	-2.9104741557316243	2.8938659949349033
7.471946167344737	-2.370927321768458	2.022307086899055
8.281794136787877	-2.1400472374476367	1.5557853255230139
8.391847361296131	-1.533784531625797	2.13785373562425
8.714718044959177	-1.4218803217296536	1.5788608758217249
8.014329239801436	-0.6845584289344644	2.464763303711426
7.752755138232798	-0.46352009512470776	1.792919694052205
8.047886174491564	0.16695850342119883	2.5747537393366358
7.815993160640155	0.44135113696843675	2.1273820169919064
7.592082923862143	1.2135827068594145	1.562964493965071
7.417712227919344	2.0247243001409223	1.987109828650076
6.926543831998199	2.2911747290619306	2.5283103874795207
6.403640390807506	2.5093271699452933	2.4085498094445623
7.019003891278929	2.8389028492040254	2.3271430402238424
6.393674316705817	2.461592910178823	3.06585535357749
5.855086342842798	3.077802182410027	2.720878343081997
5.495636896588785	3.9534010556946493	2.559909938828043
5.2106264246221174	3.633656705231873	3.466027822776442
4.923651062697742	3.62900839164531	2.8938106095754668
3.705139321128126	3.4975825772875804	2.8951723264603197
3.940282077905099	3.7783948841306203	3.609344055086723
3.8214610834185256	3.869334067827829	2.8087465996661867
2.5361647750305747	4.141200403787246	3.345515657920294
2.1187611754539017	4.402028909953166	3.0660510517862356
2.021888084332808	5.119236730595623	3.3538326970954344
1.4433366640260679	4.939051198152522	3.7811563623797255
0.4610998796114461	5.1306224601621	2.89761723766737
0.16199917281937637	4.672670154896923	3.8356066819739456
-0.5027846317062776	4.675421675206099	2.5636132441348947
-0.27129420866052223	5.074993497161851	2.811127132667856
-0.5028413753071235	4.925687663106231	2.225610853529121
-1.1634914960120795	5.159681761152596	2.3591135437486708
-1.5015473295343909	5.139617381054842	1.938398422890647
-1.7885418065949796	4.41272498164948	1.7868963674968632
-2.5250251362466303	4.806498761416041	0.8548471399271655
-2.6717326157910826	4.391655622927754	0.7089188632148232
-3.1044070153805627	3.755825604886745	1.4548785488681804
-2.7629270917933066	3.1739864211916773	0.0478578199268766
-3.048415736422842	3.7365887402156046	0.34042897170699604
-3.2474058722344035	3.0652252719040454	-0.37062736600721635
-3.239467203812263	2.847788631195461	-0.2734413463280181
-2.2128209083035983	2.0873615825129326	-1.1761100402819067
-2.0735201026180468	2.43298402887259	-1.8891566713101573
-2.325781847178275	1.6235174888740405	-2.0507061498015684
-1.7536966171574	2.1154761394066353	-2.465217890754982
-1.8553398659769562	2.097970567946636	-2.761669486589472
-1.7311784121532032	1.0038225729045718	-2.6361564907955906
-0.08282185882677529	1.452429483776526	-2.9618275993066048
-0.10949157551284605	1.5196761225983852	-2.4469368681714343
0.09345083888693562	1.523832205259867	-2.9498957144339415
0.01992204603161743	0.7036392544038452	-2.8244817996601483
1.2843063134186352	1.3246931012719887	-3.116382675507361
1.421686756854522	1.5610572460567953	-3.399250280146893
2.4202328783469347	0.8430141096211821	-2.545694673599102
2.412508054271405	0.4992266832924242	-3.1561292342496357
3.1956731500528344	0.4422323035133584	-2.334481151095921
3.8136854412486687	0.5376824996182444	-2.392106867303756
3.9241770979778714	0.9713618680603753	-2.7422214724360416
3.9446435873344807	0.6055679648176899	-2.112379288669257
4.005802813660496	0.15105996413022288	-1.8780342253782945
4.566041359249686	-0.5321836922330461	-1.5658614153432566
5.282953221460943	-0.7084520009934074	-1.3708174833888138
4.984505081031003	-0.6764193548400241	-1.175401996237803
6.359703299899565	-0.7287843225238313	-1.877259512166898
5.947142519243807	-1.4342285183409476	-1.0188384336809766
5.733917030877299	-1.0696178335989495	-1.2660583891107164
5.9494912959960535	-1.7134303973893208	-1.67653221475613
6.249254324221158	-2.808266542738743	-1.7486770177026247
6.627571618474608	-3.3706701546018576	-1.6342424487988674
7.466504991759982	-3.718298654690256	-1.4267647467796487
6.73714848497852	-3.7554284054920597	-1.0103514862946177
6.430011564587003	-4.5672074733086125	-0.6016140410310293
6.294277537488669	-4.644723435954565	-1.8420529201803792
6.267935164096356	-4.423144080675146	-1.619433005738781
5.712423515396665	-5.467358809297276	-1.1551648957555223
5.487609071373928	-5.656586967081632	-0.9285749114820261
5.019677344983424	-6.482168914937107	-1.1775977251003813
5.641635345251422	-6.514595674920995	-2.223565312913865
5.424918595089968	-6.870807952675767	-1.9823248488983292
4.719767717302597	-6.8675373135055295	-2.187088745576116
3.5600129619508625	-6.624343326827914	-1.8568203876463396
2.8635759922193222	-6.75817842454108	-2.1167120616917425
2.425549504734216	-6.659377867411774	-2.151636515928402
1.8722222345109198	-6.471275160042238	-1.8397930073098938
1.4496155948286171	-7.35895569320768	-2.002460563603213
1.0915080429118393	-6.939038030275215	-1.858469904900121
0.800342940889059	-7.722587144812525	-0.6789407801419163
0.35446234872461646	-7.8885722696777645	-1.0108222382908585
0.040326304143231795	-7.373634778294555	-1.5496900757502072
-0.5559043662057698	-7.157286023098118	-0.9515039192164116
-0.21068172324953904	-7.581115656456026	-1.3383438561167014
-1.0238097384845246	-6.886987036851324	-0.6635093923399104
-1.837551508692342	-6.266234461405178	-0.614840300772501
-2.330009301824995	-7.248258287076769	-0.02517376255350845
-2.8689254910381914	-7.032051720216334	0.5634076188150098
-1.9461109972826225	-6.620300715631471	-0.7362804019177227
-2.507269341605206	-5.894272903539454	-0.42372107857075936
-3.5992809169907876	-5.186818091767682	-0.5374944477844108
-3.529365832798627	-5.3261881118198815	-0.16662461472615253
-3.92288687111227	-5.080438609607097	0.8528294309669331
-3.895499013798308	-4.606227792892389	0.47811881843522674
-4.1424302568552	-4.364140153032153	-0.054729585145900844
-4.2591742282412355	-3.9460937003582774	1.122105868964506
-4.817319128321567	-3.7627984322732524	1.3026736670212482
-3.9869357119075604	-2.852418757280267	0.7579318779176879
-4.148130229755997	-2.8065914605197104	0.943294442995193
-3.7952545279468723	-2.1543149529145666	1.294118527473114
-4.166309785191987	-0.9483677972299809	0.9904071320432697
-4.304554944948274	-0.5042051487670911	1.0625396874005393
-4.108397988273071	-1.0696767606750757	2.220290029190176
-3.578693427059628	-0.6948153819060443	2.4074313286162523
-3.744495452389425	0.3369274497427769	1.4614971372002814
-3.1074446711327446	-0.17202805893849227	2.028749211834593
-2.6092241749622067	0.9021596823988471	2.4817140709951278
-2.2594574701399854	1.1246218390544536	2.2842895473083398
-2.2790871513192545	1.6781297452916593	1.9663697269631246
-1.1747310672372924	1.8227015374012232	1.8880144578897549
-1.8698258644369194	2.2870653555482376	1.8799936549697815
-1.5792847335910654	2.26491117160628	3.0435077163280786
-0.8909820833953983	3.2142298489295453	2.193312434574744
0.17348988979390978	2.4842910704549466	1.7084957762774615
0.1544656908280455	2.692809724881535	1.3087187723712326
0.33861365106913205	2.98098581989378	2.3119336972456423
0.6514069367183778	3.6427909106863354	0.8950244598994217
0.8268745596596894	3.819456409727051	1.190464035924107
1.1958979304065536	4.408487772498636	-0.08932532706052511
1.4132966235426063	4.04984480739363	-0.0316229796083749
1.7454209882614142	4.639984549401329	0.25738848553500837
2.6194968572503936	4.522144089749577	-0.47045700902964205
3.043587066239147	4.673895455027928	-1.2325954951832172
2.0964793506482993	5.286686745829027	-1.6339543632840874
3.1290497569834135	5.945720526678411	-1.0277784728056827
3.7050635019053573	5.515356282678249	-0.6692709355376341
3.440657151356122	5.786206665924761	0.1287952317687826
3.3136482397450124	7.380324809600882	-0.5561086386995486
3.6419654631835376	6.884531095085832	0.09679867292130784
4.069024694162678	7.817438854464594	-0.09358475864206278
5.006378199902211	7.164259709362459	-0.25057510394912746
4.73626690404011	7.470760516543534	0.8558661038351458
4.663739384965585	8.503568855188524	0.12842813914052326
