5.502458277185741	-10.051530546771051	0.9164334077774847
4.559207741121151	-9.371609529889918	1.4619754164091285
3.1190640323852215	-8.017080802403086	1.3026466463238147
2.1673059716961824	-6.3300516363777595	0.46837575906151135
2.058948102401609	-5.759468759961733	1.2491296007672443
3.1030745186949	-4.249657864372337	-0.39624893150880464
2.9579311235528403	-3.4732713148614254	0.263906800404489
2.1547852604147586	-2.0954698559650167	1.0487352393601101
1.3521691846801576	-1.10346751887621	1.896330457694182
0.5236721696858939	0.640498689614325	1.4719416384995987
-0.2505001735354892	1.1071454565660903	0.7992538931740076
-1.089711176061624	1.2645049723604171	0.43928728138710005
-1.5760273675898993	3.1020153147382286	-1.0508341970498616
-2.682124885685775	3.6510330241268374	-0.949390701232798
-2.016229814618468	6.144879615429576	-0.7973698579181141
-1.465581867257509	7.137083116772276	-0.32494775434350076
1.53123790697687	7.741636718685999	0.7853778912564277
2.6362221246245205	7.866368363210202	0.6016525755902838
4.205728091435584	6.95729376740478	0.3842239882491969
5.242653931668763	5.3488709768894624	0.8398758288510298
4.820337441929811	3.5446777798507636	0.32650240538394437
4.420269917261495	2.5385150539249985	0.19730402358959198
3.3108915370945855	1.3215351224340224	-0.10752365266350039
2.0741222909633152	0.3425693948345017	-0.3567003070402163
1.9953302011732363	-1.3982629508120439	-0.3922017021410431
0.3384284019091227	-1.7975421061162167	-0.13632380922815124
0.3894473284932681	-3.0057964294274986	1.1445111618551636
1.055262523088783	-4.220030808740863	1.9576923777151554
1.3546080040965427	-3.96440149998312	2.5783969462299416
3.756982274797511	-4.123579312592402	2.8494036402780214
4.708027281188103	-4.693816034688667	2.6033470407612262
5.224870114115523	-3.5228961917711477	2.631224686988329
7.074314044425956	-2.792148806149877	2.2640602457548606
8.158361764002498	-2.0946775444220753	2.0144334841624967
8.636483259455142	-1.064125724883557	2.06422280389467
8.20428388309355	0.05266857356102428	1.400517114094447
7.662688169557757	2.009938500635232	2.3261799963692003
6.350946668533625	2.3128898581344624	2.295787273670506
4.926447218852787	3.750055738105159	3.2648760439436195
4.1625280541568035	3.3560774966595903	3.732632873355483
2.49295666734096	3.9544784518675016	3.58800182896899
1.028937469117243	5.1416469822406174	3.08153983167117
-0.5607859263933535	5.829333716814428	2.5761282807096033
-1.8956138256115769	5.063007427533793	2.1170258089857814
-3.2763074372656193	4.396993060325137	1.6510373814437052
-4.345240447484214	3.6090518950108703	0.47364068659510417
-3.907310811530703	1.2851597096334209	-0.5230819161964454
-3.8095046977517724	0.6020677747948657	-1.437015424499819
-0.8265577446111019	0.038402335708479646	-2.2733550454661797
0.7006261702910956	0.69142291925771	-2.6715600727441826
1.5497838714662004	0.476005606699926	-3.0795678984741315
2.765245821728734	0.11797393766177033	-3.000708089904584
4.9539076040359316	-0.9693555235985358	-2.6132301617218165
5.18289955392663	0.05272375920908823	-2.2563912781728934
6.3539229130110435	-1.7510858204520878	-2.1725090794690005
6.823474335155431	-2.428205940638201	-1.9182073779954032
7.151246099076078	-3.600442999104169	-1.3418515082672111
6.605153447494588	-4.888916931113715	-1.9631243980523945
5.600616417997116	-5.912080473268831	-2.0904218729725406
3.8898112350189806	-6.282722782599559	-1.7543605838828462
2.842574190573324	-6.454644571523893	-2.304803474360077
1.2683753179797816	-7.160413597309689	-1.9057174230159177
0.12449473328161675	-7.442867100531622	-1.5443261204028393
-1.5915973472631668	-7.353895126450539	0.004131348424220027
-1.97444826380683	-6.571952205422562	-0.6522859723073777
-0.7347530073641173	-5.589109952781429	-0.5075173301409919
-2.4476501774131103	-4.927586897107943	0.3214558118438047
-2.662328911878744	-3.8572327390400374	0.5493751223374154
-1.8254194911498531	-1.9035736175121938	0.5064954786493026
-2.1960483934008774	-1.3586031476116793	1.0544639752979275
-2.1357706643977936	-0.9034034801482826	1.7093602218367738
-2.5909768473010826	0.8268584474948608	2.165455881040526
-1.5179080026560152	2.027395924073408	2.0933707957167647
0.3787636055987955	2.681638804892702	1.7615967068351444
0.9141893170974144	3.591190860312628	0.8925499359329645
2.2182936324053943	4.815068306101544	-0.41486334727703095
2.5083677303823615	5.177916020275473	-0.7007760564698704
3.256706434354999	6.183140005101625	-0.20731728192932286
3.6744398660396214	7.647664864550252	0.06549585535698399
5.598033836315559	8.568562957129613	0.041643419670774895
