3.6175602567070677	-9.679894077847612	-1.0132815662960732
2.356590988995745	-9.03394012909312	-1.12279633520742
2.0997761286132626	-9.012393006496879	-1.4364165060308898
0.6311194170805163	-7.46378216012589	-1.3298257229613841
0.9487780556666685	-6.899829356272666	-0.8917305709618188
-0.5938472465867066	-4.449230876221651	-1.2831334708624595
-0.41375589235740695	-4.317780692970018	-0.5052221147971867
-1.1013316779253608	-3.045813014890659	0.106708538494798
-0.6209679507025101	-0.8262664502991515	-0.2629528393703331
-0.8672929662807647	-0.24521655255012342	-0.4984815329293155
-0.850234610029871	2.531403159792862	-1.1012577872295652
-0.029594658693508413	2.779483193099302	-0.613935347095077
-0.1455371579270689	4.173575410938656	-1.1307374199423879
0.4424863958039911	6.4151091899361905	-0.8128454770016138
1.5754298149592132	7.048729724195454	-0.1750053553150434
3.1984088202067604	5.96957857220626	0.5662100157170665
3.808994519448019	6.204366208369421	0.14573301436756175
6.042343391637002	4.9977218937764665	0.15630040397582512
6.054416955982756	3.8386248872181605	-0.4532916258490031
5.918117343055264	3.3514736766549915	-0.46012574152038327
5.754639783342761	1.8336369221005338	-0.3240865962988439
4.064934317861847	1.5234389549440746	0.8002393928846052
4.382411082640235	-0.4373239930063569	1.457934416971301
3.1744851983661797	-0.6096538099458122	1.7167192847746309
2.2697353313088047	-2.410757131370156	1.5110927672808985
2.810636844198612	-2.8917572978945705	0.8055120017925477
2.163673891588454	-4.262016786794781	-0.08537887770634572
3.2679541990832854	-5.185449505725209	-0.2654727715585362
2.9090028751619927	-5.33522739075503	-0.8213841634181211
4.497303127922819	-5.607805513157729	-1.588575325694736
5.427734043483898	-6.160501820038826	-0.8926674765329656
5.646363967450856	-4.583358548430418	-0.9707743653363551
6.705676518686764	-3.9288666659780938	-1.5402477122895755
5.706938028960827	-2.274766003508537	-1.6376402879302048
4.955956706303004	-1.554823793839292	-1.6825649649424972
3.572087723316866	-1.2077160679791785	-2.4988881377053294
2.625042040372183	-0.9426339931845196	-2.3512150676413084
1.7089936074394971	0.3731989672723557	-2.7252004849180342
0.37248185431165326	0.17701752865463144	-2.53024184932747
-0.9360830921453874	1.0375011489586403	-2.946897895018557
-1.8541651288636563	1.0720894812799822	-2.2181141857658186
-2.827411318487429	1.8236832736515953	-2.2289073609037136
-3.038201576919426	2.237291838138646	-1.2413976672154101
-3.909129171805163	2.7291313210128534	-0.6186578695133564
-3.4497150222955764	3.896827100919926	0.3582732645607158
-3.061782662095647	5.353591194364841	0.8986847998971973
-2.3389964096866844	5.3152538187866645	1.6260594393465977
-1.2890290703288094	5.336031453709604	1.9190331898772859
-0.7686771538629935	6.1950467642893665	3.206262819985266
0.5751453904768615	4.955913519710622	3.689089464569056
2.0862833225748867	4.53240232253105	3.074024143581995
3.3634982302987035	4.322469799264976	3.794509698739529
4.790087559707435	4.016162725208149	3.609107215572734
5.3164190557438005	4.294649241696071	3.3253231987284604
7.332206450776553	3.123967181515056	2.416574121956696
7.824299895342731	2.01924161803969	2.7647066440832244
8.3316486706896	1.2258721684645446	2.427523069889737
8.684406761517202	-0.15750417952713713	1.4502250099615848
8.678431327788973	-1.0783605934564822	1.4547514995612654
7.188744647775264	-1.81151494244933	1.5142478430883706
7.487810382928343	-3.0684680611390327	1.8232459262499372
6.635952816074654	-4.629619708450986	2.488371250288764
4.835018283384806	-5.817838459182282	2.652102914168764
4.262294188805561	-5.381525563711474	2.2710851335235533
3.1821576978687816	-6.811148789553963	2.1731350022918283
2.453414597246483	-7.680726408788808	2.183513586406894
1.2670246280600985	-7.178700756114739	1.8909357272695675
0.14970645011235217	-7.795068619605784	1.646206522245088
-1.9545358213072852	-7.51168042898595	2.0560534893675637
-3.3341368185904963	-5.951853950001313	0.9716647117632874
-4.052590739836852	-5.95526380471545	1.6373672030998097
-4.472963547871966	-4.484008682794429	1.3383511332490983
-3.840697749465292	-2.8561103731103055	1.5324648792172506
-4.096649432094876	-1.385502826107833	2.0720727177300162
-2.764870045013476	-0.6866930260100244	2.0345186777027133
-2.0256461692197485	0.4443028006304903	2.3940235081755343
-1.3996376313165695	0.6714579974992336	1.5761207866588824
-0.20373261376857943	2.690950193674926	1.4530158839181637
1.3591880100532383	2.1321691087372545	1.6657477081072687
1.8004402232400831	3.1812186079479243	-0.5174944201733067
3.4814332150129825	4.035158553283761	-1.2458729080750142
2.9700568536450804	5.375190651265409	-1.3963877695510445
4.3401996300869	5.788655395150582	-1.545604624409267
5.299881966146504	7.034319961706199	-2.5777401073331765
