5.509894885408481	-9.866534807433228	1.193256357073458
4.417893322682388	-9.23935156299454	1.0451940910939124
3.9782877125125355	-9.392672516322502	1.368791060627775
3.4451498128722937	-8.424678746335294	1.1831066731361215
3.877856070523689	-8.370378752975958	1.1555018732201026
3.7094825836955962	-7.787916417189898	1.0794395365877354
3.216962618279944	-7.1296824776205	0.5243435286109055
2.1114612236085795	-6.950115305251014	0.7999071898071954
2.3056509532414067	-6.224577963906761	0.09640787533923036
2.0347920686045406	-4.454539477240223	-0.01214513232721498
2.1116712396957684	-4.533882359683484	-0.15521121799659537
2.6535978097010475	-3.5690901655532086	0.6301123833758429
2.914881261896882	-3.3157837712004103	0.06912703731490125
2.493686939656077	-2.6180009742403727	1.178247692465965
2.210078006613659	-2.4772245979281706	1.378921219871501
2.6967632552090848	-1.14482587168005	0.9400075836262611
1.9899074812188888	-0.7862564175681225	1.7654058457550879
1.6783249851307531	0.048083846947508224	1.2679194532963416
0.8757386456833793	0.3325078856210255	1.6447630269504483
0.14006400638551553	0.0637135169982273	0.8084263046379985
0.004071508475301522	0.14898937055781647	1.5372188018155257
0.10643992201598884	0.5804961603808076	-0.1733954328337876
-1.5246638037151214	2.170428240376908	-0.24375298410183993
-1.742211709696	2.6891552310596607	-0.13513009014570776
-1.2614508819938102	2.782779675996527	-0.6880680533851808
-1.6025396539190084	3.77239082556357	-0.9933099963819447
-1.921373585933401	4.218942379885731	-0.7352529982414241
-1.8786907385697798	5.524912943531618	-0.37554507627583456
-2.1891303502229253	6.704368478804992	-1.0145953932109775
-1.7777612871111357	7.676398891234716	-0.2510593672963243
-1.2824024450661378	8.146447333917802	-0.2110149259023112
-0.5197077687271889	8.130427392706968	0.2285831839972408
1.0313077410246199	7.548308702470941	0.16592308066337105
2.673472068704111	7.584220405119883	0.5113575322127749
2.795195431115259	8.378979898056068	0.5793288164535288
3.4280700445442314	7.373350358422101	1.1679481037936228
4.476839518179828	6.5368396091659156	1.392930305289288
4.517951967379188	5.54169103422032	0.3727976208889532
5.103992665544352	5.520627591697144	0.08529829728417901
4.677105371365581	4.107843093370422	0.12263863618706572
4.833740921469808	3.634092133372898	0.45381748891621143
5.184720013777312	2.818184218649752	0.19848403689272037
4.021889488277375	2.1848830234321013	0.12434083998077838
3.3733016363513237	1.892577662758205	0.8777253865214241
3.5109386085183	1.4067173032658753	0.32851512781024644
3.086666764188695	0.3544309009032881	0.026793876681975637
2.336652170168959	0.28526652308854544	0.040473344958560586
1.7938749693642038	-0.6166659327673194	-0.8508955102489639
2.1411812296938666	-1.349564810484617	-0.7062836148830489
1.0828039187288625	-1.8762784185360686	-0.4977896984831626
0.8072563435809907	-2.1584556626464635	-0.15759924668670994
0.734210064767171	-2.9388010224155385	0.8110595486700064
0.2661370074293123	-2.8151048699409413	0.36747161930193367
0.08383937717105208	-3.6664960505968107	1.5116506148245443
0.9508384960981636	-3.754647805066666	2.4605486791460187
1.1359402144587165	-3.7380127187067695	2.383141420171513
2.0834408916333382	-3.6650229620075336	2.2291727306595828
2.4829583927966263	-4.758075500779995	2.3233841962831625
2.8310281961094983	-3.8039678714416834	3.2524595222133255
3.8928193834633564	-3.993568634489986	2.454191727581415
4.200677739696084	-4.117249860916944	3.3380767949754486
5.013215618187087	-3.537282796001755	2.5177165103769616
6.0039348733411195	-3.8787980786721787	2.7259246697975072
5.823630966076721	-3.018381713039725	1.9898120906802461
6.6195011055287925	-3.6310740326591224	1.8702042597733435
6.962550233395591	-2.7936891362214458	1.9432031694167622
7.700804952730968	-2.4969423073954387	1.9124961892106551
7.260106439005962	-1.1466825293671805	2.271234382521146
7.931234989684259	-1.3416818360191975	1.4911277075636822
7.718271392280492	0.5759003618740581	1.7999305525392546
7.37120086722935	-0.10670594449332876	1.537267023022486
7.96935361773892	1.0220696422835627	2.454552006151072
7.32707112341476	1.2949464614834125	2.31735253617736
6.4974639296571155	2.445095565809087	1.8057921499092364
6.663512596350301	2.973923652511877	2.047951819541555
5.666373718815887	3.450753810657143	2.485279718876809
5.505360972698147	3.64286523470372	3.0647276356629423
4.3128689729676815	3.763947894219182	3.6244386809530997
4.422054103076512	3.503667825216679	3.7891973660268095
3.06367762716494	4.142963624563214	3.7856365256500952
3.2965193301602342	3.97147633206088	3.5738681438040603
1.5861521103552856	5.293313732863943	3.5978625879736996
1.1927745833815226	4.369454996713205	3.941895846617043
1.0566408827396485	5.449999870667426	2.8788794561239284
0.22326223695648018	4.632566658536467	2.4301017249647066
-0.9758582794353358	5.314205110728783	3.041175897370299
-1.7783578859970868	5.024201805354511	2.3639137071404024
-2.556341682783554	4.364740230444674	1.2991243158947052
-3.1555619155329797	5.138816073212983	1.528463089992315
-2.9562213371238157	3.5693505498516687	0.6583483199442417
-3.690444970597728	3.9103121295236503	0.0244489281119801
-4.177319910219969	3.0738318547830596	0.14152203171364353
-4.364264210512217	1.734147771966085	-0.5146170630895415
-3.8909992890185636	1.2114424508768087	-0.3918652840773049
-2.899029048324153	0.6508960551623342	-1.4581755793673032
-2.128582656817877	0.7465859644911526	-2.1963605551441043
-0.8138694179831385	0.2434349349469722	-2.8665120237802237
-0.7765120389656134	-0.10170557355806092	-2.039923862283042
1.0541020050432357	0.11038329498454702	-3.051256592051973
1.5712395655701856	-0.2978423750485191	-2.94364163895166
1.536794064373523	0.7525733967969447	-3.2197410765875927
2.001477577982485	0.6030336583006728	-2.9405914372489907
2.9493249148465126	-0.4089001620811041	-2.7529274188288877
4.017874786528496	-1.1273009914707424	-2.476323419233446
4.570045321345006	-1.3357058941370683	-2.0288827345520417
5.102510994185275	-0.9409039293669519	-2.131148570506576
4.917156493126097	-0.5913534031882981	-1.3338202699007757
5.4685173375069756	-0.5613392779087194	-1.7983810574139842
6.598032485026923	-1.5134646940494014	-1.9966306465737755
6.702384762154054	-1.973243217460671	-1.6457956326100978
6.698023623606867	-2.845040776315214	-1.06042988533046
6.907678197782168	-2.5855116865640424	-1.666369827659986
7.324443303175023	-3.7674963763225096	-1.7079212651642348
6.920303748174323	-4.722288784398781	-1.0255837900313876
6.066479060946169	-4.413871871267221	-1.14807768319565
5.218823184761381	-4.948451139631125	-1.6409249697047845
6.087052826933163	-5.970345121424344	-2.0641589058123806
4.605707482566502	-5.61529915045246	-2.1565963530129038
4.629823864984151	-6.583130271157139	-1.7955877227615469
3.9762870677727324	-6.598308539385442	-1.8883163516318509
2.592754129105131	-7.5697854105718525	-2.1425138538630017
2.1183284643461735	-7.1914594541909445	-1.1511816956052456
1.4828138024281645	-6.703288198780804	-2.0646211382698354
1.4742317218810626	-7.557810832585539	-1.774823084136636
0.0733708419594904	-7.638656150596015	-1.6618883528773876
-0.7897341171784873	-7.3936147145664775	-0.2839867909050482
-0.6966734736056874	-7.269904882973037	-0.38673554386289455
-1.3427666780697958	-7.039476301698894	-0.6036962505237118
-2.7190560678247246	-6.932573017723946	-0.7211555635858213
-1.2498025726884432	-6.0030265702656544	0.08035681866605704
-0.6143631697025215	-5.2771537814790985	-0.24293674148981914
-1.4982666452983577	-5.193759195143642	0.18347433510865763
-1.918239212659646	-4.72770539199221	0.6867899473711525
-2.5227024202059942	-4.443975829713216	1.1780226777374807
-2.562044649764169	-2.733820831645915	0.3303842447956185
-2.506518529848223	-3.2458756256346764	0.9463014567981649
-1.4401764975606104	-1.9628614873806733	0.861492581079327
-1.8803261160145381	-1.7173729316519757	1.6976661776701052
-2.735813748257811	-1.4421553143930645	2.1196913852063965
-2.640078647737361	-0.7538278601555795	2.5276682931219163
-1.9631851510958214	-0.550690351408978	2.61220960477789
-2.9355650801742037	1.0099447505432224	2.331538248982266
-2.4001668916062826	0.540118039528412	2.183132953379316
-2.218343422239195	1.7421535651909312	2.88261318012239
-0.9142337841047832	1.7808356400460386	2.1878275934663742
0.2592249928327137	2.541593337253973	1.653104606612199
0.048195317751414724	2.693872201568432	2.3509497273699655
0.26346314736070575	2.7915529147198153	1.7355504936012356
1.576757914735802	3.7378540835428735	0.32139016795655717
0.9742133686312427	3.8411440979450733	0.5701942358682013
1.8104111060221957	4.4888833153696295	-0.8416701842963656
2.440263549076743	5.1291528866825375	-1.1365985088592514
2.1864530251599206	5.244995116464208	-1.3693265868750162
3.545005169621694	5.607985200972221	-0.7961685078671479
2.9077145469717998	5.962899476269914	0.2604996522051901
3.1771301281656372	6.210377899510495	-0.67150445623253
4.457848905126489	7.0357650925211646	0.6663486059890692
4.834514517539348	8.067939072005801	0.5474260241785947
6.000881577425222	7.978455334222048	0.08825982177091818
