3.818711880941729	-9.99374847247119	-0.9389608473426958
2.602900644622383	-9.7657656043605	-1.0852786860391368
1.9461297438927019	-8.753029314216418	-0.7841562919107957
1.1389657203454568	-7.852052500979335	-0.514151561885025
-0.21589775914275078	-5.638108779313645	-1.4796082574040712
-0.5800609412671082	-5.492746930010349	-1.1442386513240985
-1.0577497047058348	-4.2546932118800775	-0.1939776887729019
-0.4543207310466959	-3.0894064548988194	-0.4007392384299635
-1.1545317460247817	-0.9959143239028521	0.33918147393449893
0.07266361823398704	-0.20629703828558393	-0.44485589169388384
-0.7060081377730503	1.6697339626237624	-0.7594685635221073
-0.11190345277590463	3.4477868522461854	-1.1811660224383447
0.5672741931624876	4.80692696898051	-1.1313794406788462
0.9526643646834811	5.3727250364027785	-0.612528882039135
1.8622371306377707	5.931753523447073	0.8625587126914616
2.5305925827395317	6.548446162060893	0.05994340337318467
3.9550197925409396	6.320187123556164	1.1066021058255482
5.69039252434233	5.6142415208639	0.4468814274709025
5.400724183811141	3.8385179077213536	-0.0824758249245165
5.182451992861925	2.895043507793378	-0.07755592060105054
4.980321636313907	1.5595343556617944	-0.26185913333115596
4.194611366913991	0.9313527046501688	0.7449364862214418
3.6863136730090016	-0.22973270695604125	1.0388528752478186
3.298231632804158	-1.3415906424143487	2.069455388861119
3.2030198171762523	-2.4052778708360756	1.3138436942683844
2.7179805514949686	-3.4251909703438206	1.460797488729243
2.4388714773333082	-3.95688247712655	0.48403710096076086
2.9505937691698625	-5.138238215925843	-0.8654339953107537
3.3662056591400566	-5.451436360725458	-0.4927886983958423
4.805263260554298	-6.3778847775602525	-1.5865711694778049
5.049864461826417	-5.176600169775542	-1.1273268593354746
5.942760352099539	-4.875871185546581	-0.60987237544305
6.490035241242225	-3.653479744788262	-1.188925610908176
5.4922388210365245	-3.087399307467513	-1.4396553829465615
5.294201145148173	-1.6410869131735244	-2.2963421930762458
3.547563659120849	-0.5178132618204068	-2.248080884378491
2.7416208465354956	-0.6817717505084591	-2.5102265510218573
2.621306446105771	-0.3491207375919441	-3.1471720924117994
0.7817503615504573	0.5080108887417024	-2.8648748379781503
-1.0921596395963875	1.3416393609613357	-2.80031275662258
-1.2280699261222057	0.8187089951362294	-2.776916776091873
-3.243157010437623	1.446270705606369	-1.1378752494503734
-3.743496208873966	2.9089809176504966	-0.849012370332078
-3.8911459582556733	2.91279820407364	-0.25968738273138836
-3.8147361995165943	4.536232449810115	0.41072253889923843
-2.8257155099989557	4.544099605936251	1.362617382357521
-2.206826771116775	5.318206878102036	1.951581168788484
-1.9011139647577289	6.264531843402594	2.7351630303253835
-0.12604862850756215	5.255747359585745	2.6097312270597106
1.128848327528845	5.160527223830499	2.7030769322317973
2.1350310079413024	5.09420081073459	3.7057456220957845
3.3289173443330444	5.044431896433826	3.3359053003756576
4.1663877219221765	3.8799003983085716	2.925139413775463
5.9127922520951355	3.3114371548340764	3.4110595452358
6.625266901724583	3.1145143570925686	2.924238790846682
7.3874186993674815	3.0340153092487414	2.0226379018932845
7.78369945386757	0.9740531372839283	2.8734891014025896
8.282355275157869	0.8839600717875133	1.4690914091007896
8.5057910626351	-1.2903169951857274	1.6793178058118474
7.325294218400962	-1.9423584967837209	1.5513841696514576
6.672323448660102	-3.3542198612826333	2.8119463073140607
5.905404880455328	-4.25931549706947	2.2180599387992386
6.146064842476706	-5.494584826188621	2.5602807278729784
4.663961924816094	-6.1997124838868745	2.341322727603962
2.8884343505901087	-6.7369790670262795	3.1837173575449187
2.2066694579642614	-7.359630341878518	2.9895985696178426
0.28562171908496004	-7.730168785503527	2.7539404888591834
-0.9663962261116112	-7.54504028894089	2.8634405564010494
-1.8765285210664258	-6.4121550799095655	1.5043385344676545
-2.1662042224900224	-6.667578502039026	0.9204876014335954
-3.5736374628500505	-5.459390812109694	0.8205842074311458
-3.4571820658737478	-4.819392656601652	1.5397358754114876
-4.11799766321788	-2.7248681615137507	1.0939409166580276
-3.965041675815362	-1.2092745996228174	1.562990901348239
-3.0033735671254487	-0.87740156258308	1.8907016548903
-1.7477650083819816	0.12267244547233408	2.5567292963591184
-1.3639512586364995	1.2871009951661405	1.6447917204350697
0.36906406957721827	1.7388111590337458	1.4450902224009223
0.8260972618423745	2.4402911111262258	1.0460372021974866
2.229486535400794	3.8600621876904335	0.021742062849723576
3.433213367092809	3.9371972171629097	-0.9951399035527849
3.3131076812700564	5.3435064650597734	-2.22971345164543
4.418411161927216	6.433787830543281	-1.8208376309704741
4.5345895691899685	7.833927479152569	-2.59813887586087
