1.9758137919848444	-8.474766066774695	1.3786234085510167
2.2348062313293835	-7.80567876685665	1.2210605784993096
1.6464545351707849	-7.4064409198460055	2.5694878128054746
1.4140926236802542	-7.3479986403984165	2.0894396211409765
1.5086485224681025	-6.031059079162497	2.787282332507568
2.0927388332183763	-5.528482273593414	1.8172538166145384
1.7664706586049423	-5.4876498706801	2.8126810174707684
1.7216705264889758	-4.834988678811344	2.381905576975777
1.62946849649802	-4.171363507008589	1.8204848442984025
1.7094111515935482	-3.454581229884815	2.445845852879585
2.8163225481948606	-2.4795853078518837	2.285523944744379
2.2887507935931635	-1.8763713061875804	2.0897700177081626
3.2099706009335547	-0.9796071747024271	2.262160476836403
3.447097998660288	-0.29253746453954466	2.101104933151666
2.6830704611049057	0.034873413784778096	1.520359506653992
3.123096287085126	0.7301522111122145	1.8764776994774863
2.9455562623065084	1.450219744411116	1.6708630870196708
4.286938989038617	2.4188086754316256	1.2655876056374264
3.474383388298085	2.5726928092301975	1.7085666559756092
3.6895916185826767	3.6862380927318767	0.7694911431478553
3.143123380308501	4.961967835996129	0.6268383422906814
3.411844024138179	4.889036545600157	1.381693261122511
2.622933438444288	5.691436817298344	0.9142932356164573
2.307281270102062	6.663435534287711	0.8600474460890029
1.8750476607600464	6.5301153377731325	1.270978781828358
1.328106012459629	5.9544192163779	0.06974088056990105
1.4163040019096003	6.388730079531386	-0.49054779966045975
0.19266326627783567	6.05672782100325	-0.6148847196226634
0.08362152539440226	6.514973803026629	-0.5153979976221196
-0.26664051141776246	5.236537471348034	-1.0598457778717547
-0.9091160919417578	5.240763898216312	-1.1635024569324446
0.05796092790000218	4.523769058958877	-1.4566580463097774
0.032474237420104135	3.648911098594632	-0.806389383995725
-0.6707817956441233	3.7254841356163215	-0.9223860643890414
-0.36734130824170924	2.7494770399517217	-0.21068224180130768
0.0021324755282378094	1.4010136485631635	-0.24895799698851662
-0.29488855685688936	1.46001893004791	0.028470265424787256
0.5022809589645121	0.7357984264673831	-0.5508942458182771
0.617852944094861	-0.2668599458940569	-0.09616762592190231
0.9013586269592401	-1.2827164461293494	-1.0117657139654717
0.8924383574797333	-1.7693022309389328	-1.2021974372103308
1.3120266407547823	-2.1910335866054207	-0.13976509873649112
2.665968822710971	-1.8258871123686256	-1.3893051922476314
2.5931289377806865	-2.3803322647272087	-1.1549569872503043
3.329740650435271	-2.414198991400546	-1.6537548847067671
4.235556607052482	-3.0244367618553074	-1.5315962305255466
4.682101918967669	-3.4348199867714246	-1.5852769593596316
4.87965969316189	-3.006250182092436	-1.4991278748367676
5.492618124519726	-4.03640253585998	-0.8295927827918439
6.32065967340615	-3.628042535638356	-1.608382567881548
7.714795481496255	-3.3986948762680167	-1.3140007259013273
7.29281280966461	-2.9636502050734093	-0.9629281076484462
8.468494542647777	-2.5493889016652456	-0.7613822990525718
8.849633708758336	-2.3260933986028745	0.2567330478342874
8.534923066790295	-1.5948104748246954	0.5523146206865178
7.919899816664529	-1.0086924594588	1.4872901380152521
8.740769215062683	-0.907414479393329	1.0703254802508257
7.093675136142191	-0.40956272761390156	1.3683667529869856
6.480352025526992	0.45493767919120626	0.6875140858937753
6.943027376170761	-0.03841303134519239	0.5770456731413137
5.585155575356128	0.37757636062053584	0.1711897352341928
5.991596378493748	0.7465211897171259	-0.31553889236766125
4.9085217432956085	0.9019503133075206	-1.0405567304531087
4.206662545113211	1.642837469257159	-1.46760108378311
3.5433857103273017	0.5448737326798576	-1.9204541505138883
2.9897341264339437	1.6889125057592316	-1.8649513846361623
2.416717085674489	1.1295657165142865	-1.6017218539372282
2.0940843843720973	0.7936726865319103	-1.954463822770092
0.6464844050176424	1.0062103066746504	-2.656766036510212
-0.1462609347623684	0.5108583802477542	-2.418968867489298
-0.6357478713398861	0.7116385238158183	-3.034589210773566
-0.7716925599288422	1.2602088531224005	-2.340234303384497
-1.6325521274720751	1.6814028522615354	-2.51986403421345
-2.7416983772008217	1.075959432034353	-1.2652199806288207
-3.195177694458081	1.294997335396062	-1.1050400295209086
-3.9943176979145583	1.8462566058473766	-1.1974523737802425
-4.43341745923529	1.5111565238823077	-0.566261906329141
-3.8450234840955204	2.076558220197461	-0.3481072866482276
-3.7931620294771053	2.364252193980294	-0.293741275413366
-4.077773756764605	3.30969898509474	0.4879426891741868
-5.11951448922717	3.7676298896206135	1.096752124557631
-4.85749910464085	3.8788688292683724	1.122858406166346
-4.25827761627703	4.616260844846857	1.6139439022772284
-3.3347699600032925	5.472683602308285	1.5363198782271799
-3.709312237168925	6.018075663961928	2.097299929949087
-3.0084366350834735	5.301415545258904	1.989609457626256
-2.2642157022539413	5.821175781925641	1.9550764157498701
-1.3763336877019756	6.366645342287994	2.0311383285208464
-1.1350920174922965	6.757074424564687	2.537536151154357
0.00506693919296608	6.203436016410981	2.6001875097583116
0.9195135153651282	5.525857744776236	3.541963898163034
0.7737543337881152	5.489107243446247	2.9897125839970857
2.077289951821431	5.245056590206553	3.9742229144166936
1.948393445032276	5.947813590813365	3.680299892105284
3.014615348193629	5.150893125841022	3.147408300396667
4.260393311109452	5.397628907361891	2.9510006021943247
4.092879684382264	4.767136394686824	3.4155694465804896
4.4646945983728115	4.880825260762781	3.249732132048187
5.98496177091903	5.6270482295257285	2.526198106598003
6.098628641363089	5.099161077637682	3.178492398065631
6.358258635909669	5.039452422916693	2.087373105486113
6.994311562675273	4.247851662959407	2.5046604539390582
7.6566922629506715	3.7538226213644847	1.2137223089485107
7.789807825962455	4.508340238848893	1.3264156613644917
8.037794038221543	3.0392505516238675	0.7326447716116354
8.271351957041963	2.4893231808809753	0.4985736595871192
9.356012498676213	2.4198541498545523	-0.2820988447079048
8.897567221289485	1.6371543649143636	-0.5486313794391386
7.905186929495726	1.6178922037669001	-1.1560582050884687
8.029122274938498	0.3467362824967905	-0.9769898270391051
8.367199015849277	-0.33408496009404687	-1.0306781029540455
7.113276718368695	-0.04765077053262201	-0.8089832149278153
6.692309126555207	-0.8151239505724623	-0.8041306354042579
6.82892934686628	-0.8662231098351652	-0.7648596511984148
6.791346941422034	-2.4161164655787584	-0.32773928566135185
5.788530665437874	-2.9876636304557116	0.8592735495200059
6.482296088678292	-2.8679546425927125	1.464161532017921
6.629831615306162	-3.34004794456363	1.246596257620129
6.418964642996345	-4.80623233545066	1.6791305839899744
5.505607424184411	-5.338325762686935	0.8123145560285947
5.665974307366454	-4.989047540845207	1.2829366340817072
5.131345918153432	-5.366950840119333	1.2261329779492713
5.508637658360655	-6.074953908808878	0.07801732891399657
3.889530143429868	-6.494887058603869	-0.028368511219009684
3.7285022095662295	-6.727879591068192	0.2624509802459474
3.555384116778826	-6.668745829883893	-1.018619557262219
2.903107417950489	-6.693481388038154	-0.12583547225705316
2.4347854229727073	-6.565571512883986	-0.5011818415650411
1.9201251222341496	-7.101214857260485	-0.7792198113550057
0.5962939535350636	-6.235890741063756	-0.7385735564065445
-0.40384703144541834	-6.8689761657719774	-0.8088824147514343
-0.6478033857561962	-5.543812978615256	-0.1878118620554241
-0.7567708923381506	-6.031855179633364	0.12709274775631274
-0.789276731580395	-6.049230758047084	0.3556747434880204
-1.6756076782667506	-4.951865986997298	0.5008112811316533
-2.4161724894776246	-4.015237966699136	0.5459427919991203
-2.904871410262269	-3.8133525456195225	0.45346158249838653
-3.037909415902929	-3.249686588924411	1.5486162916786947
-2.611204622173619	-3.425565152877143	1.0939263652096185
-2.966765010352412	-2.101127241545546	1.0954177727156122
-2.879309439838744	-1.7216368798630237	1.600101994583463
-2.495121391298321	-1.1983306998839953	1.7301964464297088
-2.1939427218177157	-0.3851187566149743	2.1824186198725126
-1.6389232021515432	0.39155301806102116	1.7433439425159083
-1.0161540710716748	1.0759023844827313	1.6990975267081994
-1.0165757982708554	2.003256393268338	1.577498316024594
0.13225571633842126	1.9771332665965478	1.6155835962592682
-0.440853850311188	2.239293222108201	1.385266296084338
0.7050867228190534	3.519723723519742	0.9008014087732423
1.1276009571723717	3.771157228351858	0.9088351309680075
0.8219325354705599	3.3127830581087734	1.2993739183341864
2.1682478488501395	4.193347679571047	-0.1822531292717186
1.9436970736484929	4.444977526956599	0.06566197111587524
2.8149599285272227	4.9353363648887685	-1.3460204304265995
2.595775500722202	5.630406425374513	-1.830720041824806
2.8567861509313857	5.848978970563053	-0.8165822739790372
3.784431116720173	7.070067335607462	-1.756852390228403
3.7582326123623497	7.3944393233060275	-1.9280353187989974
4.17989397302004	7.590353707263531	-1.4841940810099712
