4.838445437650433	-8.729752745266325	0.5498266595532426
4.822291355371037	-9.138921400549712	1.0130236552449214
2.837797321282169	-8.37492039906939	1.0251368285152715
2.3405461865033526	-7.1687005355091875	1.3800620155981242
2.5722741539169265	-5.495271678899356	0.1520272360932134
2.2187710660061915	-4.7975774584213475	-0.2256481350675778
3.0348397565323806	-3.0967159575178176	0.36446264191625954
2.032575358419263	-1.8459873582504578	1.7172418457956002
1.4600199262480074	-1.427146648434696	1.856832083020017
0.2901952964158626	0.8298142869067393	1.0192036007630954
0.2840924746420385	1.007038804488407	1.1323205466212487
0.18260942037277217	1.7238029482788435	-0.16535585788896467
-0.8348050896995945	3.3301376547887696	-1.1387498253218973
-0.9574132240857038	4.805736010932865	-0.968447953349789
-0.5635243999135686	5.800706993558076	-1.060014054610351
0.5384618499973024	7.084488286413311	0.026442906896411933
1.700191709559872	7.454541108640146	0.8397285088234687
2.598248947462409	7.319408245840415	0.7272249251514251
4.149293509924487	6.339646109261072	0.8997753640466315
4.471533120605736	4.7793557924106915	0.3804445344415862
4.4275527706925475	3.5408846549718724	1.030679510820318
3.5123724857617598	2.3788225864315877	0.5825667246002282
3.436501003163089	1.361472458408462	0.5886805146576117
1.9208534561327057	-0.28300279053518185	-0.2589466272766717
0.9750100250140252	-1.3925839673471212	-0.04769796142101179
0.9706298090503533	-1.9733209920258223	0.21625886966026608
0.8075849709596485	-3.2662492697012384	0.471591490806738
1.1165439530044905	-3.8535197499571483	1.8680617208652042
2.7662622193087243	-4.553712037607663	2.3045205125799346
3.6708422232436178	-4.604089830420752	3.1277945657137605
4.028890387982061	-3.815025533552247	2.7889015675001723
5.4330418773279705	-3.72904603832286	2.893562686632441
6.456563074119121	-3.0552751395418474	2.7655762666853816
7.4155524207431425	-1.994799289072219	2.410740463629624
7.497036584481087	-0.529259124267176	1.5283873791470584
7.991318766142063	0.5095148960792445	2.5349192483348753
7.35119761136869	1.255943004532714	2.352385276962785
7.217967990862068	2.3648138547927644	2.6739935318076427
5.246331199615934	2.9439097401843526	3.298039479329379
4.53224598816557	3.7718390421848143	3.10006288477913
3.655223824833759	4.121049997102126	2.986359926393567
0.9482409458952821	5.179272065349412	3.8540755065715864
-0.21156631486809468	5.776373671330778	2.936227452076475
-0.8345771934135753	5.190814707308406	2.052398397952079
-2.3297716975220135	4.474890980417807	1.769074889876974
-3.0862635576136475	3.9234008678714756	0.512313499277772
-3.625665654365124	2.8281397841932345	-0.586035661455462
-1.853525952386062	1.8943636564515802	-2.1792952300502346
-1.4918978427275273	1.7325575964967574	-2.1306326138158096
0.03324848797348634	1.5577441625657762	-2.6398514018474404
1.7268493338051063	1.021534632825656	-3.135446056767243
3.097371957095987	0.9537921945740364	-2.521843066697412
3.787986463711663	0.05514434902059853	-2.883572204029722
5.577240164425316	-0.8429034471013439	-2.575187791878321
6.879976460966221	-1.3712632792685309	-2.021850906994827
6.716912251791075	-2.3018929775647603	-1.9986257733338424
6.2894066345657	-3.4996241235494794	-1.052139214111475
5.884133043269579	-4.44148624826571	-1.1096926548717514
5.007919436807796	-5.797868486942939	-2.022605307189103
4.5472951987311365	-7.119635782463223	-2.050606628706813
2.707438657636766	-7.056454472118232	-1.347068178397133
1.5865237613292666	-7.79598510383066	-1.0162757518324654
0.40023816403075807	-6.945001753884927	-1.2268877083457148
-1.7347394674109482	-7.53150185670624	-0.8003807465315882
-2.462738946263123	-6.657426694944887	-0.266393353991781
-3.2503142090417665	-5.68628972963952	0.11056176469830692
-3.8299357854742158	-5.009456977240841	0.6877854115447338
-4.018391657934868	-3.707314336923512	0.8035220293474363
-4.3669217099312085	-2.2448623218349373	1.1506557314452233
-3.796600797821895	-1.142705792522725	1.8546946082095883
-2.5148151923344724	0.43950982882760864	2.0494731201659633
-2.287077174901025	1.1493964950879283	3.1219819276708547
-1.1418105764588822	2.440981887045126	2.739644945614337
0.3693581543997474	3.0047601937370034	1.6087097212138424
1.4254528100174264	4.254515830898443	0.7584664266801733
1.3830768468973038	4.570183108526532	-0.4037891190115078
2.212621351942226	5.319957303326139	-0.8302086548699998
3.0812382245986876	6.248231305311733	0.2924256365101898
4.484593130427269	6.670829930860234	-0.18781264483536558
5.0812133325387325	7.705197679981844	0.15484489304659615
