1.7669376438274662	-8.691665729184553	1.3300027622669992
1.6281966614821306	-8.57843251305144	2.2224599344142177
1.4608130602164355	-7.238012783036939	2.3470999636342023
2.130143943580738	-6.691112722835997	1.5764926465951234
1.984436744561729	-6.422018451034214	1.9555428663855408
1.2973223681234463	-5.091242173963254	2.5978534198081964
1.971665208411708	-4.4501797351906704	1.893428249789051
1.5675134434999405	-4.8725162873815755	2.268442394212996
1.822999889325455	-3.0632720558754496	2.4867346584742833
2.985133939990772	-3.005967715440819	1.690977971390326
1.9317949068995188	-2.44403648939756	2.2984001855347507
2.2727116970126597	-2.0584342218755136	2.14716103354328
2.5305473615398664	-0.8143958049490034	1.9652547478439675
2.665944924970977	0.21699851550183868	1.6042043869486093
3.4829912383604906	0.7223603596174673	1.5018174205365793
3.4169719507579166	0.8108755347222008	1.6499326364168814
3.8365017778807937	1.4703235581978333	1.3235779974102664
3.480330984324095	2.5314219611850737	1.2060832354874926
3.405943087284265	3.312201572550281	1.7532094322290939
3.353506981135086	3.0430927535792294	0.8519523098286612
3.5281377344511053	4.059593952018435	0.611537614077831
2.978438639978554	4.507404949033412	0.7626506373355817
3.393753704735743	5.826952600680364	0.5549498196598964
3.2525719239427326	5.57816969856336	0.4063582182266706
1.8253262324715802	6.186723017373174	0.4746700000003525
1.3690999206075887	6.877773510521013	-0.07709672544445331
1.5717936153843644	6.844449349044847	0.14699777618025478
1.2643566910629744	6.404982057327228	-0.4143792160911391
0.26267252743960634	5.495250592053887	-0.9615808853261296
-0.2618209094095544	6.149020641538204	-1.126551505085772
-0.6496082692258065	5.360385788865314	-0.551498866194186
-0.13963431229694123	4.382712027879804	-1.0721991866304048
-0.5163099297522583	3.365994815883596	-0.7596739915040052
0.45337524902747106	2.5828602594024286	-1.0203334297956133
-0.6374668032028182	2.7871486251809987	-0.6008039638392265
0.28838077137564544	1.8152763354567252	-0.4755516640195787
0.7848878058061252	0.729304380855113	-0.647661703194417
0.31210089174560723	0.27003767276505	0.05902579267561059
1.188319064134909	-0.7590253431124439	-0.3697161066609813
0.7812673892962088	-1.0531841191143518	0.28813829474658315
1.2343859524779095	-1.946894519628985	-0.6455736583301097
1.4284356031767824	-2.1110787892474097	-1.2093392200814241
2.651040764545501	-1.9238812964167569	-1.29519128508341
3.234892015445146	-2.3675961904392135	-1.204302990866811
3.4620425027489916	-2.7842202647484853	-1.0158154483335324
3.9488755518903216	-2.701780360295802	-1.3242207719899735
4.494679816137192	-3.4270694906168444	-1.970227899993622
5.6562284504839715	-3.1903192104940548	-1.567670750767662
6.701488508065667	-3.575552140160021	-1.7209973594013817
6.4015650797742	-3.1944923543890997	-1.0055280729374316
7.817205374606181	-3.9880275377883914	-1.6462845489257578
7.4111233639409	-2.926978721077312	-0.9573223859895761
7.735540588796076	-3.452852818032643	0.13091598736177923
8.193021125705123	-2.5821965854048385	0.2021885521644009
8.407437259016904	-2.419983932100765	0.7249562836241122
7.75125690108568	-1.761455973912352	1.6509333077384523
8.030451869679844	-0.41343307007707986	1.4763757235618176
7.230970426646436	-0.3614073243166832	0.7275637888882641
6.643199644535078	-0.2627961288436248	0.8296768864310449
7.156488793253857	0.006813122077197725	0.595494480016627
5.65222958782667	0.5291761732356776	0.6736805798540855
5.03493675256915	0.2983396092401779	0.5932387905242869
4.828906790195715	0.9361716016608213	-0.7134229390497072
4.632204972142011	1.112775832565503	-1.5866575873203355
3.6903814819369405	1.0598553143386558	-1.3466568142059574
2.7525114182641555	1.0780003740686932	-1.7825892022704477
2.6156036988995677	0.9872351237845227	-1.8443114759308077
1.817706064127462	0.937685185422243	-2.3756848369643055
1.1770929438811952	1.5796655842888399	-2.925270450312808
0.2117462241388826	0.9055478885692823	-2.5059764934796114
-0.6846162926389506	1.2235440295606659	-1.9210584693825892
-1.7134652855768198	1.3275206184416235	-1.8888562989588311
-2.1019218258723127	1.4552289251295742	-2.1022030562777836
-1.955232595023642	0.9009806085002052	-2.109066475797261
-2.9088007921738708	1.4288027719293503	-0.9909641278646908
-3.535255112996821	1.4574986015334823	-1.1514491447375144
-3.9312979137367696	1.8312281933779362	-0.19294224627799794
-4.085433988272536	2.200549490094495	-0.15211619261322762
-4.847519574721712	2.2420073731691335	-0.006423135181448547
-4.862146647013669	2.7559676722307453	0.4404390237130149
-4.4681341350940595	4.402993348980717	0.6219621718755042
-4.288829482176782	4.41422559513944	1.0918432914384528
-3.3328448209582486	4.8012376094930955	1.069296484460373
-4.060862592175997	5.580427576326402	1.8928226501276855
-3.1936485178698586	5.713322330523575	1.4612947739603728
-2.757579638623365	5.397199434311372	1.8851439731748567
-2.01037875326024	5.4990559256322875	2.1934003454694335
-0.9818608999484828	5.971196798771233	1.9881346099787813
-1.1436780426887987	5.905840349046553	3.138096544554325
-0.0542400612380225	5.678166689653	3.3773669704287093
-0.08848620631379417	6.325801827551844	3.373868657280696
1.0302812647248285	6.3641634651838075	3.3085936672174197
1.7268812037569918	5.443885959200775	3.54432209825441
1.9423766395891542	5.345241957899245	3.9353841190002963
2.7786712608250252	5.363973409411577	4.0751395602205625
3.1874470221635565	5.71000045396552	3.9206714005937795
4.229823775331298	5.73451440642247	3.337887729815071
4.404036261137679	5.3991237175248346	2.9450855568110366
5.320494037354994	5.881127267941654	2.8633647358637986
6.462894752678264	4.624828754411082	3.1100909815620765
6.732476600953731	4.8568022794557955	1.7435225309865203
7.809976656643997	4.4235104327749095	1.7942260425883025
7.986205732707742	4.332470562550066	1.5425450413754995
7.510030789373676	4.086088141113402	1.6259869933355802
8.553400096204225	3.7418778786432014	0.18808763163758183
7.931695217881181	2.593080900859126	0.34231258476671933
8.261730568925806	2.561256534272878	-0.20630903991404165
8.85728788889544	2.36458480461343	-0.3759902544961896
8.74506221402062	1.0714156868739533	-0.18079601370430942
8.188901980171497	0.9875445200450822	-1.2026249213369788
8.314128714425825	0.22422863689882222	-1.3147683468918703
7.680852818126231	-0.10648576173335511	-0.43323374252188174
6.951307932939312	-0.8221852039785301	-0.20672176975318624
7.2116793137576245	-1.7643235571205933	0.01478588486395127
5.943389723904983	-1.5853055603605257	-0.2513890236196616
6.717608015961093	-2.1057902324280873	0.34077247699092345
5.656030576396389	-2.113066534440017	0.8267014060811624
6.147664078854472	-3.1811359209863594	1.5950874900100576
5.959712864644402	-3.678000755702171	1.1381560116220377
5.732835238468018	-3.9993375877278243	0.9719350175954805
5.370048744152109	-5.9079320123824255	1.454709276793389
5.467417694703782	-5.7016656978714195	0.8766635311841985
4.975551386104035	-5.529389367350632	0.25036298383538813
4.103546166139712	-6.145009038792282	-0.11689594432746081
3.949865537399712	-6.742212234510323	-0.6984715619426783
3.9921116910509755	-6.9523796130912325	-0.8722958516429884
3.1664049088764945	-7.108528566636904	-0.27298761313679143
2.287149465719769	-6.723886458799565	-1.2230466493479832
1.4784920844761256	-6.748086646212833	-0.1526388442365123
1.2066915436481476	-6.400794727141152	-0.44206160553947105
0.12231678127362244	-6.5281796346810355	-0.030764134356762174
-0.5904251554239706	-6.53128552034954	-0.13343658642203438
-1.2012093817538858	-5.575753198607917	0.25364441667013626
-0.9510534368488055	-5.971888943647928	-0.17908036289225793
-1.5481119277858553	-5.0653244943062115	0.7253829935312294
-2.7017520872832907	-4.195799953594453	0.11560369096577663
-2.7078139750710815	-4.637215906119304	0.9510624571329425
-2.379376714489232	-3.7349526952601937	1.3972737281132406
-1.8610860627821622	-3.1408624259983116	1.1269338398824285
-2.7579747140825286	-2.731681874936409	1.266051178426824
-2.355057464355929	-1.7042470194584227	1.3386620985947641
-2.7777462226001832	-1.4056496780080734	1.926939502862672
-2.7029751276530565	-0.9660386711504498	2.567973368247622
-1.9916382992208237	0.4504365175416367	1.9431160969546741
-1.536553737539175	0.841874962485422	2.394122451983326
-0.8499956894970638	1.2116994866465416	1.7836586363979867
-0.4667666165032198	2.436954292327089	1.7784207498676257
-0.20296452064773607	2.2387865891508962	1.1413521401402633
0.9470643250212081	2.702314835029077	1.3627204731205036
1.1758085212239973	2.8838335971955185	0.7227896182293233
1.4019445949706015	4.230225816060422	0.5930749045859693
2.4906144282524565	3.8768391940467883	-0.6118583190643705
1.8473644921363206	3.9629022277110613	-0.4722899628161058
3.287999395018004	4.7206766689963	-1.4442725495089146
3.1396792325511376	5.112757016152573	-1.9196483682754653
3.271550772289978	5.682512040914588	-1.599121633211898
4.195725502372822	6.154072694934877	-2.21977932251138
3.996081008194272	6.529838679352811	-1.2039373592294422
4.4965094459760335	6.913874791574396	-1.8621245209916826
