5.912587168192378	-8.532046528953986	0.6049989489720897
6.344138388647073	-8.520348089159286	1.394231802080104
4.783099765685571	-7.874319653543362	1.7554985312761806
4.081901352460697	-6.131889642421076	2.142153288919919
4.043436814463606	-5.569961850264767	2.2057559906272193
3.454561733456333	-3.2817846113222444	1.9423695348414085
3.260192490684756	-2.569630298894385	2.539512350370245
4.286938302430796	-1.5022786587466217	2.540522718968716
3.9051626565837134	0.0948422353787064	1.7217604146686798
3.5990434575153065	2.1105635111990386	1.7959449708615687
3.6845604266792806	2.417455508494549	1.3083712403962542
3.6108735071422977	3.4753435583326078	1.2116896220978923
3.306677057607259	5.702248646152403	1.111628448763321
2.3013089924441523	6.0814209798106305	0.5874522389148227
2.1180057382371604	7.348353565386147	0.0897634152820369
0.8229872753255033	7.197976257965323	-0.41073640236722625
-0.2600641408012643	5.915425238130547	-0.14011579063768853
-0.09040435128630397	4.375320728416233	-0.9294802221380021
-0.06871653552450274	3.2736792122168548	-0.25243405943334185
-0.962506089626974	2.0913180246104575	-0.6044093170048093
-0.5633663155777546	0.11400442998242555	-0.07264220785285158
0.38336190644445445	-0.6771367047806109	-0.7170993329007435
0.7059945298328267	-1.3266625896974746	-0.41419584242665775
1.952132198584204	-2.004806340083196	-1.567995574984352
2.8860342419887184	-2.308031896138082	-1.367037073807881
3.902260257302451	-2.925323004467134	-1.5665190333889631
5.229174061290837	-3.579761617913075	-1.7187697890555436
6.358611881787658	-2.9989489062673442	-2.482137108442243
7.869517805134568	-2.821141261432685	-1.427708648086374
8.811247571802202	-1.8424748591192843	-1.077072009865413
9.309965447420748	-1.011132767000632	-0.8966574780626595
9.396735367050933	-0.4802124580416065	0.15670769681103822
9.088698777891583	-0.3406923874912297	1.3525432515225837
7.0729893218821935	1.3745924532397733	0.5993513659079612
6.41256861103874	1.230128972375852	0.5535596133679438
5.140090859100604	1.2334813976835841	-0.33088549661719413
4.152117895949752	1.7917967950776876	-1.6276333892063297
2.5336320443273355	2.1348331770656213	-1.9124672466318993
1.1384278878708942	2.365186558971156	-2.908041448279144
-0.05489048915505024	2.7866329034374413	-2.975933242997985
-1.867751941120387	3.4575587259833807	-2.6526610975832385
-2.590679022107325	3.592412823989262	-1.5996709427865228
-3.1080361604296534	4.305150537343519	-0.6857211031707948
-2.1040089361678946	5.407436278096261	0.6436917813901843
-1.6488692363230908	5.716520487054225	1.4739124500194496
-0.2740927758389968	5.571299416569717	2.747930400326117
0.6326992057211918	6.092066709645626	2.629694453546444
2.2733971588613593	5.865122646218652	3.041194367503979
3.653664972499753	6.436402721424049	3.0981564089471894
4.728716556305233	5.350349520848734	3.3164765500723403
5.771908451844293	5.8374980101797505	1.7665221758865215
7.325551304347137	4.069521344584995	1.5071749034453337
7.492798840610148	3.737785203100748	0.531612878234329
7.584803570718001	3.075484865294182	0.14966752799774286
7.818402589631884	2.00083144307148	-0.7149574247676377
8.028154824944206	0.4486152110136477	-1.5166353879453105
6.876318752019085	-1.1452729729116173	-0.8724076414849176
7.678633637473222	-2.334356706204775	0.7429604712468177
8.04171816059495	-3.8198596442544615	0.6746430347338157
7.119752182321966	-4.36205375624584	0.8314039484103937
6.724884005252312	-5.882789958863805	-0.34805049673324145
5.4031075289462525	-5.490333012332684	-0.789198151849435
4.397353784347456	-6.731309987929949	-0.548083072396953
2.5012280541885112	-7.00513358684773	-0.6007295540096211
1.0724620496482402	-6.02030034190103	-0.245351096002282
0.45510541154416706	-6.647856620223167	0.24717942703600593
-1.2925857771429217	-5.732891047908628	0.09438334553203431
-2.1622387990943777	-5.385533768390842	-0.21934954137243481
-2.6216794355358948	-4.697659457998685	0.6418008676516557
-3.4616066768553044	-3.3973442777877003	1.8955758093816948
-2.5926714430715343	-1.281903362748756	0.9428703032220762
-2.902658502599852	0.03661151939863694	1.834892990902108
-2.3133028030777743	1.0037025140078963	2.451244146769084
-0.848480861099987	0.9526378619056406	2.0147060023460974
-0.6080586011000544	2.1231035405235046	2.748741014328632
1.3153367160148342	2.61660905001282	1.3507707153642055
1.5500458101013463	3.527896899284344	0.952633502031579
1.5214753483265433	5.147736305015661	-0.7289742902922676
2.1965146268311613	4.990984639841903	-1.4043612999148012
2.4436216099136088	5.6936475771698	-1.7237736753986637
