6.926404725386357	-10.01283479646867	0.7835487166571328
5.972763443881594	-10.010017774533585	0.9468215342130024
5.334623993048744	-8.47285581209459	1.3573660949622688
3.753260598729653	-8.22934392879724	2.186807850787109
4.439191534501032	-6.754696528137339	1.611809693636393
3.7150311774557165	-5.507453162928454	1.4972707390025337
4.294221247142305	-4.288247501257426	1.6679605857353192
3.8836888179008113	-3.11774949380212	0.6599883023700457
3.1662651735650207	-2.262385741288613	-1.1652263433448253
1.5708464873139794	-1.5963510445425093	-0.9712446952287541
0.3243480175726147	-1.204600650560009	0.005227444419918181
-0.3237946019934933	0.5011899153569883	0.2940221037360484
-0.36295981404090377	1.7676832262006343	0.1173892052853246
-0.5179183312794866	3.1508655888298174	-0.7169009795043402
-2.3773625558684905	4.514944181365751	0.34476850517282154
-0.8770597009300223	6.359252543844646	-0.6262987265832917
1.368280843047352	8.234341976873852	-0.5195252598563653
2.528394446638549	8.671641864276003	0.19801734999270745
4.927774898094292	8.735281058087793	0.6538703314645928
5.509638787217795	7.4031714050171775	0.5817969746275928
6.2838267607321985	6.434272163383111	-0.9803949039001896
7.147487520320026	3.9883016741969914	0.057167340186904614
6.536407290076585	2.1723055167296033	0.44582092483987723
5.098680641700816	1.3516418111383919	0.9083717508559299
4.064502291013969	-0.05139294615612752	1.6112498233016157
3.0135521077418255	-0.4885868890840821	1.4616970101117341
2.647594760200021	-2.72311866146332	1.2947840285001182
2.652991705182558	-3.748145380087495	0.18334294436100096
3.0157637570988016	-4.8336327424414565	-0.2607095463998196
3.985957826316368	-5.0012772297612536	-0.6019044893735295
5.45867479650011	-5.3832328664834765	0.0415197380732078
6.722005540873842	-5.820181242260418	1.8500455270167462
8.248418413712022	-5.328076497268002	1.9964034828489203
8.88686928017708	-3.2433885068673813	1.6654231731041644
9.80057935702096	-3.3045834399411964	1.472463995486302
10.313261629911992	-2.0644819820854896	1.0266334759108608
10.124990526624222	-0.7767960708025526	-0.09759646204732964
8.070245984766009	0.45711849483115974	-1.5293176961578203
6.383159309181801	0.9184221274681544	-1.4109324090132715
4.930115536916158	1.456541066228903	-1.3809152938659315
3.2905638767286813	0.5879227345441222	-0.8519602784526612
1.5527372139242355	-0.28522857872007956	-1.5123260517409913
0.2054459032360194	1.0894008385169731	-1.4167977909711817
-1.7892113034550774	1.426111869675414	-1.5984194117183375
-3.3506286286614557	1.5926461360472333	-0.8752427994693607
-3.2879094832616174	3.5689277724521764	0.30805162002378456
-3.351163546058896	5.084773740216678	0.9240737629936937
-2.107548877889768	6.516554158602884	1.826005631656939
-0.4965168498906951	6.29780855593762	1.8368376728396631
0.7285921582911743	6.8210130787599725	2.3047719908127315
2.5833608526302028	6.523129395603828	2.6668360464400105
4.182199198073908	5.2008575248069775	2.947735228417454
5.015628614906109	5.069518565372924	2.613552917498561
6.860824977377757	5.818341684938279	1.8277962910003862
9.053792863995698	4.69011648952817	1.5043485381641855
8.699670039436805	3.0024868137143947	2.15466651985765
8.186348187448159	1.0928947223759438	2.1020456297447665
8.301540267559407	0.15410047190893694	1.5136135523720333
8.377819111123507	-1.3882897380621744	0.763655358511492
7.953685011957289	-2.93443935366299	-0.029097662605435948
7.991115732812967	-3.1551813026723172	-0.49151585847954515
8.437792397262509	-5.444441539049176	-1.290792479366626
8.18690882206521	-5.971958591006197	-1.2368951233182064
6.978487189886239	-7.698929167077196	-0.9947321927327367
4.9967469100794215	-8.251161519453095	-1.6650322639499926
4.016130788226576	-8.7235714352747	-1.3501614418048828
2.1673366283861784	-7.961552997869025	-1.1917844472227739
1.289835166119888	-7.438876828941897	-0.45807406322424776
0.026549143470535996	-6.639191492548531	0.32610632820736685
-0.5618861449510718	-5.51784790678045	0.07464068360096099
-2.376613790048312	-4.011774321115839	0.9052581839582574
-1.2533318637807316	-2.8236710376095586	1.0994829981838188
-1.6101837969403727	-1.961281975831981	2.0299810135973493
-0.9705672373041605	0.10732659350789364	1.392988084718655
-1.05267318525298	2.8987498475353966	1.8402566931330755
1.0118843082486169	3.4472910675267556	1.5504813359550935
1.414912694169877	4.258155242656118	0.37511352264977643
2.820583100963293	6.270350825829639	-0.5457655905410672
3.070683064782655	7.660158819598769	-1.7067763303009276
4.875305110577302	9.811080672921578	-1.884668331396416
