5.787561730809873	-9.169972738266974	1.6689481801054902
6.400936101442351	-9.081969141850246	0.8385817849982735
5.465973270704344	-9.199236076848253	1.6248453540826642
5.7248358506447685	-8.46768837738482	1.5689281334856646
6.006646766186389	-8.604780401687384	1.678050153791673
5.081495442469383	-8.455764486046357	2.397647829873425
5.670165787553584	-7.801025946723099	2.0930435892073134
5.161039204385162	-7.066617168118694	2.3556465503567
5.029367549100355	-6.76385716000852	2.040411228336344
4.3637728260984785	-6.539110232409965	2.3847314161415887
4.910211840301748	-6.404107469942785	1.9499396117901382
4.460660888922524	-6.116523812979512	2.2453369457198122
4.7133872487741835	-5.491833616846248	2.116592664571715
3.6053009970966055	-4.962747573489079	2.6303717974976815
3.4828244646248505	-4.6600047468569805	2.122136289714091
3.915860312395733	-4.08031956821281	2.9619724618286245
3.4422447156562366	-3.607853167019066	2.9379082073468377
3.607129262832358	-2.8871592038282765	2.272694673120241
3.5725023043580033	-2.7170818229924127	2.254575280363955
4.141438706117634	-2.7598062361865727	2.5273663636893735
3.545846574880154	-1.5350754901695018	2.2752055510465463
3.4437405384655766	-1.1761701995306586	2.2742547896242886
4.10531465121596	-0.8235254280006298	1.7400302702456072
4.032450706154483	0.057488660392703506	1.8532428676775128
3.3073281255362805	0.2435978727646465	1.9303823022536024
3.583227276273605	0.728509470519353	2.074030315075023
3.6348248046266898	1.775367253166864	1.4858020951371613
3.862493399674846	1.2765921247259522	1.9006988342431155
3.389231797161113	1.3564470519838427	2.0419953536283333
3.6599559911014468	1.982866588108064	1.1476714755327304
3.33592477108884	3.154184787526708	1.367461873949194
4.443403266963624	2.9495030484180225	1.4276665373711253
4.412906828478584	3.0021321831378147	1.1272023903965152
3.616566304381069	4.207730106572299	1.0200081473659315
3.1413470803173404	4.668534888595994	1.6901765720854147
3.1360543886596104	4.808009562702901	1.6008004507418947
3.478398743688542	5.746128357807783	0.8246315729439266
3.2696163642481864	5.1138755946533925	0.8175220723355296
2.6529049740252515	5.663137885219216	0.6161932545298078
3.1080279026854	6.31271589657621	0.7805383779463716
2.633805170550105	6.598533737176672	0.5527304083466634
2.226672506395243	6.608441984641322	0.3019559178761906
2.13344769109892	6.902552227113698	0.6296923990866704
1.1839525819403365	7.354234650408657	0.14873703649658399
1.0557898592297974	6.259398630685114	0.48339741258624114
0.15185289806129781	6.152708958820051	-0.48044487105684697
1.0635067204195636	6.037900487126286	-0.4897845932183758
-0.4323506910250815	6.117308893013768	-0.4680979941342236
-0.5477588510837542	5.416370053159782	-0.8654396338437353
-0.2556107714248903	4.964791104777175	-0.28151774806404095
-0.7693516613555197	5.224445093908904	-0.0025369841898796874
-0.6983279301078205	4.945427888282449	-0.42189539901299633
-0.015843931500186814	4.248640418934395	-0.7970527938051009
-1.0001387876910073	3.2662898831494056	-0.27610635294126185
-0.5002599039856055	3.641605119200705	-0.1630534326216201
-0.9504797950618997	2.6316230125349884	-0.7918282074813312
-0.1685232300768944	2.151345407457206	-0.6595939085342875
-1.0140962250951064	2.122187162780468	-0.053495587193945315
0.04898711469170047	1.472577298741544	-0.5367033884177894
-0.669957009613238	0.5594658921111311	-0.6161671122061827
-0.3189293395211077	1.3629830198431248	-0.8277325868760145
0.15273435528421553	-0.21445883324417375	-0.5974951368429536
-0.48638755693344005	0.38546094416473775	-0.7724237738469797
0.27565579465525125	-0.9049620023477556	0.3250704591025718
1.192065566542491	-0.6192547330383968	-1.0066462922573043
0.9723415933453162	-1.5677272029867686	-0.4067150770867102
1.317244222292464	-1.5457559820586777	-0.19238844599345817
1.3081820164222306	-1.4132701813084259	-0.42604050310599806
1.6082421515982845	-2.0758964712773578	-1.3029799451021886
1.7373740479421598	-2.1537074917703354	-0.4989671783870435
1.9277546445624292	-2.33032941267351	-1.6324077194240463
2.4131050329711363	-1.9087427890307274	-1.6383720046059254
2.563176389852824	-2.3485366051870855	-1.6346924493232076
3.7643150423664995	-2.831932570887421	-1.550620099181153
4.181744062557531	-2.7586265580484652	-1.7515512703030116
4.107217170146804	-3.22318837269161	-1.2070833659922815
4.948316214324729	-2.9130324737276654	-1.8249777030202354
4.584964769512039	-3.1489146166769926	-2.3345016707327333
6.036690610348459	-3.4898683986768524	-2.2046671533175655
6.346794990892615	-2.9399678980627257	-1.8719118075406027
6.004243327043328	-2.519208050152087	-1.9918328466658006
7.319409579854628	-3.077536378896734	-2.5878746091240954
6.954162931999497	-3.3312623224969014	-2.227780133959522
7.418645791275241	-2.678965642361355	-1.7042759642460568
7.925180375203289	-2.8665961097621846	-2.143337500597865
7.910390437539538	-2.8773715869592014	-0.969303195735151
9.22921494450382	-2.638336374283954	-1.371382181227881
9.264907738138108	-2.1747918256813525	-1.5919119609865675
9.550621641851766	-2.5891701069139925	-0.6532676551560745
8.93643340091145	-1.5747259058953287	-1.1165426712187214
9.487880210123295	-1.104472123337417	-0.2951034232998697
9.029608323094317	-0.563191978485287	-0.633997220130068
9.745393479324035	-1.5060523066404239	0.07761844794595008
9.56729198805689	-0.5266249342296716	0.3604416914980918
9.119422949987808	-0.7601366008209103	0.07711222474662696
8.882289612626357	-0.24058898443214832	0.9409359999005695
9.452684844081508	-0.22957085957056683	0.7479411403257681
8.469890974944672	0.36670695729862174	0.9824529982510563
8.585060351249505	0.15368114716427025	0.6862566481994565
7.855504319017401	1.0384966665144673	1.0478451913698286
6.709298876476679	1.3838954796041694	1.1175933426741391
6.381735052440315	1.5465933506730718	0.4918650497692895
5.90973033006456	1.4883522048052953	0.2918399757291883
5.679779173793861	1.550472987956648	-0.09628036333752499
5.593249390778465	1.209654076938701	0.4091776659752726
4.744411056103572	1.018086523049536	-0.8824746895155818
4.374225838569638	1.4856788766996365	-1.1857293320410882
3.8987538474624666	1.4140284354639472	-1.4081282513010214
4.481071150810257	1.7841715818650048	-1.3365607138343167
3.532278738679647	2.319033137050604	-1.625246776669666
3.4597757658366897	1.3589574139091822	-1.7206453809032927
2.2921800476356684	1.6099069872648712	-1.5576907628617311
2.8385886373636	1.7955105601337298	-2.1319021332018484
1.6253192142420276	2.0840927175791313	-2.549239851682791
0.9882374306682346	1.5733329715157138	-2.3089761565738707
1.3221041970739695	1.8753274606139183	-2.836486281527503
0.19524923897262364	3.100061025713962	-2.6075693010351406
-0.238144666252889	2.588508172165819	-1.9650765376482178
-0.6797501363177059	2.9606138514105735	-2.262600955455545
-0.4859550777670001	2.844601358504859	-2.508183421179723
-1.733787928039086	3.374498483457745	-2.7126534896257573
-2.2477803857841265	2.828862282642105	-2.4193505626922724
-2.058982523225274	3.834261166772431	-1.7204545542575898
-1.9977710662957797	3.3344853319952383	-1.7860704981954605
-2.9978390157755137	3.6687282089647777	-1.5627393191796517
-2.199905714015636	3.8666067840916964	-0.43363918744258756
-3.2637916337502326	4.5436640159800925	-0.09338354731644627
-2.980215714668756	5.094033021715948	0.18849930624752442
-2.942838724146642	4.553966327925584	0.06499160185832734
-2.756085538509846	4.426925364945484	0.8955777021262361
-2.6758709845867146	5.408731385743182	1.2932075523548816
-2.3576469813233314	4.940494622668429	1.2086297014146932
-1.4353952519895776	4.886176882952688	1.4722931707913256
-1.2130526075046142	6.081390004319589	1.8247671334654314
-0.2906852419196675	5.596300422346096	2.109162402329329
-0.6162847285260241	6.232181834711799	2.3485350987120652
0.4643789623760277	5.70926489173327	2.799136667755772
0.5290514921706267	5.598375304115018	2.6269442692088516
1.1675897990019566	6.129676920261692	3.3023092028444903
1.3645132703822127	5.759134055073343	2.952775081568068
1.3323989177477689	5.448530099609658	2.9480739496198605
2.198402914390605	5.434263776465139	3.416575240615268
2.3043976937420467	6.155412229217588	3.3501862110210463
2.8143683481027737	6.338366432844738	3.2304051370787543
3.2602568669930267	5.207237654336918	4.013690264496872
3.8942826402404536	6.196311789996185	2.807153662254202
5.15333407579169	5.838085081129115	2.4106064771072706
5.121606882032219	5.1478056611113	2.957930121696267
4.915132624440171	5.1062012809491915	3.0099961801048196
5.456912097294216	5.1854991119812155	2.2734510641550143
6.671839935544927	5.51121122700566	1.7609448052681784
6.505305683309226	4.563334118443658	2.2358817401115822
6.449293738409654	4.80791679460831	1.6534865375221575
6.526023492352791	3.9930406210581344	1.4529103074877896
7.536432101252183	4.093529612743265	0.5376545315689495
7.393710862842019	4.279521729383272	0.5894518975367391
7.4429999131611	3.5337155650590995	1.0464571325084506
7.505104741450151	4.164601219597645	-0.2317092225759706
7.897956415175895	3.8791157007463033	-0.6636914392093303
8.891974692663807	2.8256556027583595	-0.8030420364356887
8.049233193675683	1.8734317605155668	-0.1606653504223392
7.953470418718728	2.100333206324622	-0.8880107789615556
7.969285474025225	1.8150321161611398	-1.1754819969930872
8.667314688651258	0.6480330311298088	-1.2705555360054108
7.331322266380606	0.2488953879067857	-0.9345831810265082
7.3124428188183765	-0.10349236233919218	-0.44666805938672116
8.012576473721316	-0.3842641496187124	-1.2986355813248567
7.612553670645112	-0.2605872382911205	-0.8759684079495927
7.455157018101941	-1.0136830631273828	-0.27452743051718087
7.078494346414823	-1.3393015909229329	0.3491429366882668
7.604126065025373	-1.0395177319612439	-0.2514261043386995
7.870354637446763	-1.7991387899833302	0.07652271187475143
7.079396361642304	-2.1841721924014785	0.8127554847641252
7.021894190702962	-2.446142266971506	0.41173284824364853
8.050215749699737	-3.5669934017344085	0.8201009781334019
6.884628729601036	-3.889129805197473	0.42863571029551284
7.044744185919932	-3.636705840510062	1.0499468839968935
6.710401246617361	-4.593166451537316	1.1310069670874643
6.736041666748173	-4.573204576243272	0.6816990051748978
7.1465918230825025	-5.082504732460484	-0.1350497349787529
6.57348685293939	-5.8042391503904875	0.7809204472731963
5.495865979829332	-6.043696901094846	0.12878647898979867
5.987149115317342	-6.2680213543474075	-0.23863303957243065
5.799570414303409	-6.239351935174	-0.7043521006136781
5.259855859438099	-6.519729500665849	-0.2328899008490386
4.453132146482433	-6.401509334804044	-0.11545358469607314
3.80285881158856	-6.463946314922605	-0.5616392462815365
3.317112939239311	-6.059140429078383	-0.28903948319659145
2.735983302190308	-6.453450787533621	-0.3333001061349079
2.9767625703728298	-6.5042152041649395	-0.4221821243974949
1.9732998205146446	-6.2828443858442995	-1.0592233361111592
1.5160495355173225	-6.010348806144792	-0.7581081348286333
1.7156309937690897	-6.910964630578101	-0.363377705632947
1.521810322581934	-6.652330085957176	-0.8182002186893922
0.49415139172923295	-6.086199724870632	-0.5448197883619321
0.2466799869854589	-5.624061502160687	-0.6071495534389535
0.27138181819932095	-6.594112822442564	-0.512624257419283
-0.37315578759641066	-6.510286173035102	0.691809345266217
-0.7183005168552001	-6.03749464801625	0.2097159445929615
-1.5307495841091248	-5.227638401533404	-0.15648331011382294
-1.204436964409917	-5.2471499323837065	0.6030071934179477
-1.4709169283671057	-4.816351556675415	0.19661589474246913
-2.308478723164308	-4.8269606621229135	0.875449461083821
-1.9567302606593082	-3.8937827599753794	0.02021506678898189
-2.5729126576114334	-4.3386158107902615	0.7727302223639094
-2.998609119260177	-3.7235201159297144	0.8213598207182471
-3.1862654454024466	-3.769997753231182	0.7186854357848316
-2.77585964794382	-3.4390382770904564	0.9494668844949608
-3.330135562125463	-2.5850555601242977	1.2254212514245113
-3.4848849166075464	-2.3710048969766	1.8842290429272337
-3.1446485610290904	-1.6836051365846312	1.2677291660442247
-3.2718645197653093	-0.5965682830572452	1.2131647084128618
-2.9852883181355776	-1.4612372105581883	1.5502102877412187
-2.770709831139243	-0.231060190931472	1.6604232651530861
-2.5214642692797833	0.3273352074213103	1.9105927316559561
-2.8917822989572692	0.5457144453085776	2.475511439416816
-2.6047796747551053	0.3703760885004593	2.5774556910967124
-1.4708266262147767	1.2001381932208386	1.9157241599303498
-1.4640869470152882	1.6605072689298637	2.420184449833659
-0.7653454765535064	1.0672024875115655	2.0092011056148937
-0.7772570171435335	1.3818037921388344	1.9295583338046878
-0.9913324987408847	2.0610513043771284	2.4695594741961004
-0.6412110986903723	2.9371389818793165	2.057168958830178
0.32139566371120015	2.616250899484009	2.0894305626567236
0.36761242661679105	3.53335505571151	1.335481062284356
0.48765347619423527	3.4996007510252984	0.97033875963021
0.9795824423712319	3.4921955775626605	1.4799306638952363
1.552503302262423	4.1312262628439775	0.47372938338572634
1.6899841502131276	3.2616569150757706	0.7829865590545264
1.759187033699477	4.188616602567597	-0.43482270955846325
2.4209062922531555	4.405197860948089	-0.752190693627629
2.617644201391287	4.296050289099286	-1.3886060841517844
2.8227798022695683	4.590237669546336	-1.026226022059491
2.987481338684959	5.215645605210641	-1.9567716207505428
2.7991847094554254	4.971642437906589	-2.2378247461785725
2.7047955937314008	5.215013019519358	-1.7822374065382398
2.7646272462749195	6.543388820769999	-2.615413219808963
2.4662152620533138	5.888525518278577	-2.388629834570585
