5.205636658090518	-10.08510913693867	1.1111096465113584
3.956904965940928	-8.373090819696742	1.022018543517982
3.476335678564718	-8.478032474147255	1.4137048274917356
2.1029740954261236	-6.791961932371393	0.8098452027780951
1.9526972479845932	-5.685682153402187	1.0447658131307322
2.6368718244894023	-5.004676456132416	0.17401950353526396
3.3214717493854176	-3.276409408135771	0.2598469818681821
2.0772460032521614	-2.085246100502691	1.434381607272436
2.3667649339463797	-1.261785094395818	1.751372372184737
0.38790124921922825	-0.19610359663777277	2.0120281193718386
0.44485177440616214	0.5653848092472981	1.1682258497186238
-1.3395330721217986	0.9102275573719495	0.7202827968046679
-2.0649760202650698	3.452010821231832	-0.8710022359762652
-2.2656095814576127	4.104705828870953	-0.8002664137951367
-2.1797385544520287	5.982470217376924	-0.023876824691859033
-0.7336713248837655	7.402966601626016	-0.5251702877091105
1.7901112604575036	7.762492724982823	0.13652597491481447
2.4078525585974897	7.682427043398837	0.3167440204501726
5.474196962977809	6.088625902847339	0.7194857950658062
5.4789706601469375	4.8051452762543185	0.8662366905130935
4.573429602179268	3.812355461559515	0.8830909380113562
3.988695176622997	2.149873253015849	0.21476963827348716
2.870922124321596	0.7439152233668517	0.20549963064387494
2.1831999989602395	0.4559711392095543	-0.20345898501021997
1.7913047027819973	-1.4600628236502335	-0.008484186605939747
0.2798614122496942	-2.517568947604864	0.3353654234319934
0.35755390155686845	-3.365291472798546	0.9474222986332074
1.4537083331535654	-3.9415453099946762	1.535141211158666
1.665005902315113	-4.649119626118639	2.620552420714762
3.026158315296572	-4.450789386089662	2.5090904738693736
5.2291562833008225	-4.7243972647583785	2.1474702098509217
6.500192136920626	-4.174419715159278	1.9400928998418074
7.108068457727147	-3.4444913973204763	2.1605203420863646
7.04111998976248	-2.416503608209347	2.463285953436154
8.854825850492386	-1.2095994458422055	1.504646497172267
7.457156604863835	0.21789926799385784	1.752805713819448
7.414330701241447	2.031079783843774	1.5546154495715485
6.083568865012289	2.5187637248795367	3.0535514104381987
5.48637541976942	2.982747782889176	2.8695102793279013
3.8492324256601687	4.11965851697932	3.01933600748732
2.5302781710317044	4.105391979319494	3.013069937205712
1.0443658323773646	5.136752801871659	2.8188840633271544
-0.17242481187076264	5.498251143574387	3.205615809745491
-2.693182161380813	5.427602909326692	2.034281468412841
-3.4948730847057172	4.413505749519121	0.9156326915897075
-4.261578961193988	3.1288418845335926	0.8953132414716445
-4.288013121759025	1.20542534135801	-0.8429210030798029
-3.3324445712177173	1.2667545212270506	-1.4899952037722421
-1.4723624771244062	0.43353139193648293	-2.6382946401843745
0.7324277178701888	-0.1098538821629011	-2.814305877179587
2.5871465174828163	0.014007824125875867	-2.842079263312803
3.6450124541547506	-0.3348204418623486	-2.8883690331964025
4.3893884902986695	-0.27400617117601245	-2.500872556513991
5.314398398421778	-0.8878884050960261	-2.0889451334785116
5.68260417889411	-1.8003633155828127	-1.1173783774292207
6.449370523134997	-2.112542497915128	-1.9501326469894973
7.295905443445293	-4.305565710546452	-1.2981232901566684
5.78008084295549	-4.17088254478132	-1.5847038022332085
5.365487137544834	-6.3497127320310405	-1.0738805035107863
4.0040975737647875	-5.969962041463223	-1.7997514583906922
2.337767967907279	-7.305170424486458	-2.2854960817504786
1.4512028609653806	-7.428179473377547	-1.1541177871767494
0.6849092483833955	-7.852771841671173	-0.93952748023937
-1.1990823900271295	-6.370978978612353	-1.2375206807856511
-1.944616705455076	-6.785371150888003	-0.0012509165494460905
-0.6743740177451196	-6.242922378001371	-0.3136976657314303
-2.2843154408143915	-4.64302529418471	0.6546933698154727
-2.7277813226301153	-2.600327514200886	0.5777699600167182
-1.6052887384643235	-2.415302690855325	0.4290301247562607
-2.9737353103992943	-1.1583283212119406	1.164053384580579
-2.2645813023787937	-0.26667544567034374	2.1344701599378135
-2.123074177475843	0.7906943087003983	2.270457876600986
-1.291346286977039	1.7956027363610951	3.1827508394727424
-0.21909942444569264	2.8167999981965584	1.4771978813331859
1.142913546938856	4.035318431013101	1.2955731620728081
2.6326703291493643	4.292682935832132	-0.6041949315905724
3.138360252629006	5.317386866680275	-1.4108226347136767
3.150556001277211	6.142854987862009	-0.36223039814270486
3.8332919161187813	7.4823797362437805	-0.31951649736964016
5.087138789822103	8.29204431968299	0.3624515810831045
