6.287330840680436	-9.226507050465766	1.1573739001342758
5.93717430454764	-8.568846818011977	1.7364096457422473
5.243854499137048	-7.417217221058636	1.542947829639953
4.326426782212703	-5.971225765646846	2.36849368698428
3.6454135366254357	-5.220641158937376	2.0853683344705556
3.905420756432889	-4.405486125783382	1.8876107754591587
3.5904591669946355	-2.2176351243796097	1.9936594789121234
3.934876469020038	-1.1326867505981721	1.676695719249395
3.93254788448919	-0.1293383723049717	2.5697072685202516
3.58493657923042	1.782988905359821	1.6696853416624282
3.7560370781035886	3.2471574908765324	1.5872818058108873
3.7810183202759373	3.4218811398474855	1.840367749671201
3.369903103808418	5.012895988576477	0.5763268514366433
3.5801276863720823	6.19992380461063	0.4945044765123793
2.279477658586326	6.809301513333478	0.144817083174207
0.5709902885672389	6.474238771623755	0.3314226126257859
-0.10612855838408686	6.171942667551664	-0.7596529059104491
-0.5217055201697707	4.315187363497453	-0.6772666998685506
-0.1277763678399615	2.5577397593249755	-0.1152944506700131
-0.5091329141415237	1.6793292620437514	-0.502431652824007
-0.5500422000288802	0.4258250872189167	0.43422260738847007
0.5540068145219491	-1.1160227732686423	-0.2673699055439639
0.8047042623614356	-1.7404087818993292	-0.9718799153315327
1.3450182813811966	-1.9061849581514299	-1.3333764500470264
3.026586250667948	-3.0650351443159174	-1.8160714186501654
4.454914114592921	-3.244333564503444	-1.4232311205276829
5.5748382837068835	-2.502613675778339	-2.1777626816544187
6.208854959383339	-3.151273265358177	-1.6226940393668765
7.4727523497010795	-2.9006432054816322	-1.4017051402230218
8.795028455036396	-2.1773554286559698	-1.2274184556878318
9.788025419230221	-1.808633070603917	-0.4155303864512181
10.115405007787984	-0.9629879904791592	0.10202826850106636
8.171513888852738	0.8304705981424797	0.7231878069732592
7.858754674171661	0.27945045322292916	1.6258435659483403
6.166555052958528	0.829228469003908	0.2245135127033504
5.906296418794851	1.32207907050902	-0.824057335122558
3.9737756725239324	1.402407293826911	-0.8247911390407097
2.7935136281305457	1.2354950011065888	-1.3675718499229634
1.5646759759108844	2.227693981309108	-1.8828589239772668
0.31591423154235054	2.4836584845962086	-2.808680508043226
-1.4963515930407754	2.8757251583149053	-1.8799859120423241
-1.8364594516281816	3.6318171974881595	-1.311222486132321
-3.1028127387269997	3.9669200753350276	-0.19209264305610274
-2.3310257562463295	4.6901727052857725	0.5544998644897534
-1.5394444611672014	4.85331153289395	1.9481537741955428
-0.578486129255749	5.72443240994595	2.495770522207308
0.8266342343864249	5.519429303421598	3.850153555218559
2.569705951164439	5.951585841911299	3.7251143445441355
3.778215734013488	5.833509177627793	3.4608520531170095
4.761535591806662	4.995071711861006	2.789118968485371
6.050136753499529	5.30957833038308	1.8334518528124941
6.542219305814515	4.318617166249	0.7394228799342093
7.709632263595225	3.7462921696607645	0.6251406937583647
8.34690803199066	2.8897692684064955	-0.4925160661958514
7.990684944651521	1.7787703006148494	-0.7468018083057802
7.6370151575080145	-0.24744058080140285	-0.9620396152243487
7.289053179769939	-0.6433234242523329	-0.5396036990330738
7.152316287467989	-2.420213332298401	0.5944960230111715
7.523225417818685	-3.1031323811711995	0.7649969131095291
7.839263500971722	-4.767837445655754	0.3572159603890602
6.2747332113499885	-5.768730960104526	-0.1814147685468036
5.384480723023291	-5.643337295741867	-0.5494309404962757
4.011182062259144	-6.261038616903974	-0.38244379326871303
2.560982897772753	-6.500085502635718	-1.0206718257013672
1.7035044203339047	-6.769339386749112	-0.19660394010669258
0.3414341940096366	-5.681421152144811	-0.6909511623907065
-1.1507736179238777	-5.590608052522441	-0.0282425080091665
-1.449630853425371	-5.529994717528906	0.6447950555680227
-1.8660375072115498	-4.6274482851024885	0.7135536249513271
-3.373087951620066	-2.537030650249657	0.560853249900946
-2.8205896962678096	-2.0175563802974543	1.058971321455614
-2.999046776906912	-0.7175877263440789	1.7502904802047627
-1.6222967185440247	0.7927316015546716	1.7156133102717133
-0.7674272628246446	1.841952533248826	1.9436654197383056
0.13049657727493724	2.270517182471947	2.476083891354003
0.6106140423772513	2.690484172889218	0.9103437538598392
1.608345311210039	3.6405686616990165	0.028101012796267727
2.3801136437189627	4.1945980414064605	-0.459023187209211
2.4989357372158305	5.234816778022873	-1.8135443340537776
3.397138329694857	6.469776604887667	-2.8679259093256837
