7.86012495827658	-10.563580197847457	0.6311973990692478
6.827414877996064	-10.047610316546711	1.4001275674207398
6.432302131812138	-9.38640715571571	0.8186190327922505
6.344176715288176	-9.648528541835754	1.5969499945459642
6.598719568342822	-9.959000916996494	0.9755392627796187
5.908637957870696	-9.539362571250239	1.690121136901778
4.944586441422095	-9.508532649126275	1.9981626165939421
5.333126552150451	-8.514522813637132	1.6713285603216241
4.206725150581419	-8.893200670009191	2.424299635144113
4.4139288154263365	-7.705605618107555	1.8770964609092986
3.93990179239214	-7.921367862611458	1.6877336599714354
4.343451604755037	-7.322543920814973	2.1946729442193282
3.367638647995816	-6.949430739312894	1.4778190786959786
3.1964931939672936	-6.418988150848869	2.0348973296488135
3.2864687484315427	-5.957322208582964	2.609781438749378
4.183338648281856	-5.291744677699547	1.7133244650701194
3.485858917176805	-4.222034367690947	1.7466384885998503
3.8544912768151396	-4.7292940946411015	0.9358364733918632
4.439829054892593	-3.5139379426247994	1.2375217878421005
4.343503631199387	-3.1533675445005693	0.7912555783121286
3.9073173953739793	-3.528157565508973	0.18480064500856536
4.7344355892845265	-2.7322427451721265	0.4247483769015923
4.615169723955323	-2.7025556297634528	0.015783607675516675
3.458395936342044	-2.3976804377351586	-0.6761209055516899
2.842436012129426	-2.249566820467651	-0.27585430465950456
2.7408105128587223	-1.4772786555437558	-0.2746478721281922
2.364239150286056	-1.9192642355289777	-0.7505532746069823
1.9126808357034824	-1.4275222212682288	-1.2741978016596844
1.4947334366197245	-1.456024168589219	0.007597231660440906
1.032175708894579	-1.1479965839088335	-0.9702746315112268
0.5065841305700098	-0.41380016708631473	-0.08058419062294198
0.03987619631789589	0.4768126295158197	-0.5716387153391707
-0.15078074531269764	-0.024673532467694548	0.00967925979422446
-0.17077326824398337	0.683449228066626	0.4674181362698644
-0.4137894538913093	1.0278057671170928	0.7849425232013366
-0.36679288325505893	2.0269499512081444	-0.4057910121572928
-0.17808145149458177	1.954180325084301	-0.02904968400372765
-0.7132526596380098	2.2290815349983886	-0.5272350253190333
-1.1505975707705485	3.6347595534968287	-0.4491793703942428
-1.341165778121956	2.7968624929392973	-0.43364970525199487
-1.6239127851056367	4.057469219462194	0.02698374656478819
-0.7920080494013784	4.226338466757027	-0.628063769066147
-1.3219063632835315	4.7897575030351325	-0.37506413807564065
-1.222546181250206	5.176541234200574	-0.48539174940696295
-1.2789027456226516	5.817450104689338	0.3284032636566838
-0.6882519943519066	6.433056905321621	-0.8194667659282067
-0.7086902719916723	6.714349413428396	0.006804714837743697
0.24259803185403422	7.882801472906972	0.29508443422695785
1.201098029455857	8.754678830811844	-0.45309086562428535
1.4354051344252756	8.031272813601158	0.4376768089216707
1.3412701203547763	8.562574974244544	0.5879156386029156
2.733990155694345	8.8123416245869	0.6969185735279719
2.6884584928188713	8.446103781395072	0.3834861219691342
3.6328097147520237	8.446287951668873	1.1300168066210896
4.577654375873203	8.158298467855833	0.347151236408669
4.377668816415724	8.493480528761362	0.3386189241509073
4.7950085856226154	8.318002624466175	0.6586096189988503
5.797431488751934	7.231564906158437	-0.1698722176347977
6.123350410690127	7.815626738099428	-0.386551952788236
6.1051911251363356	7.4438302409752914	0.26684426192337274
6.434732664969533	6.957431278820804	0.049222739907845314
6.6174809638195216	5.497152081590703	-0.3901118092544462
6.751229507780942	4.676350145007045	-0.8731787829647898
6.717958703159515	4.02626542759606	-0.2484387267263577
7.781100863661838	3.0707135115675763	-0.21838370625711534
6.664525023771136	2.772963563043814	-0.3236017494201831
7.165530853181717	2.9215097689893925	-0.22652557495277242
5.971276639338576	1.6363856037623927	0.40507243623520905
6.027535861778387	1.8633923551754195	0.5318266593483939
5.794789776835767	1.3540951937496368	1.1952150945748916
5.2499439142684885	0.6742108362498127	1.0055137129006961
5.310942847759669	0.23163593564110344	1.1720481793999395
4.171644809744794	0.918157271978437	1.5059040076771264
4.77647983465187	-0.45598542500580314	1.2960380510107106
3.298369718086267	-0.4324746353420036	1.638884271585204
3.0638336131893205	-1.0186431071660624	1.8694944802110418
2.7821559270028504	-1.6769714636682869	1.3452850005394044
2.2997418564497267	-1.5530655924541499	1.4143656724002525
2.1782661599109217	-2.64749335730241	1.0853510657944148
2.6295907777973886	-2.4639925289418123	1.074359937009916
2.760928523942468	-2.9027032653164215	0.5004214627363347
1.842246031800403	-3.9751801184591526	1.0491853432703997
2.0869681701857066	-4.122081949744199	1.1325884921559104
2.5600562474265174	-4.358654864482281	-0.1409133440057671
2.428174214477008	-4.599991816344804	-0.37997859053537664
3.2608639302683757	-5.163741953389413	-0.13807493501281232
3.8474829957397656	-4.3480383336178186	-0.6865385750919828
4.038274617886292	-4.982265984589413	-1.135044477463428
4.734725219249418	-5.503309502100401	-0.47767073243226715
5.366101308734843	-5.432373751873149	-0.11092755419326639
5.963236975817831	-5.761324512736061	-0.41597625714894004
6.739580091894018	-5.741287200679487	-0.07160898125068094
6.118581544303271	-4.911464264539489	1.1491143300973041
6.990883179092737	-5.956821571782518	1.0109346857215338
7.339649199640808	-5.750104186318583	1.9307549629201208
8.032389021433751	-5.452572849757161	1.2151981209456122
7.904880014990377	-5.013315064052058	2.3804718099244297
8.245853125671202	-5.178750799117991	2.0607827970356274
8.287256295384378	-4.645022889787694	2.7172393353210396
8.943445559197679	-4.5922862568749165	2.0965986468281477
10.223952371788489	-4.0344241763786375	1.4864244665272066
10.171607841260139	-2.9702760316475274	1.981529226946963
9.679933988408811	-2.631346315915646	2.242802584777338
10.039477733585858	-2.923202150488979	1.9482211934911098
9.917700730890003	-2.614531867461465	1.3561319763278057
11.059602380848936	-1.6955032325353863	0.33874025096751526
10.711052073149103	-1.5928272831144592	0.585281078621852
9.899655661371975	-1.3837326680810367	-0.17395521310241646
9.521380553645296	-0.22588464297065336	-0.33977543814752087
9.2245364080563	-0.003759649782846042	-0.23163570621907814
8.920914799375247	-0.38211284678928376	-0.5887995267731635
8.695148717113913	-0.12114601956591992	-1.0754800203752908
7.910617300911721	-0.1994556999196304	-0.97791714854249
7.308429364324749	0.5372005947695127	-1.5840664204962636
6.808354308469492	-0.06818319558934652	-1.3962823398258841
5.812536209707525	0.2427489596705261	-1.3680489976287284
6.064041278499768	1.097237167244527	-1.4014869743047702
4.892856236365462	1.1138710468184836	-1.6678219117083324
4.278414733101194	1.1589868407397064	-1.4474435872360552
4.451898137796056	0.8929273515650159	-1.8824574958601046
3.7601014995714586	0.18528062149632557	-1.7036265657470913
2.128755339680076	0.8141693499236513	-1.149067975243599
1.769949731148309	0.5294634823846268	-1.5640046479273733
1.5589203764220583	-0.36302508478160145	-0.7821926778222046
0.500089187449763	0.06806479206418437	-1.3268318676909832
0.10115595289493721	0.31188105674674876	-1.1883485513713399
0.09085443516590552	0.5134632438918965	-1.3536303868751145
-0.8142374614901234	0.5641241858301282	-2.067907255801535
-0.16319951736743543	0.7205264359836558	-1.914281439452032
-1.2482375431642854	0.817786591540633	-1.8629698495003122
-2.5262849611131424	1.8639759524706139	-0.8723757143712598
-2.512316836609771	1.7468878289564165	-0.24155206995828848
-2.943148287205176	1.4880108381929178	-0.7346510837358173
-3.235497020329669	2.449774657209951	0.16403100849089958
-3.1655877512827733	2.790913065592381	0.0771794169609375
-3.6444826886513066	3.2849714375034313	-0.07712269741623429
-3.178622321628526	3.355186094706272	1.00954646967931
-3.3182671355615954	4.356823131553142	0.7976195003460936
-2.8367932851399162	5.012498128008845	0.9042561247344941
-3.1382738245252813	4.642171905356266	2.277814341615459
-2.076271866332105	5.907448235850046	1.590914319251755
-1.7583306675084642	6.209583423869951	1.8689509320296513
-1.1352712173587158	6.60981676709491	1.6373707683535044
-1.2798765409508346	7.177196417953432	2.114566361454899
-0.249517814531091	6.420549704415224	2.230901619295871
0.2689927405543747	6.568519653065934	1.87577823560185
0.6161652258979354	6.194314401272932	2.9596370367008746
1.29345899619018	6.4855090552385315	2.1449472532716998
1.7868428775165226	6.270881351278755	3.1801069661194408
2.4626027666112105	6.361898091628304	2.04844027506522
2.008928766015884	6.139589893119906	2.1504638432404173
3.5422117569892606	6.091577619256717	2.540396870263391
3.881852402799178	6.331861482779827	2.052481255724826
4.000410094636451	5.20762365493787	2.998366114372386
4.481158524475238	5.873965498580498	2.1056524552576352
5.246622142101705	5.031400959308648	2.1308170783305735
5.770251227357285	5.162504893696827	2.83605010559502
5.88627868343887	5.792859061356998	2.3762311791384887
7.230754642287984	5.139471309450681	2.3656889258204186
8.020609517537093	5.2949871744154535	1.7924577332748204
8.71601956137119	5.270834558383248	1.3944691645987213
8.116181571666317	5.207424590173012	1.3640369955138476
8.888419258791542	4.867477449177212	1.2983831030318327
9.32248440897361	4.021874973325847	1.4255056116644318
9.627956778488977	3.065772013924843	1.2805601403926286
8.830304260608912	2.654557895865309	1.9531112319750976
9.472268856321366	2.0879647648213657	1.4041666780092337
8.860428120611427	1.7749320063313556	1.400996277754676
9.240920404229946	0.9994188099765682	1.5239610225388442
8.280560939103447	0.48409944407593747	1.8562848181353928
7.747856883741829	-0.02896956822510191	2.6442241043899335
7.562292692466067	-0.5176388168164827	1.603563858313938
7.786784197529015	-0.1898318886889443	2.0865981148237203
7.391928350121148	-0.9238881805720482	1.3675191081104239
7.316688027323011	-1.6097538923881176	1.2222698988718013
7.331707884358252	-2.1847063517835843	1.3447131419309775
7.862847387674433	-1.752799059726611	0.40717505651150143
8.205645489547265	-2.8056369005668453	0.31104282219900053
7.57392005516924	-3.0371816934650075	-0.3368192732549987
8.104281994397892	-3.2116704974527024	-0.6127256170617854
7.806888324300857	-3.907194951003986	-0.5656161085403771
8.587742476198972	-4.406087954095433	-1.129789214954621
8.194286031791716	-4.383537928159187	-0.4786800754336197
8.325972357790981	-5.1274988190758455	-1.0537227533508668
8.280067717121808	-5.896375550786349	-0.9885852608167895
8.063757011387302	-6.020564591757433	-0.44417877325382116
8.782798215947722	-6.97830546386845	-1.288869081398556
7.771255904976931	-6.888217264809905	-1.6459003858495134
7.403722577572343	-6.504129733221857	-1.4832420383917966
6.517644075209667	-7.172008485132412	-1.5970153307405544
6.226478888254113	-7.662914117809348	-0.8722570564821437
5.784948405977875	-7.512198770314232	-1.8072882674145252
5.397704250473482	-8.724807138745577	-1.235357181526639
4.372243200871812	-8.834630357740263	-0.9317146346221765
4.525760477500674	-8.26970549042966	-1.2814118384993498
4.009975827461921	-8.598274542575684	-1.4718411583705795
3.1580895903651207	-7.521009710770336	-1.253550389041965
2.2103202708673884	-7.652398240638083	-0.24004822762244027
1.803677226792463	-7.659729727144363	-0.9387061996669087
1.8551433519218428	-7.4044382015367916	-0.45803571367965246
1.2865598396929545	-7.795141981076307	0.08487154970674293
1.5584310178651435	-7.607024283622907	-0.3749444237855033
1.245048832193044	-7.57463220106292	0.06468214222465163
-0.02865087045624387	-7.338390142465522	-0.012480742688557589
-0.21658608446403316	-7.222349031991333	0.5183220554791163
-0.7536709670764687	-6.577177666070557	-0.29772067789036594
0.052696202074669074	-5.9406341287628495	-0.3542427209707571
-1.4253059868395652	-5.503506841732104	0.22043236819891282
-0.6070179795290782	-4.921651946461232	0.2824758208408331
-1.769751024985895	-4.93768890739699	0.755926244983618
-1.7414849162883694	-4.285623923222748	0.9356264885040709
-1.9459679707952455	-3.778996491456587	1.0560955318597842
-2.2982966704560908	-2.2417271021626055	0.6226504725457697
-2.3337524048823464	-2.2978167158371825	1.3901696902580918
-2.0975777247502396	-2.502559339568273	1.143091232708009
-2.2304181180641582	-1.0938282019149284	1.1511203832721097
-1.2523871528089339	-2.2012382078023855	1.2591584488106025
-1.787113421861167	-1.7305361481751529	1.4331402211923827
-1.6471701045537457	-0.555539903322495	1.6895037494085763
-1.0736754359545424	-0.6952198669423137	1.9279695451317345
-0.968410291510207	0.5413662539488355	2.409143592183332
-0.6509813800143923	1.1130148667969926	2.2101033665841294
-0.38727723059619446	2.242034229425481	2.1918858364415925
0.22326935964163996	2.3084506930149846	1.4551237900845242
0.33597503091826836	2.9844123105949754	1.3609024095922768
1.0472213901506884	3.0002680386004164	1.053398549725606
1.1872501677833829	4.5214401223987215	0.7024137978713489
1.1520157916417604	4.154534925712549	0.40478230983583807
1.7033346075263467	4.61899212812248	0.8127852851588406
1.578303454987183	4.8750520259432975	0.03210666653852434
2.6511829002869063	5.283261624352659	-0.6706017263547075
2.5454325543782845	5.810712790786496	-0.9596449408341818
3.347863320850019	5.754283516435454	-0.44661160516167553
2.9450531437440204	7.505887561061152	-1.4979096033116712
3.64930416007119	7.252123840810686	-1.6639930128370208
3.6854838252770232	7.989256478920637	-1.642699636314863
4.886768263606437	8.47427137631295	-1.998148242979891
4.85893577110839	9.640878911389406	-1.778699664154094
