4.514825263141648	-9.230534746043196	0.5789087336654763
4.403425013618437	-8.685575450572271	1.1116353610277407
3.497190599972921	-8.344160410659489	1.4949285243196404
2.1733452441146865	-6.572383200626954	1.1147761435824828
2.3065279548202775	-5.948644659269643	1.2520773378167163
2.7442199509046326	-4.033146476160097	-0.133254835815305
3.117660881771266	-3.685840492041634	0.3453847692941783
2.4679038493045544	-1.72388934163645	1.4051352691625278
1.71703300663019	-1.5239594990497847	1.6616965949424953
0.6108490572265225	0.5555560167966973	1.7801966160211788
0.5353760573963324	1.0298343619930899	0.9084918331564997
-0.5328484512936436	2.3616652023108395	-0.543508084559994
-0.5373643698991593	3.5208858663268305	-0.2971168063944212
-1.187783439269634	4.785874668329419	-0.13771196488054516
-0.7006176197014442	6.380418109379194	-0.6221399814206741
1.2957638205953277	6.517234313758449	-0.243553474027509
2.4335202075871507	7.103599566653302	0.2243524412713225
2.443963499074486	7.355112757367198	0.8348469296015922
4.010822445844717	6.27570952682406	1.4306553684149654
4.56406635919782	4.557694527535497	0.7508619408116481
3.9803461271298763	3.459977247697043	0.6138628678427249
3.5252544448568797	2.2043570541669615	0.3370094924879114
2.9395380054693128	1.1343402302204286	0.31470806742923435
2.0584233635710025	0.37397476002656643	0.073082044861
1.4748560481183839	-0.8476741529618127	-0.858465027867291
1.3030870387938875	-2.152458111030765	-0.3696719941209495
-0.189281267367858	-3.481139527192814	1.627224355440371
1.2489790264473204	-4.0091225808252124	2.1522970603805045
2.2356143819395577	-4.2430894287498955	3.017462834443662
3.0609969680339404	-4.725987781012916	3.0559633526495893
4.525189369017884	-4.768711136628115	2.226372033505155
5.36340547490841	-3.820487345216943	2.434907200768033
6.271145884125815	-2.4589415057883874	1.9925405892233616
7.75813454556654	-1.933789643240694	2.0882238091219802
8.432703216443876	-1.1601254265013863	2.3018832815536583
7.9580463248718925	0.01072459559484501	2.1019929331517404
7.814391712797124	2.014012900104862	1.6693309071543285
6.720483573743518	2.718766713630472	2.851326901501174
5.922156857360226	3.4368238483571214	3.089123278059895
4.323182075469958	3.8633482221284843	3.124914359125502
2.4422040347286362	4.288355947582004	3.983507429258939
0.9393435899923077	5.093414093049258	3.0743606544153312
0.4124033909509428	5.384139337408534	2.7261883816460752
-1.0681732246556392	4.777816527428806	2.4187954263426588
-2.7544631101467845	4.059043768967969	1.0248535866288722
-3.001981459361777	3.4584339527155445	0.8961937175609151
-3.3399322468027233	2.6797950012681397	-0.44500821930808343
-2.633701780696696	2.1213153939958937	-1.3621185656701484
-1.4308342971034156	2.1292318325854165	-2.6681159736232902
-0.2792619932982049	1.4468392101031657	-2.6149839269341255
1.821165362328224	1.358204510725498	-2.781268519049749
2.4692984445695885	1.2310328388806115	-3.210812979474389
3.9665133816416325	0.09983029001718766	-2.289017664853313
4.98849053775439	-0.01592418467174994	-2.2719777568621757
5.600074777662516	-0.6606128472767914	-1.9003964986252317
6.7946149460296965	-2.0105615812031736	-1.548501247838782
6.968601791389993	-4.132427193464156	-1.3373387673519803
5.672582443092587	-4.710769144046202	-1.953762896730221
5.662601150991327	-5.451306477029873	-1.743925823385746
4.563246245774616	-6.209013636810581	-2.0831379812772925
2.988712586986475	-7.066325876184889	-2.3926359395126986
1.1670927414730425	-7.889384371607782	-1.7252759087300025
0.799868781479432	-7.302613697101255	-1.459264435541155
-1.5692017737222475	-7.324155218960342	-1.00120046890393
-2.376844412191325	-6.067816657000903	-0.6753156744458009
-2.6688378108528843	-5.762222941783242	-0.15831090333042186
-4.405768432653582	-5.013418610883591	-0.08844221004894026
-3.8752104551335833	-3.3697354572438045	0.6117823639859383
-4.053090908966685	-1.645182397762494	0.5696798916184251
-3.905106317351332	-1.2627391780709052	1.1564213451743677
-2.760982662486618	0.3014039403802043	2.333996110349636
-2.369830369926757	0.696954622741281	2.116464378874178
-1.2394553691437968	2.542310068709794	2.3252178542758632
0.32783340833713104	2.855004124921617	1.6269640881921603
1.013309265698629	3.3800826526624475	0.6383233422390349
2.555398530155205	3.8665371844062486	-0.7265031832031642
1.9933512379354026	4.770986647817432	-0.4607239740345652
3.4101233445720855	6.226167169507922	0.007382716835229619
4.639308717390659	6.763882193255482	-0.39349051269157226
5.17556672453155	8.72808104247601	-0.18566875594632415
