5.122321553201791	-9.765176465373724	1.3914574382036924
4.47632165167953	-9.607143506637767	0.32412898554213554
4.114131498005385	-8.938236382338278	0.49262125938917256
4.319164767184386	-9.441982214375386	1.1468072780065475
3.67522212786638	-9.127814602293652	1.6659144321309851
3.70423922915813	-8.87842548036151	1.5179076463494874
2.9613232786467067	-7.821467775013306	0.7372916329584732
2.5886440168705462	-7.254739558018501	0.6111053628505463
3.191745227930415	-7.724283758837799	1.3494041296074915
2.975354579579469	-6.85300975828822	1.2867646126161345
2.951772205643189	-7.0119410695254345	0.49202662655229373
3.1740159471804446	-6.192011860448648	0.457897920623178
2.073668290685168	-5.7485848407884745	0.4447674327075402
2.375500489106337	-5.584044880383679	0.40009617794180696
2.6917949562221812	-4.787952559221248	0.22579454708234048
2.6224708337666387	-4.6415046574187055	0.5626632749092554
2.5547848204711667	-4.41566641926197	0.5416208968658816
2.4249019982249966	-3.775572377615549	0.3557730613173728
2.541756135114308	-3.5028252890261147	-0.05568227614267965
2.1996628541304117	-2.4392537496292412	0.05407887876017477
2.2342810644513524	-2.8237562409592885	1.0362277382051763
2.118341832376044	-2.3680469748705217	1.1457903055375043
2.7518161358580016	-1.9710409587345452	1.4125449962354582
1.9472120509362012	-1.660419853518293	1.5196998918969276
1.4593346533939435	-1.44142024318617	1.5574409412769992
1.2857898585120189	-0.7777035277312445	1.8058039121970628
1.920027165888694	-0.665328914035755	1.6847758806846391
1.2148966118521534	-0.5426889337392686	1.9943577918564195
0.3936668407163786	0.683457697920189	0.8157336402816064
0.7697064581139844	0.3792211264262237	1.2508641300889902
0.32370500329399815	0.19893020033093728	1.040801485387765
-0.5378952568725932	1.1970722178390356	0.8143920724677572
-1.1924118410260829	1.411483556243717	0.2701518942120004
-0.7552090573148473	1.2926083575133165	-0.17379607783365847
-1.4946636836726426	1.9219235055859156	-0.10959111937625676
-1.170223843213463	2.009709610141996	-0.13401926173676604
-1.8288508195960524	3.190051354193044	-0.7017073293348761
-2.140344012641357	3.0408273328754287	0.07673803680203073
-1.4354832721752908	3.738414917398665	-1.0963935531254578
-2.4610025397181214	3.7509205379705493	-0.06192391379829898
-2.2900332853833554	5.292879760982268	-0.6504307064444976
-2.3944069336246354	5.652984424924526	-0.08256861495240764
-2.120045291415413	7.345313752182538	-0.8936942971013371
-1.7948817061816535	6.326767930364602	0.010307567086172531
-1.0019467825986497	7.198707155430648	0.056546231467995756
-0.7612692515956676	7.013935385421487	-0.09467648842677145
-0.033991466378181734	7.300284183058295	-0.34834084158184636
0.817712436666592	7.44904320769736	-0.24904265339276788
1.4703879735483687	7.201123091425149	1.0800032112639495
1.266703388352848	7.6813767489025535	0.060369974913426806
2.030857717074342	7.956199034853292	0.6065919955700324
2.938397709986576	8.067439614408748	0.25823420711986766
3.5058656155249763	7.419240773207515	0.5439685820285337
3.66205754254529	6.7911543153586456	0.37237817137415086
5.103690067147697	6.700312185874452	0.4619925044397245
5.014493986590741	5.907800002166092	0.8471925538978801
5.147973646750994	5.650915232115749	0.32353455832471206
4.878681486704284	5.380083950056467	1.215554561548173
4.689751019889061	5.165284581089352	0.8064563993187096
5.250237922122157	4.099811693648199	-0.039163468312938376
4.6941154208791405	4.675310520607027	0.05332317710102008
4.437041840485064	2.907442692352637	0.07348470759987885
4.522478724877291	2.9944733046160934	0.3579672510433359
4.61927116458182	2.4711462545191667	0.0320126249287056
4.690647651284573	1.5719465547223068	-0.1012365952435555
4.136091005132763	1.696925049421221	-0.02953858495127315
3.9565604065831104	0.828212056276868	0.035321432404791187
3.2512555631039275	0.6326552954041955	-0.18717194658221542
3.4299886532055055	0.44148744521462	-0.36558105505427546
3.1090049541774896	0.06736322740892947	-0.33019120680792347
1.762002113766736	0.17967850149191034	0.17058530895539414
2.132377877286639	-0.7109918798660321	-0.5211374402754081
1.1654525472920736	-0.48775645504592235	-0.05242833485214837
1.8264512239592425	-1.7364977380834425	-0.901689627630043
1.0162377986108633	-1.5477191488829734	-0.10144701578805337
0.5099626973108289	-2.1657409944764954	-0.18385835954769553
0.597105502566579	-2.683950871840697	0.8440579984381996
0.6945902614211421	-2.490029982679862	0.3662644314046593
0.5951508553434859	-3.3414526169113654	0.5559178713223598
0.5091991409094826	-3.412169456666477	1.2506697014410109
0.6993509101019667	-3.883198656446271	2.2610975523227883
0.8260350297077065	-3.736287142583029	1.8055963294427897
0.684664325464496	-4.011196062514261	1.8141973926348425
1.1705163399997227	-3.893960013067244	2.888474239561014
1.3769417455095156	-4.053989091055305	3.053498403701705
2.575240204467831	-4.6458886328185365	2.8331800962230123
2.5449250006938415	-4.131040569551	3.180300787893498
2.644010619119358	-4.86276708643999	3.016136169305824
4.0118608067279755	-4.630183285745483	2.7257693359884505
3.6909650832133765	-4.253296500994921	3.1374182426422057
5.073408927919121	-3.992581065334389	2.615952592810853
4.588581369996975	-4.445857743139673	2.9111328422452285
4.8565849968674994	-3.646306697464013	2.752659568997601
5.28303976117381	-3.7772824575199646	3.01050931704422
6.631815735501446	-4.1221715580246885	2.6255037925512905
6.394541856569457	-2.772010468444085	2.3626687912635713
6.422163608019667	-2.5279586583541476	2.6717407070328294
7.60103999981674	-2.9637948746523026	2.348764845201812
7.223819673239258	-1.986961791353533	2.2778986345757035
7.039766959952514	-1.877971928127151	2.632287495640594
7.966032353611283	-1.1899149215324836	1.5645985251586112
7.838053110570833	-0.9988633365471152	2.3450786067343516
8.25529531254406	-1.0074308309088909	2.0426626621537727
8.002056128587748	-0.7151197781571852	1.865544168773761
8.25156327416888	0.2040012246949635	2.231874242881694
7.6105368183780895	0.17182241746929916	1.4199531604434732
7.5834910338764185	0.9664660424237177	2.305675813524844
7.170530426525599	1.473612162058132	1.7982262601251198
8.11914713070192	1.05882533925592	1.6585582969111496
7.51973161070739	2.0882370001856416	1.748996766927083
6.596716765916078	1.8779238699065508	2.3386218292098757
6.5618464542190855	2.0388162151671194	2.4298166251492517
7.102889244602045	2.2711573818187825	2.1518351775640627
5.583282358813902	2.7180851824636094	2.495312945096577
5.841556897386497	2.8970234496585228	3.0934003253197466
4.756386967138153	2.969660155766745	2.952865616686404
4.165070589020133	3.3006897704079137	3.1886706166404837
3.9732282928399343	4.7389539041515345	2.9578860611189586
3.522628270411867	3.7908840636649392	3.974700034028711
3.0625260701800636	4.093455114435299	3.69456125005604
2.6227231479977258	5.249363012023521	2.919972661271402
2.2743852640606805	4.944897759301476	3.2358550204554724
2.571104674044129	4.220376547414037	3.5285014810154465
1.0034165182672503	4.518200330426201	3.7796695865199985
1.5882429331338366	4.850880944104906	2.840835934529429
0.3985849525641279	5.255109393979917	2.492916436223407
-0.42217338104781166	5.308146216487712	2.56332231465988
-0.23866249444857623	5.556577079282053	2.371067786431958
-1.4091578558232412	5.512101785274646	2.149242471692378
-2.53307314172254	5.632857115895152	2.3190392011737777
-2.3492738224116247	4.714054234677671	2.3545330553827095
-2.8795691889783783	4.756420271442117	1.9981338852291912
-3.323556902608481	4.098971383040947	2.018185008753927
-3.330304164520164	3.891272290657697	0.8175324146365127
-3.938027624814659	3.54165588952939	0.3543386065313391
-3.7205923847508133	3.5690058587703226	0.45145101050698155
-3.6082228211301857	2.3930720943226413	-0.10654188474299192
-3.495394998704798	2.368996196680248	-0.6702838866967354
-3.684191472405736	1.0702980861184601	-0.2940359764087713
-4.23973997196427	1.2302557642956868	-1.426337060750062
-3.7172325419811005	1.0348150204147695	-0.6907278107152757
-2.8875458995148517	0.5822633757360709	-1.6913597952972657
-2.846452823445865	0.2730644829889113	-1.8062472830658751
-1.7956379584051667	0.6809639424615731	-2.2184378171049506
-1.7101233134092793	-0.039544986282651434	-2.622582247946701
-0.818127091047544	0.4282675721960235	-2.16155575885488
-0.16379853700178415	-0.004013001102296909	-3.1573195514046613
0.5705118918466392	0.07994910166147606	-3.027067867214506
0.7782712980725018	0.5809444010603266	-2.7020862380911
1.380263177124301	0.08491021537388926	-2.7439875423581763
1.403767706046109	0.16236864841821486	-2.7134113471420207
2.342496593847386	0.00872521714601937	-2.2203317184544424
2.6113944274436847	-0.7433127474022745	-2.070208731083932
3.506514581372058	-0.5189270118346698	-3.2579478147355996
4.288244926641713	-0.7715716271008446	-2.9796319870316
3.921206984330606	-0.7853474333910861	-2.507341411336837
4.5724767076353725	-1.3644027790455144	-2.1778428862743935
4.829398672011025	-1.0247111231594062	-1.921650546297981
4.3832147636555545	-0.46076675987748517	-2.3153062986440918
5.114127302612844	-0.2780615120195332	-1.5773801533232383
5.044107319974892	-0.053278019405154975	-2.356366466853986
5.678058593141867	-0.46041860337883844	-1.4716391435778433
6.3428310241479515	-1.8325206243674868	-1.21111543777774
5.935398348925779	-1.7613977305865731	-2.108114421018903
5.95410771331795	-1.7752982356965352	-1.0657316786674287
7.177030629816427	-2.6832370002516988	-2.0070100277900274
6.497411451902334	-2.1547993831482426	-1.6805946000879466
7.001200320503889	-2.8199432709446826	-1.4641460003432674
6.245148710601238	-3.922491360756012	-1.2126815366298014
6.7922366070692615	-3.8718288740494877	-1.6392702963150396
6.958162963244973	-4.739679202565729	-1.548496636852382
6.730605250685631	-5.376970841983654	-1.4337844476422719
5.443362077441586	-5.33333516237588	-0.8122077923568907
5.0739950807231855	-5.50996248751098	-0.8238315740723245
5.0786004157379105	-6.21457084410011	-1.5277296757021113
4.398916078465783	-6.3993959289912485	-1.1686947650686528
4.499838859606314	-6.081725922246492	-2.0533205345808376
4.564509104517614	-6.3367377694316875	-2.0183795551828245
3.6684390451575903	-7.008206194063843	-1.9122048776714584
2.853722477673385	-6.520670818976595	-2.374579760728387
2.8859750265266606	-7.581660333430006	-1.185586617811401
1.9920183149192159	-7.2840830340203535	-1.4111349318552262
1.487278295742712	-7.2826928194506335	-1.7045370534863016
2.0336456728858545	-7.518761596607289	-1.82141172145002
1.0474820168270202	-7.387419775531334	-1.8710088358018757
0.3349526750076821	-7.802647547012731	-1.483891686374466
0.33574974945552916	-7.3622026098844655	-1.1953304229264492
-0.6153385021590678	-6.938324123029396	-1.3860302326134013
-0.39550252823313503	-7.2772864968305235	-0.9296317730588028
-1.2008920272203563	-7.550229097377513	-0.29613438775729173
-0.8766960222341971	-7.0415199032977265	-0.9895710140473846
-1.996172430284449	-6.392913619406408	-0.7112030415487551
-2.5153825803020387	-6.267961153649597	-0.5144191755297736
-2.2181410808803714	-6.791503665140988	-0.6853905438806145
-1.478791668336051	-6.474929597258162	0.24437754661920663
-0.7313387502643274	-6.309818620337287	-0.6505377749794237
-1.7758659024003738	-5.751748590976735	-0.3674746205611685
-1.4877353248168985	-5.673323037534402	0.17070931876978646
-2.3658328186104933	-4.619915383937294	0.1478514500231456
-2.2229136831865124	-4.677460591644709	0.38113045323458916
-2.1695833213514764	-3.5769140729477646	0.4795791378273555
-2.6318680625791258	-3.1356854918810244	0.44090219446444995
-1.4453818958877815	-3.3283205373374987	0.1603056811050077
-2.202378956353305	-2.5739993077418464	0.3150431131859523
-1.8880620966481008	-2.7745082312403313	1.19642517003653
-1.1971728457849902	-2.3204428601782023	0.5851234153518825
-2.6379088777824133	-1.6016030746912566	0.9824709519500006
-2.5344829525978274	-0.8322807187089242	0.9612023658143157
-2.2785635865991045	-0.5108782093572726	1.2525642483536767
-1.5994950102297063	-0.8414863201730508	1.853863179374034
-2.41829582246061	0.16386053815637092	2.3987951211437615
-2.6146843065288805	-0.16125109474646593	1.825164196808822
-2.211119861406849	0.11955824818464128	2.670195977513372
-2.906540177887863	0.42992153815771494	3.1124212846730996
-2.2001746811821663	0.837820873745737	3.0848861522437447
-1.1471945738573122	1.7583417770908345	2.0471744127546763
-1.4310123026061439	1.6999491720031568	1.8354973449145593
-0.33312114319610353	2.0336398595052163	1.8545700272178243
0.03897240108162692	2.3966354436438397	1.5035790147344155
-0.3094640687884974	2.5137108003712383	1.7026694797536197
0.01383380192950201	3.296425005330518	1.7328132307360808
0.49279689195733134	3.8105827811238777	1.554412557046149
1.3938416266785105	3.2488757824367127	1.3536701963536157
1.9283668758781891	3.8266451690556447	0.46492032950034407
2.2287497672994374	3.6690295309180154	0.21618947597454885
2.131112268648956	4.499421224191046	-0.6455708534300132
2.602065989014596	4.631703434792435	-1.1730308555884577
2.1037958329464934	4.894396488042446	-1.1390139428892492
2.0786702902718215	4.792746977721867	-0.7287880421546287
2.8156923493596113	5.080900899557863	-1.4866655761695586
2.9258367530461924	5.678766727088504	0.07038960055968957
2.9830228092439337	6.158564985880279	-0.8708344616153747
3.806636132666634	6.107178833362902	-0.32007965761942386
4.361701450702277	6.776310898242068	-0.22235514153585617
3.700352739591012	7.62054603771863	-0.15816454262569174
4.339164348061657	8.112140083222652	0.2159640539022506
4.949795761200324	7.731042069191321	-0.3478596862179898
4.898617207136688	8.559381054848743	-0.262709813934839
