7.388620238391859	-9.74395090496673	0.24646730475764472
6.776498115786538	-10.062628740951201	0.3777843107874577
6.837053397457959	-9.632608616204987	0.8061829676777266
7.012176464960225	-10.211518471075017	1.1245930051074815
5.534198570016129	-9.918804122516677	1.5009553848877983
5.176868880704084	-8.952324625843458	2.015225483449307
5.536723403107475	-9.22880782538854	1.6662470828798437
5.177454853268646	-8.693405123735632	1.9190891612009047
4.190135259392488	-7.993633957664505	2.014717012424343
3.9024780591618398	-8.325877434667749	2.1312887728763976
4.479764253964288	-7.318404514263017	1.368663479075676
3.776163673930146	-7.665350064462611	2.648380406241114
3.1835962236743653	-6.391797197771707	1.9434912917950122
3.2162061204831156	-6.607985833103019	1.5969617346348746
3.6867510142156985	-6.005567774207004	2.055095297929488
3.4171552143110877	-4.937549247149433	1.7343803552353165
3.5760629562344515	-5.067346520731123	1.3698671514047898
4.238269411005403	-4.509373258881925	1.4695914035841993
4.942335260771921	-3.9509457231385334	0.9205595207087194
4.54664175375232	-3.093215136107217	0.9233600875022823
3.8238034585849987	-3.768185392031754	0.08279194118643507
4.283862371590021	-2.8096119482398674	0.750285939913143
3.6655752357317004	-2.3805539128403743	-0.24643533855025346
3.4344797906308804	-1.9406644450854205	-0.3171793904144169
3.06851308668924	-2.1306007770761397	-0.731291474751314
3.376390700771586	-2.2065677124690724	-0.3861162414159125
2.263404425843545	-1.010121293668789	-0.6892079853323843
1.7223180198486068	-1.4664748616618377	-1.3391708238257374
1.3720009878614066	-1.767967270414562	-1.1697800982445734
1.5589591700467589	-1.0742631849912712	-0.8366216774810767
0.7372621070344847	-1.2463299842955962	0.053180486762658075
0.028168581594974807	-0.5546620080925185	-0.44064467548569763
0.7355465878410175	-0.027752889412052173	0.34047181432346363
0.12617080423429017	-0.036908710218860205	-0.38856723027770973
-0.385352500037181	0.7889428805165064	0.5594302056918011
-0.2753637876327214	0.9656551714324759	-0.4161760682854705
0.6079102232132549	1.7323946819008609	-0.3876929944617482
0.28895316390265535	2.272729530477623	-0.750769276887087
-0.8017990289096348	3.1533583686852014	0.3900274136930306
-0.2129354796345425	3.994454319819379	-0.12324055612417995
-0.037197460458089915	4.530950253476202	-0.4395098664609002
-0.7735707708308845	4.510301267958899	0.16708565195519487
0.010274254216556478	5.183934337834326	-0.4006554254868664
-0.6260204366716535	5.360534966149956	-0.7292095450630434
-0.02582003941751293	6.77562983667584	-0.4117206981369027
0.16903480303206814	6.35027788621946	-0.25441869166349595
0.23392813339623705	6.646613467718495	0.26932942723885844
0.4759127326563501	7.54124720962297	0.2894825206207756
1.2990820892388997	7.178669201169759	-0.06074346493579469
1.2607660532662992	8.385478296112119	0.08579069762055164
2.49800748530157	8.432178156070021	0.18889106860571458
2.4478210816285966	7.768111149247473	0.7245231273810386
2.6072809743446124	7.70223919288665	0.4536760197088276
3.993830366637432	7.3965178817962265	0.5413888531577128
4.454393454693788	7.197291513592684	1.0513161890186842
5.065075953822087	7.249210335433275	0.4363671733063603
4.590635150707177	6.885103568892212	1.0766108584560174
5.791847412809241	7.0934855746089855	0.720220215425881
5.526555090333943	6.935040023321549	0.48296877835415497
5.814931568146178	6.898560208207245	-0.35870691924992437
6.675171770942721	5.764628737347314	-0.27625878388221903
5.980634224541895	5.246476587310973	0.2942127475335614
5.844788353009787	4.91459266510022	0.2318271405574195
5.547998766008507	3.7227556573866036	0.6162208978494489
5.69683715795682	4.138280828671699	0.4364784618769604
5.523196908219887	2.9088236068263047	0.9488176741827208
6.121669136967903	2.954630433068661	-0.2561581032165681
5.319985596951966	2.086108272600757	0.7548357535311391
5.013691222225096	2.530727351792381	0.8976859719416077
4.789218108819125	2.0886924825352917	1.5268139394316127
4.176811832753343	1.090326931748379	1.1234233445877373
4.251463588664505	0.8525206802198184	1.8227543790431802
4.275393446868808	0.47708033695112473	1.6099137232266787
3.933644549959242	-0.37970357750991374	1.6324457894599655
4.038533979552426	-1.0419674408556998	2.0577651473439826
3.1149120056705937	-0.9317875221325247	2.042119096152401
3.1426318843332868	-1.5886967421860827	1.6090071204527987
2.6940562090537368	-2.4133307477907078	1.9325015587033028
2.576217302407023	-2.333059992249738	1.7182505002494306
2.895964199517752	-2.8071076031465916	1.5035896577929186
2.6645633314151813	-3.703083448514274	1.5256981678952153
1.9897136131424438	-3.293162940605706	1.1099089610562511
2.9522114756705538	-4.128045993984793	0.16323523066225074
2.181008536910678	-4.259814548021131	0.18285743824815714
2.817629312409254	-4.178214557446846	-0.5325773096570192
3.2908394535862966	-5.31812455424179	-0.6636381684509352
3.717339794789053	-4.592804037731975	-0.8978846048735396
3.7265244450300723	-4.619050956745797	-0.9691312792046005
4.5838706206246345	-5.377568496343646	-0.2189111552797316
4.945627305046201	-5.101669221263236	-0.07807420349039329
5.597258498702621	-5.9061541183816715	0.5059924906254545
6.396397480796663	-5.150589648664795	0.5928904696363426
6.314186368077576	-5.778522396443665	0.6778262525801818
6.479968290556732	-5.556618120406407	0.9294564060238687
7.15844850269656	-5.76930966478822	1.4297906060586452
7.7932387669129595	-4.582849610613412	1.7525721339904954
7.4854377029505095	-4.816574060581038	2.070692616349599
8.494763959294652	-4.855497303029832	1.6910999335685313
8.920829554635102	-4.061480366690548	2.2696870426622873
8.983747755958866	-4.188692434556857	2.033241699942705
9.033247627289539	-3.456059893427844	2.240110183523468
10.416040271783736	-3.5342070193240147	1.4492110165598295
10.375225392831577	-3.3277308415282136	1.9247467682486403
10.251617052171055	-1.9107179091358768	1.3055454862658786
9.705229570588203	-2.276875701965573	0.48209689051654825
11.181856043104315	-2.1956129940929747	0.2184979123892114
9.54889814525086	-1.7509317150731636	1.3187625727029961
10.581998535301391	-1.4003600823036706	0.135080233928135
9.436513400950366	-1.1908618243961173	0.6003066261947171
9.088524070588688	-0.6638099345300417	-0.11471877095173966
8.673048302034337	0.06321688698389727	-0.981726081396727
8.219500924550236	0.8914266165815761	-1.4986141789394927
8.472207470184152	0.09926545426444827	-1.3582959342250043
7.231773903523729	-0.16665546320291874	-1.1955669299839773
7.0681599295490765	-0.04856686690899201	-1.6047756709065522
5.974369439479898	1.3379996504835836	-1.5520030310723683
5.744856434755942	0.9288847879007212	-1.8625768942573817
4.89479371000045	1.1184476964854104	-1.9474857734874669
4.851612700645058	0.5990016558239996	-1.7978696759992294
3.905291091518834	0.8017596475548499	-0.7602071089924987
3.014978901640567	1.0690853058883303	-0.9976319676421446
2.570286700428194	1.4629803418151064	-1.9974154259976775
2.1413302168301	1.7975887997398046	-1.9305396157157766
2.5324639194128964	1.784217574248041	-2.1503468997067516
1.9158755063334776	1.2943055909133532	-2.2517729619516866
1.0112506174104872	1.3922036232465527	-1.3698311309595936
0.4851028194285846	1.9196499879270745	-2.5998138270853333
-0.09598491839779277	1.487730418418072	-2.1676323071298764
-1.2765535668855004	2.767739734136094	-1.6943797537540926
-1.5514894902668566	2.8875859405235094	-1.8164508337280398
-2.0905224694595375	3.079003479757726	-1.9167702079377276
-2.502693717533928	2.5308928457918034	-0.4578366987605038
-2.723244983313532	2.5938078379876335	-0.2101603589155685
-3.31273351595284	2.9941605380878964	-0.9602365809964013
-2.3494944674585216	3.437792459604482	-0.4136961868769629
-3.7877629998205835	3.7893498458459116	1.0095376273961707
-3.2475030859764336	4.339154782838139	0.3095552286274983
-3.487504487281994	4.502038583596282	0.6546019540623148
-2.9538988445516825	5.926564438321642	1.15739685313961
-2.3499465904183365	5.149159888305338	1.837929573408742
-2.1360721690730418	6.19438287353853	1.9256618873920281
-2.2293453963550833	5.666234227711761	2.555979675275167
-1.4480207914956849	6.355888434728001	2.088026445844589
-0.955969445082273	5.992541179171203	2.6169500980766105
-0.35557974606155573	6.260611588840028	2.446683828429266
-0.18909700708318833	6.700868734578197	2.4595388896689965
0.3628358587448246	6.352216188615511	2.79850946460612
1.8792519875629674	5.589288170949001	2.7848082403831915
1.0715258664480576	6.504706395870766	2.751615746145776
1.682613763049561	5.328959856501753	2.833633007402353
2.6182207772949044	5.495324595965472	3.3581425615635907
3.4798675701150787	5.78594601599719	2.5946619522553247
4.0256073788272815	4.700286018821496	3.1071993127083553
4.103775872665519	5.07136622259125	2.257634796141537
4.088066346754765	4.785897899169073	2.6599088417839307
5.368473327541059	5.278081658314882	2.37921701241964
6.138181152645184	4.480523932064891	2.5212155954706867
5.834418083472018	4.886559616922081	2.7364522784517815
6.223361964653668	4.4776539569198235	2.3738708853008412
7.328538362496522	4.587746164969179	1.910364551507176
6.899703053691688	4.323300956933277	2.4527142233802754
7.589684260949882	4.372602961697568	1.9695787334265749
8.850284778560544	3.587184231358004	1.5971018714371588
8.564384574934007	2.902689004503332	2.212865185537221
8.481861361587944	2.694642478118585	2.6003775454184743
8.595562725738972	2.1358222599453818	1.5651850569433416
8.754812761535312	1.7633718158910936	1.2848860463412664
8.200392206143173	2.2103979973665737	2.0959710371979443
8.086509143282615	1.1759279755362124	1.649143587653997
8.822882104111077	0.4903641381186257	1.4017920627866258
7.95671448918095	0.9122913965116188	1.8321999988825242
7.884744135306836	-0.07428225598064586	2.4697531099887033
7.39761866210169	-0.7028429772517635	1.9039336073176416
8.543391219268116	-1.3261525106606848	1.1939763023723409
7.8900124640142275	-1.078090746166387	0.9381826767472682
7.557377819543444	-1.4924634243245554	1.4132399768941204
7.325974592883047	-1.4280211871737851	0.2747867764717763
7.274740836017136	-2.486386624839803	-0.14594390991784356
7.983219845824643	-2.3872984643505157	-0.3975449851290619
7.730126505396731	-2.7244329658367255	-0.4217045249053006
8.478482902836367	-3.290721052273018	-0.5257507316235827
8.860938317829877	-4.0346593642928	-1.169546351412352
8.636921990101719	-4.499344849286197	-0.860168914275776
8.092877629623889	-5.558290500265056	-0.210679421884034
7.867325564801578	-5.001235169715527	-0.7478250820828698
8.781340554456396	-5.796142303000369	-1.189080162610278
7.860734674451721	-6.842811651047534	-1.6026113990564501
7.961627711043283	-6.703226552996182	-0.9543368793994398
6.913131403554819	-7.3149227763792855	-1.3742117847933977
6.848800898083936	-7.076128708898503	-1.202427751149554
6.554118191255617	-8.079369517510813	-1.7188366643258584
5.309868710471909	-8.146468079539765	-1.715920654266014
4.780321865296557	-7.829134271055154	-1.780045297761121
5.020032591576875	-8.771050379411417	-1.0100093448619456
3.783960690718102	-7.934554901393481	-1.423479209751767
3.5801267664819187	-8.919378198273733	-1.2228415162956314
3.8420782334225834	-8.790910173292849	-0.9987792552232226
1.9807998556261095	-8.434117487884334	-0.2695656952695278
2.17348704824576	-8.390292078568722	-0.9587741946051731
1.2681770073860728	-8.540612912553263	0.008316032714204336
0.4516560430897265	-7.6783849803933855	-0.528361038808931
-0.23904192124904233	-8.206599557660548	0.6137297291405663
-0.5275134743082074	-7.719619421875567	-0.15717179121680147
-0.570442212605522	-7.504904398732051	-0.0718384954317049
-1.1761075000579635	-6.9372083321907905	0.408108248729082
-1.252593654977343	-6.459409776257944	0.745543375490939
-1.658574800142415	-6.404339699771903	1.1757980487736008
-2.327264706993788	-5.517664292228102	0.8192944486447151
-2.496505532908555	-4.498370326735082	0.5269789057268808
-2.0546669608222787	-4.809889081967104	0.7283215524603994
-3.038405066247284	-4.469196951461904	1.001128627516836
-2.4101335744336083	-3.1425167052765928	0.9341600604013931
-2.936717363866662	-2.7190017732243534	1.2569097063755152
-2.7646767666480114	-2.812804802152261	1.6398064330287792
-2.991357908253736	-1.4307774971586833	0.9297994230701181
-2.2111296641792313	-1.517596552109799	1.3336569978503303
-2.5161669239711997	-1.083169355923901	1.5146155608340388
-2.182244375498925	-0.12833938561846814	1.537838381971389
-2.20956868662043	0.6926528766745054	1.9443992696290033
-2.210828441200433	1.2396966870868154	2.328237063933486
-1.818234942125251	1.2730142557705577	1.4345613275913038
-1.116869629058605	2.061094369757594	1.5847691574278875
-0.33569283586647114	1.9096679711464795	1.9143784860736732
-0.4205930290136914	3.02747186477309	2.3009569797373235
0.4900510348198311	3.5073160511101378	1.2268984999721586
0.11645500034718971	3.3070892183291036	2.141087906614116
1.1010777962297222	3.689836420906615	0.9635241021905938
2.0743670227481736	4.207589554951589	0.3053404796398733
1.4744934311035454	4.167883979342623	0.2960198082858588
2.2187699512422725	5.027979874572272	0.1736213655718548
2.568826386878744	5.379904413380251	-0.20010316778676152
2.342569808100236	5.793062201646329	-0.9007906198458091
3.216552346894172	5.709763837536419	-1.1922796972016192
3.3745827654234803	6.3764829979071385	-1.5127554680093245
3.9652064292649802	6.958787760789119	-1.022484000546673
3.9598882936557427	7.146856315218415	-0.5990059881065422
4.361067955974626	8.323566218806679	-1.413232275539698
4.833093333286225	7.736189772795993	-1.2795113200189487
