7.953046178316784	-10.552315610777331	0.15840473484097456
6.430236193272234	-10.062822459609825	0.536396792702483
5.981540824222742	-10.136261192386836	1.1224562898524941
5.584875595812666	-9.391316498367857	1.3007791907314137
5.106937459943804	-9.54293803141961	1.832179230888375
4.5908134445698225	-7.955549107758381	1.5943222976689335
4.026414717467796	-8.310160109160686	1.5704772935948248
4.726294021822622	-7.923886952183899	1.5698541714801186
3.2983431838817054	-7.196104870606773	1.908246933433496
3.235783928140036	-5.735147838294071	1.6748186191232066
4.112893374971177	-5.587128547331299	1.3789667439225117
4.2454335502224305	-4.149717374794417	1.8723638967121758
4.793840072766048	-3.7040835166045323	1.3216507131387165
4.2145499200535355	-3.9113970621393976	1.2185010806474814
5.036237770034106	-3.0351851359146003	-0.21986975910119372
3.7903420683920173	-2.720760249900782	0.2604247351558817
2.91442286341856	-1.4249893996489407	-0.5875755590841567
2.7062858232872693	-2.0730753081170183	-0.2125322217479615
2.1093730497853658	-1.589776689232658	-0.840126585283961
1.1937865189375576	-1.6235791073215962	-0.09863552317725288
0.9137671823433016	-0.7325374887451326	-0.2092886935079401
0.3629958241957019	-0.23124547637831366	-0.1392306056752186
0.28621908515007255	-0.0476805334523913	0.7047298798371309
0.0695059837077221	1.0378904490988217	-0.11274338910722592
0.06138831397468614	1.4690008801116052	-0.5494835299741623
-0.7898514160680039	3.0197047411828284	-0.024279105208544483
0.23671982448093176	3.9550054781299497	-0.7630673791128588
-0.8027863141144617	4.405530230620201	0.10955716387983272
0.003866672577513053	4.911556005133641	-0.2500281056747904
-0.22329046984518636	6.7753958954863664	-0.8603707151519784
0.9888981421847335	6.313621503303336	-0.8941824838031688
0.8636553157918688	6.945425665958353	0.35974098817175926
1.2628224500031973	7.180712702836785	0.4954315375361922
1.5132370587097834	7.5107468246812115	0.6938432463226285
2.294492406560525	8.668405426109459	0.3117133295190443
3.4742956666614964	7.630286150333725	0.43649621803265887
4.103232213536527	7.7227600236455585	0.839151022254521
4.287557918695511	7.472932719669722	0.6831793379456328
5.059973967884199	6.873136677746543	0.39009683352711744
5.482836730744464	6.432495292265589	0.5408530353186816
6.22113179576812	5.704010991593073	-0.5802693859122636
6.173255477331745	4.758405889298561	-0.5074973735752797
5.825008151133536	4.734532970190473	0.04006413984971058
5.434208450898821	4.477128536631546	-0.5287517572287197
5.234537968628962	3.152104371529971	0.9646589753766239
5.83847907307061	2.087061013274666	0.7110893792410223
4.541945014567043	1.654669867504107	0.7063764040103302
5.162480409956549	0.9421728314130209	1.0936215028023348
3.7254509730639427	-0.10982330767982793	1.5711619230756968
3.5799066188198325	-0.46359745780642864	1.586878766446381
3.1197459588325156	-1.1794949207124197	1.372267062363949
2.8232907378902214	-0.8830896806257162	1.599274778769668
2.8166505701716176	-1.7351217618827572	1.1751130875063422
2.781713382854539	-2.806562770221834	1.181352645733122
1.8218089187683064	-3.432666352403221	0.2397915433991537
2.8861089841273433	-3.9052070310965856	-0.23285468475395088
2.7527859103510828	-5.050157800281491	0.0021944584706727888
4.0382860552688085	-5.191016728307093	-0.27139280744168426
4.370223399227319	-5.266884947341125	-0.929363314048719
4.929083133530885	-5.45010783932924	-0.6036484531673327
5.930819831410959	-5.4169982615765475	0.25027773291045935
6.297853537106317	-5.703683660270853	0.8981661980564377
6.988681316465948	-5.584220555257357	1.473728282422846
6.933886700473269	-5.514392738230591	1.027647860978756
8.367174836945551	-5.2744115118716355	2.3917730635414456
8.576912706759533	-5.003676325583411	2.427919184454052
9.056783256774638	-4.496017327926149	2.5103731598143364
9.9042384492133	-3.521182928193118	1.4262051564070257
10.737303702874824	-3.317936622364887	1.6830576021768495
9.870355492393514	-2.1745823542856	0.8263807387959594
9.77710552246142	-1.8580466146161059	1.1286294669964079
10.785070434572777	-1.4083408386018257	-0.3064434045894412
10.048854314039495	-0.7370501564556984	0.028726882093487505
9.365720265390143	-0.6372157491370023	-0.5417140433274101
7.993391881594839	-0.1897131684000699	-1.552877018112783
8.045279886467219	0.02690284432233203	-1.2971755389458335
6.82486506728735	0.13518466536514614	-0.659752746091318
6.170986447950912	0.5463336882217491	-1.6108142592220034
5.392130390999145	0.6689646022112198	-1.3562376595923533
3.922457177267786	1.0380516786716003	-0.9452418977582997
3.513268395090826	1.4689622980551533	-1.680619298818613
2.3807464505666838	1.0742354549137365	-0.9891872900499843
1.4637781378167511	1.7529173593369056	-1.214864067826296
0.972508009639841	1.3928703988564093	-2.4996591284026
0.6011224682258115	2.167546992681379	-2.115417098081931
-0.7281413952552953	2.602011900800747	-2.3149090288748493
-2.1564586203621006	2.727797372714581	-1.8814086755532713
-2.663375467407669	3.198581912647211	-1.0602646209354787
-3.015011068987471	3.8202395612961664	-1.292982971965329
-3.0842751057863627	3.2833492065150236	-0.5132391038744776
-3.5172964225670684	3.7366006500474938	-0.2649714004379059
-3.15098807692583	4.9428336311835	0.18669535036795903
-3.414658139437312	5.388979254749492	1.125912430674708
-2.7224270659653227	5.585266552529057	2.14469395017627
-2.1534375404272934	5.716089855099177	2.448293597923899
-0.6593044162245159	6.244482760237708	1.8039486291290368
-0.5267152139889484	5.796635514456045	2.699074170559619
-0.16840618415167466	6.126307737412116	3.2565009296924927
0.8013418862486795	6.481870261896146	3.00498784535155
1.8495095772304757	5.219642791681612	3.5650995192991695
2.090408436664284	5.880750467370698	3.204705040078959
2.9793793742144326	5.396358373800673	2.313986042236093
3.743719348455434	5.082598493867642	3.234353411367885
5.175380954967843	4.86901620938551	2.200409192211932
5.9640058248655565	4.322668543395352	2.189823743229103
6.354750491957141	5.158045652046798	2.3807594923905038
6.4748608512813215	4.578062499114737	1.8846272190098656
7.139786703412108	3.8814358835734253	2.347847087147941
7.780072711267217	3.2582875418366206	1.4721439830427154
8.220246043002655	3.223509199021191	2.503132138727434
8.288835497793452	2.942465501559096	1.9560833279787349
8.52597282104198	1.706717675168349	2.0226827696477514
8.370784107611113	1.7927240895255356	1.4294167068405872
8.339734917164279	0.32488925635164523	2.5733969929063027
7.522997274782963	-0.26071330273041915	2.130203399061586
7.890493597786526	-0.22698406443308738	1.0210953726367888
7.899468061342831	-1.7236145793052742	0.8536724467988025
7.4170883882229965	-1.4188602736457863	0.22424984245145316
7.839550972875325	-2.047519835518389	0.48913623047168825
8.431965041621272	-2.6110220608286	-0.28779423867702225
7.830568492433774	-4.175430598650452	0.11777496595578985
8.017070880978174	-4.594565517994156	-0.4848193730268704
9.237002814375572	-5.437082503458609	-1.1738012947438676
8.469090202182798	-5.613963160128098	-1.1891445041478876
8.655792141692103	-6.931395245704686	-1.6675266552794996
7.0244522988999405	-6.452053182757227	-0.8331176255694247
6.526320771944794	-7.969725680618961	-1.176219885869498
5.643155049922451	-7.997353972814487	-0.665055589142105
4.839925318972524	-8.576265249018363	-0.40075633589625337
4.066171300004806	-7.8860399780084025	-1.310161980338309
3.4079191037122682	-8.606827954624034	-1.318074275269209
2.1685203369979207	-7.692977030666722	-1.1533843777510306
1.8354153249336327	-8.34595970982603	-0.4807576245493972
0.9013761994260725	-8.577179282728478	-0.8297434906080702
0.7586091744800103	-8.204177307224375	0.18870331363957926
-0.37880740469603325	-7.265331147582337	-0.022101584552708997
-1.1972100004264854	-7.367300032131196	1.0927671860613357
-1.21274185119657	-6.381387840178014	0.9470686574746527
-2.468099136889496	-5.066920426368279	0.44681246284023035
-2.7358483388335606	-4.353839292322221	0.7653952108436208
-2.7870731946913985	-3.408108395832966	0.9307060331677524
-2.3621292454045513	-2.8753535383690503	1.0877444144268056
-2.1224892949536915	-2.4135422507008095	0.7351605934272085
-2.9652294789997993	-1.4201429207874932	2.0848530547016093
-2.28506235806309	-0.5465401746957493	1.0639453127311067
-1.7296774067960268	0.08609717841925679	1.2352806823873128
-2.3789707833719143	0.5280437263198586	1.6312763571381153
-1.734428847031519	1.7964189214698807	2.1989096178877046
-0.8714389258562587	2.709714231559099	2.4143428371071893
0.2930430839827619	3.4874747074988948	1.362110813035445
0.7962383280306822	2.9237491900727903	1.9693845361129545
1.6886657494988602	3.635222110129569	0.3766847692171779
1.9171072410006778	5.277496145212298	-0.10146561789778968
2.461479174302677	4.683992012671654	0.582919498283831
3.223476483768669	5.127156105153861	-1.1587342539992642
2.6600077232638495	5.8707581669162305	-0.4937162786155478
3.0942644132803006	6.825299016540839	-1.3865494314590683
4.1754858922918565	7.131300833212795	-1.6239592836794827
4.8645350719901606	7.708219270193701	-1.4143735724733175
