6.635534965884284	-8.923945174288713	1.2924785518908375
6.409069419186009	-8.823822595958166	1.0132287543882061
6.090978478947408	-8.592249308773335	1.369115979882325
5.7314384886295215	-8.294410760405333	1.412011298126484
5.58563730075267	-7.862702100860055	1.4155796786055035
4.842764391536998	-8.225313509432311	1.482658531793218
4.547445227987943	-8.144666918185585	2.7229093991259945
5.055057444119166	-7.702270080197354	1.8074783296957715
4.41743338734149	-6.168895194388005	1.7893329356508054
4.02378424554382	-6.137148454569701	2.134357067593561
4.655040527783813	-6.612243770956405	2.928081430850379
4.331029735099738	-5.145701997607672	1.9783642285899536
3.73577644258478	-5.6998557354008135	2.723633764642697
4.215844345100596	-4.665747513570643	1.9309976711143204
4.358853699996801	-4.804153521469323	2.8990739898787687
3.6933964462328763	-3.3830626417185883	2.2202391453168437
3.9777521915448384	-3.8609611055065494	2.42642967606945
4.427122903053143	-3.2198581168597356	2.36053565872139
4.081360939564527	-2.1694121258341914	2.3261637037215706
4.118234090654949	-2.5872176845714963	2.1003709973177136
4.2918192201180565	-2.232871160586641	2.3448172787889767
3.50796912245548	-1.5828031226351786	2.9647372752959162
3.6544605179869256	-0.9889470797737554	1.995370609410845
4.111805940535716	-0.7286716454067053	1.626389375069111
3.473609477792957	0.42374549897905567	2.503406612449662
3.343879380346831	1.181983946063337	1.8268408032341712
3.313971062123439	0.6764593858087053	2.344345182364086
4.674375045470249	0.9251107702192206	1.4448485773720756
3.835940421607271	1.422604596141389	1.418880360885796
3.3924000484073322	2.4250335129446903	1.723570278738317
4.267194589568194	2.2964686641992733	1.159203981481869
3.2754422403454106	2.995704970148293	1.0000671642453223
3.661252037224591	3.4311259755921744	1.8280254042390682
3.6189853492969672	3.590721480973297	1.9773387202476769
3.515658129544838	4.933664668131917	0.6269798755859081
3.8661903168791043	4.702139209089842	1.4338058993377756
3.254586483522292	5.170170184638021	1.4349901170692752
2.732252056520932	6.383258689585694	0.3221774338363877
3.2408804934621758	5.541882129978469	0.3010172705887443
3.502453766869921	6.297197250728694	0.27235275932200653
2.3483442317446364	6.004760682280375	0.01541853653830444
1.888473341144114	6.932949483803044	0.045651362820522706
1.2797077094282236	7.714574439354725	-0.19582146872806067
1.8263677040729633	6.573623722538287	-0.3073283364887426
0.8664957426434359	7.081998556098707	0.4130861523151028
0.722005661573541	7.157468724049773	-0.6449543871378245
0.39025637790624584	6.298687027977986	0.19958517424734812
-0.3484904571162822	6.473604775527061	0.16124247149938753
0.07717521247352477	6.15251501764296	-0.5239236449472187
-0.8309237876139303	5.0698638995710725	-0.1817664598876073
-0.11154526640808826	4.421738565709339	-0.5184897809862803
-0.5876435539883593	4.440375734435258	-0.6475003754329274
-0.6038108784495047	3.770606083362166	-0.9666296029475334
-0.39904000666779815	3.2200311455907746	-0.07594513302831496
-0.923215946619939	3.253196377708507	-0.32543801112838167
0.09064007517702666	2.2085219661651787	-0.29578987342059604
-1.0107258155053849	1.7210829290749516	0.4831654256320106
-1.0016749674465117	2.2136126491387236	0.19650152053508085
-0.9683325388558225	1.2315202423505962	-0.09015855461309363
-0.08562686115054186	0.9867217365194079	-0.6825059534543041
-0.7196377664049154	0.5388334089429903	-0.7202872710424277
0.06881667744496789	0.46627560280152386	-0.34909786975347223
-0.33618368640903445	0.4366442488183572	-0.25720972436302725
0.19117083864262974	-0.7106056656606345	0.010004306857103296
0.26415896047030596	-0.8760532499973201	-0.39759813367087404
0.8724933947810878	-1.6858092127538071	-0.4650494499247043
1.875710549405532	-1.7402058250390273	-1.0068487063624059
1.5220193704550131	-1.647100833147964	-0.8248812443824947
1.4459297629887344	-1.392624778054085	-1.2135270778139096
1.92091033148826	-1.6682175289474839	-1.3127713896025255
1.9490187099529959	-1.5682961983079675	-1.4836169281998342
2.890688102518949	-2.9597516198121974	-0.613080950822616
2.7021817683201554	-2.411155222931504	-1.1938004677156333
3.297131516064963	-2.8542018184528355	-1.455424061508897
3.4126897508727225	-2.037498895008216	-1.8008838257059474
3.7103183524553778	-2.9516599512555537	-1.4557591135738759
5.430348822575503	-3.4616811179741545	-2.238919649261778
5.205722686472316	-3.403369856050159	-1.9654856641002658
5.0152191820190435	-2.588860779284544	-1.6523419781832709
5.59537798989184	-3.3501404502354846	-1.4788574603086324
6.05275848428031	-3.093363252411494	-2.0444694344137755
6.679182998737726	-2.5503847943501485	-1.8276795487060922
6.736763243451826	-2.563310307668021	-2.5175122958944405
7.862464194748874	-3.029362040704956	-1.7453370363342753
8.555979605609114	-3.0107714318734757	-2.03625822961693
7.891604146820492	-2.6573591187792798	-1.4816881496592842
9.165132465952295	-2.4444202171155522	-1.7756070310521337
9.015133992973798	-1.883604748027556	-1.7985761939687912
8.983870535395038	-1.7832165193186844	-1.3272693768345545
9.949321100542145	-2.0525753911874167	-1.1717719169273497
9.020559530397144	-1.7612814786780757	-0.9388843882633491
9.536019132028093	-1.3784606039440435	0.46387580826290975
10.146834313063357	-1.4519406459506405	-0.1870239767442775
9.540893288565565	-0.11905841082078839	-0.07439283643577602
9.35612390071753	-0.5673336040770067	0.897058240445118
9.045198427494169	-0.5589017466875362	1.5371258441035967
8.546664387662936	0.4086834107305385	0.9617284357855465
8.376764287506747	0.2603121057983345	1.737546245973137
7.954090756705238	1.2035710841712937	0.6717601828743547
7.495041295600766	0.7758772550608205	1.1129968950735858
6.9473169091880775	1.2598306941163648	1.2717171256982744
6.640045230194048	1.339662122751991	0.3341780628549859
5.900521197005176	0.6953672214263982	0.2957153941625563
5.679001079890458	1.5552791708244689	0.04155835630437321
5.319543238220722	1.2756194756656165	0.32678927407301117
5.802506212566318	1.0663718690417	-0.7547734040252103
4.474183089251283	0.9602758916303586	-0.4205874451326672
4.833126349516821	1.5666672587267922	-1.033750935045556
3.540570343261633	1.5592254444981597	-1.5869698557802017
3.1610992355810064	1.2444838689842201	-1.771973183492606
3.992252391935257	1.3854273421889984	-2.189304831939042
2.9731664806853684	1.2514357002885128	-2.093398358929886
2.0712842073069107	1.6889735920903155	-2.0688110868454235
2.272599188299886	1.6628551427865166	-1.7783150292800904
1.607950757399783	2.638723329464439	-2.6379123680742005
1.4153242980974539	1.7416151963324662	-2.070505875554216
0.11217015610624248	2.270677128966388	-2.036460242000673
-0.5024583399521987	2.594643557895269	-2.672841675374805
-0.5741654595414241	3.0539150047343075	-3.0052343247482356
-1.2063626004663834	2.9480085943099748	-2.74960120523684
-1.3274268643296534	2.797792151964891	-2.1994792797063036
-1.6607630065830015	3.375346008107625	-2.2205469537655413
-2.3142433333628794	3.564638383126937	-2.2727853398761715
-2.719568416669689	3.3255050345342627	-1.2721168373899014
-1.9350706866644674	3.390305694408423	-1.6037612183886898
-1.7730924236832948	3.8403571108854906	-1.0887927069297096
-2.3044397441176256	3.771517801194532	-0.8089357540160065
-3.027542878250361	4.930764737543527	-0.05157312873669201
-2.4128706929557797	4.405238989996545	1.0419542682105605
-2.390744043349007	4.51521027239548	0.5453151747085305
-2.0674055987184334	5.31961003473836	1.4498487704589575
-1.2653867092445532	5.053292130413031	1.7095402652648084
-1.6433479456562652	5.290726628302718	2.4078471302869398
-0.9395504173137865	5.364690258991503	1.6791354921134503
-0.5239715584262774	6.234200713438763	1.8270806584260724
-0.07315966409278607	5.246262442641746	2.20151664195058
-0.41675647866558524	5.416528428838908	2.959945380974008
0.6439835853434475	5.942109931548199	2.666595818683192
1.063325111273075	6.099232089181976	2.7225310370593654
1.721499078889127	5.515414511087068	3.712857370743967
1.8584498455224765	5.26976004379877	2.9359281089698883
1.8638102988507292	6.065661520977391	3.636202791345099
2.9915160173020148	6.256340399125429	2.8688968372189287
3.931661996826556	5.816783869225567	2.697743089502524
3.235876897312788	5.390793446396273	3.401796984510169
4.462992292754014	5.535351503518665	3.0945546247844145
5.045336368150906	5.460040222132682	2.6473219340694554
4.873595209455939	5.243396927259864	2.2467667509489915
5.544788487150227	5.709067597812814	2.533855907107052
5.5920971441265275	5.817721709490312	2.3496046451031747
5.864106151090193	5.800299603710325	1.6121740737842418
6.521337944014806	4.826306599858757	1.3504899157118269
7.330096487939594	4.441129882900968	1.3168087911038835
7.184652552654546	4.415798175806818	0.9649430934343315
7.2579534791684654	3.92193282957924	0.8952196516653332
7.669239739905139	3.55437797415541	0.12840045827929292
8.423935419013564	3.4368159857877756	0.06337658912778171
8.568619800460768	3.1134405814363357	0.12672401197487493
7.7961827014833025	3.209256145430948	-0.6607642666172808
7.541395529208857	2.3568242721176365	0.28654353201199423
8.766958127555293	1.9687663515916856	-0.993747276778425
7.814888271439518	2.8600599337333286	-1.2194502456429
7.768575076420304	1.1637537487243526	-1.265271409364477
7.594778374950375	0.9692509413751864	-1.1196011096892857
7.415062206034572	0.879251656773469	-0.8408440605373555
7.6281266579677816	-0.011353167527393515	-1.0171890709180096
7.432374093832221	0.5267569994448948	-1.2935699265870533
7.9859597350779294	-0.4643176657194933	-0.7523733110870332
7.99851944711665	-1.0418929268860553	-0.5871534121615856
7.470299186921833	-1.1989321726796558	-0.015153781316084247
7.51447154624633	-1.4219459428376893	0.45266207355169313
7.7558901294819975	-2.2137126810786847	0.5756163262188485
7.550373977288102	-2.693096501306825	0.9409995961813666
7.258211449046707	-2.3957226304958965	0.9427119708515462
6.863745784148868	-3.581126234907515	0.7589397830287961
6.974002535339962	-4.117793533154703	1.286169712107466
7.937813242423574	-4.315557531023537	0.2598948451186156
7.400080467428994	-4.298134687431391	0.5044239431457008
6.940146479786339	-4.526996274716193	0.3482884246604859
6.967206718974566	-5.317561598551338	-0.236283986659177
6.406478239259002	-4.711539521033358	-0.10480405751754368
6.361822226353494	-5.971846632994416	-0.5745830571294595
5.3408401820330065	-5.212774133441126	-0.5677145732293583
4.7788176342397986	-5.57332535791629	-0.6175128577513035
5.051263705763392	-6.425323625142646	-0.41153508053933585
5.013372325770076	-6.650289069825268	-0.7685681873644572
4.093977805640282	-6.872824693160527	-0.6939614396982148
3.936726575648622	-7.00023517576858	-0.023703203786728855
2.7879463654005523	-6.294793955409602	-0.6489908449931832
3.153594937690071	-7.005112416957393	-1.1267933086142792
2.9329122669904715	-7.036127946718041	-1.115475186239144
2.311610396625449	-6.007654175503063	-1.1189825470486137
1.3250792207297217	-6.1767922606945715	-0.3588230599984972
1.2659493837557254	-6.977060318520998	-0.11686098798686095
0.22831099120451792	-6.860072904523435	0.5197102298500847
1.0063421580131844	-6.755890235570412	-0.02577285558704845
-0.23900108542075088	-6.734045305444942	-0.5719596061069672
-0.10322069808844136	-5.609192964966848	-0.46414757298283316
-0.9981407305760779	-6.215647750672294	0.2100759137007887
-1.279488013538422	-5.389714264618565	0.10325368048751793
-1.393295402575454	-5.522243334758229	-0.3415291950761976
-1.0717921994004707	-5.48430485186619	0.09570335177887582
-1.9282102320681296	-4.357140460762833	0.02951959010605082
-1.556528800629251	-4.495024895945534	0.14017845297619902
-1.7412917323269468	-4.486157871799029	0.7214993585392957
-2.590437023670923	-3.819793913551047	0.9576753713353906
-2.6328603583321017	-3.3456305893757987	1.1687854608059918
-2.598795489635129	-3.3737169469201227	0.5430361165271431
-3.4385904589991396	-2.5594583870118894	1.6599531820275502
-3.3499633714475503	-2.2350176791150185	0.836325234625757
-2.6492314769728917	-1.7694066326750284	1.1172464550188619
-3.2209368299496584	-1.21551021244446	1.503101381969779
-2.721578348877382	-1.1058900053356306	1.894489907081625
-2.715382117227562	0.13896171891906195	1.3444063504750947
-2.784608116946696	0.3209453552664885	1.4565540312627971
-2.1211473855621277	0.5555637191093856	1.8901036891538738
-2.0562600660458727	0.34545818270242457	2.653864903847257
-1.8489036749025223	0.7580994863762494	2.2507136424097167
-1.4525965136858365	1.770056114070393	2.336897631462977
-1.5338928870790127	0.9944718538809628	2.091272009674622
-0.5351501521081063	2.077212683984677	1.918434776597016
-1.0848563451442446	2.336055112867494	2.085158368395413
0.35799476775389716	2.121081498855311	2.1582263518344695
0.10265224248926791	3.388833132048405	1.3388915940019221
0.29390060720161304	2.51310087562915	2.0086646029877167
1.1394050743775772	3.184519869681008	1.8144265822770775
0.48689610069765543	3.19209762894747	1.7757885648716378
1.5829843235848422	3.333413089845623	1.0169368822693206
0.9634627574902946	3.723825551978336	1.1502413755317646
1.4449931756855827	3.6306131148420886	0.15447000439035818
2.202396265316649	4.5296388114837915	-0.5833909624710568
2.0292745319689756	4.9233946617075866	-1.2972951283370446
2.6729574586826987	4.734011437539951	-1.5461542606423588
2.4421644766009454	5.011808982339893	-1.8944862377692322
2.7259449207135873	4.988944658532486	-1.4974771264931168
2.970628572589443	5.646373130690658	-2.1133213285232264
2.3165864575688926	6.140102329821207	-2.475997607587286
3.1038840343776917	6.382601130774479	-2.915489167254191
