7.07926448513261	-10.73373830374263	0.4586939421060392
7.209675711022433	-9.994216084723147	1.272455644611205
6.49576121958685	-9.777975787369499	1.4943024572864583
5.96112786020565	-8.895318435614769	1.4618066038561357
4.960703733470564	-8.264427543070587	1.4235972561422794
4.4269014016930575	-8.746530964641543	1.8995915420501261
4.2581864540883805	-7.920188551569526	1.2462480179743325
3.665613324480251	-7.909185971145803	2.6208778936886867
4.0106278401078965	-7.158126991291795	2.227352442326458
4.176733648084984	-6.092832382342682	1.667279079871956
3.8848533639872107	-5.215524530523195	2.0470759833075043
3.7490090374049774	-4.093782111100215	1.2930711410888636
4.697658293770051	-3.6155990544416823	0.7597003224495618
4.113513309549859	-3.8690089980917093	0.6195132303171423
4.124245049956588	-2.9046694953235948	-0.29668116451533355
3.7107319987600813	-2.4672282917528583	-0.39438730373739106
3.8621683588744764	-1.9138008832350022	-1.185702015588375
2.7867090964286296	-1.0914133712302776	-0.8515666131808294
1.6863237542940994	-1.5174684244561383	-0.022935341147802824
0.8993209527652106	-0.22561808175739273	-0.8149174508464223
0.7802987434539406	0.10041011878737693	-0.9173007005913814
0.2156642892470123	-0.21375434105290947	0.5411357483187741
0.9157246361734628	0.37764508469446734	-0.35683183858652434
0.01026282771739706	1.1150367296675057	0.5013916147371266
-0.4699726593327492	1.7927498402763675	0.7519249198301362
-0.7242965109999333	2.429027607851709	0.5578164226157314
-0.3251612225953249	2.856622185730846	-0.18372644462336774
-1.3477302246135778	4.017953171230649	-0.6723866068431396
-2.1383987259285884	4.493146336016968	0.600974705491262
-1.70219092447143	6.05675149523541	-0.519705260701941
-1.27844171593098	6.252095272168479	-0.2685975900002334
0.09544538033240624	7.322644822958543	0.40648259313770063
1.1231794081675883	8.017613929523225	-0.579318158607016
1.66492507505142	8.731749663088843	0.1907293729019579
2.390832223504228	8.560830029292184	0.5935916282147108
3.108041842227423	9.303125327644592	0.5272464731430007
4.701772244652098	7.876499501609599	0.5636094450024223
4.982855699417919	7.52983873411952	1.1358663920490186
5.782827649349823	7.3356601287993	0.7005919210680243
5.8582378301301485	7.347855359187664	0.33234341209968976
6.938304477859949	6.704358763338311	-0.6874915601761598
6.411908552238441	5.159917347452747	-0.42210288102265836
6.570814196751313	4.771028616418887	-0.6592958545793799
6.649792582159012	3.9307788622376387	-0.353206972598877
6.849631446971159	2.9945265124926563	0.2897488788606011
6.10719806409698	2.2083146453372016	0.09672927192519659
5.551207189810241	1.814888863062631	1.2738810637629143
4.746406040878986	0.5531516584225126	1.4040774614719531
4.026826584146091	0.01451661851089961	2.419106066271102
3.884390533249227	-0.18602691224155943	1.2793345518230754
3.6550527872798195	-0.44560153516635626	1.4145990527215866
3.185993983805268	-1.9933874538413692	1.7281043316031228
3.272838786860733	-2.483354495745779	1.20944405125971
2.4571293846820033	-3.1198910891455287	0.9032687194824263
2.9640324406024154	-4.105897479292751	0.37864948426230927
2.045574589390131	-4.56232968419895	-0.2980254448097568
2.948977043410343	-4.9959397275626785	-0.7793942294604213
3.526912955988781	-4.771344593872063	-0.16356565632009046
4.127115024836641	-5.4885254374766435	-0.4471869226703642
5.6347075804509625	-5.697481194988817	-0.11756834937390215
6.2509965223610315	-5.238316124851892	-0.2750904144406274
6.130433059255806	-5.408451326949078	0.3498693334346535
6.370584603057694	-4.611138250640099	1.0183116282545797
7.161931856007836	-5.530422463165027	1.4473016891386912
7.732253169703571	-4.464151131236284	1.7727078690606213
8.38677715627711	-4.785503209433334	1.8872790170631877
9.249182095051074	-3.9534970771332496	1.9763178077238333
9.27329334542548	-2.8575767975930635	1.8975065150422004
10.598960003607377	-2.853573370635744	1.6883687449664695
10.06496709047976	-1.9851934249414316	0.8660343912698083
10.963572189111774	-1.8784953723425537	0.5975130992822736
9.618956943632638	-1.166599643112853	0.11794396083137948
9.196511064028993	-0.9805670117786311	0.14360723536095088
8.890067864878848	-0.4661737263100437	0.04865903608161082
8.976083733354123	-0.03368486679078897	-1.318636002181477
8.135524750571129	-0.0014995859805740919	-1.422023802682646
6.867187344973001	0.2760266461055594	-0.6005821842550789
5.859646244142931	0.2722952984467074	-1.1017583901734933
5.497120886209706	0.5641288716449276	-1.6294224099792458
4.399806505756339	0.8674275783959491	-1.6760631674358328
3.2002618949535164	0.6418158568638503	-1.5523639155406994
1.9124624118419915	-0.4110129493650559	-0.9661194840489928
1.5472535181424547	-0.2989712599988886	-1.213469251338432
1.0383449301639043	0.687314249951348	-1.9255178998152074
0.21648025624514589	1.3049192952843285	-2.253166942163473
-0.8997217498196295	1.269344080932278	-1.3707182399330922
-1.5369144208773515	1.111407057944838	-1.3428376048423138
-2.5222422475834825	1.461067949064165	-0.5472829553559986
-3.3452736257187756	1.3828282683881117	-0.6530821008605785
-3.6088980748827786	3.4492300120042563	-0.4414569064940941
-3.793949886578562	3.803755511013482	0.7249335227810589
-3.199958287851226	3.715277820182963	0.8289973032677447
-3.608072590511261	4.612495079345581	1.5626604983197852
-2.813927928973649	5.3501640738051774	1.6047731157703136
-2.4218050456584077	6.532476252443275	2.411732899795874
-2.067836374842752	6.406882755277252	1.8490517977957313
-0.7808365287228045	6.630812258270693	2.89945452208656
-0.2768944007626786	7.256807852862886	2.733364791110126
0.4808458269410275	6.8268718175241485	3.104218107988982
1.4768373540825945	6.876380885994924	2.9706688555631264
2.5481729202151664	6.791544818522624	3.002823204057485
3.461045629712575	5.957871683176726	2.0311247351626482
4.460733817946377	5.124495532773298	2.8954234906222602
5.1705049771666545	5.155342962264017	2.8626905365554824
5.447722861472607	4.829335436944776	2.6201620237703542
5.97236962408849	5.129220832629409	3.084087630444752
6.821526803571901	4.93592230774019	2.062849703144167
8.150914783427444	4.613708589518758	2.1890541978658247
8.768503499634386	5.195713038201475	1.1278397267334912
9.600339651494354	3.81491979255639	1.098093910211834
8.32161347403549	2.846924628558	1.7280513606167942
8.71514300681611	1.647329993280648	2.60569655049547
8.853375960433373	0.7815027541290476	2.1524428569055436
7.679061724722645	0.9977011157393896	2.4641850008211206
7.84198336973158	0.4791156451188602	2.0536358754551283
8.432730143823395	-1.1534767017047076	1.0178770970602251
7.378330451365871	-1.3817289174230618	1.3765622377299773
7.4564981312529195	-1.4431004539713228	0.47404704076400506
7.887862961037897	-2.286341325777507	0.41200084786607455
7.972615577815199	-2.639855829006187	-0.40937606600461196
7.92117496163211	-3.245549672534551	-0.8888820121926206
8.95557720633844	-4.571112360901227	-1.0938220772079994
8.487019590869348	-4.722846138290363	-1.4838780809121317
8.055126179997004	-5.3803475685210325	-0.8110706779586891
7.907698932955635	-6.978991912128661	-0.9397483709763641
7.530176904399525	-6.763023719104306	-0.6966146343276067
6.469374421211326	-7.489818302848819	-0.9294369324594837
6.286882256469701	-7.303507601034015	-1.4225186015019857
5.953954030786751	-8.005460505251811	-1.4976800816402562
4.474491070440324	-8.702901372986489	-1.4001964281569201
3.5107667772824005	-8.840474338494412	-1.049174435532644
2.27915129950622	-7.781302489890431	-0.6771666513565244
2.3515945347303338	-7.585013603959201	-0.500525822807079
1.451608438750276	-7.777145203496958	-0.07908368975982794
0.9994425148987977	-7.678374977849463	0.38521752975365087
0.0826597918869614	-7.4270453252707505	-0.14323189438948536
0.4543009278820311	-6.969817219183246	-0.2490504905688919
-0.2557187610934002	-6.47955206960471	0.07365780303813663
-0.027245901908292014	-5.933581921219917	0.031113102292522288
-1.0074947437935335	-4.66106652787024	0.23778572306969165
-2.409066322236703	-4.191885485966042	0.789717150728753
-1.4125559564175543	-3.24044495409206	1.1470031585649862
-1.2241490537355513	-2.4358263238272677	1.0967883204725992
-1.9673670316252898	-2.207921208071268	1.1568960469713145
-1.8448680254822523	-2.2576718868909977	2.201900245322765
-1.0421087529739534	-0.5324819730406707	1.2204848947109075
-1.0703970056431553	-0.7306550654832823	2.2623550412527753
-0.8463838915464227	1.044982540728706	1.4388499027741282
-0.7462885806013313	2.729419895228318	2.0698468629713282
-0.6094993658183969	2.952777699077731	1.8522817132263307
0.5888349673643577	3.6683484417309113	1.4590937193788984
1.537697835152617	3.9167552004085726	0.5093430053056336
1.711185466272771	4.931728369953851	-0.03939484859732889
1.875980079160461	5.322883743513362	-0.2770924773056631
2.915146264768333	5.835400394217918	-0.3523549704309643
3.562282173674747	6.987238929006484	-1.5119502903837174
4.179752290882012	7.248650205686987	-1.3287501686370542
3.853839440465643	7.905709951557608	-1.1590587042290932
4.957720098704642	8.990890137774452	-1.4777406218275502
