7.557137117143672	-10.696569501266868	1.257827162656517
5.831669770386986	-9.12458803493523	1.348918683269413
4.702811129062779	-9.040981141004327	1.114396389747202
4.13767486120954	-7.390533696174602	1.5129257724978844
3.5535631907620253	-7.084976152747888	2.217646746623646
4.390435161019335	-5.7997045726041865	2.1618087126142864
4.550088863194849	-4.128484733857303	1.315265371907929
3.8180879141727386	-2.9847829068066494	0.6332757803575431
3.1574187223761454	-2.3658383332827335	-0.9447748580663744
2.06939426171284	-1.1482049231656142	-1.249037350929111
0.6741382140481388	-0.5158725543488131	-0.7332984519477144
0.1724366124938992	0.7360505730564139	0.23616227380802046
-0.7258525343676407	1.5078170515737737	0.3932478609042215
-0.9344439654990047	3.7294104223782645	-0.3417143000923386
-0.7756336479267656	5.721912945574399	-0.3106739861533667
0.33306016964446783	6.352730276641134	0.010004930813065638
0.7491906213565351	8.029786885009264	-0.21080313031112358
2.3770619434983375	8.205354103493224	0.7767241574000086
3.9023150059795	7.436040992996733	1.4865117522334574
5.751033376112942	6.371901173863293	0.6175843622717457
5.533446022448927	6.094091013551227	0.508859778572129
5.771057934065087	4.1084417711372145	-0.3390653913910779
6.1159834730075415	2.9691449024981957	-0.19756547569460015
5.649814995675437	1.1850328830698105	1.2229680936069909
4.079324309569399	0.23156182837613817	1.9464004421642125
3.649771364134505	-0.7711601970880533	2.1118636587863358
2.1166972530137045	-2.3643248915413606	1.9705286160081803
2.630431096451816	-3.8554929651407774	0.7456087246458449
2.5603622889232343	-5.055148582809254	0.12746378487260746
5.015456257794349	-5.263326602051317	-0.7942820806543904
6.160715578823696	-5.951017594915926	0.19150843236754317
6.524471471357572	-4.811946338947664	0.7527526668341191
7.701863927150103	-5.146838264049762	1.8748668886337698
9.849253087120545	-3.968186657302504	1.6792914656581388
9.695534914785673	-3.228094631796866	1.6374140943050448
10.24574327826268	-1.874172839587378	0.6434084323310498
9.308468885344906	-0.4762748244186097	0.02231780788052873
9.286448269507	-0.25067781338297057	-1.4476155504848804
7.137409355123784	0.3383756360895369	-1.0005052320144856
5.146066253217079	0.6983662390906112	-2.0185945547104405
3.909830548898815	0.9784659007237791	-1.7100896837994088
2.121812961789395	1.7225399596954274	-2.1481669035352673
0.17073491045011435	2.162468542754411	-1.8257057598429307
-0.7761134942118701	2.172223108943968	-2.289013314653786
-3.1278398115524215	2.728286950825714	-0.4802316863570144
-3.459831163850337	4.684102831720759	0.1257780483685081
-3.198960848509628	5.5475034110847306	1.2696744565118425
-1.8542237710804292	5.945625882553328	1.4193909051839348
-0.654868039330933	5.966030556554724	2.058288441935401
0.8017017335893053	5.498379802866274	3.544792160768885
3.015829202762318	5.08718976331328	2.9235434129730553
4.629162154317828	4.547489176439765	3.11546752785545
5.4150908118415035	4.63188915270426	3.3052606605895787
7.010728297255972	3.8970388654312424	2.7899150018693484
8.733230974524117	3.7232254100566196	1.8550324850214248
9.025069184951644	2.1527516907243243	2.0671029192793435
8.270622251498498	0.8448711404136013	1.9971433783666395
7.780014320244136	-0.33701961912408934	1.355089504415051
8.352841367823148	-1.3284186274926613	0.7610672148317775
8.619937419605595	-2.5467032300053387	-0.23322229495273517
8.043420246062604	-3.581224633695275	-0.7427709905633145
8.125324449315187	-4.820614621987538	-0.32382853732720007
7.592367345980032	-5.900606400322387	-1.4237512802362544
6.650502307626654	-7.558728825112676	-1.6930141384431372
5.499510823392761	-7.4855070675254645	-1.630083755480464
3.6179983851445274	-8.396321319876982	-0.556928230356784
2.2965243881807775	-8.787718752897081	-0.5402482036433098
0.8942639867851128	-7.661053029124436	-0.44060102036947996
-1.1734544766790065	-6.874428617470484	0.5652834741740126
-2.5071377579113725	-5.975408673532172	0.6341368376262801
-2.5895695990350562	-4.340921599038677	0.5244017976396914
-2.5846972320760786	-2.611076322188127	1.066775735122116
-2.7442706785501443	-0.3213927367789211	1.8820285608945149
-2.3655704686016783	0.5164727412103507	2.630590020641802
-1.1811428176354146	2.9285778934841433	1.5359056281442771
1.2625705153429772	3.3245129207103457	1.4963368368639034
1.4416605771580466	4.400850778140477	0.3889575676255475
2.3580491836934807	6.096466610949998	-0.4830456680846227
3.6428137446403994	6.580737802432229	-1.5312051141606262
3.9572693766861327	7.939829679664124	-1.6681354997607625
