4.779929224202021	-9.187087109329518	0.43272947970470266
4.14275051607532	-9.641428899645605	0.9784607350281209
3.6441007461702726	-8.741554136415907	1.448259207779446
3.746635893040879	-7.665514716867774	0.6366915489020617
3.721430057076239	-7.67077462611081	0.9200038322046289
2.4038531101935243	-7.337126173307872	1.6084665438213415
2.1363788796932606	-7.542677439318364	1.9459361766564514
2.9757620765588886	-5.9488429527593425	0.38464985006279007
2.614290924719999	-5.84140108439521	0.32757170196140056
3.200657985258442	-5.544798577965423	-0.11420744459744009
2.4208060625152688	-4.7650304218135275	0.42972617435838145
2.4980462762694504	-4.181771270399284	0.021903396869672076
2.370800005730631	-3.3236859215561267	-0.10916033389671173
2.093554417799854	-2.9291742763040185	0.2982390751092405
2.8827084860397525	-2.2427412784223857	1.534824809897672
2.066926023881281	-1.6821882795649665	1.3613738604187344
1.8209205798220074	-0.510460995405295	1.411271808781329
0.8840160238126701	-0.8093434836249211	1.6548568842008022
1.0403190690160347	0.2444672894333456	1.654682635539541
1.1432201263222004	-0.06893659725290247	0.6533773923910312
-0.03262150610376502	0.8486770290652751	0.19909498707062698
-0.24728870790619673	1.0146590236826136	-0.13149833282831985
-0.7923070258968773	2.108849334057925	-0.4166515560268181
-0.05105084241855162	2.6729511152659873	-0.10177994010491676
-0.13662853540545816	3.6122951990225154	-0.9929461069278223
-1.169573267628783	3.7864414862298554	-1.3432978983938342
-1.1994061182290738	4.398825035568621	-0.5598965249397542
-0.800149561838946	5.918028351430292	-0.5071018742971878
-0.5686120271163841	6.066526854128368	-0.506657972988414
-0.30219205411254796	6.117629051022079	0.13782391580273234
0.5046969013390241	6.768525322576549	0.529146634110732
1.768006055055569	6.958262154603436	0.03600186323775334
2.347880076686109	7.006047443437064	0.4195368145188372
2.334740461279699	7.585755651417151	0.6277948623306656
2.5694532696984567	7.3450139120031155	0.4644650991194733
3.0719269213932714	6.144847552695013	0.8550447112144604
4.172493521961566	6.854610513019119	0.37235567398303565
4.644488900164106	5.363461869260998	1.1744814091370983
4.323671680939827	5.279679217767886	0.8197990509284654
4.699437328803482	4.267234992826599	0.5305063941603542
4.062388273202389	3.2209505757612793	0.6564253919050631
5.06476301208016	2.627009189299554	-0.038533517789305194
3.7620312104645186	2.38837845379472	-0.36130162672123384
3.317130549666729	2.2102651409242386	0.24963567249174473
3.701396415926345	0.7324742237094486	0.6032837409425329
3.0441667562329613	0.8934854629719651	-0.5869328070135393
1.9395020384088717	-0.08357989095924101	-0.34187379683604224
1.8283010463164187	-0.5964157603027778	-0.5201239383250233
1.7498806698246439	-1.0708288875812628	-0.10194736214718825
1.5090683163035932	-1.2863318300991806	-0.26249180600476707
0.8798025251328856	-1.5183505208939425	-0.1132979857471299
0.6699074146332218	-2.0000832528786776	0.08632110193151757
0.18609742681414282	-2.696681558077026	1.3762722146485133
1.052080220206568	-3.745503776359398	1.3368018364610632
1.254647989040053	-3.4835013230760823	1.8650355212645016
1.1133593896219414	-4.260520409941511	2.174888862553476
1.863202711978698	-4.610537044360729	3.2487537831099287
2.5777047757111182	-4.5200195572240105	3.5207819875064583
3.326968472792669	-3.7865709587884737	2.4599217088391576
3.6102476001193646	-4.400244150219513	2.959275338060226
5.030428137754666	-4.400223772874238	2.5699120839339518
4.721427673959949	-3.3952087091501744	2.7581763921986977
5.587563910768653	-4.230547357176497	3.2980784596671304
5.848108855783197	-3.363813426648892	2.2806095920972487
7.628433109410502	-3.326659992622985	1.9910103928365221
6.808616767893672	-2.1593682850560683	2.195647662869906
7.989118107519809	-2.351479247849168	2.160273468531876
7.978114143487449	-1.8934622120399962	2.180035067074055
7.967762575217885	-1.392900678860108	1.6866649185922369
7.543557693772478	-0.36701418677384	2.1668411856056427
7.836947378553544	0.23438411639084494	2.361869694050613
7.710670485209021	0.5990826469967666	1.5766205447654527
7.479375795749928	2.0951495196279053	2.224887535515287
7.750099184261428	1.5417517581781262	1.7452027638276477
6.315329257001962	3.3962097450792	2.1980131920078287
5.519697188765502	2.9880679372858125	2.6209993018252695
5.555000133966973	3.7340932084179728	2.8505184507458843
4.808654150190968	4.193515331971016	3.0571327528046024
4.7855548332583595	3.7498745021624695	2.947237425848052
3.9218579903086166	4.223239065201136	3.0900084182632166
2.5432650680721878	4.126837566542658	2.9044374903859045
2.7185639957486902	4.618232477511163	3.4789500500763477
1.3329846028463128	5.104574873126577	3.024546973148882
0.4421409746675186	5.348537240009983	2.615521347325473
-0.563564305598571	4.963219993587527	3.041301660574998
-0.32327076680699707	5.236321687780557	2.74044876480235
-1.865966595858357	5.374566715100023	2.1225996989260922
-1.6574153322741016	4.217305132210696	2.3346840077563336
-2.441406280889936	4.397117783588272	1.62541828393657
-2.205524388367893	4.117497654891709	0.6156258968302326
-2.9395530624678523	3.27371120019909	0.7834577755830996
-3.112273842349664	2.9661620025727573	-0.07436000194139103
-3.14142918540931	2.8985584056620617	-1.1273252115083137
-2.7772321044864285	1.9371255177005087	-1.7753781250550276
-1.7032839492127556	1.48281312285928	-2.212406909371881
-2.3896910061655197	1.7812788927788938	-2.2247410006946775
-1.70798383064354	0.8989279150384805	-1.9782850546448514
-0.6907659869766825	0.9201496829204173	-2.787458345246283
-0.32370939487904316	1.2647746436367115	-2.318019113363106
1.067337255119427	0.9201642081258857	-2.299064770897596
1.1501334058421577	0.6331862659455892	-3.3923682669972433
2.1837304775828645	1.0296439897046814	-2.4907836404148034
3.2804333292671757	0.5152304367794585	-2.594966625209219
3.6200380298658237	0.7975199326078035	-2.2598232758984045
4.283648568542565	0.5550046314947551	-2.9551045810933374
4.904907385011361	-0.13932897852628284	-1.8817992573794102
5.662730999538024	-0.4785697691760409	-1.592824802419438
5.883298314776933	-1.3475761053912063	-1.3990313193061208
6.550943810935783	-1.3325787719993847	-1.7200513850765948
7.039352717823024	-1.7962937643988872	-1.847927378050254
7.03215480148166	-2.3421392131180374	-1.9317373585294246
6.548157996781653	-3.4067890342206937	-0.8250799563920768
7.03330851337833	-4.151374391963112	-1.7773361118847075
6.449398598262271	-3.9996736726564865	-1.7979609825749814
5.832149436465507	-4.932913632291687	-0.7058494531716426
5.278453046341926	-5.649837810163378	-1.972398108917706
5.680501609037057	-5.557453577454505	-1.6069822432780034
4.840679880752129	-6.435400320212039	-1.9313208264195572
4.679838996478937	-6.7877433740349	-1.832067322880246
3.8820437330461273	-6.859829289205468	-2.164786025241728
3.138929717808382	-7.54398493367117	-1.595613563816407
1.91405468097138	-7.38169181587321	-1.543591467488279
0.8944160936651373	-7.899651662873756	-1.7211546950794097
0.4915729308258709	-7.082063551816501	-1.7779322409536964
0.1342671043825152	-7.848938329232858	-0.4337743403598018
-1.1122737338840372	-6.5280757204245425	-1.0054193251783021
-0.742725879966954	-7.535219728301312	-1.113304243849025
-1.8112794735570314	-7.373724859747867	-0.7372692960793241
-2.3160524540880467	-5.893896404674123	-0.5073830481010062
-2.658208215929056	-6.536361979761604	0.2425504036746542
-3.15752388238636	-5.146824155971358	-0.23373130819734667
-3.357875287764882	-5.513669752866578	0.4835319940067773
-4.186273556004355	-4.240398697707674	-0.0952506274406007
-4.284856374651327	-3.402548279257153	0.6454540718333703
-3.7402533460414347	-3.583173011742146	0.11433604454564553
-4.249325156643545	-2.8913421148347442	0.8198326488135311
-3.889931361040036	-2.4356455706765128	0.9471871620694711
-3.977393846463634	-0.9253258050193038	1.3725059263371335
-3.537895440330505	-1.058266313539474	1.6441240851412844
-3.272722837867938	-0.13915498711665364	2.0174654939753536
-3.6124153017705463	0.4279816382453067	2.354543943977899
-2.881093226438167	0.3877655464733161	2.5012020205136425
-2.4909744496988546	1.067141723520705	2.9166112024104036
-1.8208454952532218	1.3237959270906707	2.5536444149196633
-0.7941333064983962	2.286054314810329	2.803253863582015
-0.9053435611578087	2.068005939730235	2.745245882127173
0.09927480577522463	3.506412598776602	2.038667620881838
0.3120918139716511	3.910105748577781	0.815473110351411
1.3658971049726796	3.163321207948352	0.8544535283801626
1.5209450081241451	3.862458960036017	0.530195362031654
1.3474462659380964	4.320880924574745	-0.75848118378184
2.121040200787748	5.4684931556933405	-1.138644106865254
1.9934130899478153	5.425304792784901	-1.0991704441113455
2.5175133739775	6.451109773737248	-1.2795927872797812
3.584879120347936	5.857643841548821	-0.7353876745709322
4.05133776670145	6.619011861226561	-0.4830974419568926
4.155585513830864	6.708920931603404	0.23102419010359754
4.092436419625933	7.8494745187782815	0.3400898152539899
4.914515371833532	7.914838524973938	0.8228848190121671
