4.6891083138783145	-9.745153517812431	1.3300478950593122
4.166126178732208	-8.609599441963182	1.2224741405843647
4.327540886735416	-8.712131588295277	0.7110100307573136
3.987944493985907	-8.252280733041038	0.6115982770466849
2.811240337962739	-8.25391870370207	0.9601217486373413
2.3882236076471877	-7.9266775221530414	1.9858443923413494
2.831100379079492	-6.77918846360199	0.4643886335100532
2.028294524337534	-5.894221269230232	0.8528134809711261
2.9891416227669283	-6.129957373657923	0.23892701175674524
2.9558818667568483	-5.61488775026328	0.529125308769715
2.444209423416407	-4.751833787825981	-0.027317889175232812
2.0634801042583466	-4.095031385195419	-0.2438240114236011
2.1851759778795476	-3.3439033523843316	0.45991240049508364
2.8883216429607255	-3.206566382757601	0.8259948427517189
2.1215565010935116	-2.246689023315257	0.7157395686664764
2.3926722691929134	-2.048345843570084	0.9948507800420809
1.4120265941278	-0.4882349957873062	1.735900676315005
0.8392993204774484	-0.15956585772190635	1.1473905617463247
1.3779361323333696	-0.2246662513679672	1.2168860165619133
0.41919386995263547	-0.12146342720923547	0.9964001466733851
0.31858901661780187	1.2021676573450493	0.9654463103261732
-0.6297020925987664	1.8876773924413803	0.24674412607415686
-0.3287011371906887	2.8476913515330287	-0.4730847844004558
-1.0097888170258051	2.2306555799678423	-0.3634885358917537
-0.9175646132189845	3.4572136566450657	-0.6273139596626245
0.0370857692755	4.405687137881607	-1.3334544316508534
-0.6781947679932352	4.510670038342541	-1.467585070808964
-0.653228994763521	5.067910879136927	-0.5821971878508387
-0.07084067807930283	6.017500190718941	-1.1596489850102385
-0.48227504251376613	6.5934331428625015	-0.3201687581688133
0.0015281421906143955	7.56676472819358	-0.36451540072678634
1.0317369899874373	6.683292837057488	0.09959717821959752
1.2532712429531505	7.380544304489628	0.7227423097214687
1.9739980231475152	7.884375021753948	0.7154447197527553
2.7509872528479704	6.777960042361626	0.7225762173311377
3.228134770937183	6.386006928920073	1.329711507719068
4.086697057350088	6.4952272165700435	0.8470652254939435
3.848296099776236	6.052356508007621	0.4988380964017899
4.863893186673316	4.6946563834472474	0.7549271252145228
4.637940656441536	4.359610251121109	0.7986127270305022
4.087401710941217	3.6833933834677772	-0.18839614391905768
3.899252912714739	3.4182897178364087	0.6138867074606599
4.590811723672168	2.1918969098097043	-0.31498832212199945
3.4439620736490246	1.9889636229734275	0.3447507173241658
2.8290564408664487	1.2611308952865206	0.2714716885909247
2.8262977724953315	0.580873608227476	0.09099085739304136
2.941318818679388	-0.4195052223260057	-0.11142376708625423
1.4697749787201446	-0.5255367426123361	0.17939149297079982
1.8445414398532796	-1.3204285096093322	-1.0465648178594638
0.5670859802107555	-0.9457569984393386	-0.17230189117891737
0.3703103090885008	-1.5832290228094539	-0.15113188411973932
-0.11447566939780399	-2.787311233907562	1.1681140866752457
1.0787762138144505	-3.3373530356219923	0.765748295544098
0.2440918092693695	-3.529964455953511	2.289852332409318
1.333186613892635	-4.060736379687284	1.5722328122161593
1.5581287330372093	-3.507111445447258	2.2602635896836567
1.7726363891617092	-3.6329362497308235	2.5593863102756904
2.2525377386016183	-4.537375654969219	3.4596919074428016
2.887131605728439	-4.546116370803575	3.750847515382057
4.03144330385236	-4.833320560566984	2.7993331495213223
5.269630440412762	-4.429106520813312	2.8078542460148848
4.9669656270285145	-4.504247740843991	3.1246700247766297
5.894313494982121	-3.8950348331077818	2.5116988653368963
5.987939281205224	-4.023068041011537	2.62990267234326
6.570259281747566	-3.24391381513774	2.8514811516302387
7.659150690229348	-3.0360801485462963	2.1995730450249686
7.534492173258913	-1.9950824077600884	1.6712663080155634
7.47163220255021	-1.0232725664240203	2.5805643349492415
7.462739666444746	-0.31923007354479527	1.530632269327723
7.429965827870977	-0.15361067653317262	2.424818695978802
7.722048487815129	0.5832548067669074	2.130942901365724
7.852151591800918	0.5419977533163994	1.8276382253077046
6.8909178648446865	1.472990565971366	2.1274575669163722
6.875434815433055	2.488984835240151	2.460868135593859
6.445750084202945	3.1369194855595435	2.1910994809883264
5.7315125194396135	2.8056816206653377	2.9377796358095103
5.648702908245345	3.6121395225090085	3.161324075480777
5.443731725816374	3.294850394547819	3.061709584367156
3.9777719660817437	3.9357215456560963	2.747606815329101
3.824101665796405	4.207590681619501	3.74174311833687
2.9748742206984815	4.526445976049808	3.9004381847414793
2.5326735558567437	5.131578785795417	3.1630011486856584
1.7916591364251744	4.68255970077991	2.9728327731146367
1.144753502960392	5.092767563603204	2.5604597314721045
-0.11435300544236537	5.866936613091173	2.772961171336625
0.049778893965486626	4.796932724139472	2.145484664262048
-1.8607126045199514	4.691119183734126	3.0576611123995123
-1.9019745999606479	4.38068391094909	2.311046390884446
-2.2635260008935223	4.709358411440971	1.120631553781658
-2.4606430871050353	4.535550537067617	0.2969154927816931
-3.530694208919528	4.047318067276805	0.28725079495110345
-2.5285503712672437	3.238794960671423	-0.49984955702695216
-3.1192204921235307	3.168559111392477	-0.9469534541650702
-2.6945184525264985	2.0499587319835357	-0.9610362273954893
-2.952867840790541	1.522063444742032	-0.8973060247301441
-1.9970612735464817	1.200155389856354	-2.073362214956381
-1.391761513943328	1.9483509784923774	-2.0990137770918715
-0.3717816385427024	1.0118725143369747	-2.316120786808402
0.1331516373622278	0.6663607005417334	-3.369710872121363
0.5354955443883076	1.0350517494860452	-2.4899199157190113
1.8689060693673931	0.9674257311167238	-3.1425502796712075
2.789028502795211	1.0335219078482976	-2.693188813069375
3.6338938421077436	0.3700845462605167	-3.3622561966524422
3.2596532499007864	0.9065272552546354	-2.059392307094197
3.828674642327863	0.5778965389683794	-2.248699548746718
4.633514175670686	0.40661569197184144	-2.373952042606172
5.852621739122332	-0.23514457821698176	-2.0119369291606812
5.1091188373822565	-0.5310345083423024	-1.3136942782849368
6.228629669201853	-1.7888156612798245	-2.162911215948591
6.584643225659209	-1.9295542333106304	-1.2456861135488588
7.162178137909923	-2.3330549345274676	-2.018480715483225
7.166096538469155	-3.2290254949999873	-1.5351311038288602
6.959172127945397	-4.266920748320243	-0.782877395048936
5.968111731158332	-4.796496479704649	-0.5315357623408106
6.264433449012158	-4.873428917295536	-0.9514397474121798
6.270557878782623	-5.617721569926303	-1.3276883008921578
5.473091428902687	-5.242126042839638	-2.0953883775342614
4.667787292085738	-6.322248774990295	-1.1475758006423815
4.613750789725101	-7.048682831332717	-1.8578211414839783
3.2565264460590626	-6.446195264391497	-2.2926148824452395
2.484473506862114	-7.37579041743969	-1.4143042127822134
1.6690994930334042	-7.513244065798848	-1.632676269745815
1.2446904876458567	-7.730919560528821	-0.8578174603221234
1.1135430931123806	-7.359439206813077	-1.967446558299588
0.48791081336156694	-7.214019515220279	-1.0380751929134886
-1.0169822291430477	-7.333301518458219	-0.23743846893856824
-0.9117974757267769	-7.422933871257058	-0.3117028147869355
-1.83599384276539	-6.281449799381953	-0.6244742258897151
-2.45988722175682	-5.806548664563222	-0.5204397897513244
-2.9749809209371985	-5.6855775912091975	-0.41572790460643283
-3.6856930746827343	-5.382868907000985	0.4464174152391459
-3.19557907662003	-4.945305618168956	-0.16956226473386182
-4.025070727913709	-4.234196107362005	0.3847900668175892
-3.9574889836320732	-3.8089291021740097	0.95606844723959
-3.943452837393713	-3.85581414677391	1.057620262718622
-3.973793804857157	-2.9097678835628225	0.6224627606148999
-3.5825853098691502	-2.5284036608695	0.6577972129873736
-3.869702029277153	-0.8580358982045342	0.9740811462724248
-3.6847988894706325	-0.2996767859211933	1.626722098667568
-3.242762933502492	0.12472229184304662	1.4541654204359418
-3.2966768780901914	1.0007827947017838	1.5456810063337716
-2.7124765171575387	1.1852362468270308	1.8219988841784862
-2.4772762130433783	1.4416806172018717	3.0927764998161504
-0.9037661105060537	1.670112120428568	2.1912384070474076
-0.7189212248257841	2.116415246501537	1.9593627603217447
-0.11270817771417674	2.281935488632342	2.436027070971055
0.06014908772798555	2.7869518229444865	1.4552473489408762
0.7511631350580167	3.699044311125925	1.7138860717690108
0.5436336957579503	4.436546284797557	0.3535491533015144
1.837372653003172	3.838153145366049	0.4200168569408221
1.7680913095710766	4.58150482339071	-0.7978788278892827
1.7895763980837271	5.361595312724242	-0.6068684180157974
2.8182048054412747	4.891821686744124	-0.7786417871932396
2.5170475765743268	5.7682148025989655	-0.6400162732467013
2.8329389207350903	6.312612358529426	-0.6639407341432308
3.2106364627882016	6.24815669366608	0.23605830628141233
3.715068847647888	7.157918026085529	0.444039349245673
5.454032044379721	7.5948952263752805	-0.14142408441919208
4.657321349694983	7.9330348940791975	0.12151123173707895
