7.633030661512052	-9.629776320609345	0.17612711588945645
6.820692495140566	-9.871054090563153	0.6570886073385119
7.0819049707699335	-10.124779525994867	0.9463852574232345
5.336871012295113	-9.900849451743758	1.7577924398062725
5.765930378566374	-9.162241552193295	1.2122324906346837
4.956344061118918	-8.142652991819029	1.6534500960363034
3.826617345546267	-7.562661432575203	1.8238036520435714
4.353459273303282	-7.365811248457609	2.0966584836486133
4.036728409106761	-7.06833983907417	1.930541508195799
3.2447054979806493	-5.776501091081335	2.267235763062936
3.87224828125965	-5.4530692626982455	1.9668193786134924
4.163948777764106	-4.972019153044834	1.0378559426778142
4.27834408137226	-3.6201723969939326	1.180961223691206
3.7744316419850374	-2.6128396647983725	0.5326840048261139
4.32002289755593	-3.1539286604856285	0.572273843219304
3.5734845745846404	-2.8817113609000424	0.5659567054832519
3.3711441312806762	-2.0682133837851433	-0.4758822631444566
2.3839445480241253	-1.8775588002596963	-0.6817865598318893
2.0865063988884316	-1.0905790874973245	-0.8322114135239087
1.6527859267948006	-1.1272126896213188	-0.7849255962712971
1.387627699209497	-1.0661016564428036	-0.4167939203758829
0.31926690863329926	0.5383307105077113	-0.5947171761093555
-0.19118318146650481	-0.008226379315155116	0.903238355959602
-0.2985664284931439	1.3818782146548236	0.5784729580377798
0.287990229575146	2.038636376200432	-0.33273192327305595
-0.45280071287763046	2.6417654284542955	-0.6774911198686933
-1.1968621507928348	2.8844630782453544	0.12580330426043962
-1.8660499554219308	4.2770402088334905	0.1320544159693734
-1.0624634074727997	4.515311366631678	-0.556822757546827
-1.0666658723759468	5.375897161812819	-0.7122585919258331
-0.34238757527180375	6.706901993752442	-0.9015486065755359
-0.21411998569935092	8.358797043371649	-0.5739213057051462
0.7939869943256394	8.435728663671322	0.30212376223576065
1.4158039286785211	8.062142097494274	0.056874750268735785
1.911680260951214	8.587507518986387	0.596877538369878
3.388802623638358	9.079756612517665	0.5175265445602123
5.05407328029478	8.188079915821632	0.2787410666584566
5.154552780857401	8.00102401236559	0.4133333136278271
6.359190954319899	7.408031519631403	0.1574490407867395
6.191342992944456	7.661935283126111	-0.2619331635594662
6.582699557647987	6.91425245725115	0.1692553689445888
7.486273622520239	5.131680615481095	-0.2255692537752665
7.667300752877789	3.401008256079801	-0.18852146277089443
6.703997351263803	3.322702276727041	-0.16169888891908057
6.594198229795917	2.66104901937585	0.7519792613445058
6.733348632638514	1.5349582220058489	0.6624541527275063
5.497812636360565	1.109503910074269	1.5137410088888141
4.953529238010362	0.5778377349319166	1.2879118345172575
3.728783347831552	0.3120565354924988	1.8669020007837993
4.012560313924986	-0.20436462015628343	1.6117171774459516
3.2558508459015796	-1.4727921286245644	1.8802520616364067
2.3662518714170298	-1.200559011827958	1.7221786099513308
3.0445466015738067	-2.4496187089127184	1.4067882284468003
2.4002750248876716	-2.7586488790512687	1.2216906354960813
2.241607671639563	-3.2239692933866015	0.10704599675463723
3.181207700746842	-4.474771798268566	0.4138723638857536
2.5316909078343923	-4.752211931133896	-0.1587388642762615
3.15918312526002	-4.178416727618123	-0.5060129773543839
4.589753341411418	-4.989227291854956	-0.7059509182978057
5.339168906869944	-5.6189376501042485	0.06282579640663521
6.492681174485355	-5.899353060789144	-0.42213161390299986
6.596624049727269	-5.25320621340088	0.8925801004813254
7.043421828202678	-5.722919087486565	1.6191384047706745
7.698981105783074	-5.507903691152063	1.7318083781683336
7.820033970235427	-5.39899976782368	1.8557184797683168
8.55115557018376	-4.7926272317700755	2.1072688760893232
9.676135554354031	-3.7019351998202032	1.7770391314117426
9.304753478849339	-3.748394058090707	2.5996768453089536
10.523797311303548	-3.2841013345408347	1.1284623357574353
10.320611876026899	-2.810477037739581	1.2869761284643235
10.077559805387551	-1.0809740412971798	0.6997689787492272
10.307294000725491	-1.6943624923522487	0.25965848553124093
9.899138493886039	-0.5827546015222647	-0.3171714613799562
8.578647421929201	-0.560642868150796	-1.1793297520909014
8.680689323666053	0.26578433665143764	-0.6510860212735716
7.443504348188281	-0.022863108046687064	-0.4571476801015484
7.151099285946636	0.5987055855498277	-1.637717825507132
5.989078952971746	1.1126285412259305	-1.972392831138425
5.662747368322792	0.5968223931554002	-1.3481430550568652
3.7560388262465705	0.25086009583720337	-1.9027435488565918
3.2871349402153625	0.1843616283861429	-0.9988555537736541
2.150784745768874	0.49555865141188166	-1.1811392786208057
1.0005183301392588	-0.10373454426531292	-1.3567333591424304
0.3709919689802219	0.3403822231184596	-0.6956997021161366
0.35853988470437526	1.2167516401225598	-1.7858559114320907
-0.9867779088334252	0.7182601173963048	-1.2286413175028341
-1.758474420974949	1.1909102343950342	-1.5896199500194053
-2.193954980622357	1.9463417744001448	-1.415167077785332
-3.4411341670144657	2.3065305116488237	-0.7806560539278626
-2.5170346474990932	2.4828771222290698	-0.4874524463103132
-3.577629056558897	3.9659279159764784	0.1523954872774273
-3.844520119679692	4.833914236244642	0.6746421371973301
-2.6269556903833524	4.369982127792869	1.1111404783248908
-2.8838054457369533	6.110952710890526	1.347819886185889
-2.890240864494475	5.7945004888873655	2.1796856593463403
-1.2701798404980709	6.533661510370031	2.615303845922404
-0.9994330080953746	7.385904103301179	2.1937603870756845
-0.20568395707726633	6.179078282325587	3.039442832459194
1.056543398933679	6.507144000238517	2.8886815066074396
2.0194655190429094	6.175489522944302	2.4780931213586097
2.781995756148042	6.47517908967354	2.3994800970196337
3.827843819891159	6.189198603660385	2.114669260786817
4.036133232716427	5.206007642282725	3.121424446578988
4.2897599103283905	4.983124447633209	2.1078267819325185
5.715622777088507	5.480393533781047	1.9874462504909371
6.312149246157768	5.2769455558703	2.1598249289701243
7.931772958082609	5.290093931825957	2.0160230485102693
7.9908390145667045	4.916148891049195	2.167229027126888
9.380245873319788	4.285851515878627	1.684481709700015
9.104904636506408	3.9811352621523275	1.9897250776423083
8.525308111790892	2.4064546809510294	1.7365170364418228
8.698812348826362	1.8281241192964797	1.6940275881752824
8.56480756870793	1.0577917424862093	1.6289119813823345
7.764625142501395	1.0495840020687537	2.1539451873748825
8.584028123631045	0.012892298744667463	1.8422525847559588
8.237260367109936	-0.5981803687741234	1.3428801313854708
7.792426417597042	-1.2805318800741365	0.9578208988642158
7.424072255683307	-2.227222131779325	0.7824547284041913
7.468029554585445	-3.017344455433773	-0.2722983801136655
8.795123941290528	-2.832419823826543	-0.6702199423390032
8.683838601076104	-3.4828039134044735	-1.0228748531840306
8.077344504743113	-4.5712368180143494	-0.31890033833865117
8.999150234209466	-4.829566367962405	-1.2131107514245012
7.892085260581251	-4.896101828230634	-1.147027110940063
8.035483078061453	-6.084494180427776	-0.8700164986129755
7.867807406626045	-7.022852868618337	-0.9231663691812637
6.567303898230863	-6.786367242123394	-1.1558489290201803
5.619905179648044	-7.24959910485426	-1.7516516756894827
5.140043502795728	-7.685374350451809	-1.4184080506706904
3.9493977352526506	-8.091256449513862	-1.4701026818985699
4.227178074421764	-8.962261299023133	-0.7401958784163012
2.911430102614151	-7.323938201129188	-0.8887368109859105
1.5474101495291586	-6.582518647753715	-1.302880040761888
1.129023568494135	-6.562016426474977	-1.1282047494400629
0.8190331831431241	-7.205793690319815	0.3530248275762995
0.5054633097516171	-6.760415993536323	-0.08904918757015545
-0.0751872098419506	-6.7066881726256335	-0.502097072210205
-0.48507431678358076	-6.441378094143632	0.25419930058292173
-1.2802822716432622	-5.840667106179289	0.05306342537989939
-1.3758520525427795	-4.750359080466204	0.21927596712522157
-2.167914133070382	-4.506883541673272	0.5748445528988747
-2.0856443058367224	-2.4661225604239516	0.5019523629387423
-1.4726947939910733	-2.7615835873243255	0.8042875965971265
-1.6608793516752693	-2.2166054618090008	1.2656213032713732
-1.5661207071220153	-1.8482826822132044	2.160459160934015
-1.0664154886671942	-0.9570885498168711	1.5378310687405978
-1.1464358531213394	-0.540559332358701	1.5511412817367496
-1.3577315442718343	0.8297365955105933	2.151367226186724
-0.7885057377469122	3.0412750048750246	1.5844025570222497
-0.32805687491488683	3.3013298920749943	2.1654697714379987
0.6747192740916368	4.106696014635654	0.8842330028756866
0.7096640136124316	4.268284853601279	0.3402414625867249
1.2695617438278728	4.467189323296538	-0.02488209429508781
3.058814139839711	4.782360999431513	-0.5713422572862566
3.083990531456938	6.440912492930184	-1.0067123487385166
2.7638206355070314	6.002502460289973	-0.8054740612232318
4.37395565246999	7.051924088114221	-1.8172173989530074
4.108864421525826	8.472239307306427	-1.0716704458883932
4.373709292178281	9.049269190161295	-1.974275379470872
