8.049929600788182	-10.085230602191768	0.12150392673086514
6.74365124016983	-9.92940607744449	0.754546465413066
5.2861859711531896	-9.323173119410265	1.9409501835869358
3.931717897274275	-8.143821516961104	1.1879892742356468
4.183085259146974	-6.605717669943717	1.4611110153562938
3.8593254742229397	-5.641000260632827	1.4024713880162745
4.666111740708219	-3.3759719803214487	0.7368037634155874
4.751171653865163	-3.4156906553550144	-0.4052848500456958
2.823254357247572	-1.415721045540926	-0.921494213737884
2.410747216276022	-0.8726131544829012	-1.2542964191556634
0.7705206287139492	-1.1432199622320698	0.42667843598022304
0.5371851639066256	0.19372841030569438	-0.4030310153956794
-0.29263007268503616	1.8791656935738346	-0.4844301842399497
-1.5659500407473608	3.5654309688309884	-0.24488666796170722
-1.874835974139532	4.813157613261543	0.1947549394808168
-0.4178172006544709	6.12803025454162	-0.7546345980362794
0.8963454991298784	7.882198713629859	0.40393517394756184
3.2194920075154445	8.075183496561907	0.4947227502558353
3.9481700663149697	8.94095922862032	0.40828035701607523
6.132858900446623	7.220868931678583	0.10750012884008958
6.4613057635859015	6.352233050568044	-0.6212898375089247
7.692778905416851	3.9920400758606744	-0.3529073102881335
6.503150740268847	3.2069952270222575	0.014205566494312927
4.961813041814798	0.9245386661790342	1.9316845928289008
3.6705263276911704	0.5029157427152909	1.3320262984262194
2.903511850780695	-1.440313645213899	1.6057896950692792
2.4232829308538553	-2.5459684240506544	2.1954018984103083
2.114369898859196	-3.6049377541046512	0.21563192854824043
3.5737336517735767	-4.934953899854998	-0.5386631511921325
4.665202500575493	-5.135856385463328	-0.3856798458836038
5.227940498902692	-5.2699385269248085	0.4273417026938821
7.083028119833148	-5.829710644637912	0.8851654783690333
8.169762809751827	-5.2857781296837425	2.01634994337481
9.827268237857082	-4.362505207848281	1.738677756301977
10.097969890030035	-3.0614237088685106	1.7403847782077215
10.945946038139644	-2.09504171775446	0.3120307462019161
9.217060463191471	-1.09678718317455	-0.28713510552298016
8.990307911462619	-0.2876531581265352	-1.1678479556388004
6.519398389769621	1.083400861426607	-1.6492859944399767
6.010853420928955	0.7835635152920613	-1.9387511464781706
3.234484784179438	0.2682580057823364	-1.542002221367654
1.0452934337539914	-0.4419566068044697	-1.622145531546494
-0.34982307611986263	1.1051223595849238	-2.1551884868706805
-1.185731509305787	1.865814894483635	-2.004929258153158
-3.45432655905969	2.093041594189099	-0.5054738299687236
-3.432433578351131	2.9706372843019326	0.236225654978038
-2.5283935957161745	4.015093203738801	1.212116010641541
-2.276635321281515	6.59697635147924	1.6435818604413763
0.1615949544191837	6.3461164258312595	1.763299985508641
0.8708432812985757	5.971292850347466	2.3189907051987864
2.7280806423749007	7.049205067325953	2.1839753839695724
4.114610603526457	5.428884517786554	2.6099019055763915
5.623595424697907	5.365138885980788	2.6013632996750724
7.601614330133743	5.964255582254433	1.982812158401583
9.111458237741454	4.608277539991272	1.5722835882951363
8.782692116051738	3.0768850027097345	1.7549341774363887
8.393471791367874	1.5163007759237466	2.2260258004190523
8.350045600829068	0.1012925349980982	2.134312062447311
7.582033586086999	-1.0321464591792393	0.8011131406253175
7.416829400547427	-2.6200377747799832	0.22734785212611391
8.545211661549182	-3.159756961439909	-0.3734519401278684
9.443188268474476	-5.185115257953234	-1.2843145629322628
8.50734817555479	-6.530287722312268	-1.1337208108774193
6.822102116370621	-7.627620305589676	-1.1184473005297229
5.531014666795117	-8.362688735522866	-1.5342940556767364
3.4402246662016847	-8.372058957838437	-0.8937852836416202
1.828884124354718	-7.627943834754737	-1.0607816992701804
0.414235585637767	-7.543708213616826	0.18096191621168778
-0.3550559229752452	-6.593363196672004	0.6114669291328688
-0.9353911288947803	-5.1410344099534155	0.08406530761504055
-2.2752078498491026	-3.8795705446283524	1.2313421251522718
-1.966086969740377	-2.126552815217862	0.3248229653479534
-1.7280454531307063	-1.7889300500330485	2.16825862166621
-1.2916779232693987	-0.3092227099712558	2.132618897428623
-0.0715416545487888	2.431936702907958	1.7510196671277658
0.86955902197949	4.118000821103777	0.9377649760651289
1.4681661530815844	4.481927153270419	0.1072543486559317
2.6491958962113347	6.622006434480912	-1.2150995876703614
3.3603325740476127	6.775062928636681	-1.50055140710936
4.310819743819172	9.365245618843064	-1.366811894605877
