5.6340684210850664	-9.44956632410098	0.3835514532615141
4.996549082632582	-9.432976765823625	0.6111718879200534
2.795463557574821	-8.55058846294258	1.7628824747925433
2.205611408862496	-6.473061024190756	0.8996385313745205
2.1647736000438584	-5.967484990055853	1.0997435799605872
2.596504198774179	-4.595069752438804	-0.126534449993629
2.3171572491480297	-2.9769157473699552	0.591458537970896
2.9077505679723368	-2.439470089681307	1.460722372739935
2.439178158816948	-1.3150512720657261	1.7719225089622856
1.1939084415568806	-0.1479399103482119	1.5079797312821648
-0.08751374259715389	0.7252199642619994	1.4728441376002506
0.29536179429568965	2.094889021680956	-0.08616493898392674
-0.7067406291753267	3.438822293211955	-0.49777078249402407
-0.970289730131411	4.758251764635502	-0.17328843490576307
-0.20805413002585338	6.300990637093052	-0.9938054582146367
0.6290560862110861	7.4253886569681375	-0.4832830304362026
1.0668187508962894	7.067251225966699	0.64773588587803
3.238306036162947	6.9331446146210265	0.8881362513191295
3.5668809244182436	6.504805084541089	1.0358555577062307
4.901329298571541	4.733680610636823	0.8171465505314861
4.482081923418972	4.10421037286625	0.4656150596877225
3.641323523284744	3.2107607924812345	0.028739244515422258
3.1020578061471995	1.682144479802496	0.24421690905385146
2.678349433818523	-0.09091747988424415	-0.18214175575516867
2.053837479457698	-1.1796443947158313	-0.45265092645290783
0.17736047977304276	-2.0890415700454903	0.6760935500247336
-0.2589288849359354	-2.220268853409741	0.5814995746786953
1.3116076618782355	-3.5327148324863042	2.0783124627569447
1.9755483334278197	-3.6658379877786618	2.233846459908924
3.146254346718804	-4.27909722158919	3.2006768159715966
4.4406986533727295	-3.876246915529788	2.4104778961983864
5.451047278654589	-3.8115352179427484	2.3319994227723555
7.2080960109659635	-3.185701265592339	1.9829229501406194
7.958404560529984	-2.3552132880663277	1.8201546634489176
7.618135570051811	-1.060018793585415	2.4867776582227092
7.943319290615764	1.1302388198347684	1.6779201688633674
7.4918652941147235	1.669660666081382	1.5596759282323684
6.1469576549484435	2.2580730069499637	2.0176922267231254
5.418477166073676	2.970877598808748	2.8708218895530613
4.127467557140947	3.9560586813553567	3.6328305489020667
2.5199275569554964	4.303682512539073	3.3669194864175713
1.869303945358772	4.4766757052097335	2.8340942405949363
-0.6184603913267468	5.156409365102661	3.495653742209777
-1.2594376865823071	4.822959213510304	2.7966479845041334
-3.0448458290206237	5.0607679784652335	1.6505573683063686
-2.6878660180886373	3.136994821641514	0.6594274598989758
-2.798792384542362	2.222168053929719	-0.8527460484448683
-2.644990536943016	2.015273455499452	-2.1733651297315815
-1.2079441139455542	0.9026241188476857	-2.2350243136019814
0.30901046818206324	1.6637289443838532	-3.250200662971039
1.0803861137453958	1.939972325972549	-3.092641646183541
3.080859907864494	0.7868843403706656	-2.256662979091586
4.053925281819227	0.33291734309539434	-2.9310425876696558
5.338892004627321	-0.3863777416940548	-2.523826422402406
5.940015832240869	-1.5718110133541296	-0.8530396153654505
6.092153350168766	-2.505002159913711	-1.316519457058559
7.070871300638099	-3.556072138783297	-1.6381564671165683
5.9868093481160685	-5.231028037517882	-1.2277625352609811
5.677192350112957	-5.9343642383887625	-1.1895355723681345
3.612881484252853	-6.365566691108734	-2.276587270683653
2.7942691458304374	-7.142992162780922	-2.1107977130841933
1.1518084882725017	-7.085417406525654	-1.3727431626841282
-0.34124388372250325	-7.816368598496194	-0.6919368544121127
-1.44535031222429	-7.2506727861253095	-0.33362045698095477
-2.6631274343145144	-7.082101921695706	-0.40411146661173614
-3.527473284714106	-5.549758389677194	-0.39106090731329524
-3.8751333530686045	-4.274378831600596	0.3212823858163776
-4.804517743703513	-3.7889777776341056	0.7633288544058078
-4.160145617519945	-2.0417816091987993	0.5027370305525157
-3.0306515845915976	-0.9259841939897648	1.3710858403042867
-2.757152087965188	0.21254010992115296	1.926439091271261
-2.463301622264258	1.1177265190862502	2.614224474412853
-1.4632404938034063	2.2443454404816596	2.657080834678311
-0.12900468374888185	2.947856248541483	1.3278820074963622
0.5681143579008676	3.7945251195328065	1.316338950840341
1.2756340836932034	4.116143524930804	0.5284579501658446
3.129183616581677	4.816119684476029	-1.183570157824695
3.7150201600002166	6.062534816046346	-0.8004960424170742
3.8176374660406016	6.852179021267078	-0.11336332512652453
5.095320296462113	8.351197463408287	0.690413093988852
