7.233520064569459	-10.214420913363286	0.9277011630839367
6.472080405405782	-10.571359866007898	0.4035678452677519
6.175215154686197	-10.060535167944233	0.6819579845442756
6.146966572254393	-10.089220824343274	1.1666067009333703
5.545220742658772	-9.492517865697536	1.5149553675969638
5.562185294039155	-8.813660056986519	1.7592909775423755
4.996225451902702	-8.812698327644796	2.0351566333049744
4.965023188128134	-8.734844630086055	2.1427762174003995
5.139977160527808	-8.615565871546114	1.4790464175269271
4.543961519525511	-7.816003996334054	1.9567142931209924
4.1883122097411345	-7.364068931523702	1.3247858980814937
4.037032582420943	-7.1468434906387746	1.669133518195456
3.2611432735970762	-7.017427252102675	2.309927654720896
4.030484029585604	-6.203319356167976	1.814073475285361
4.191079261763174	-5.73067118958416	2.2554292765131074
4.127687683047403	-5.614631323612658	1.4641734486799345
3.536995633848852	-5.322714305803883	2.2291918748750534
4.36993389927051	-4.526951880626287	1.8887600044852841
4.921832306894225	-4.117502659804113	1.4898464724125828
4.443613028533739	-3.4573560989455823	0.47093287101718917
4.142609824630439	-2.843099800752641	0.19967515857151258
3.8784993181027074	-3.376815350156349	0.9038252467896881
3.6758596255651366	-2.7233933300658877	0.07404980402451522
3.295043062448349	-2.08624423528945	-0.7137252120333994
2.918092151706188	-2.1692211425170034	-0.2782401203386635
2.5878174679869836	-2.1397439240904594	-1.1960433726012802
2.493298369625821	-2.1184247651975756	-0.014300286561178988
2.7894213907973393	-1.85391852130015	-0.9602599589047578
1.5996521194507507	-1.2964056610083265	-1.0658381322371402
1.3494279352032539	-1.1807385784995736	-0.7065938903556617
0.8850669472076684	0.025281369093995032	-0.9307320991836906
1.0017405486829765	0.1748973785872019	-0.6726842377928007
0.44266221539099343	0.0915521638287079	-0.08844724496633494
0.5527062999055654	0.5430517679015544	-0.3694283194602779
0.21979897213944433	0.8824321846779967	-0.4844316559476201
0.5877557810378748	1.2558841771207678	0.03572883537896987
0.02485626287333531	1.941401171852475	-0.094034837639413
-0.06646247323042154	2.9394141492895924	-0.5478507725035993
-1.0275179473054428	3.356955215702171	-0.6491757201826408
-1.466631928024962	3.1897210338421464	-0.7332928189604204
-0.4286659488314124	3.325507927364178	-0.5778010467699306
-0.7959810312933069	3.8974707796400727	-0.2868714434329508
-1.608196042853586	4.668310599329212	-0.3154335160483297
-1.5916055448159514	6.057595232106341	-0.573436539995068
-1.1085320344953513	5.983664013812571	-0.649221950629277
-0.5351095830196422	7.313725424516574	-0.5502871544175796
-0.5811901745070964	7.9222461204642425	-0.1314742401646709
0.18273865498054415	7.929798440027366	0.4089021361033176
0.7710952160786934	8.890974123004955	0.14276986859427088
1.2754420647159055	8.966420656787848	0.17893094523451403
1.749390382066462	8.003472977513042	1.1035428110935663
2.0619288822789112	8.230799176830399	0.46759991443057136
2.986046650759692	8.034902434709078	0.9071151357891436
3.453228937026724	7.898761113441934	0.46295540498123716
4.573638711455023	8.242693799767089	0.559130871049409
4.380251780348899	8.90856379339709	0.03597106810114517
5.72524075007369	7.819625337769344	0.04304568463008318
5.409111975125019	7.968666907346548	0.3733362627195705
6.296149768194099	7.250509057334889	0.353129046195118
5.8678472695411426	6.728556781064732	-0.7100121633948713
6.490463463517887	7.396212602628042	-0.3741116320404756
6.453289870843138	6.189026810015315	-0.4499350313034167
7.182673315237242	5.199239541992224	-0.6267147192608715
6.918416045463426	3.919601457247394	0.15316869177037273
6.686125336928807	3.010559541855754	-0.27951826956013237
7.165685211124815	2.3979823169578336	-0.2731011449989884
6.9667534337523875	2.4587899415456187	0.4466976394348754
6.073909030405809	2.8899403389696765	-0.03526878031754571
5.881414127974104	2.448691756464115	0.3956702522235066
5.11278789299499	1.1217272677380035	1.8347984180385901
5.51169254593089	1.2288363068852637	1.2268430397699122
4.208239899421201	1.0627490440511458	1.2121030719953194
3.795020394126635	-0.12502775500486416	2.405865339510645
3.3193292271316626	0.2656877404642254	1.3636118183066008
3.412776573941159	-0.5379987858999493	1.251932526118882
3.634515202172488	-1.177910534855499	1.4183968481485094
3.5584907090892606	-1.890862848085045	2.1922890936383936
2.9814058422272445	-1.90604686589232	1.5178216281983967
2.8269974986907407	-2.778142210928775	2.118566595976633
2.4944133081419073	-2.6885301947099167	1.2545150497065733
1.9530919731560936	-3.548147602426259	1.7008384832133683
2.1457172781851876	-4.028226504127983	1.2578517822412885
2.0101828632016514	-4.22931783246255	0.5540051550516638
2.3564155661133737	-4.781798962583995	0.3192551344800224
2.498934705941298	-4.300541004181278	0.20645080388864967
3.7808151829827326	-5.193914956259922	-0.11709998810082123
3.692377912527189	-5.134812628049	-0.4577900267372872
4.1564368321516785	-5.4352629688800995	-0.8964544889444266
5.06500704503054	-5.435643820710235	-0.5377880225109655
5.11054862364583	-5.099492715015732	-0.5909408164331039
6.442484223929371	-5.875594497831109	-0.39698025910341844
5.688087868962352	-5.680492506557257	-0.035032437648376824
6.487258746042445	-5.061187636189173	1.1445508607805386
6.411617099446775	-5.920382243535505	1.051089549485393
7.585776897680735	-4.749595997258828	1.2780717817380267
7.580971324135276	-5.660483398714359	1.79674384322331
8.4821141248987	-4.730242713133639	2.012833810534922
8.250706169736075	-4.579184691890023	1.6023372993484708
9.046120450624125	-4.744472841494862	2.188027243754452
9.230179828370508	-4.07627319106327	1.8048954817375997
9.283782029958788	-3.9563648020067266	2.373793390569553
9.681877991917215	-3.4736332059397372	2.3852862068273493
9.988184469638572	-3.3603483420406985	1.8679252970228832
10.205359935821118	-2.4196247860067066	0.8369942550308245
10.189985960852358	-2.0274275851354675	1.3322019912380711
10.504369555952099	-1.505963919661167	0.9580106262764396
9.76767029683514	-1.8108810741071768	-0.14192127723780643
10.698806943818042	-1.1125732707188758	-0.43425124256585657
9.286208008036423	-0.24075940299223175	-0.29172682310120424
9.091232453208155	-0.5788164246417514	-0.6532884815855355
8.390500113386754	-0.6482043815628864	0.05426626176294613
7.9134022922089216	-0.1226509764500614	-1.191839759031405
7.452691687920376	0.40310510038000175	-1.4313064178118493
7.367352264746292	0.467595828769192	-1.153035183957813
6.460146407586653	1.068873650049433	-1.350705124412573
6.032578246453012	0.4833390749694436	-1.7492341013201653
6.314467578390618	0.9537983265591596	-1.872457919345084
5.0346133047690875	0.5668318203479272	-1.7719585030088307
4.535813950103294	1.0930685233458304	-1.977724988846978
3.58528074209561	0.6789232099266351	-1.5372882142910536
2.8932157622245662	0.5638237141822267	-0.7700040180266026
2.8383501374722364	-0.18427049807034313	-1.4803629615018412
1.8054053545656334	-0.2688154535494798	-0.8735265298530114
1.195379567553679	0.2593030532433327	-0.9202524829887433
0.877522632952748	-0.07230187296010471	-1.7539065184874567
0.14093302020125564	0.06634869206716763	-1.6405069346708645
0.0004441220825759373	1.2052520902639503	-2.2996437417854967
-1.0523098129277846	1.1921011848631782	-1.2652905315231506
-1.5730900411634003	0.7351053730845128	-1.010926273382562
-1.9012081053770071	1.178842099747272	-0.9462848699481712
-1.4602111915426315	1.2244785538915621	-1.4741991667911931
-2.7953199254263073	1.5366135333013728	-0.6586034910208776
-3.4788555485771386	2.3911268746844088	-0.8018589180391669
-2.644734918081241	2.071148293869644	-0.5388893643656736
-3.6298014414594135	3.2341933584979596	0.6154440276239046
-4.014413730308289	3.56645346204356	0.8953258674722715
-3.4417045363212004	4.187254268224325	0.30566083317938886
-3.0052184945172793	3.954235353325393	1.2801417327872675
-2.950550314741505	4.236148205841943	1.941563119307306
-2.215945868401097	5.072905303224711	1.23817521094049
-3.1119564442469487	5.182040121526582	2.4488837548948874
-2.9448715594101254	5.919366272262114	1.6519880738546722
-2.291876379167086	6.208797648779232	2.0107539084687787
-1.3220572808913484	6.076510346344437	1.9793624779339751
-0.18958951061000007	6.307538817060068	2.637567363435572
-0.2976746924312588	6.3515632477055055	3.0784670362859634
0.07282554840598451	6.584795874846257	2.260774685900093
0.4608954343239289	6.280200531236849	2.803170798509737
2.148125292763927	6.518702393015567	2.138960855127186
2.1637390060178947	7.240156707736048	2.0194648192692917
2.7843198789404795	6.362334141792162	2.9454388952347577
3.873330904546056	5.676618819998257	2.0703391888525826
3.128751486971636	6.378737140474574	2.6281856624207194
4.002026471441289	5.35765902551992	2.477426951453129
5.081612876812475	5.295790279197657	2.6922563108135353
4.90344988172618	5.713063454327193	2.0401124171757012
5.368803720160904	5.738341975453519	2.767807035870299
5.58120130945996	5.784031336900773	1.9585727542597495
7.016968757026852	5.596691759822685	1.8334287818013664
7.113028067305048	5.5755812455997145	1.4714701159746637
8.54036051159359	4.7177881659549	1.6960842467135884
8.62869089031429	5.261253661124401	1.203821272935723
8.62335739872956	5.466078137182658	1.4101395231792473
8.926958951929473	3.795694612909053	2.229723071742209
9.065049293706286	3.4700305276709935	1.7678882073849171
9.26972912703548	2.9199610603374553	1.5502295702732407
9.1220990606211	2.286033591885826	2.044374348162111
8.384466704360982	1.5996647511221318	2.060224807326071
8.294065600607022	1.4824588532765581	1.7083112664305324
7.866095971837282	1.5022232317163144	1.76604612998635
8.659707947433718	-0.1648490567205008	1.5666767049869978
7.652694192213983	-0.3203125592760517	1.873500438041453
7.829727300844671	-0.5039662163819654	1.3001096641603376
8.317073117682945	-0.7336453199126569	1.384028439135065
7.696493311039136	-1.2935749488169876	0.9029311132808935
8.383705624378104	-1.7843115305068715	0.9991677195022837
7.551853705174653	-1.2631978982516328	0.07613756655858768
7.67329000787108	-2.451304412158491	0.07329020235033512
8.347104889671293	-3.3393363994430842	0.09260703240930757
7.732341571207504	-3.7771546455049245	-0.045084745645035285
8.175079158064474	-3.672783078459884	-0.8503970325141037
8.478528321840486	-3.823981124608348	-0.6795790332508724
8.2863031920282	-4.915299504687919	-0.14273913654679649
8.876906071334396	-5.132367104167245	-1.138709964750786
8.167908131164907	-5.170102646469492	-0.4341708427500166
8.16893229504647	-5.479757238570757	-0.9377296360870151
8.058098444258446	-6.708205120146774	-0.9682058012195307
7.245828399549273	-6.994931290314228	-1.0418781725909418
7.623360585310947	-7.101900876402733	-1.583858959521729
7.1962783509248345	-7.923332847484328	-0.794801371478127
5.935152487975509	-6.9837578298933884	-1.5190643506943302
5.613484714288913	-7.566671474977927	-1.2875195162591047
5.527863227088478	-7.518850516641773	-1.6568147197432381
4.467104878533132	-7.731231038827053	-1.2649859190474118
3.887873877619387	-8.325932822949623	-1.081407444168429
3.011100769456556	-7.55832844162786	-1.4677628505057299
2.6343313546341705	-8.659645988391377	-0.4380023805240354
2.3186132857102613	-7.4579147924002545	-1.2799908729392837
2.3275445059812645	-7.330295150275979	-0.5974463700214105
1.9949431853268025	-6.812530490287987	-0.7741931172114918
1.0463301187228593	-7.762868029826386	-0.22447567158639092
0.5594606352854901	-7.734198395216321	-0.5954028601738064
1.2081785561863134	-7.24884457627021	-0.0030536658787306825
0.27998610570686316	-6.614815869607597	-0.4081146542881674
0.15332608239761542	-5.920870340556698	-0.5870432932367526
-0.5336454101130121	-5.683298288028672	-0.2972434166085312
0.14690277127805684	-5.915332067156711	-0.20918005042759374
-0.24934827853344	-5.3940476152266585	0.008984231957507915
-1.6557579661261315	-5.101970848161149	0.9970680918984405
-1.2471809553938842	-4.559639708595552	0.6736471630759557
-2.0382226931078007	-3.8423035493087303	1.1938664483125572
-2.0385158299365025	-3.5081213943301597	1.3742457209466008
-2.252396399987314	-3.1045151070201316	1.1532055462121849
-2.1684818745298626	-1.7329450563904651	0.41280125855026556
-1.825561695481158	-1.520714902315976	0.962121070638817
-2.2652690772957604	-1.5698627921513464	0.8927800090242768
-2.174635042455179	-1.785940870431008	2.1020374472332515
-1.5439138746701102	-1.0487097241541514	2.0800502326494428
-1.4039994124354696	-1.2044603438359576	2.1293400614130276
-1.208654331979133	0.34647093799380435	2.0286147404828623
-0.8155099011771492	0.24678987868611946	2.380355313670523
-0.9698345488948735	1.5087018434311414	2.6691529454534666
-0.3422196273505569	1.896194157521799	2.413249857719549
-0.35022106562643923	3.4547878467394106	1.2375963787481847
-0.01056402289599978	3.6168757748370375	1.5727872511545868
0.5765979971627812	3.855438558540425	1.2710002247084753
0.7849766979335651	3.7310452276954966	1.5859832411731984
1.7131837533094658	3.626638891951448	0.40763844518131176
2.0391342556666725	4.842612280418958	0.4633866523833175
2.76325673134924	4.535527066745101	-0.28587603700574565
2.7761109547819225	5.672593613347853	-0.5532306725455973
2.7346455069423334	5.4258657862732225	-1.06762132631319
3.3451988363659435	6.566920704486741	-0.8453570351002953
2.9266922336040624	7.146405316206726	-0.720266849938523
3.6539765903078703	7.806502213719598	-1.2657107990289511
4.223620681219815	7.665219042779142	-1.0067815352387366
4.3332879771566315	9.151879689623046	-1.6640373697597937
5.283712691445372	9.759288366596051	-2.032791472911194
