5.382833903461063	-10.00128417657319	0.4378531806941747
3.976090982842987	-8.427957928367631	0.9338566084234557
3.9879930822787246	-8.127813881659069	1.094899432544859
3.4241813888526247	-7.000056092197013	0.5900991458708879
2.133943862915351	-5.178529846646747	0.36479413793936094
2.688938108986406	-4.170066484814292	-0.3770527740982574
2.7240101566954937	-3.1697958374267086	0.9067499424794343
2.770740831923232	-2.1470619101560158	1.5205602420658784
1.373973569747198	-0.5871319582286822	1.5460068202284711
0.32919864195143206	0.2704760500167873	1.609802450842989
-0.29546288614381944	0.25068438559107087	0.5750208889253782
-1.4834714384042127	1.0651632155064856	0.10771308921746436
-1.9641220706273377	2.5192178833237944	-0.48352319694123413
-1.859443166772162	3.739227769100534	-0.6902902982826574
-1.8874687863773167	6.474495034439337	0.04967844247181219
-0.9431030543718841	7.514453367315946	0.08527600790862855
1.3277225562052748	7.668704430439352	0.80113862314025
2.780841411739763	8.03865417174846	0.2940249276323805
5.157231922032904	6.217441309761938	0.4109855311609797
5.996404465535099	5.321053630434034	0.16023895061189894
5.609820912512423	3.8968115583135408	0.3747329948800776
4.834309856461805	2.7473118963624277	-0.05926420764233292
3.8664955031298613	1.2167133627517495	-0.010531331819571943
2.04056222859868	0.21894720177588517	0.4618565752324678
1.5677455914690954	-0.22717302915645754	-0.8419548195771323
0.20602108304786676	-1.8064747314443672	-0.4917696736629664
0.18260043181527924	-3.2117746261834794	1.1417510553252046
0.7407551807098501	-2.945995279638518	1.541607309370246
1.470359265786276	-3.80029732220391	3.296067601729257
2.985591721739501	-4.625462008879301	3.312998345113596
4.519602082295153	-3.5806407700994427	2.205128064923155
6.031374511149697	-4.25310806997384	2.605473173652263
6.491285790812892	-2.5037460228429316	1.9409067807710347
7.083473762971227	-1.4985270210228774	2.0817135593002063
7.8187633960324465	-1.2769478709146962	2.1542386408528618
8.56829964601386	0.10604981499250937	1.845210004344539
7.839568882580854	1.0332845298130813	2.218290308511868
6.138307042830579	2.711410236110562	3.119961965546306
6.303354424134984	2.879722397979873	2.8131204429159795
3.999868563742139	4.633315938031977	3.030407993354511
3.354677767190349	4.764045757542385	2.931618957935335
1.3449519640703775	4.910687748197156	3.950331740134275
-0.3743077145978981	5.22104058573118	3.3544676082109053
-2.5972839275113215	4.712202779982205	2.606018335442999
-3.105637333322707	4.83045395089094	1.3911220990578235
-3.3542345752326908	2.9049160952987765	0.4759874588850439
-4.62775261086684	1.2226870933513043	0.2677743509138699
-3.6539414445797953	0.7230262393139963	-1.7376346718615503
-1.077044782156354	0.5503181450466373	-2.367104933925755
0.5878497147925379	0.193711677955564	-3.0389168599971796
2.414097914330174	0.2236172401038522	-2.952852326064659
2.893479484431033	-0.18388276557444116	-2.543107777412603
3.700690537671415	-0.987544887281363	-1.9593573050199273
4.874634110077889	-0.6477014292233554	-1.2567874363341247
5.580715816227895	-1.6743473455675206	-0.9652510224324065
6.150052777421579	-2.8665999553587	-1.5435710761886252
6.312879007496365	-4.168619255452562	-1.344467327577334
6.092462414700433	-5.155497319951841	-0.8501354803483787
5.184860123270382	-5.564333545899106	-1.462104947962588
4.231694081809051	-7.156145383824582	-1.1802424638627267
2.9542171962451107	-7.480149487594746	-1.7492496821886325
1.3377896102256988	-7.51632227952892	-1.9763182400166106
-0.07515265759001993	-7.251305161840919	-1.4694087609830675
-1.4935011407500642	-7.649477397789688	-0.5335654547217754
-2.58671053764391	-7.000364077976166	-0.38105898489542755
-0.7046786765583386	-5.911666217291762	-0.2508306510755024
-2.4657802777680042	-4.317126844813953	0.42899894520267934
-2.5012878414282396	-3.7567906535611755	1.0513681216204935
-1.3912951977926886	-2.7926488774070606	1.3376052194835037
-2.331950928823941	-1.4731039851384566	1.2679750845118787
-2.560004668310062	-0.5066211961457739	2.248963644135272
-2.469082168321523	1.0056409135830184	2.931226334865111
-0.3336323118753335	1.7229175956409608	2.341086153101097
0.4653506485110043	2.492831155285976	1.442904394693932
1.1542723299550404	3.888722818704048	1.3178048950120225
1.7407691967297874	4.744980755033312	-0.4527076897022914
2.627928745657686	4.7206510071641095	-1.8053861167256828
3.3481281480897898	6.093074453119549	-0.7229301063942011
4.259379859200361	7.190017308941217	0.517383409653214
4.900963227905837	7.884996555878039	-0.0564549387110031
