7.324405484827188	-9.460590087019279	0.18734952168122282
6.9960718068939975	-10.41864070034027	1.5261871442284296
7.159283220238509	-9.540147240613036	0.611919016854678
6.511578585902862	-9.68227023009722	1.5802606078961285
5.558421876528314	-8.862628563564218	0.8353960668087459
5.929593751613974	-9.025204203630445	1.0047035295206628
5.045128262882029	-9.293695169065805	2.2679291782127615
5.71173452698093	-8.93415868216757	1.371107300991021
3.998015828449772	-8.103982124363156	2.2131839262026545
3.974257636643762	-7.719618918238478	1.8916151588477539
3.888791253665516	-8.135629878256887	1.6179616707701907
3.4519269711431386	-7.396387930254631	1.4613298019542929
3.2724024437108046	-7.220376676360054	1.6284703537583822
3.293571499332982	-6.2278332611284135	2.62431063458543
4.128815132835638	-5.692155478798625	2.101214548218343
4.439651579416273	-5.5590613235281605	1.4592109968852327
3.5168353115908784	-4.533787546971499	1.364495083869352
4.0789434758598695	-4.585113232151015	2.041602009647489
4.23626391092077	-3.6195983762937507	1.538229343261753
4.1775941154568565	-2.9078811626524423	0.5259687251842446
4.129024704581843	-3.3803614228046825	0.8192498618191413
3.778186212294344	-3.0126225483332254	0.8760047142993093
4.400727754283373	-3.092869281765532	-0.20001065051193034
3.5852039865606162	-2.1856730398041186	-0.44758938358793743
3.0168491973931477	-1.39553187695049	-0.9568499332133131
2.4806857697652953	-1.4423630237279457	-0.36189751351068233
2.4652220574789685	-1.2773726119647537	-1.2780802025809201
2.2214823729281514	-1.9971426923395241	-0.5157511084993023
1.199299895998736	-1.1256381993437743	-0.3197398827823187
1.5135076913162313	-0.4393227053257498	-1.0737316350671062
0.9853706915520772	-0.5815793906495397	-0.335230412972781
0.40871960879168107	-0.5698928662156109	-0.07737916693464497
-0.07248573027609567	0.8933381776025923	-0.3575050288718676
-0.41103996804979476	0.8948773841207209	0.3506434894313759
-0.006781792718377866	0.5442178954239691	-0.32656454499896653
-0.4186791924420546	1.1486087082406686	0.024302267991068605
-0.6169888237317721	1.8271801914317978	-0.13718651376971797
-0.19230590128815517	2.2677334678623877	-0.14785500591274414
-0.8395029002203307	3.2307102566025776	-0.7187611423703797
-0.227055795115365	3.320872131203619	0.2166059062939123
-0.47301448059813667	4.437621101294374	-0.8114940657563344
-0.30893585682112046	4.30353645427806	-0.15013570860785497
-0.10826615327055267	4.749839651076871	-0.7195997165499295
-0.13140042314537104	5.247554202907742	-0.2178468876848998
-0.11184888166582846	6.778036118078202	-0.9795317213684783
0.8541732768125653	6.271180346359256	-0.6996027360582131
0.40937410875409286	7.250155097216088	-0.7044897903494006
0.7239352399223805	7.52078294479154	0.24733429571189314
0.9296338972457934	7.843207068708377	0.6314725753742809
1.9810157282183742	7.535869050088547	0.3263278672303958
2.4007753904047284	7.398693057674523	0.8611882108949922
2.1381005992061706	8.044710375690665	0.8716503356438017
2.9389273901099253	7.595789574914268	0.7710207432926521
3.603834483910516	7.469154932450592	1.5150013250098664
3.7097269828203117	8.290380044186783	0.4667073983099905
4.090035317854357	7.6930599000978495	1.2827178737559684
4.599156626983688	6.702918223644552	1.5114367066658128
5.258028848448739	7.088410438386578	0.460600785775558
5.131887732452057	7.198127338131274	0.08674749209659577
5.354479662385946	6.335628992703951	0.3442830261526753
6.512709736133092	5.322623986266284	-0.13780906753850092
6.718622777894639	4.6976149415667985	0.14218210565665756
5.504760612224867	5.002752034820788	-0.2511141469470586
6.284134961827763	4.298802779322908	-0.469026065601844
5.589198404618163	3.6696031699249847	-0.5134157838485564
5.390148492350573	3.976497111044644	0.03416658819278168
5.243577425483431	3.15769281562034	0.2585904651842492
5.160109136307818	2.781191073993077	0.0690764127359761
4.912198531740335	1.9933597216865084	0.49271944011252217
5.042087085325612	2.0603756394466695	1.2741923931604215
4.77052133118703	0.9394444514699545	1.0546032455834993
4.568814027984591	0.6587462546342423	1.6176843465424888
4.121128796715135	0.3207327615090996	1.570793107860095
3.9762427699925103	0.3243243404053938	1.3074557995955438
3.8413992194134385	0.04914158652652989	1.7885781894761714
2.991675202688717	-0.9158690427037448	2.00332488339163
3.153864508363763	-1.246928320741395	1.6136111100180857
2.583232086365732	-1.5210644370502329	1.1484555115700301
2.979327909526422	-2.4266703548602493	1.893267788710802
2.091069455096776	-2.427599155150363	1.7577257576841818
3.068464304662122	-3.4094752804423196	0.5397027010355848
2.336241794696476	-3.7609895822056325	0.3206581025106638
2.3747653548457035	-4.182556076295877	0.0020723231369270956
2.6454224775747326	-4.156498720530692	-0.5475855928496416
3.3604698627129292	-4.755882319134911	-0.7847969511318792
3.3229160243559326	-4.661456193989572	-0.8228104398136772
3.9138922425809635	-5.279184373522011	-0.8522920626243436
4.812273905103942	-4.96436998548441	-0.9988214843559344
4.502204105199692	-4.6972419592896095	-0.1766170518846455
5.875258596977236	-5.56871576545943	-0.5602802187514782
6.0059060255900025	-5.2447583406253235	0.07502211647223272
6.281262688259822	-5.546873901346537	-0.04357128146482875
6.811834038532079	-5.489763702956385	0.45329969419754945
6.3524600895310614	-5.877145418135319	1.9080028061125183
7.681945048821913	-5.553757683189322	0.8890481336812974
7.8790107532119205	-5.280904655366648	2.0855185120239725
7.767466947429397	-4.730637469568046	2.3332969745997154
8.274147895659679	-4.818494863559896	1.9683987332524664
8.61965687873296	-4.713782862625388	2.383329879873698
9.265561347774609	-3.7236356373245214	2.102918881191918
9.7155739832125	-4.007614555281718	1.7887545939190344
10.16664270703252	-3.348229826642331	2.1048055483198493
10.293781560698093	-3.115492900637894	2.1287430973524915
9.926531654690493	-2.676968997891792	1.7566658519628395
9.743113794930647	-2.59847802584655	1.7900726237467208
10.664153068673855	-1.9077232985183497	0.8598523135798162
9.86476454670695	-1.7664390722384125	0.673579536084933
10.1616810062075	-1.2584188547882083	-0.09252851286723562
9.600843185270364	-0.6704482881661389	-0.30620426288617086
8.79701561571448	0.1324641595907745	-0.5732059181798874
9.624960691754476	-0.1686740435375923	-0.9833148056143415
8.731177823154793	-0.00204471827217112	-1.2174964340513075
8.152357035727183	0.07604227103885208	-1.2007074535719924
7.094393625588239	0.1454359959700091	-0.6905167802157208
6.716105482788659	0.5228072477980351	-0.6800471034128635
6.148250344363275	0.45692564591776863	-1.0640090755845715
6.177618638359272	0.799562271415303	-1.2466477049637015
4.808795784414412	0.40237287813598416	-0.7940375432336295
4.129534253985662	1.3939416786365615	-1.4171136411130711
4.905852312540297	0.6225669702919434	-1.8838313461117182
3.4223525556243377	0.8227061558706081	-1.9139390707872037
2.6288947555230795	0.9989552009435785	-0.8607616539624303
2.817282529247949	1.0764187696110172	-1.3046203204224442
2.3909427434721247	1.189064763125906	-1.5636463162645147
1.2016154127180254	1.227019203423238	-1.8256189392486037
1.111504509136743	1.2655737996381708	-1.696107522979682
-0.15425044976850516	1.6434781554543445	-2.5963943059032704
-0.34199747024810523	1.7384950037996867	-2.082492852930016
-0.9686245618963076	2.762446723166918	-1.8655360377301202
-1.0188460449729517	2.0818549645510163	-2.0957360680971373
-2.458761189344806	2.023398444977082	-0.5565488652642026
-2.7980719231905047	2.9243488383990135	-1.0943330952007555
-2.4173043916150334	3.0441803322201566	-0.6673119121325041
-2.7790302046634814	3.3498474282811337	-0.8866114338206382
-2.9784082574219957	4.070649812819049	-0.3072457320611656
-3.0135483008726447	3.8980460229407647	0.4162961808790078
-3.17749238208564	5.245589481629825	0.18802766811091923
-3.459269004795701	4.400736321291704	1.6725434709138554
-3.2237004268858844	5.572881022181283	1.523113713096047
-2.490827364857476	6.0427240231421315	1.4781683837252162
-2.615296268852707	5.715327520973909	2.214573577615697
-1.5179333645309696	6.096811720196277	1.3224166969198556
-1.456560626244774	6.224900198027923	1.6046003575903258
-0.6964983620015547	5.990850473846799	2.2565522747960722
-0.0045119732923663	6.586100431885176	1.920427765486313
-0.1381257418510624	5.871562720812833	2.7608402841934256
1.4652107819580162	5.454974349082834	2.10497199017654
0.8344710234867541	5.374211418450513	2.3398162750741576
2.022372802001004	5.998096617641922	2.338485970484596
2.0094013155784087	6.026427932070506	2.795043987895414
2.444964640135455	5.262985163405948	2.222290702889577
3.450912847872457	4.9991005587729775	2.2358849076457314
3.646313091235677	5.059366933072204	2.915203638435011
4.069144322016486	5.2229572143873115	3.203460530401242
4.388286386251921	5.053209151280981	2.5052420427982396
4.6582622672294836	4.648297608812695	3.4296511237673117
5.375008134052293	4.420159222063887	2.8885650505538445
6.140720014537159	5.15530015833637	2.11080089907506
6.200413318908256	4.273012641102531	2.2398635200267303
7.085456517387643	4.512875350266064	2.791828612975701
7.564077542614709	4.209725287833979	2.70862241507857
7.8185598040654884	4.253317291418382	2.4149109804145557
8.650204670287748	3.825813955362383	1.6271988469663103
8.786052665725858	3.643680895220188	1.8562693730760196
8.712337806693107	3.064189235061697	1.6834791101673092
8.760224124285736	2.4483017918646417	1.3755959186793552
8.653819905692488	2.450418672585328	1.5592899412914787
8.694967306720635	1.1517784912560085	1.4101992227276927
8.041632936069707	1.1660137375131008	2.168444346729329
8.421802161020409	0.6344628343510545	2.3526141364492164
8.441699631103416	0.3828388103509728	2.1817794117383484
8.279202624627006	-0.07533129355316615	1.8178681456623025
7.439672816563972	-0.6892440229504511	1.5149272353470504
8.109495731516777	-1.260627199186696	1.259292536961211
7.111565984483604	-1.3070949706332313	1.8349567960372575
7.976967790119111	-1.674131761283431	0.7909169726936077
7.649784406464537	-1.9495897611450754	0.05629974642357112
7.572883542538756	-2.594983885171912	0.21215396332826314
8.016123934261225	-2.5203473720200735	-0.10056463619951966
8.22789820973371	-3.161605691644014	0.18461459640933753
7.850410142620878	-2.9651662950045354	-0.29194709627473914
8.606450888410722	-3.802928698751383	-0.2951812219741251
8.139004561291841	-4.361174351853496	-0.34327964009030576
8.627123243550791	-5.0082805257762235	-0.7044481968612759
8.293212967553533	-5.507988129620795	-1.1271547256368943
8.761691456687709	-6.282531759017151	-1.5876069089802174
8.297643291050308	-5.8705399520215895	-1.3068992344202983
7.48380264998355	-6.261721669779046	-1.2692369874020102
7.578741459950919	-6.986252868019475	-1.4787814914238768
6.832556432680054	-7.985842354586399	-1.277199835516227
6.726609640441113	-7.652461679419812	-1.1693982938371874
5.5533831227832895	-7.9979311650480085	-0.5585317163019989
5.819041288552212	-8.567701315695443	-0.9152826761221073
4.359813033092783	-8.049771838134706	-1.5676395101632117
3.688505731487976	-8.364782532035834	-0.49905889284356975
3.6529350559867284	-9.032457363261136	-1.3561127099192394
3.1668014277555843	-7.966162236532122	-1.2937953451076134
2.5415636408448363	-8.217147977056927	-1.0200252012656719
1.9944660548714557	-8.22754793955166	-0.032742263693521734
1.2337649607421013	-8.202182326355155	-0.7632801259710829
0.7351660541901237	-8.43591206683798	-0.23527125648432168
0.14531997916339712	-7.234469656844344	0.15794337813416237
-0.14347525986336118	-7.2507565751292145	-0.034040934183847904
-0.84949475400494	-7.2960840134030756	0.692701462929523
-1.1242282816105522	-6.73175395346099	-0.2306914084951461
-1.2301930414227757	-6.5639589728178755	0.7395560102042901
-1.1591593108446596	-6.104655596602008	0.010315708533423312
-2.325904232218564	-5.745944705326491	0.318821655710702
-2.0549751932067633	-4.996833345549087	0.5999263695220904
-2.2947433505774466	-4.304450285317845	0.5411977553633928
-2.551429206887721	-3.843336317587453	0.8214485094886899
-2.324470804337886	-3.4753036847132037	1.0559563133554801
-3.3217229397771253	-2.9643916035411015	1.7717079570833683
-3.4951057194311432	-2.7198999700769195	1.3848223442495673
-2.703490009350582	-1.3248018941654927	1.2089922382385003
-3.0455906894529017	-1.4855562341245099	2.0374945270066633
-3.0810425263275323	-0.2805437455658726	1.6526554289485014
-1.5788367925649993	-0.36632745419550183	1.191218965881112
-2.6634291963179515	0.9307026352837241	1.797211316740186
-1.7639169788538678	0.7852518194963832	1.4369483586612197
-2.0036469063727944	0.9451138974364953	1.7152453541131778
-1.5663123440013915	2.5770646464650007	1.5590317091224235
-1.2964053540492912	1.989662903583097	2.204697192015314
-0.7304073360047846	2.832518504409379	1.7306256017255108
0.04316529726650403	3.40803180001858	1.4684492121649682
1.2925121390953092	3.281415030734269	1.3347197987008186
1.0405258631857033	3.4781226268669534	1.464050316985333
2.2601719824558115	3.8274430077244155	0.34233347622139443
1.5745222964709182	4.376257464938674	0.5942568557586025
2.4757026899383643	5.2559198663314	-0.3215556979853504
2.7568385228822243	5.652500466380323	-0.6631816007099038
2.7634357882099545	5.746517960102236	-0.40312105652450225
2.6421101042763127	6.212731694181119	-0.34718252509863823
3.666545925184308	6.047470318478363	-1.2988550176329314
4.244183215664893	6.6718502034012435	-1.1635411208135373
4.014699475562934	6.884972119502945	-1.394011082377937
4.533034960608546	7.294827516594654	-0.9491056989871964
3.9429796743246097	8.030102644331546	-1.711462098492925
