7.252401701287783	-10.447143687326916	0.549605459116592
7.292283635053965	-10.165634898078226	0.9379254894840214
6.814404816501652	-9.809323378071259	0.7526104654269263
6.526254310107793	-9.309763691620743	0.8003738234099992
4.702540425729099	-9.303165902450441	1.0546741206731038
4.8831663195377	-8.890898339442494	2.292745103594865
3.7089140598769696	-8.144336340764134	1.7818400766493756
3.8520680186895584	-7.35798116032899	2.3002829611509914
3.3022057584891944	-6.721457380607648	2.3949836610715836
3.812985544029125	-5.515747291218768	1.9155084126716448
3.7410180513360256	-5.394724049008423	1.8089847327893454
3.9624661159071026	-5.176315662248959	2.2447014041617357
3.848831867121322	-4.091349619071206	0.8319249221261615
4.884932003812325	-3.427582512192278	0.2986154586217357
4.691736414870981	-2.47307708317957	-0.3516076395787386
4.29120842032175	-2.080407951280436	-0.6702679932251245
3.1309687716514105	-1.4416222567521566	-1.2791946765073139
3.0890202999083822	-2.1975168115272887	-0.5863619682837783
2.0412324896507656	-1.5477168434252	-0.8785568392155866
1.5747289346775593	-1.5867195062270634	-0.9605223228002324
1.495443340045523	-1.2378434205678048	-0.6543008095602825
0.0854058784871296	0.4067754085644104	0.20166467178187653
0.11988528400363307	-0.022499546126567113	0.14273029151467942
0.32584267852618776	1.1183776228730904	0.05759718245575951
-0.5694822058332785	1.5580719217217227	0.42508864119323364
-1.0840525285014724	2.5213144890203516	-0.4484327290596253
-1.569933977803624	3.0405884097242057	0.20782050778714933
-1.8877130509710827	3.5617405936441013	0.22947445139316291
-2.2725158268468912	5.667277008960308	-0.5207129439544236
-0.5334858498012511	5.7987960791064275	-0.8548501336900446
-0.19071120540036302	6.751172266657862	-0.5983843236131274
-0.15277843925142853	7.074871759934993	0.41244910302209525
0.22757426717598886	8.05095077823067	0.7307042834820843
1.026153961032086	8.32333927459611	0.5555003776631189
1.9956589060624244	8.188152501102616	0.5819647572090804
3.883768715342806	8.87540015635829	0.3693767030932959
4.4877691191566775	8.700144374571801	0.36158699644715514
4.6990198061399155	7.83784406173024	0.6966621802657146
6.106170988576032	7.42216209448236	0.632123288798093
6.7917740029579585	6.857289384847806	-0.260608583672571
6.450573516680398	7.207878295288462	-0.9796940391683107
6.886491110240424	5.384569311208468	-0.6939690918413056
7.276761720767371	3.955991726990314	-0.4992507374922989
6.79229032191069	3.671570354927291	-0.07956938354305665
7.212714673620241	2.3369159680122955	0.3586161976053721
6.047704858312064	1.497583984945911	0.49301966702298583
5.201416387001082	1.941800168433613	1.1666228203628748
4.728925895175952	0.42659849688257967	0.9259072533154993
4.563685989067246	0.3794778687924141	1.9698937278874822
3.552797687378171	-0.6412865986675169	1.8170313530838516
3.1382377237211436	-0.894605732528875	2.3992814728768153
3.4174065691616926	-2.092556793223678	1.7035605703892385
2.334658227851169	-2.2521427675127024	1.7357204097975896
2.1319149120236984	-2.3623392130759227	0.6381976183923993
2.043476613822316	-3.462373072496179	0.6424557318599808
2.343290926132244	-3.9633378299476902	-0.39223700485200036
3.2395553694333357	-4.86121606296614	-0.4912000187241136
3.574304120913768	-5.16831871249784	-0.6858113762419216
4.4142565506046285	-5.597200911119464	-0.7428674572354497
5.369647907458029	-5.687308572092697	-0.19799555102245014
5.199287715678037	-5.495291646251189	-0.14345346056140357
6.851450762580014	-5.170963536670879	0.2657356310235705
6.438800744749929	-4.919776650301602	0.587399743829383
7.770743035831425	-4.968213596685473	1.1103470601960614
8.173226298816797	-4.930471502477685	2.0000490661919867
8.409829802084428	-4.808617916323753	2.2814135381002116
8.9954667274257	-4.570595759644939	2.5603176138210877
9.875287237101908	-3.7416441494462376	1.6353052129262364
10.345216484067826	-3.0023000711331616	1.5093459223862127
10.476994986862172	-2.3259179874103575	1.5097657615308653
10.00252529790201	-2.064326677480796	1.594324057117477
9.801354543289504	-0.8694458980035178	0.4277537663828038
9.48266504313983	-0.7979570226523256	-0.6743536092543803
9.055188121417988	-0.6627819572818516	-0.47955709703497507
8.039734545326933	-0.20409819510141702	-0.6773563231047749
7.123104203164138	0.8687909062303506	-1.4197155007522777
7.338877416589533	0.8287051667777273	-1.5954519492434622
5.8752810943579865	0.5345805946940411	-0.7647489015799145
5.53393374110587	0.9119859864559412	-1.2837094801593618
4.440178335057666	0.32539680383959907	-1.082453104057036
3.377876661648652	0.15350348514813306	-0.7380764808123161
2.0783327387007104	0.7502848558768953	-1.7235117830431825
1.4518299924219353	-0.1572596814219941	-1.6646437627536932
1.1408295491722777	0.606036714045777	-1.4164855735041202
0.7434606103395951	1.0467804648284877	-2.3450838904793883
-1.0394911183094548	0.7710133465602468	-2.1619295720956333
-1.8607859006096894	1.4162280762873918	-1.7316383401744002
-2.542882293624512	1.5933121052572567	-1.2897380973907993
-2.808106851280815	1.8355726151810234	-0.7957757935071599
-3.3333372409647812	3.1649607202968006	-0.3012953893152894
-3.8741319247392276	3.904370731093003	0.41953115613596553
-3.0445808043544513	3.989506746129324	0.9303210733397413
-3.6719940036203758	4.258796828542117	1.9598769037329462
-3.0107045370703	5.692586263538152	1.4977432206083132
-3.0769547031151685	6.133499550075677	2.1169361703717247
-2.054052358608871	6.3981919819953	2.6802599589400224
-0.8674680853163681	6.884687613712913	2.9691761432032635
0.559667146902014	6.431404390837142	2.852242550051107
1.2117983902435399	7.159159828805225	2.1813745291474747
2.24526494816667	6.7681037727855555	2.0673715606212184
2.2714262248173656	6.611325141350274	2.30149411889003
2.992911039363058	5.671714361664923	2.3552552485381395
3.965290200564007	5.461598399418098	2.317687060622197
4.564495240423956	5.499818345537231	2.466873590739209
4.6750573406027165	5.010654411037603	2.8971959552855377
6.787205817331852	4.85705101877303	1.8181071259563983
7.213882460063115	5.07470043643999	2.296984244240526
7.958498376387377	5.078137641047448	1.7486765363919243
8.820981970431381	4.531814713006412	1.0427771561643777
8.581087774337227	3.5905311313326758	1.170349266901602
8.677621795181931	2.563762896465069	1.4077674618900782
8.745619987483767	1.8243169926193727	1.3893661297077093
8.544939032060036	1.1591232766202453	1.9949712896572387
9.006361290062662	0.6300907835758711	1.398427405665995
7.429233458300334	-0.3374348823729904	1.9812425875471305
7.322082342951595	-0.3318680894955137	1.009654381052037
7.103864329328298	-1.0707445227260122	1.0476576679953373
7.286619691355902	-1.3118474314333541	1.1244772628583277
7.466447439159539	-2.365068340107463	-0.14329338429769028
7.812489249124416	-3.167120995231145	-0.439229520049464
8.73897123577318	-3.4109807778998866	-0.4693886100588789
8.906992535101715	-4.4376550961323264	-0.9391928685374382
9.286554151105022	-5.0276894726304135	-1.3044162990792016
7.867765807807095	-6.007302282935663	-1.2479328733365183
8.258533942755676	-6.221327962781869	-0.9178935120685352
7.058806414171474	-6.797248265936362	-0.7475901444945154
7.4677717163678725	-7.592496250558165	-1.4611345807586513
6.642927731550392	-7.594792836284142	-1.430226010342955
5.626892678682182	-7.9658627696482665	-0.9328752961135534
4.314588395782181	-8.492537704674387	-1.627939390665136
4.050656151366509	-8.796401303014528	-1.5065839154422045
3.2360980850282646	-7.845560206326812	-1.1193278954588624
2.255297541953462	-7.5953325047011635	-1.0100155972188394
1.933221339270697	-7.362456420255316	-1.010972773267164
1.2434153493479645	-7.3225375065787	0.15246815201942288
-0.017586365374044538	-7.183149191256367	0.32862767888009103
0.10016796829168112	-7.014219881861591	-0.34462203332770885
0.2524626613095815	-6.625554821442488	-0.2954744413783905
-1.2234809591441225	-5.047881549572858	-0.1729655236145768
-1.4170043555395944	-4.910030190066267	7.695653698026883e-05
-1.8250045610645484	-4.717639661410632	0.969451903045113
-1.7021828941599912	-3.285347160132331	0.3760170161996168
-1.1985366198723821	-2.724741280048673	1.049401728999538
-1.3252808723401601	-2.535521481866346	1.1712534858401913
-1.4675062130178256	-1.7970390963354466	1.3340372203554938
-1.4596701936829648	-1.175245366453151	1.7123250574724618
-1.4688868357340807	0.6616556978210361	1.5398288363646435
-1.0672171318274795	0.6188939401010175	2.6291788896177657
-1.1244566056515133	2.618413467992652	2.125375983878718
0.0022702477583610436	2.58639999485673	2.238684326710134
1.3530177816541724	3.2741927896029286	1.5244849109107208
1.4027309636998524	3.759746544932148	0.9807979213391365
1.7426951205637797	4.600867257810805	0.34928033026282496
2.364724514663001	5.03371765851165	-0.07922124463987656
2.483219596328978	5.999423685908463	-0.9937555306499216
3.6262141931477165	6.4178745139168365	-1.2472340162913076
3.9925678485252862	7.464070954005571	-1.3354567728292754
3.761777400328204	8.24058291898669	-1.98902985660585
4.29600777302883	9.206652295025645	-2.4172749109598572
