4.8959629306886265	-9.514370015520385	1.0357505900306523
3.603849090126729	-9.306515439585013	1.1539514457882245
3.750822080153255	-7.847442944091741	1.2515603873199395
2.3737429899314324	-7.395662322408914	0.8269071424392529
2.235432547194503	-5.1576856092568315	0.3782964337884085
1.936057573271232	-4.266938503758389	0.24705804854362967
3.014798380973134	-3.1098962488569364	-0.04684817085842655
3.315629065684065	-2.562905063958341	0.7966885862430859
1.4273735193069337	-1.0639696150871	1.5524111945145935
0.3403285009022925	0.846334635829703	1.0605344294650916
0.16614751696550284	0.8601744610636012	1.3824546504370812
-0.6981864467137194	2.0823489198652387	-0.0659175785616346
-1.143199440811682	3.454332227035521	-0.3770683823209722
-1.1265489067583085	4.945873330740724	-0.6520323863490541
0.2981320605799713	6.224166724540568	-1.1503698031851226
-0.08861838380938084	6.522120054085528	-0.6351543348983313
1.062276294724684	7.120936403957444	0.7553450293943481
2.5665312957067736	6.82359901961665	0.935536961995024
3.7247950817966817	5.994783340418349	0.2916916749419244
3.9620045036740645	5.31250720304368	0.32007161838220227
4.601654276062541	4.182942447619791	0.4757490239360244
4.428627439086779	2.0708360806206128	0.09853450762541416
3.5353019715991207	1.4239556973726497	0.3808128860428875
2.3214787172584184	0.5014447098539803	-0.24635914874270692
1.3408953359556102	-0.5014466445670696	-0.4389111985837846
0.6847839849257724	-2.0200612691877793	-0.29490484386131577
0.6721265749456682	-3.053385688573284	0.6655344505414518
0.41229775281167047	-3.5215573243980143	2.6186557318475874
1.3765875866139476	-3.7267895071503334	2.7903718551850565
3.3567593174450456	-3.625484203544498	2.6303107400806773
4.463379254970128	-4.744583928104731	2.667221879389462
5.255414015852962	-4.045001654078836	2.4822443201491122
7.221371204897787	-3.3453383183074683	2.4082991394952895
7.412460841084716	-2.616413589082466	2.882180351974058
8.160909074091586	-0.6916897715274408	2.081948167698064
8.284011045780478	0.3672261088349791	1.626546445068765
7.6024063200806395	1.3796984330379156	2.758571562484267
6.562091337056369	2.139136498812272	1.9713443870380745
6.077056241609965	3.2734158739082844	2.877079505059988
3.9709723052293207	3.964920625880195	3.9770895658409877
2.4130598240209906	3.8948777493960223	3.7083277292053802
1.4518412601823791	5.034658540343944	2.8854849914430405
-0.28237016871449555	5.163892676668255	2.635321239300269
-0.9648215221215801	5.158878376316021	1.7281674861741383
-2.820098603216783	4.256829703395227	1.0733383771635563
-3.319387582332638	3.8072798744583634	-0.15999254039283206
-2.850648170558295	2.877589515169501	-0.5437586013921234
-2.6473135775355154	2.2585721056229646	-1.9769987129858317
-1.4321919387776656	0.9341763901866674	-2.5430960187364895
-0.39690165830359697	1.9451716626876085	-2.8748655720627814
1.3420211838514027	0.8833919104343382	-2.09789306445336
2.4455513069317054	1.1957115001311094	-3.0097100375875114
4.797436786774609	-0.21907086036899	-2.470903970789471
5.014531203648591	-0.22576999332936132	-1.7073204460991074
6.309971264342894	-1.1668611902182053	-1.7823424485495274
6.822755191351974	-2.7106232818030467	-1.925514216793236
6.292505794728358	-3.80959792573039	-0.8903081486861713
6.211487937483782	-5.169199067780983	-1.67311739861484
5.622800024022633	-5.634360402426804	-1.9736859363663712
4.1583521569632085	-7.133559255576089	-1.97612097932321
2.4917474858750586	-6.869198263873047	-1.9752133176238975
1.7334987448625037	-7.018316066816616	-1.6513768120859118
0.197220150613736	-6.8388813033263345	-1.2559245240037837
-1.3788342593594611	-6.991092828782034	-0.9462442664413315
-2.0346492158879594	-7.096269843103429	-0.1614928323854582
-3.8477360308584796	-5.089435005011596	0.25110821361458435
-4.299719120575702	-4.767714851691698	0.764331030929569
-4.824585679834883	-3.1795079005579665	0.19729744506976596
-4.338746197889502	-2.1295033678662523	1.6688304279361796
-3.4794933408698046	-1.0014853038173752	1.1422636620641016
-3.6203945264614785	-0.09632422594733664	2.4006916144239536
-2.150867374714588	1.4109775010304806	2.0519985341504556
-1.0868072652995355	1.6421188742221253	2.988835896703728
-0.4540441324444094	3.474651797800864	1.8239327295369732
1.7189688203003213	3.3002989226148984	0.40709498454326504
1.6185493612708823	4.982348084391849	-0.09498337284624958
2.3201135421565513	6.0223094386137195	-1.640712557673261
2.845684629350957	6.299895353567034	-0.9242616815938375
4.140557323839115	7.318761494762811	0.30804080485117746
5.195352191409312	8.47233059880252	-0.15806574155095454
