1.4738470428541888	-8.303404566868227	1.4534994298520894
2.376567877906088	-7.534482574951982	2.217055178947869
1.185716278173052	-5.746655751429032	2.445431362275447
1.2687104771758928	-4.559767135783918	1.8646098839065712
1.8431695824120615	-3.978143999535455	2.6440060657875817
2.352678267789863	-2.687092241452476	2.9340634608760325
2.992210072650444	-1.1446444597158736	2.316588611689629
2.6752954577298125	-0.23523981920114784	2.062941869306769
3.0825090273486464	1.4056633817224378	1.7996395963037795
3.7135574750162417	2.8286594260180795	1.9240888871834207
3.1646875647552575	4.552065947386187	1.2356240557586295
2.8617084489905964	5.087685216145178	0.4988624184100018
2.843361469650369	6.209525034805184	0.8126439324441228
1.5279532003703453	7.071570405537781	-0.34953996158988354
-0.2695541471246642	5.890480237381514	-0.3314371107651083
-0.3145972792565055	5.086125122485843	-1.2889333165775114
-1.0111486377447307	3.8376991898278856	-0.6168176775370964
-0.4537934353765856	2.3549807103038307	-0.4519351534434719
0.5621594460010465	0.644145123735215	-0.46544622077525144
1.3837749357914446	-0.6144559166049489	-0.19956008014795157
1.6833551762322998	-1.8794545187491578	-1.1762334164588935
2.5876720196278136	-2.0123815560892115	-1.4196935169007525
3.0071791522379057	-2.6396206251044116	-1.4067300291239802
4.394022926114223	-3.0363640287879914	-1.7691771751913234
5.897913719275745	-3.2718430573589514	-1.192743798447946
7.031275473433418	-3.594709917913118	-0.9225706889448773
8.328058865833482	-2.737200631241755	-0.0765249243431041
8.57996284441365	-2.5684151555555053	1.3632530615054117
8.186502864190262	-0.6737373167091326	1.2825391953730412
6.591672748518026	0.8391344220549775	1.0239650818083286
5.730996182002969	0.3449821164688594	0.5079076921538059
4.973166706178638	1.044471114599762	-0.6420313077826065
3.927758038527494	0.7625064193082209	-0.9096435174166198
3.05538182098185	1.0103263581840425	-2.4338561433461994
0.6743926383063535	0.8953031079690348	-2.974253609713756
-0.8731736199882325	0.7114348897186208	-2.2309397005096434
-2.4612913113531363	1.333299410434258	-2.335091039750723
-2.8034416731757905	1.0656230014835437	-1.283029084635619
-4.320220925005113	2.254692723918196	-0.6709958731501238
-4.301268440646024	2.7819184434672293	0.6639148024468481
-4.478576307600075	3.442546486467234	0.9094275158549052
-4.257217002973594	5.265264150483512	1.7332551525927569
-2.932067930993525	4.936500735934661	1.518820054275435
-2.4143282201136413	6.120573799654634	2.4695315171303065
-0.16949711804287237	5.668793813144191	2.2750830973925855
0.11465178864188014	5.267779288034913	3.4906640656992423
1.2670259466072307	5.70336825085562	3.0052224687396345
2.481790941776984	5.268622253958044	3.132386266088878
3.8499296970921795	5.930939424573356	3.431201786269863
5.001575068227556	5.090040764114061	3.2829947003519218
6.296001738066072	4.300688291488071	2.727732000933938
7.279514825391184	4.792481578104404	1.4615320186564005
7.805621890679408	4.149644801442959	0.9421718294226388
8.101717756423927	2.2739832248586342	-0.19357429328450126
7.93887552749466	2.117355507706274	-1.1397782851053724
7.616960399681156	0.08418535693160772	-1.5043965862116344
7.424786350623558	-0.4570236163362065	-0.9258270647311164
6.388764667307316	-2.1956341714634426	-0.10457459551893145
6.015337372045924	-3.2274393775470025	1.1980734145430993
5.516822073495598	-4.559702369211649	2.119063510605198
5.7122367247868375	-5.0273811073072165	1.0962113881756608
4.790205068721064	-6.065284719779527	0.29697037430477036
3.697560604941099	-6.337456149716722	-0.7210592877651362
2.7090869728242177	-7.106634794045716	-0.7436164748782236
1.182740345654125	-6.927520275946837	-0.10874111073268877
-0.05403872450443448	-6.88565591984334	-0.09525701721667956
-0.5568864950188599	-6.176499500765653	-0.01291034119699408
-1.9033407190347775	-4.59945382747287	0.09560169613181047
-2.8868988652831886	-4.508724629411256	0.8561591657034145
-2.639004955554742	-2.826222039545784	1.5952462581331797
-2.483182145143344	-1.9678040700436095	1.1219692938446288
-1.8591162906078909	-0.30448132582303356	1.782639355108864
-1.7838624001558807	1.0014485112766616	2.306153536139388
-0.9247500389369545	2.282758655600678	1.3645355334043818
0.5450854443768012	2.9647522625029	0.9783930223500623
1.1125847997539011	3.177414720892279	0.7532557694465524
1.7341060073383943	4.167798229860156	-0.03313826436027978
3.0283542094095703	5.83017602779365	-1.4451017844235732
3.088392303872217	6.526535084642418	-1.5160986627645756
4.721976881701308	7.73644756494973	-1.9727368513485979
