2.4655857827382572	-8.65856497074604	1.4562561924537845
2.6730045241989324	-8.446594040606094	1.3594977724196295
1.8632458918603743	-7.279397009172449	2.2111446988198713
2.353005014909707	-7.313687221066874	2.05840479383774
1.759896183709492	-6.555917372827463	1.6033509875176013
2.0795699809652497	-5.845540065044629	2.482568449115462
2.2879113916072384	-4.7640453291021165	1.944041848281858
1.4267533092949363	-3.720019952284091	2.5468901055959527
2.4715994059284414	-4.0330423165467115	1.927030813043826
2.6004106047234035	-3.1010104839191883	2.0997924982722584
2.4508819783534896	-2.5011230537257068	2.8933335557319095
2.2106684754631356	-1.2051497903902684	2.293336443274955
2.336740164561233	-1.172265379581448	3.0010297408236717
3.1801927104301604	-0.21569567780266452	1.975165740247888
3.384464680158423	0.7002089798123512	2.025941348044494
2.7946528119240095	1.5539259451954013	1.4705597636851317
4.184082977182888	1.5236661455957243	1.1877702400947623
3.9381514373625865	2.1410249810415114	1.2626734255398377
3.6808271410742663	3.1261568234179133	1.237679060719396
3.467696931617315	3.3899881998139123	1.2819022962008244
3.1723566880753427	5.084515993363333	1.0350744335252948
3.035393638008847	4.564822095686367	1.2845292227488203
3.63229802628796	5.775006548259482	0.9993668105194384
2.191711834617819	5.899870405236757	0.6008133027928466
2.62619083767476	6.401114663070742	0.9089784642724023
1.4193380213455864	6.010074975656257	0.5294309763856507
0.7529346932223362	7.094966087259262	-0.36324709082019146
0.20901274233659697	5.983577837625399	0.10392694726988694
0.4866370015019458	6.492757277823262	-0.868455680378964
-0.3321797256563406	6.058729917499758	-1.044796013038988
-0.3985019826116616	5.343484809922421	-0.5065019653795662
-0.7180464770859982	4.601083520373403	-0.6721616019955688
-0.9912780938274401	3.3435180678132697	-0.11771299996611817
-0.8310437669861136	3.1640487854724446	-1.295691511009882
0.30061904243763293	1.8215365214656691	-0.4389757369130718
0.6020266966503828	1.3760654527629255	-0.8011428853409641
0.2249335787572162	1.0613217164937983	-0.1758012639476676
0.5561720407930228	-0.05631251508317692	-0.3493339610162266
0.7509684739216562	-0.23201771884305744	-0.6106736613847688
1.3172277542350421	-0.6470027575629522	-0.3876315331314162
2.219615674036711	-1.7547347896822147	-0.9394738673417169
2.57284468637274	-2.175012863521886	-1.3916356058185373
2.1358068254786238	-2.4927798035018327	-0.8455430858474536
3.040049073735898	-2.7752755837021086	-0.9197170647281725
3.473732831107198	-2.6962930405138543	-1.4861010779099009
3.4877419580892504	-3.081828762083001	-0.6339060079093841
4.935394833345021	-2.883195703178593	-1.6716398970111006
4.877647702302907	-3.2049189095382475	-1.5320795867175798
5.52216539765457	-3.148808437822663	-1.0635233868945642
6.050673710410326	-3.406171781728304	-0.6261244649926074
7.804020420218118	-4.06183613675233	-0.731178605453176
7.9604384109811015	-3.714635473629795	-0.1532152279966552
8.855351920946907	-3.0799919902574393	-0.32456893540503107
9.362181690580307	-3.060129560149633	-0.33104769759371455
8.353934647648877	-1.699289759950969	1.106392623383322
7.89648547418627	-1.5802510884583771	1.5645887061198294
7.9067328028375	-0.9276944948068455	0.9470377454091674
7.57487514045705	0.07186489075048064	0.8006023120676977
6.6829090425741855	0.6811942315780346	1.1708186810049899
6.368561377063957	0.2700217218570481	0.9156543559748432
5.7023169005595395	0.13801432258951457	0.6730789764762323
5.4156905807731555	1.3484281603953783	-0.10947737371814714
4.5316761246899215	0.6529360629581364	-0.34115348899473297
4.475536908804154	0.9652551591849998	-0.7815535983494748
3.180849209240072	0.547728128510527	-1.872670730936909
3.1777418559811412	1.5301470775307182	-2.3085179148459507
1.8932676474828993	0.9455777284167313	-2.2757130729112225
2.4699300482004825	0.5922574488408645	-2.777060255215155
0.4220094636752207	0.6322560503687622	-2.8221109524189134
0.31665812219732087	0.43216582168803724	-2.647355482995609
-0.1794113435227651	1.1696599507541587	-2.9087246782625167
-0.9170561062327893	0.9201517745781316	-1.8863630752706864
-2.3331329345634506	0.6365199595136198	-2.61086849684618
-2.2572727581093024	1.5891101468653785	-1.8561250517263543
-3.089189014744096	1.8329141798872426	-1.0747184329866415
-3.360856279387133	2.2404442817628967	-1.5055630309643189
-3.961062755581689	1.5114281461618213	-0.18925974479647012
-4.493750449380394	2.365173641092227	0.5403641654444037
-4.7288393584937065	2.6173327350500912	-0.25855513104156513
-4.274611563459475	3.176489368072513	0.7860475214203082
-4.514334867516837	3.4123231500757902	1.4283108542015588
-3.729445593804349	3.726505589981639	1.336415898341998
-3.6637744615039396	5.079144799279008	1.2682665230832506
-2.8980266123480107	4.982632925001663	1.184441111734114
-2.7827551093387717	5.363550646288462	1.4811207434098554
-2.860684459269862	5.10828132383905	2.352337394887808
-2.508826307071686	5.541116176257099	2.5075219282776295
-0.7690447881557998	5.791553568181139	2.5009678191812625
-1.3207480465754255	6.254039748969131	3.0761547161635443
-0.2110851545653769	6.151625754988223	3.277465914557302
-0.069427826877617	5.430359098829863	3.2994942066077346
1.0772699432262673	5.588448512108997	3.679445028428405
1.917928655512851	5.196900226779351	3.173314242361003
2.3380911125983763	5.45375974393816	3.8823883699744526
3.248404585911386	5.054559126571303	4.1854519597525295
3.2006356753341394	5.817555093550842	3.393049749124118
4.220941210910238	4.945438171197568	3.9595845322838557
4.995238684164306	5.589653339493542	2.6278833927048697
5.340427063212812	5.658665370245734	2.9897137667818243
5.680194789208455	5.022553208722502	3.324778851165612
6.481918004801101	4.670023829987683	1.913582230112441
7.409085607744901	4.274707679945851	1.958465390928501
7.3356662319771	4.6218122455248976	1.6673795352476595
8.13668041848642	3.3632050120114485	1.1583616467404407
7.821221078602969	3.639343449242682	0.7835093022604825
8.687884805589352	2.8269676629049503	0.332349572739314
8.91647606665233	2.791445546049459	-0.13475544073572832
7.975330123671157	1.5975420285764632	-0.031800088910312385
8.216502665503016	1.6774629716784182	-0.3089464292752818
7.924356244722738	1.0033677786863815	-0.9607627803681646
7.659048215570593	-0.30470739869527	-1.3359181766242996
7.451380378116292	0.3369240063086414	-1.0753017410045314
7.71232388194862	-0.8051835858730578	-1.1739245381912244
6.359654633649017	-0.6409609324322678	-0.7114764683283665
6.448035929037355	-1.6883373524047462	0.21211727678501946
5.712122926630852	-2.9754648828147783	1.3666730240928773
5.691822811636195	-3.1323995896908174	0.6305997839493803
5.704473256345239	-3.6790409519619116	1.1833414774102047
6.106802418559373	-4.230341760474002	1.8848493933183716
6.074504725101022	-4.189989805459037	0.9645866591492498
6.280731558187037	-5.647736689296984	1.3783790209220146
5.285015740994645	-5.828251732213349	1.1986487133027939
4.8515270282324146	-6.387069693659355	0.33301473448491625
3.9376705356427126	-6.587437883607167	0.4642243149607569
3.6627334840308756	-6.316342528679829	-0.6564395709119679
3.956612230501681	-6.388984723829992	-0.7295661950386731
2.6417618061462744	-6.61373094840419	-0.3021319619742132
1.741032175216531	-6.72195668449317	-0.0023732179881497117
1.6207598236311478	-6.62789787851944	-0.8062900756554308
0.41575794306127867	-6.936513807283674	-1.0537352516044707
0.4373488348023996	-6.308261414451515	-0.6922366574435714
0.022544446894093406	-5.92071962646	-0.6925644628790855
-0.9572644278792994	-6.077757905202271	-0.12573457314005898
-1.3301031300493362	-5.027877114218006	0.20731091913595734
-2.010311063140353	-5.5460739918913555	-0.15768832759436224
-2.2326362060480256	-4.236561489819552	0.7212109999826652
-2.1425805522582246	-4.361448011084248	0.6453742722028446
-2.478215214713715	-3.7153287178007277	0.9525963469758176
-2.7187407480612014	-2.9329133994095797	0.6919706487127015
-2.405091822130904	-2.2227926261030753	1.7559475765173906
-2.6496258861948623	-2.044819952549874	2.3543319072624733
-2.4918982698158203	-1.4983531030911381	2.3160152328878953
-2.383233817180893	-0.5238680816792061	1.9022931590950871
-1.8510760119748506	0.712085330782311	2.2223884591842813
-1.020983907564779	1.1427662962407792	1.8307812722689905
-1.5840742956499112	1.7558266346982307	2.1046166119113114
-0.8736011495763204	1.5339465811221393	1.5115493234342132
0.4803620359151656	2.309968436948063	1.5442535373640458
-0.04306492936999423	2.5314241449696904	1.889134610593636
0.5136212582654917	2.8071184599114343	0.4402053459087
1.3227223432882445	4.231612072969114	0.16137536595146207
2.26240706911102	4.281141038190487	-0.2819322524987321
2.704962255700393	4.218957203923331	-0.7305684091390949
1.9969541343056316	4.695723014854655	-1.4138781302063061
2.631396679786724	5.609803794850447	-0.9121201480866998
2.9560498639729564	5.73409720670937	-2.0270058565752436
3.608889335177404	6.881346163212064	-1.9002367878025186
4.123347707274862	6.638494830547783	-1.9579153052601725
4.184690358265839	7.606252153436922	-2.032463691300628
