5.232398621532969	-9.075354483459451	1.0047064989700867
3.606852966415404	-8.48913514824557	0.532834666000553
3.4623608000143133	-8.403101518073331	1.884014565280373
2.972510288838126	-6.854950544252812	0.5738591809092668
2.4964162542781017	-6.0262966257988895	1.0567044773319316
2.17399934691417	-3.7963184745424385	-0.2255659487267589
3.4069621415284015	-3.543497076151044	-0.12200895259610325
2.8136820419900457	-2.1470443468617857	0.6344372637710327
1.6844989210420587	-1.4162715887150517	1.23281141956764
1.3537691999173702	0.143051020966263	1.2554706966214686
0.22585222790445864	0.16278168170823543	1.5428471364853509
-1.6459652290464626	1.6213581496435552	-0.5207881922067032
-1.9505797273805272	2.1797170725167896	-0.3614908122361147
-1.8150154288703022	4.501279233797843	-0.9718154033368358
-1.6069857056253272	6.781022551212834	-0.30758336676833953
-0.7929791547026337	7.19499885423499	0.4213560858413947
0.7390212084451611	7.979025353779539	0.8694133097906716
3.0784850386195783	7.8133503002574844	0.27187948251598754
4.678310236099586	6.526911003983223	1.0420941172837865
5.778076111918335	5.702036512143661	0.12259384390624598
4.70392412908362	4.537257672714561	0.2615159494121112
5.1845590541286555	2.185182177278559	0.1679555570722564
3.721723760002049	1.086348507159799	-0.4852746371270201
2.5647642557092842	-0.3638987647627082	-0.4453805817504513
0.8701221726198727	-0.9319678964853392	-0.5136066181534185
0.20285050027827306	-1.2572016673455457	-0.09450024376776578
0.6981316402631892	-3.2543909259710793	0.7383713917943762
1.294752662986013	-3.672732016761369	1.7639848273155438
1.5365163664826862	-3.460903191767181	2.402726442324799
3.623085020386225	-4.563524456998949	3.068077358713898
4.67025655840761	-4.482012489355966	3.00206971385843
5.5001899874697795	-3.5010806818135674	1.9944331241904318
7.192638956127847	-3.4235160081926	2.4225129026434558
7.573505076589194	-2.4122089596290963	1.6296686969311043
7.903980720447991	-0.41929049018175446	1.7375505801578401
8.711914134714903	-0.015937235568856623	1.5337626622460903
7.205826806134001	1.2184017366611826	1.9071754857980774
6.450441312723628	2.6396958627684843	3.050037285077506
5.412847441182224	2.8857289507242596	3.5983940609085483
3.8143677877390223	3.6809781752581294	3.51980317074578
2.9950011409673314	3.9747000253314813	2.9282296474392253
1.1065851350105067	5.1362024700557605	3.4539402500780074
-0.3188580058668533	4.770934840216641	2.625355453366816
-2.535049768390623	5.852028433088411	2.2955878642364786
-2.551211865424503	4.400274474800858	1.3911064954731995
-4.450451743912982	2.9092923180397774	-0.020710419194172852
-4.402437009617511	1.3446840888064602	0.0985136463569718
-2.6042256765114953	0.8968958579551319	-1.6295663464374337
-1.8061617685369722	0.07416834501434236	-1.4665355391573813
0.4238462200993233	0.02836447876936926	-2.430184990685003
2.0048900422087454	0.07369200529617348	-3.261441839856172
2.791193342964483	-0.5355820898144263	-2.706691056217304
3.77991006427554	-0.46095415282156005	-2.366336724696793
5.063653454298221	-0.5884670608717824	-2.2730288749835172
6.728996171914394	-1.8238485562802822	-1.5425979449328437
6.490670575176892	-2.277583483086393	-0.8611306535493051
6.186237760854861	-3.389999562195378	-1.9500711822122458
5.772172654517744	-5.069422538660572	-1.021138881487749
5.348189362399862	-5.687223007737157	-2.178624214252804
4.7861915236376635	-6.840122198323525	-1.8345687809582747
3.025414810612491	-6.806941658580592	-2.3074502405721153
1.3274814649265911	-6.61060666828718	-2.111668282165841
0.1748973528256973	-7.1547700479952665	-1.4804056029317783
-1.7065937736002785	-7.121188298539566	-0.8789728619366342
-2.8503482464302885	-5.865238437004114	-0.5810594710886532
-0.10120540987241644	-5.823467655650102	-0.4110776595441431
-1.5216825444377187	-4.663144127383582	0.33571087537747824
-2.0518327600885042	-2.8743249392722774	0.37492290039875237
-2.1242691460102434	-2.0818741979386983	1.187704353006197
-2.3979272046258235	-1.1150882006269716	1.4875829056080756
-2.616539566688593	-0.5365899798527809	2.595821299743733
-3.262394252755062	0.882818152161978	2.975687496197735
-1.2670897187351389	1.9587444757522263	1.949061072900784
-0.36472049652449895	2.4918574640873574	2.430147565378682
1.7127551387722213	3.1863748154393097	0.9183283075685509
1.6358077626691352	4.777165944845668	-0.5655365929438019
2.1599918556347015	5.996691309060128	-1.28424641398389
3.2941522889552006	6.116784569940537	-0.6481086786539215
4.8640496695516395	7.134158849395914	-0.11801232905709225
5.771807202652072	7.907153227066775	-0.2795952567706985
