4.949663221358506	-9.73885943521453	1.022715420381623
4.693953335141913	-9.139838600860655	1.3882987408950918
4.367847596996976	-9.441920697072655	0.8882791398692722
3.9490632383808446	-8.210536173018243	1.1337880790366301
2.8304748114455753	-7.894249682721369	1.1449222489121031
2.471470125169333	-7.190798108460765	1.2353406888994454
3.1548224908993845	-7.424797536209706	0.7656235135076109
2.077943649145249	-6.874684271921554	0.4489273080208608
2.5280877566553297	-6.041702298613204	1.160956283658875
2.121457601702264	-5.124182540588243	-0.22125393714096053
2.2407802972732522	-4.470137614148392	0.27421695407614954
3.2179242567603588	-4.16016569248212	0.3049110641268777
2.7597097666759423	-2.9381563588747257	0.5885581795961244
2.181497416004092	-2.6510786331802434	0.1762701757076547
2.9419874431762603	-2.5129481116653682	0.6059261991439003
2.000359741260962	-2.0653587372767266	1.217695807275103
2.024592660844087	-0.7889046476556085	1.557083848036864
1.8200363501685595	-1.0777195524619798	1.1915862187883208
1.3496994880539306	-0.4515371213732786	1.0964507624489168
0.40626962907953956	0.7461185106917346	1.2422215363051698
-0.08198079519015372	0.39548933154251814	0.3898099719295489
-0.09936502133487202	0.9490775960462854	-0.18944163096784294
-1.6567965523259014	1.3208962696610604	0.06337761033524947
-1.7551824448884144	2.0708916903265817	0.09361830497342827
-1.6917653033268747	2.1892347062511464	0.14595061729937053
-1.981323486151934	3.286514858256411	-1.167616526178465
-2.609460131150083	3.837500150623367	-0.9240439823013195
-2.2783213388942243	5.1401710609318245	-0.17476436942808804
-1.3909886629508543	6.8680263467010585	-0.9380360451417308
-1.091278379674651	6.642039104177269	-0.649787020682208
-1.160897007455372	7.17027155128636	0.16212021545728006
0.7863000426640513	7.443088217755421	0.1276016045677814
1.335069976561254	7.4146924067705	0.35404649060665494
2.696572641127212	7.532712725303427	0.19384301106131632
2.9283827525463524	7.966394794553102	0.3295172613317431
4.310631005842238	6.674983843594588	0.3224920989589262
4.455564408946308	6.545746778970983	1.5068448217782688
5.402678974890199	6.038508543187685	1.0286146294878533
5.321641073653689	5.556762398150385	0.03725854574888485
4.8706373972800305	4.468522997332886	0.7296436326231472
4.766166318099858	4.637511836881335	-0.16724557007101487
4.940422550945589	3.7736276705294625	-0.28969966176706097
4.627174546911593	1.9458684526300116	0.8965723429132761
3.365241107331952	2.647165627755874	-0.43341613777858634
3.1821427490019074	0.8650556260301749	0.33143585312152996
2.9626278842162996	0.7574044794145982	0.3367039791565223
2.426786153302288	0.2645031059178649	-0.7596722054386416
1.6936891476487768	-0.48534709938895365	-0.7512755583372883
1.6861435818659296	-1.020927904986248	-1.0186579023775
0.5891034117331373	-1.2214814332161565	0.2725902302452937
0.7252604604371669	-1.4769988562911354	-0.3263997327020981
1.01620775672848	-2.8860268435888834	0.304440297734918
-0.03106666940795788	-2.56314947663986	0.8085641038002099
0.5223826321541494	-3.6652381228781907	1.3228277902437942
0.828642441535396	-3.1748036151694654	1.836230508697437
0.8850248046371567	-4.345100837683442	2.041871032195481
1.670919352400683	-4.5328646585269725	3.231440071071993
2.0702692097400286	-4.237993073058859	2.93800476457861
3.4701470942158243	-4.0060819485621035	3.185454313813798
4.142899565657698	-3.8435318890264933	2.438532813980353
4.426909492340958	-4.560456696925554	2.99569441806295
5.271171986143188	-4.433111345966445	2.2632124553430857
6.1095657468770606	-3.7837525661082934	2.1500615462327257
6.710822526571538	-3.848904420494931	2.3621527812277234
6.321297052076835	-3.3616643810431492	2.8436967664608725
7.82820235975181	-2.5344361227248613	2.0148245984749016
7.624556580737007	-2.1688378641679456	2.390320370406323
7.39504413849922	-1.444133880200154	1.9668239465316355
8.002225221083899	-0.7943578461497575	1.870104453761244
8.501045681417395	0.06481597851106269	1.7990854487164516
8.674165363796053	0.00467132130401704	1.6493148700952007
7.638658275873721	0.9717490410131105	1.76825696567454
7.215913517393207	1.1846759933061148	2.0094282628687177
6.624807853497593	2.0322873136855417	2.1864319914547825
7.146396042010858	2.5335905559110508	2.4503218600754946
6.059147952827544	2.7126708950343423	2.324252274972866
5.176980006878823	3.2754165596918843	2.5470939547650278
4.503220775552583	3.4879419090283066	3.066123855934218
3.772060807180425	3.4583220722836487	3.6199855621330155
3.091542433347764	4.286635064843714	3.0244143067231817
3.2038684819919827	4.449022720029665	3.4712490604337303
1.7592335176091116	5.200483962632694	2.9897683819991796
2.0588787163947817	5.127778526342934	2.9245778555708877
0.6300980026929901	4.547987414504891	3.5361489025540003
0.2261833546597083	4.668092707938383	2.7433474138882947
-1.1152361110883655	4.617089079061087	3.0519182736093415
-2.0090862729620227	4.790866396325678	2.5459279563732187
-3.1800524046349112	4.393388684315186	2.089743403672949
-2.877565555085663	4.221910273420267	1.5296299366506072
-3.9701793209365337	4.2613842832376365	0.7208657002320753
-4.009104305967959	4.129971806351558	-0.08053340217963553
-4.354217885565429	2.4993947729904495	-0.0895305264744245
-4.02530162261957	1.7946641079567154	-0.940911660914417
-4.210766238680583	1.0499354968154506	-1.2797115271151367
-2.685208658320187	1.1679283057958987	-1.9024429499869198
-2.190871521702543	0.19946780240651857	-2.3400970092401634
-0.6012071118635256	-0.17330269735152412	-2.521246326732437
-0.7520440031251099	-0.16631943151023443	-2.073797992927833
1.0475270105920786	-0.17128747595275473	-3.0944822374738936
1.5354071928169746	-0.01719327887299149	-2.5353754392578263
2.023814944008845	0.47568073523059484	-2.6888261704253917
3.1196313838141485	-0.5092465739506331	-3.239589691756951
2.6078841748926744	-0.11375601611253439	-2.274958551742316
3.909758342761364	-0.42993842640508007	-2.8620587792717447
4.575311021501479	-0.48199817730561856	-2.739713721201072
4.343848352691024	-0.919475163150928	-1.3101924772568307
5.56400538576001	-0.5793813380511101	-2.143017268764116
5.849764073395517	-0.9848952290456232	-1.5114788003874724
6.216769206210563	-1.4936160814252322	-1.642191051872576
6.264580747050748	-1.7399692037362724	-1.9253667182296712
6.8656943805814254	-2.63061963253273	-1.2523054838776233
7.148865190907044	-3.1393072838772103	-1.4051771731684193
7.259396873981383	-4.3071730835746616	-1.5777227441779904
5.963439907566033	-4.750652277582551	-1.3787263230726983
5.7162726127868	-5.222321732547703	-0.6062189542275265
5.329066939036885	-5.544157083760642	-1.0074320215339205
5.174814419391019	-6.094304397265972	-1.9309203491174323
4.97251404484322	-6.469016141623972	-2.0763357330906516
5.064221325972446	-7.161461565794289	-2.394767443138421
3.782260441937717	-7.44463552033725	-1.3995195002833833
2.9412993199042594	-6.788384496011965	-1.574208245424929
1.8949386520176283	-6.552915711778489	-1.7809809299541495
1.6237302363892399	-7.862226702439466	-2.0743941643015376
0.9827063416851667	-7.428163990800467	-1.3034998482005304
0.25830427215182483	-7.4097917530315085	-0.8267925326468466
-0.7040842500811498	-6.581673795182841	-1.2397453647835288
-1.6334381798520823	-6.858404261540445	-0.5091768439973395
-2.268997318046291	-6.412410432513145	-1.0338605100771467
-2.3929133679812744	-6.481848605862999	0.2978382650464729
-1.57963862331513	-6.722358176506346	0.3580302486541991
-0.42132886629649646	-5.855907952225671	0.251852685600397
-1.7230667316172243	-4.765705003283666	-0.2057323471783018
-2.303896749978623	-4.5921418365572695	0.4407988165238077
-2.4894539515804057	-4.6243517215831895	1.104308139310311
-2.03009667723416	-3.2893502212949923	0.35902754159803285
-1.9337384707074703	-2.4125134516675866	0.23435819595813623
-1.3240997777085384	-2.829423431577686	0.6166973827955157
-2.415716766170789	-1.8542139928116048	1.158302735511634
-2.404993299089284	-0.8583836565851741	1.4999221004919656
-2.820629533658494	-0.452111984861573	1.5154787014151703
-2.1494980016867835	0.046298783258513554	1.4865607109873635
-2.674632009934941	0.9833139812674989	2.1823117014568307
-3.018210917509943	1.0840328643457817	3.146465237544883
-1.1634147031099857	1.1676577770684027	1.8939558064954243
-0.7750531371243885	1.8569127464995776	2.855949572339572
0.20383928056294143	2.593849388340264	1.7093703687245214
-0.3343978198246762	3.1740775270155415	1.809243404472613
1.3104119502015652	3.2106122804812647	1.2243274577090881
0.7300482944781375	4.583819576376259	0.3954078244102781
1.896257114119525	4.113312943894282	0.4414900556207743
1.6282178115824282	4.378349673055238	-0.48667159157883927
2.602128262893382	4.492439850034273	-1.1598045542806235
2.519992421593782	5.040646796019392	-1.444402381097443
2.466987605462174	5.627590845783183	-0.6025156734957777
3.451297383764997	6.159928674740592	-0.5817027852762237
3.8300366638659202	6.175370734448076	0.2495800285149481
4.883602517665568	6.866310629826612	0.1113224349522649
4.498524331036583	7.254118686341581	1.0107310648601076
6.097771944430913	7.887368253588486	-0.06461809947175207
