7.273627406151223	-10.521392720430745	0.6367491732984314
6.107412937561001	-10.071927327231673	1.068130790650185
5.136910438294619	-8.317026196445317	1.464506346188983
4.895931742031961	-8.041100852170425	1.2352987688545443
3.7761630772104455	-6.718449121104106	1.3983285045630363
3.509419335636215	-5.683681637018875	1.710830432778319
4.755922428834884	-3.6510346652005126	0.7422968296119161
4.836657820888031	-3.3990121320108737	-0.10634641958524066
3.489764478006269	-2.445764110298368	-1.2872387452287
1.8823267569572104	-1.0172188454833984	-0.7192524422155441
1.365226996338089	-0.8632461428339943	-0.41268381478553395
0.654162109100362	0.27177980231915977	0.052386352595339636
-0.3921113413953738	2.0045866333525795	-0.3607549976902695
0.03262005794789169	3.9200329385010035	-0.2232613500113898
-0.6339509400315452	5.757752580427262	-0.7350081100677597
0.5223698743021178	7.107258104935789	-0.9232875391511671
1.9481382165468446	7.5725847255139005	-0.0414863365666307
2.7442853672591694	8.028284310889168	0.7957043044710412
3.813416339522504	8.126072267927217	0.5611125436426843
5.081997429175064	7.245460625081869	0.6220555568921843
6.087101759292912	6.0852922894263415	-0.5881485619141416
6.458906826595516	4.378222971959956	-0.31553485115944124
5.485986650729603	3.5090568480765407	-0.12079872134443237
4.48834039999111	1.731122064356267	0.9354666277197042
4.13774496592971	0.051132216178914086	1.435806598319139
3.738889234604505	-1.4674032195423783	2.400557660296244
3.222620025741651	-2.8063464322028633	1.7135446822339508
1.699894500096187	-4.127720768537913	1.1091992745821908
2.501758985587037	-4.654157037293445	0.36980206169349383
4.010274592517017	-5.328298936885704	-0.6487310400274575
5.917801044486789	-5.292448981041549	-0.4422877878109522
6.745383486488708	-5.550127390006908	1.2121226432122807
8.747233830398827	-5.501327724326143	1.4859839843659164
8.827586727500462	-4.090197880990877	1.6256953956766667
10.01931164626299	-2.844338510245669	2.194089819365553
9.737983422560648	-2.0422062064828252	1.1542488091077407
9.775462538640408	-1.1359282043967844	0.35321551398160966
8.621034125098928	-0.34892422667335593	-1.3288353169213516
7.599647729995911	0.47842410969787064	-1.6264545837292845
4.89050176417509	1.4737139212554247	-1.8809233289008211
3.1474292557504833	0.9636835234837902	-1.3062228480167144
2.022512544671832	2.2820036283242913	-2.3758007526048734
-0.38208862291869355	1.5338650066190136	-2.1721507618785942
-1.9410344739844265	2.532385687287607	-1.9427083994583814
-2.3483597418656013	3.284644753172118	-0.5909497499749008
-3.6834069430671286	4.129187523789291	0.38379142266891836
-3.4366434651968807	5.017688608049316	1.5658011659052273
-1.2302206316048183	5.868071951638393	1.7564224149673409
-0.08227601758318992	6.175345990358581	2.8585964536924533
0.6135857641402517	6.111414282141378	3.239462781127637
2.9700514033170666	5.3228717259227745	2.4813800726878372
3.586361237891164	5.686863248983311	2.2622981722468958
5.664479309786915	5.087910813097804	2.537754714038581
6.854797334192651	5.10794565935409	2.43959944156778
8.08695937588847	3.5959340557030828	2.7484015824306596
8.409856752555559	2.0852869359105353	1.3212497708074638
8.671818193257199	1.8819053296074166	1.5419610723230006
7.451395813168506	0.3599822117758119	2.0008907141024137
7.801703642335141	-0.9462629774378855	0.8374293041805004
7.490917429059409	-2.518810210098785	0.10772929270026166
8.837207013500795	-4.01073089417352	-1.025829044626448
8.714839489017812	-5.094542473291662	-1.5101419870047694
8.203856866180113	-6.664424964601396	-0.4927810615077488
6.369246977328641	-7.0221535252589735	-0.8237310506957993
5.020687012565729	-7.7733929851772094	-1.5866790369954278
3.692820171885912	-8.803828678758103	-0.9302201618427696
1.8832428341272653	-7.738780970061464	-0.6762282431280818
-0.15231724363780041	-7.578178654021837	0.07222121560465111
-1.021821956807674	-6.5329716853038775	0.6873276423513177
-2.5730957877786214	-6.036842814418553	0.6019332695621114
-2.8023256215617627	-4.148722567689109	1.0966835117143898
-3.1756005743065394	-1.7360077146980832	0.7906537360808183
-2.4565510786804508	-1.157117422279529	1.393256317673145
-1.999599195843112	0.38655293594312257	2.095778832453081
-0.9738056329521678	2.9457174775394606	1.694779991067707
0.8194322704212128	3.8635817368511383	0.9454162265705152
2.0930208729378257	4.808714294470908	-0.01899051381352007
2.8319033081004052	6.410113330944355	-0.9375376938651854
3.2712091682877285	6.838131304168679	-1.2163552784476928
4.492725844194478	8.800826799394367	-1.9234149203263708
