7.222204438949185	-10.10136024249525	0.8483406618853855
6.211494714716508	-10.22230059046702	1.2684011460945381
5.6037708642294675	-8.94556538459281	1.4817270260704696
4.278930549655616	-7.753103564078884	2.2617852825543716
3.182100167356466	-6.891829980256647	1.3682526366279602
3.703858089260737	-5.806807821118366	2.6550179440070596
4.307148764709681	-3.4207238072121315	1.3610008545104186
4.494133918431124	-3.385682901651816	0.19221786076447378
4.093110439285425	-1.9557451794224643	-1.2342781336205193
1.8148484734711146	-0.9600294620955021	-1.203312564914327
0.4768550472741536	-0.9195873351242522	-0.31558722591905297
-0.11730661539113557	1.172336989060778	0.12971151788463098
-0.309551488916696	1.5222854125949166	0.5235168659218256
-0.7679243834577456	4.14127676136739	-0.5463764482276154
-0.21190590929797792	5.410041662975389	-0.19304165171274712
0.028063522466818536	6.327028184613866	0.014140716130539799
1.364169717888656	7.188816476724772	-0.4091030864424034
2.8175792821226464	8.069491905702735	0.7567303988383793
3.6423107290639525	7.750490730172068	1.2055158805169428
6.187266432103152	6.76302825956433	0.13770992519408173
6.5744111009498045	5.300584528277704	0.25843191081052874
6.699654562042144	3.7626656281183783	-0.10668396250815015
5.611903283457684	2.5169720413812313	0.07858532368095267
4.886781997533663	2.357376158747626	1.1429699487868383
4.430786048540876	0.06230882902206972	2.154137658683856
2.75081450864958	-1.3998903375401475	1.5172179553654424
2.4887538995334735	-2.0698196910357414	1.3661806457563985
1.684431697132871	-3.9014469593891117	0.991075622558248
2.90348156697233	-3.96095887007046	-0.6534098323495983
4.11256994061618	-4.869942649497863	-1.106909125451879
5.331430682791167	-5.901397363136888	0.6375125657760174
6.875399181032166	-4.821481676264619	0.7417380204202659
7.862444126402919	-5.012736354924797	2.373191026399995
9.643458600792503	-4.427915059502672	2.5971153254004604
9.807162484523715	-2.6803384598303266	1.1190575550854636
10.481031122758646	-1.8166605077149354	1.291135890876517
9.728849528919525	-0.25097504077024246	-0.3980996444723279
7.994197322250518	0.06690738738249435	-1.0544391233256372
7.368770566218354	0.5199463589868055	-1.1345218222936357
4.8373714402257235	0.9197265585324343	-1.4078937930783408
3.450873566517415	1.0815850272745249	-1.8551162960135985
1.5521640962808756	2.1946294964660162	-1.8861386725937803
-0.30515261871359173	1.8243324997233394	-1.6805105182808813
-1.0560857583439534	2.1795592054808313	-2.117990656124659
-2.633509230712628	3.1246661169012513	-0.351100405657949
-3.4768697529339527	4.58133126215005	0.62446968076449
-2.186714838247562	5.091116157964726	0.7882907285651433
-1.2489943763873617	5.431804088394256	1.6295311878586176
-0.2219390898140805	6.581702101860275	2.063652166221289
1.1520432604949566	5.969877811069637	2.5486726010545877
2.3008916794464174	5.353566758541467	3.1857783070020327
3.765001213770991	4.647240290830183	3.1603021572271395
5.328871349874138	4.319447118333132	2.724794053097065
6.977192927822145	4.522636089754392	2.3962219167008834
8.1640396208617	3.8626344976419507	2.498718536687937
9.2613853338185	2.770102845211068	1.6085013476876666
8.746248223535765	0.9014180248367252	1.7107684702015713
7.627708977835826	0.7743753048566403	1.4716942798810568
7.18039806785305	-0.5921700285796234	1.0174122169481667
8.216329442739582	-2.5412935358447744	0.0746936946202354
8.409277812447568	-3.341394648307088	-0.5402411858960778
8.213970215893553	-4.367826317669777	-1.335620002454184
8.221577033876253	-6.474835059150786	-1.3764329337226229
7.2411445566534	-7.879146450255008	-1.6683842792522032
5.166648549491467	-8.089288183748106	-0.8879252641110271
3.4881767801331525	-7.947989495948596	-0.7512941569846137
1.5925965290832196	-8.861347352253444	0.21692502241174827
0.9134977990588833	-8.21379370751042	0.006938281020295145
-1.4924981492025569	-6.427716798071536	0.6576016195499709
-2.6408758516835955	-5.287866638397827	0.774347451016205
-2.5381112195629134	-3.7961127767812024	0.5923021672294233
-3.3005193265338626	-2.271550305960785	1.5023117694921146
-2.9127670803079724	-1.1642334014252347	1.094848488994477
-2.001068535771779	0.6105877421410727	2.1877691398083066
-0.7245703775639813	2.8597629581431883	2.0102318059866664
0.8642963645293001	3.9214274929884207	1.3189406161578894
1.5462365637540811	4.123783361014424	0.13702189285229044
2.9216541025250375	5.4170633013189855	-0.6582930012153694
3.564498281648275	7.146435294408949	-0.8197971917395332
4.458530169017495	7.978810206937822	-0.9361627557958516
