5.253024443648477	-9.448464654067735	1.1385531567290452
4.773699818090017	-9.194866174256852	0.6701486259252079
3.6299768274945605	-8.87379815022118	1.6587667953959842
4.156860541142047	-8.127963973465116	1.1406818742603404
3.1666291954497674	-7.732557981034981	1.6347949012948533
2.9288407257085565	-7.939984730275295	0.911464222645593
3.2159392649581324	-6.9493409324710935	0.5327622974145321
2.954684713930294	-6.071491670731517	0.2702570160472434
1.9954917039484186	-5.531577656279522	0.747775314971028
1.9183425450965976	-4.889020918130419	-0.11187002045868288
2.5200049227681034	-4.255052968778754	-0.13754585389879448
2.273734404683025	-3.7589476004163553	0.06731226200790824
2.153964347379309	-3.69540546493575	1.2221134642351803
3.304845049465436	-2.9133544035640395	0.5919063372872342
2.326655868151253	-2.4424037708933306	0.9334522470406831
1.6979986998876497	-1.5125429006477256	1.1564776776642687
1.3137073297196258	-1.136636811850709	2.325238298295961
2.0463063207393737	-1.0495361747893552	1.786815785997756
1.3572854137129524	-0.5672626619544741	1.6438358900385153
0.7802424617906714	0.3588992842447151	0.5933247295312227
0.39875720595487135	0.8068192907170508	0.6266745943894455
-0.5929666307269695	0.9947547539358468	0.8556450405234031
0.44381642810003163	1.5742222809923896	-0.44821184848378964
-0.18585791918875993	2.730797164842969	-0.7571460676939021
-0.4111785609191687	3.6727602045160417	-1.0693476907010138
-0.8666248042477132	4.3279746536042225	-0.6703313197543914
-1.0870911826766008	4.431591842593232	-0.080973342987126
-0.10486853161085063	5.327390340849237	-0.5364989372931042
0.004009318905104475	6.294741912879877	-1.0210667192061644
0.2152418580765657	7.014870164622117	-0.9326557074006683
0.6989524813104716	7.533335233234885	-0.7219057905180182
1.273803866062356	6.992529045438795	0.6542895058476046
1.9570213466576827	6.900774810435206	0.6045898083032397
1.8989525735415067	7.035984676281119	1.439315810837057
2.3623075949565293	6.840510945830686	0.42766102296495234
2.837634024443913	7.220089570081748	0.8637889141336828
3.447929258506387	6.873860505953866	0.5408764047390675
4.771586968339093	5.1363559254347475	1.088936325017236
4.0526612869946	5.3668694168860975	0.885596564196679
4.845671932580634	4.369955631766979	0.04781110972407546
4.115433060097009	3.989051497781835	0.4701158544214334
4.104088927802582	2.840480235342152	0.9826596104075347
4.049609960083339	3.1012627558673014	-0.25388552117040936
3.691894263942308	2.1612587488430286	0.503588244200285
3.260649421152947	1.6377938213506291	0.26693926446402644
2.727956743807237	0.18811379605854733	-0.09239015974375264
2.911611837746369	0.17831675762173155	-0.465149952875073
2.502874915496284	-0.5421100308761916	-0.37576887872574216
0.9646944736507034	-0.5296907652749232	-0.2505065979862704
0.8626139390322156	-1.8973376847695327	-0.23497419424826893
0.3610433827243299	-1.6680012588150972	-0.5298425068171475
1.2223140264126764	-2.856325087869603	0.12340949991613989
0.5961945209176782	-3.4286534211462554	0.419889414311413
0.0623648579498369	-2.5823579217447445	1.031380562084116
0.5864745614282483	-3.7191561238456052	2.5554459272006764
1.0822619965519078	-3.5839772226851645	1.9806608328502207
1.2849955912773072	-4.152108990504091	2.9483396489588323
2.4048538635068764	-4.245023575961562	3.354841529534224
2.738642762693606	-3.831681288603252	2.5008185166458596
4.360226794744321	-4.461162403847501	2.4388809491956187
4.0897908591665635	-4.377801705312252	3.0376180188904858
4.7649696213240595	-4.102134827274822	2.326236606461275
6.033886545497619	-3.4843892776601897	2.5490722369847925
6.328118833685055	-2.8281997733695	1.9861256668065304
6.704454113066617	-3.3916082559119003	1.8221607184742015
6.812773100255614	-2.025907573116126	2.4776643742951574
7.8808487000207075	-1.7521746075837126	1.8788959028521286
7.34061047024468	-1.2896838924160399	2.08027030514575
7.960982118386931	-1.172322778468291	1.8120405971931715
8.624823706729387	-0.1831108350167734	1.4380220804445685
7.463534131556666	1.0243464891077232	1.4191049345483044
7.337626995078964	0.7352434292397019	2.483030552442261
7.330111621465181	1.4775266750119267	1.9650856776331942
6.600656262796829	2.146235168991299	2.051478229094849
6.097285455857766	3.164611129925918	2.1292987558583083
5.830039939896509	2.7565747887493455	3.1445080992109844
5.143279135909723	2.87523414023115	2.5151669677099724
4.414821929958533	3.1760862100830445	3.7859891920145947
4.164156016801182	3.992884416245159	2.787131169126274
3.148436382171471	3.833219125201458	3.580598820839347
2.727664229371841	4.146727212535493	4.146699832615174
2.640974413290965	4.418333621768686	3.4510998609798307
1.1781687193940746	5.691594746319625	3.2775609466021525
1.1325877884905193	4.77408033886667	2.730064999561776
-0.2537364573706904	4.812239620899407	3.549721300053163
-0.6734822647489591	4.836981402920799	2.5870085527858597
-1.7720398921860585	4.829304222661317	1.7236396799330658
-2.2825741152752848	4.6816663653545785	2.1024220846492483
-2.7781509501811144	4.28161988471565	1.323654002805609
-2.80863502688538	3.608637746017803	1.3532698543871173
-2.4305163626492803	3.791841404259254	-0.22585114505737802
-3.402033543454039	2.816963921580644	0.3799203987427353
-2.8152266071753425	2.8742350755562365	-0.8922033060703329
-2.39735633777145	2.8249191302572143	-1.2427664205145148
-1.69205342545193	1.4725006863253849	-2.1952909723367164
-2.0808584234259455	1.6783169453631563	-1.938201662260437
-1.1979594598707022	1.8096245017902701	-2.782438383529847
0.09873519310653944	0.9611247945192223	-3.0102100775467373
0.0525695453708378	0.8823855052186762	-2.88205893816816
0.8158411325827529	1.3336729103598302	-2.3872775653503497
1.938322075261166	1.011085609211773	-2.494750977953031
1.8425428599480183	0.6972772422194489	-3.4120961825991056
2.9767547168141792	0.691237033599085	-2.8329939939890205
3.619421135439616	0.4170274908566449	-2.916656154154434
3.8146902549436934	0.6069720420139133	-2.641164854653758
4.961400906725132	-0.41826338840979566	-1.674332572698726
5.422545989242331	-0.5801106316933332	-1.5518880116600118
5.468261382050331	-1.0031492468972498	-1.2138048663947876
6.260585844510385	-1.0577620353227357	-1.7685428934791618
6.03760285356264	-2.3540077442264478	-1.3250951008443181
6.616451709356306	-2.5699660888795073	-1.816933065065207
6.707667295722623	-3.1148803174340887	-1.4441635214233655
6.949645522894018	-3.354587747282677	-1.3703504988314084
6.927129061187771	-4.721724811648072	-1.1107512057834827
6.714086643337021	-4.990731937344088	-1.4260902385059073
5.741042604409477	-5.042599758690555	-1.3277996142378035
4.926703707658267	-5.655807802448813	-1.0216555982266502
4.916631620138487	-6.155136950314403	-2.192933465772531
3.682819805284088	-6.638281754253045	-2.063425356659407
3.0301962799470727	-6.417357223546572	-2.0758004066401794
2.63895403818525	-6.936575440397766	-1.9367454164492004
1.9140409127879086	-7.192044327968333	-1.1454087636204153
1.3142458438118876	-7.393018254983151	-1.678064303979783
0.8673427014513369	-7.494777535477614	-1.2459015371795448
0.2731201411232781	-7.714250055840147	-1.2299226609350167
-0.9553252480128487	-6.683290401514284	-0.9544804664375472
-1.6748290479884929	-7.208720272784718	0.09372051212821386
-1.9883770588680758	-7.199545914260265	0.3323424126516723
-2.8561780777706036	-5.840565887879944	-0.2291429348134747
-2.7422861144312254	-6.524696360854392	-0.1557237548666095
-3.5156103317541496	-5.314856323353038	0.20203546748305834
-4.172793412551641	-5.240241180287475	0.8952838803928098
-4.522049564099755	-4.396712425198352	0.79903540094927
-4.342761025456764	-3.3079854975739287	0.11790033816130835
-4.26340781647921	-3.7548411743649597	1.2289364681235175
-3.4173931080550424	-3.14504450940013	0.2801780661878617
-3.6770975004316977	-2.1218809203507067	1.120746468554378
-4.401318312533821	-1.4978114882522477	0.7447015842595872
-3.2192282056012984	-0.7619461209669045	0.9950490441493192
-3.642485354532111	-0.10833986385935945	2.4309233733430613
-3.2667846387558273	0.31579225641634007	2.054935629946253
-2.9527958253417967	0.4748694311745747	1.8525282222493662
-2.086550772941039	0.7616965618865398	1.8779811098632113
-1.8915005278455999	2.467504687799676	2.3740787138514445
-1.328200258152986	1.8745974129636054	2.7937580146166154
-0.4809210871602354	2.2188740210212248	1.9875534483882862
0.3531800538122676	3.169623069748967	1.929169266228822
0.8380246052555895	2.810832902895647	0.8781312427479726
0.89992675231303	3.831784967630056	0.8520816079397577
2.2088176338731653	3.5104173932059854	-0.13562973116869848
1.4025975783550304	5.059298416373814	-0.6898814657768713
2.6786063599522856	4.315549375071806	-1.220404717410437
2.179773185900622	5.915518182966398	-1.6193918889993635
3.3418870706166617	5.235226152377094	-1.3870969854239141
2.9431624203599895	5.838618534540196	-0.7121117990888872
3.75763398171219	6.634932784550606	0.5482739387662163
4.400774908757886	7.863945710485128	-0.047642913372927254
4.181808308807196	7.693402206423536	0.7957536724137813
5.103579803858959	8.736657840114889	0.10547536125068185
