7.145292827490327	-10.058998788710255	1.022010816963016
7.065579423912333	-10.207199078847136	1.4760629439107105
6.589170341170252	-9.840567739139951	1.0015885712987656
6.119026851249465	-9.708186536979015	1.479870959405282
4.730634768540085	-9.470089989159801	1.846169809478717
4.175975749267826	-8.244009592570052	1.839635634196051
4.694000047030259	-8.211970843083732	1.934453380832958
3.615869817246751	-7.491026709431035	1.8865580508937079
3.6214328696533644	-6.991643927653197	2.436079815721956
4.2320792590329654	-5.484901177423501	1.3996020700247567
3.546742267419679	-5.168816160291608	2.49816282746703
3.8525927950214687	-5.038447807512404	2.289765125754331
4.530557349551936	-4.073717929538162	1.618511381743823
4.767034617052671	-3.331647356470965	0.30729939289187747
4.241630598925069	-2.1616146649724066	-0.15664189714458499
3.4643340755947407	-1.9255681298409533	-0.7625189936636296
3.3678768200547538	-2.1514265246364164	-1.150489140758058
2.5840301993809924	-1.929760840795955	-0.5652736834243537
2.3821680615105336	-1.922806898424827	-1.0462234367641938
1.320009108774083	-1.1311950466953822	-0.6357321506246403
1.3732679119331999	-0.8379255821261626	-0.42963097424528873
0.22888281155605572	-0.0848086531731187	0.39371206126215086
0.13681134450550114	0.7953530952182272	-0.4015671039122424
-0.2713476567138616	0.8192693218301705	0.15663420229161007
-0.4187273636256231	1.4912910947295503	-0.24196893579391698
-0.3308759493707891	3.1518362558383046	-0.17881416163707464
-1.2313889537666602	3.064760533958435	-0.5648936044730961
-1.5268052510438777	4.30142948753638	-0.47531732125498233
-1.3789412724438983	4.752251576682555	-0.6664046931049614
-1.57897809432544	5.568561307023083	-0.7835718848103892
-1.0761300295197094	6.445721075736525	-0.16888797058666538
-0.06644653665264721	7.696334378703552	-0.0553863169917187
0.5569863221085386	8.636729160496454	-0.0421728356645894
1.5036733218900566	8.57806229581783	0.439975840263511
1.8200657448352613	8.495332133571123	0.5549801605920125
3.2451522350654285	7.936183671621579	1.1888492845440228
4.694988986879282	8.32555386997511	0.9855659948173563
4.689490427725144	8.173346197878487	0.2935249354607327
5.644692039349202	7.652103885507813	-0.02472402712560723
6.088550308840284	7.337637514270507	0.34456144383244236
7.175768204863021	7.058342692275868	-0.7208376927463904
6.627709827614519	5.037852253413968	-0.7096750636738017
6.522087271888342	4.461295420182177	-0.26577712377406104
7.45405436909513	2.597828477808765	0.03865397688082828
7.09509820588374	2.3206664121354836	0.1972369370493381
6.006435426839048	2.220617435040201	0.38467422943208096
5.319994707985535	1.7254769886473627	0.5020488037524069
4.641959327475171	0.8523308442814734	1.0346434708014818
4.351350880916908	0.17183517439027765	1.9910723808695092
3.582521750784752	-0.06409465932807212	1.4093353754884348
3.42939682359259	-1.2790527422964288	1.8488547953410954
2.6423416997941076	-1.5432320241992585	2.26210585887668
2.527298684394342	-2.6486957886810805	1.4838497929147183
1.9666934939648912	-3.4845031016945076	1.6391250956696664
2.15148845073654	-4.212245034271828	1.2500980981973784
2.120921111549052	-4.593549978832037	-0.0493916596360775
3.1624883534874098	-4.627039954027242	-0.5371862619380318
4.1156975427158	-4.967838176779826	-0.279028722310642
3.843628424044916	-5.344819298476171	-0.9026207356096643
4.54638036186344	-5.246235239563685	-0.4509121106766037
5.396285986441065	-5.072483960058084	-0.19417612450919597
6.2220510987141004	-5.095127692256446	0.5552658826091079
7.399570876952907	-5.395172000506143	0.9714242571602081
7.937972646261956	-5.00887192067629	1.1426569159067816
8.485483016745583	-4.5079092035862995	1.4325619677816552
8.224274690017012	-4.788083388781297	2.3881932731226323
9.063365313990056	-4.493334190830562	2.6283206756889994
9.185464455239737	-3.940422415887604	1.4434814881696076
10.195075744555975	-2.5518461915056343	1.3279223665302713
9.994636301373397	-1.6914378841937385	0.7965714272144457
10.010394676216091	-2.249247947993236	0.3749312802608701
9.99136779755205	-0.8176662808941964	0.6692878275794407
9.753624340404189	-0.42370615706272163	-0.6122632424252551
9.484078843400642	-0.5019346826741702	-0.5209643111124211
8.647625631060247	-0.3158755090192857	-1.4605694934044424
7.330327478475095	0.6782152164659735	-1.206665239983062
7.3806584317395405	0.8753810819276852	-1.7349749322520707
6.186570248428161	1.1279188363112511	-1.5437482604643977
4.738804387702126	0.8404835985243115	-1.3506763318694963
4.356651330448162	0.8033883628346596	-1.6183643192448347
3.5765236275129024	0.5004713968673422	-1.0078985259655424
2.9469795519238993	-0.24292892756083373	-1.135218945255057
1.0877431104386324	0.44553292428511193	-1.521809565643876
0.48738077439592464	-0.08208939597850479	-0.8715453834979894
0.040147951062251996	1.2568642790182492	-1.9474115089154176
-0.928263905297289	0.8194104837697587	-1.453246512941774
-1.6433455578178058	1.3913383816580003	-1.3332253206815015
-2.5071526560932247	1.0264149641555567	-0.8133500706493512
-2.90540694990117	1.6824768284370646	-0.4714370227954703
-2.975563724801343	1.9699166977133913	0.04515950561378823
-3.5311203324314713	3.8449206304725214	0.5266630444406117
-3.277217064040644	3.6902368580743268	1.235344662423339
-2.641855719586794	4.072318425945156	1.8477152868670064
-2.720881876633347	5.036589602021935	1.8039384787361792
-2.589082345458543	5.9343796619056155	1.421201840828461
-1.6233511398763152	6.9164081839981275	2.6055212658682896
-0.5542887533355803	6.886112790680057	2.88872693142336
0.32720654246359754	6.171323654607354	2.506638932635201
0.531416119028189	6.911968649615709	2.367834430451287
1.427223211895345	6.997667799313324	2.579638892430736
2.3079215753039786	5.9370405111108235	2.9430347603488336
2.78473815653107	5.564430683599957	2.7329685022947565
4.517736346601206	5.50501632874623	2.39965472571617
4.134624000435106	5.13997654470741	3.1928834643274477
4.67130075095514	4.955444024140304	2.2992109081062475
6.804202676702834	5.031862597423088	2.3503941542297286
7.073732279644794	5.588925263195068	2.54700718673138
7.678330181127886	5.753093014395596	1.8300428525045362
9.852546075543437	4.281641036535353	1.3050823746969096
8.546805754044946	3.3494538309190767	1.7657370766162486
8.55776958193402	2.602059465152249	1.3491696062429432
8.395806270645506	2.544324621912931	1.963181556895745
9.005861911208521	1.4753757365510922	1.6850208111089817
7.728216852605864	0.532854247260226	2.486147935604231
7.517031359913271	-0.10810061196424203	2.190842796435103
7.931470966931551	-0.2114247453465954	1.4170586722157565
7.4640834372901566	-1.4678616756972458	1.4751503337741156
8.145565400527481	-1.5802730381687122	0.8925485768918071
7.3891940655205195	-2.1919887551629826	0.03323858041765121
8.245784635682298	-2.8143268774321335	0.3054820680771939
8.804454417358427	-3.59292546456894	-0.3363128478453997
8.271837345746313	-4.573958862229608	-0.7508345309891375
8.524954255957928	-4.90255529646484	-1.142340594943372
8.855710060670313	-6.242311395103261	-0.8700727901291019
7.67287577146572	-6.3088151178782805	-0.37817618364113414
7.774283059501768	-6.54970242203091	-1.3009785311441706
6.913794584986478	-7.608727499277402	-1.3241836564487426
5.88708862126251	-7.119605109227883	-1.1627285144863466
5.254885174349574	-8.544685957849408	-0.7743868158184233
3.9051374596600894	-8.595367052864926	-0.6476891997437599
4.250975993896046	-8.500118744993415	-1.090039145085575
2.376277938423948	-8.07640619184462	-1.3202507677451405
1.8393049901508611	-7.1423521004960975	-0.3022747521093725
1.3974630550785774	-7.578071465822076	-1.0885076415768409
1.805031138464952	-7.663204275576202	-0.9491519951977998
0.6819709802687384	-7.429680413037177	-0.11022465437416962
-0.4013863731064634	-6.8445376909119275	-0.31534857458711535
-0.8113246468162382	-6.313780787357371	0.5276654596854085
-0.5451121139865603	-5.491194805084289	0.38531125856974496
-1.287921489351347	-5.231922310931695	1.0135301575081048
-1.46340131837649	-4.743761392166786	0.3863486850819089
-2.3131719837452067	-2.5973627636271943	0.5009593977644067
-1.087410251281406	-2.679898358979306	0.45928354935118576
-1.62646308963363	-2.087329070785611	1.2367932062029263
-2.3455351688009336	-1.1072516791978708	1.549019111961183
-1.6010224124729997	-1.2617290422885485	1.420821606650244
-1.3202578003777354	0.2631177109085171	2.397470689176976
-0.8901369209036205	1.3084247502095172	1.95095309181191
-1.0149277498641747	3.0884216628650005	1.545814359575557
0.05323009015953606	2.727756183582169	2.403423955559913
0.36108388868312297	3.0951828768509255	2.320142670532949
1.5615716245565219	3.4565465421102215	1.1107186594595397
1.3279758755415751	4.501625035540203	0.8175273268692176
2.3093406893476027	5.1256442949351095	0.21309194183318558
2.8033843008177834	6.312630577180057	-1.0203682196083708
2.975460937041012	6.626292260246731	-1.216291205736267
4.283091902979714	7.162953245308742	-1.4100853943851481
4.267045329241412	8.654480768984486	-1.2599339143604427
4.943637792010246	9.681459684367965	-2.2797379304599557
