1.4707425847804685	-8.654605499734462	1.9685104862210465
1.8214587595621028	-7.145435415745215	1.5536569920203105
1.6787556517962798	-6.742976266622079	2.571048622225416
1.7702199059183028	-4.896990879250811	2.237963754084741
2.0133259043852765	-3.7605993428227653	1.7802262610250852
2.4516430373051485	-2.4433653200327687	1.9762670031424223
3.333860219252162	-1.2546207478102216	2.498365306653997
3.202123978755075	-0.15282849520197955	2.071438824637509
4.20834182415337	1.072140936321794	1.7923062756189636
3.541042774024513	2.547573523965926	1.4034876815128947
3.7339329655027793	3.9103971409218814	0.7811212681062465
3.067395794722692	5.009760504363391	0.7134615871216653
2.759870474899006	5.870510829741893	0.7351723933393213
1.7828888531117064	6.23453501743437	0.3019914266649619
0.5496997869896446	5.993368102853751	-0.1423960888229906
0.16630342078544613	4.510597236238517	-0.8900302567341516
-0.9221324684028422	3.774110247278183	-0.5340583958183476
-0.4928308349651834	1.890549659571425	-0.5868153744013584
0.5512309860966943	0.680781866490506	-0.6922425826830838
0.20535659441705278	-0.12185528899375941	0.02509092454430184
1.0280912514674758	-1.8058961677778163	-1.1758709904604083
1.8152333295737297	-2.4982984805538186	-0.6360728927319121
3.8177340882482786	-3.1178057167788635	-1.0386973877400927
4.7153328504134535	-3.6556367382717725	-1.1190485180477787
6.011735821289907	-3.284556166349214	-1.883839672525026
6.848176117202687	-3.380424539555295	-0.5899379145617325
8.52645219149366	-3.320521774771529	-0.26017349316090976
8.867278688113204	-2.541966964069224	0.2762192114258152
7.77206095124546	-1.0704055750175674	1.228863214698433
6.830375289719341	0.5161532648833362	1.3096067642224538
6.116749380407396	0.1262154936778565	0.09152400071742525
5.13396530705036	0.5586440789106157	-0.9455273307142218
4.351617473343774	1.0447345897726732	-1.9806632692921355
2.2124660799119544	0.8077924230348549	-2.660896327642882
0.9073314420389835	1.1844226727233311	-2.895080351140276
-1.0768829505630746	0.5142243897800429	-2.8143477028487482
-1.9654293641210363	0.9515697304284243	-1.6475845167574565
-3.034073514121152	1.4969104111656015	-0.7499059943942741
-4.435646815016164	1.9072078282755587	-0.8847012708754491
-4.324320678232025	2.984155138555218	0.47393733224543977
-4.57252790860811	3.6163841033146853	1.5336800371690797
-3.8809863223263834	4.192855440034058	2.0274399754063688
-3.5912198333699075	5.409295588859644	2.3685971696597816
-2.354192337320526	5.525977724774819	2.336998549578941
-0.9237969467974566	6.295863318666195	2.4251894699788474
0.12885379108643308	5.440451808484283	3.4027481467146514
1.3512468418987051	6.130184251602635	3.598951998962508
3.375210103872708	5.0027829421812	3.49475242785778
4.834842850256578	5.039373523520357	3.472271153839844
6.2156512456320145	4.670763568794957	2.9052761824933233
6.361402995723985	5.208860335995668	2.131433058394896
7.273952620103799	4.067023304724082	2.0004423397189317
8.52348870611885	3.453832617429171	0.6360452093414138
8.236197920885827	3.1976299978746203	-0.5227903488039964
7.890258736156794	0.9514412019437606	-0.10021442175389139
7.50499774059857	0.5571599168512791	-0.6011307078165614
7.246560270072788	-0.5501691627143315	-0.6216716967507119
5.958515907036185	-1.0370956716166466	-0.03534195845648963
6.120072017732793	-3.4591129199185713	1.0437518851105496
6.232497593879214	-4.751316957518349	1.6358592713942022
5.387241806265365	-5.805283925813878	1.549223748255399
4.480357055825527	-5.403677888638728	0.48630054414750834
3.7696325716970605	-6.940835660755119	0.5162597644239946
3.1311333842751314	-6.270122185035669	-1.2017872521335657
1.1508108402212103	-5.818537339733249	-1.1536521589139839
0.39403959801305055	-6.8102630796118095	-1.1722316338184262
-0.8103364923214675	-6.393197741909069	0.0011509633365215377
-2.4182639910299786	-5.529969271438998	0.24376788153738616
-2.9688178910147505	-3.8145188312420184	0.824716733004327
-2.8382051247074545	-3.488471312040988	1.6185895078921373
-2.2468199879978648	-2.2118087903618804	1.7960298908999297
-2.1597905736305085	-0.7918684376610382	2.667672278649375
-1.668043136141056	1.4842741696537731	1.5350500989065137
-0.9958936010988007	2.263023455494169	2.0751330500828304
0.1069011047180442	2.913632047840764	0.9738972899139222
0.9116008401462761	4.465726530703751	0.025953040785137896
1.9204218107720958	4.3235804186378655	-0.10260839936412114
3.504187778661274	5.291948300675005	-1.2941507757858535
4.051168057298984	5.942895182598508	-1.983516117659061
4.9812133749471394	6.915989663099061	-1.8963313438705387
