5.847553817884538	-9.794710325373718	0.6370740037591912
4.702017974865937	-8.448374386342685	0.5521337076269985
4.891298127073612	-9.187597347609428	1.0578379493273427
3.6457210482521027	-9.296874711191117	0.7506505849262464
3.9580492807790724	-8.627315769045085	0.8708000419457129
3.683954511220321	-7.697893042203835	0.9935393700458658
2.7776119547637914	-8.285345249423825	1.090890103152506
2.843929118176445	-8.064197291246776	1.806911054976269
2.5983867836226993	-7.7432011638622855	1.2410701431461897
2.587508013648931	-7.03267661351892	0.9267997465725737
2.0719077388915825	-6.1770836717318405	1.03718833252627
2.912978339492571	-6.410243191766236	0.9032727991934231
2.5182280074326933	-5.4853069540255035	0.083309285530571
1.8802923038983455	-5.622450108061984	-0.15687108872941977
2.7648035309768297	-4.748337404603044	-0.23191708366520547
2.625107184182245	-4.731760153136627	-0.16175225738098065
3.3400558804916445	-4.6500528233762655	-0.14579067048809652
3.097592784680295	-3.518930087827992	0.04962581857180659
2.586674817513929	-2.7364738136476126	0.17164171088957594
2.985278832477741	-2.7347849458607243	0.9577833551553667
2.2615712007911175	-2.851738979636668	1.0356023645376153
2.4394529083775534	-1.8183257420456072	1.1071980657403155
2.2121377468477217	-2.0276676723842266	1.150144674295755
1.7756758211743902	-1.8063635054579334	1.1305825319222378
1.5438755089703549	-0.7297472788439958	1.979937195887417
1.0831762882131342	-0.05262057494852579	1.7571749162752477
1.660471910192829	-0.47849293204614535	1.8184742630579933
1.3111270567152167	0.18547510287542246	1.7508641093911188
0.3238222444320347	0.3962339344695734	1.420731963118222
0.5492016208861379	0.7066277902404028	1.1530804942729742
0.5046760975888247	0.7970158060397826	0.9771576622205147
-0.5257581961618387	1.2590885261898304	0.7503489501706125
-1.0239241001250803	0.8024546395768883	0.4290020972594209
-2.079219545634722	1.3228479299561244	0.22428871333598754
-2.0191351420827854	2.0329265989429874	-0.2232018998739086
-1.5462346555855326	1.800940819928124	-0.8397723124739537
-1.903271786560409	3.072246129712921	-1.105503617658272
-2.3108575073286204	2.9536551208961064	-0.21260643213425245
-2.000798201423911	3.097477077792154	-0.8975503816358446
-1.947056946636096	4.110502813336301	-0.6910018887347937
-1.5519848377927943	4.842706334878853	-0.7805850916533775
-2.396255911783853	5.928607663010529	-0.09258604622272792
-2.4313004278755606	6.670627948696193	-0.1339330325962398
-1.7015574370974405	6.961788943458295	-0.7027290577469165
-1.6518312065759033	6.779669102197305	-0.582939736548848
-1.6584333020768893	7.806862803520843	-0.6368242764168519
-0.6488619193505594	7.328312294403811	0.25198136121269393
-0.03684600389529319	7.40240794641251	0.36817197487687947
1.1959636099090556	7.3399888118118435	-0.041289236999013185
1.9246914168826577	7.339977523748773	0.23572571666733597
1.8569538595316843	8.436805324290585	0.8254448164760063
2.6608245441727125	7.747550605914878	1.5500462356416498
3.8683037861650984	7.708699348242075	0.519942984133529
4.067492879248898	7.652650082105314	0.7888584637549032
4.815691488135143	6.576150240483637	0.37271038280767177
4.825637054345135	6.661605704745668	0.9645783770137515
5.104961881227961	5.3427582538828124	0.4353677399573646
5.604937205492012	5.867376782699028	0.016594054046375123
5.805801939004276	5.2742959535763525	-0.05373879472870802
4.633452736695651	5.007452555775927	0.6025424383804164
5.269492519352788	3.6133329721682212	-0.20528713934874038
4.29652488538225	3.579909878908178	-0.3497553573640675
4.238649651397683	3.199970100927426	0.1384272713187094
5.196867409991552	2.003319819192807	-0.2259843521140218
3.743980735704378	2.7945840272176508	-0.35688464334710235
4.222574349828955	1.6610671812455764	-0.33082560397798566
3.369934375450178	1.086445785582177	0.61839209613088
3.130802920117535	1.239483853678299	-0.3710111202959963
2.32971689406534	0.11255942820318758	-0.6613074617318178
1.9914578058548595	-0.21319624070557885	0.10382211640744377
2.7363935197803486	-0.48173885548854645	-0.3432051801932968
1.6312591008439026	0.12369728797394419	-0.7022824235214928
0.8786296646233974	-0.6094988816875249	-0.42399008416395545
1.5696503492353864	-1.5113570660554583	-0.5310257141579212
0.975543487342601	-2.0298898506651124	0.3943013109705087
0.1161518829559921	-2.538897048683908	-0.07748047061588403
0.2260550266276336	-2.113241892954258	0.5373734945532492
0.5634770192837747	-2.6305381193310655	0.7501468210676824
-0.3012556234733726	-2.8810647508455896	1.0299959624085826
0.5108021114043036	-3.0475127445836985	1.0393358722618198
0.15894780324887917	-3.4181570842979294	1.3917416047620352
0.7912038393028963	-3.7264660615175575	1.8385746810661763
0.9147756797095394	-3.6976274395368782	2.4234820157220547
2.2237790546062914	-4.446513230558252	2.5959804760159724
1.5787858336889355	-4.1794062112167705	3.433783335842865
2.3584813423013578	-3.6482590713917937	2.552864203214889
2.4080504395047324	-4.002106495435484	2.6172710484557453
3.222179190011895	-4.719119193379824	2.6853510460487673
3.6999757620222087	-4.118402956978563	3.1808340208078763
4.465601493908708	-4.094424153319698	2.4714550561661683
4.5478831590551065	-3.9426931656410353	2.9202318178722546
5.318068213149953	-3.7874532673502594	2.5701449064412154
5.468881092608472	-4.299024970807168	2.2035986782804113
6.018939651177037	-4.188312620530484	2.73365593655219
5.753385168233588	-3.3842016831379507	2.0943470518596508
6.403755176458681	-3.6294964393955294	2.890815654394358
6.470535578036521	-2.847595858156306	2.8598989570061195
6.630274323923698	-3.1680105361840774	3.0107019729369116
6.888005066841734	-2.29867521176594	1.6697398772250127
7.2534175264019485	-2.214037351511959	2.548968721356689
8.194115356707906	-2.137483615749208	2.4436571957031457
8.016592560103126	-1.8272475666697103	1.8107055112758799
7.529453136154003	-0.000673766624338823	1.7734598655687503
7.649210923815806	-0.15585993477778493	2.41954481528828
8.5708923400622	-0.43347958719289753	1.5003216741404273
7.77670411523716	0.9646332388911033	1.8335583216103504
7.995225894780164	0.797960595175298	2.1690592775534796
8.198069339013417	0.8344803185903634	2.1160805220224495
7.285110422734906	1.823867945951259	2.2659462672438693
6.86186251137188	2.2096670002525385	2.3023862358503657
6.292080297008591	2.2366864929284853	2.4032973590565954
6.832753907640713	2.0922926625613005	2.3338764192061996
5.751218786572663	2.897224723879078	3.150784182684599
6.024242119806875	3.5572246236895126	2.9284362665810875
5.196480239462475	3.0678204812721153	3.1369850378569
5.399950862292329	3.3765074208970094	2.9898288864549336
4.66038892512097	4.387355228091315	2.710515304948932
4.422936681061487	3.368718023426019	2.7433045995722747
4.39039653478147	4.070670948133858	3.3060367046517505
3.483455432266756	3.8396152155656282	3.638226241183327
2.581415276810883	4.561894371666101	3.3478611724885257
2.41582936580373	5.126023108284848	3.1360577052204492
1.768586103557938	5.122629276447633	3.502614702977667
1.8466847528340669	4.823868118189833	3.3007996597160103
1.1414404337761277	4.747739833889328	3.7128012485889847
0.2772715216058999	5.654503451099085	2.8275710563758123
-0.5199635260807665	4.892897522094329	2.402070210521357
-0.5475341292377709	5.436781483954341	2.700780197655765
-1.9412753346388016	4.58568297709659	2.0747509805774476
-2.3109687771643053	4.995235565898273	2.2987007088628113
-2.2796558060372574	4.907351533505908	2.120344645752573
-2.8990509968698808	5.5451501521574595	1.3520470786891357
-3.767702721982598	4.358570357373336	1.3760368065586248
-3.4754954475145796	3.772321270668971	1.7443265413590046
-2.9932573492879744	3.54262170616362	0.3587486907025349
-3.7451080990919188	3.5829831782909745	0.05493626484451061
-3.7664561367421636	2.866052545631904	0.16867927223889356
-4.200267232139144	2.827176593713678	-0.40865234503601267
-4.40328546613046	1.5381473845487044	-0.403803270352189
-4.070541229315413	0.8793661664934174	-0.9676382870870509
-4.022630906517473	1.8276007323548473	-1.5082782187263377
-3.6451985365236914	1.8221634502105015	-2.1074014428419803
-2.675169453016636	0.6531507693518281	-2.085471760422803
-1.4676015003054546	0.4432380896905992	-2.5375513023636187
-1.5717206156916976	0.3414793928409887	-1.9971838125136296
-0.6720027451478218	0.8096521256062047	-2.336816846563488
-0.21058285477597782	-0.263524228087276	-1.9870078260214192
-0.1487474172306445	-0.13492983355241667	-2.9398475277382436
1.6117123360948586	-0.14763047162378407	-2.989104012041991
0.9359309613360257	-0.11979376381311951	-2.7853754686430436
1.3962863955510258	-0.3503923063793331	-3.1209810949128673
2.5541237494813576	-0.6447786932842818	-2.507771269684992
3.3165703861354396	-0.6533081881873015	-2.7101834346565847
2.4640964099488087	-0.4181101053500108	-2.245937591955793
3.7175578564423466	-0.25476075473278925	-3.129152781384057
3.3183947969001424	-0.36938889128810026	-2.476735438659151
4.291942188679055	-0.5128589638518697	-2.156377872227591
4.533154720112734	-1.1501308366306893	-2.0941120752088684
4.428496317176127	-0.13035942821758217	-1.8291854531808882
5.075388522473787	-0.7411663593018253	-2.521885016068418
5.2365289549011464	-0.7552773427022237	-1.5134261958035635
6.565580312483908	-1.1592325497623672	-1.9753338156691012
5.9836912979948345	-1.0505149714308224	-2.046418579059237
6.395699036963666	-1.5486201582173489	-1.2492979180513826
6.832539833809385	-1.6184476314422127	-1.6040225754162685
6.561420654528748	-2.1645750818301854	-1.823025132423885
7.356706069962927	-2.7794401402449838	-1.859847998438656
6.569531855157874	-3.3356979858666613	-0.8604845472411702
6.330800431778954	-2.8523051480500463	-1.8711963823981712
6.388582860693286	-3.7964419656856916	-1.622344891070048
5.98739928945355	-4.28161154034953	-1.8525404092446167
5.712723675632641	-4.9892366931762115	-0.6664090857948981
5.486434862345942	-5.776735509639138	-0.6956510559700497
6.08755970440835	-5.705022577895304	-1.7281864733216037
5.080930420362005	-6.018668564339212	-1.2394208211946207
4.799755255028844	-5.8369624283513115	-1.2100822929223436
4.94294231302362	-6.500331461756909	-2.0775882773614143
4.210645717702954	-6.09227228978118	-2.236270623037853
3.4092500308344826	-6.325757243292437	-1.7927326808368382
3.71593953224677	-7.052528131528189	-2.2846262803762967
2.3203648644784356	-7.629519941590294	-1.8113291302811478
2.4778239371448025	-7.4994945392643	-1.631970356584922
1.9529061110612467	-6.90973195467361	-1.944888601970368
1.7084418055212658	-7.431183897970778	-2.0787678716698768
1.240952357370741	-7.3085619767805685	-1.223510134345188
0.6842923646613975	-7.290647677878796	-0.8451486972588023
0.8822636881664573	-7.71343658937431	-1.32294533661495
-0.015718429357125085	-7.332792141199138	-1.1542240044884475
-0.3694408288841169	-7.735692177548504	-1.3084267699515202
-0.8240719888068524	-7.36706758018727	-0.49984738184072586
-1.6063909932487148	-6.870395271839839	-0.42992284631271915
-2.1997087291939286	-6.686099567050196	-0.06058118860096262
-1.9338895044397195	-6.799669696855504	-0.5694373715264787
-2.212715264329901	-6.5857848189061805	0.33418933541501694
-1.0467893348490813	-6.018798879079888	0.1775374286401965
-0.9209090615000792	-5.942574431269623	0.588864776373452
-1.301749484623942	-5.607243182052788	-0.24581301915083664
-1.5749967704932484	-5.656939148485705	0.7045500965033992
-1.708318842539723	-4.640540976601591	-0.33700195275886485
-2.051869101992123	-4.784973718635626	0.7381769752413119
-1.758588621851891	-3.95621171877208	0.3315178218521265
-2.4920504895715956	-2.79943223803735	-0.004218004650850524
-2.059479069327176	-3.18994808046269	0.6371609995416648
-1.9502218184845441	-2.978048227878249	0.553007516717708
-1.2912825720318943	-1.875598658628556	0.7804462419120453
-1.8024893492500775	-1.508223345764599	0.69814284210587
-2.5066806810050295	-1.470157135032668	1.1649543908213182
-2.748927574079694	-0.9997256097219205	1.4849865978606451
-2.6334391997653164	-0.6856760990325118	2.1124644744774677
-2.758602989441498	0.2399200465199054	1.4848985191092194
-1.6284470682194543	-0.37560666235258067	1.4955168615389827
-2.3332203378894185	0.1948545161837114	1.760002868021257
-2.8150269694382715	0.7134097572052703	2.83555152573961
-2.4883781432047147	0.9846711816874241	1.9168312155506213
-1.687454635000656	1.0144504624486073	1.9607743277754135
-1.6095400788045189	2.22272527881508	2.7131001845824896
-1.381332202489697	2.791449813158964	2.054795303470824
-0.22349844694284693	2.4971958049879914	2.1146962033983026
0.2861743933510904	2.670676295323209	1.7349823396067399
0.20325802141181026	3.3772482363718366	1.8341209838322041
0.8130343668354083	3.05045376482561	1.7928282097295534
0.25959024239715656	3.9981323843554675	1.295894109302348
1.1040475278807715	3.8682585947383727	0.3808338185358459
0.7888632585395844	3.9423726466893276	0.7646848998778325
1.0527466108043866	4.7478111332742445	-0.39266311377380747
1.629715742970892	3.924588751814655	-0.44859019411888285
2.1829582821076614	4.160693918403848	-0.2015374226325699
2.4204842353905436	5.138316254092028	-1.0084411242935125
2.0009484869399192	5.570190141204629	-1.3293274925469563
3.636097338133603	4.988384820034355	-1.1941771657445692
2.965744668277269	6.227675500605571	-0.6508976635850379
3.440673239147297	5.790322823969806	0.3525973375450784
3.827606242882975	6.888803640182925	-0.7349612327828102
3.518497434148795	7.27765975730598	0.3968825122551375
4.586615490202027	7.116534831286444	0.5159219064746834
3.9875952520085582	7.229006610562918	0.01841010098878748
4.775725669991644	8.473190320622281	0.3138612812678304
5.884976424494422	7.823566541295885	0.1812866606778396
