5.372363112201762	-9.594476842601676	0.3515054858112388
3.8230470851640175	-8.305526750662835	0.667174566148389
3.0192813074044396	-7.64956373754373	1.7685006726734587
2.4339458313093094	-7.071107816699351	0.6230217691453555
2.3446322705450138	-5.786185961090016	0.19605673873422158
2.742801279000431	-5.015640854151201	0.6569029989408338
3.2715174651095644	-3.2574712046009084	-0.0608106750138058
2.549994266175083	-2.5092150375853364	0.7615999562014281
2.585792293702056	-1.263170054882943	1.5198721604019743
0.6157971449897197	-0.43978979217677777	1.0338194767059554
0.12905389640550702	0.5435467953361227	1.0044437517997615
-1.5004029572128996	2.101580415823587	-0.029411913439331472
-1.6151838085955115	3.112225616860545	-0.8532756035201832
-1.9107798775763163	3.8465932871351205	-0.8195787216212023
-2.3927147453091964	6.6754773775699565	-0.34910446775512827
-1.467673243889206	7.919613912466312	-0.24996293590767682
1.1677757778018198	8.250840704992108	0.6692494101694386
3.3227052006023063	8.215607162730004	0.733980070155599
4.248096510598085	6.049968243888856	1.0069330983089806
5.703481735798263	5.413771959126084	0.5128563028951575
4.636981814928993	4.165901416951952	0.4902499786239499
4.191230738786165	1.9869515868182543	0.4939985762934679
3.2142629886228624	1.8250453456595932	0.02241386800273254
2.6946281051971535	-0.11177279948544855	0.011344927546763306
0.918877778564361	-1.0605051359690956	-0.7433847464480536
0.002993716554488546	-2.224867424572457	-0.11194530123239432
-0.08701924871809169	-2.524674754146539	1.391247804908112
0.4908522159626416	-3.6592051863002357	2.228680606340753
1.8648283667113081	-4.346845746882621	2.7011016960413894
3.073097191738963	-4.58176792051553	3.352567175817191
4.260593435989954	-4.392645063583146	2.9049894263328624
5.551536361498906	-3.3378442090524367	2.072463444559148
7.014184226233415	-3.6198185932862748	2.5040883811675783
7.3471952876579385	-1.7782953355088251	1.6435619775796813
8.387819038010067	-0.32460893013818803	1.6406430904379086
7.748792030663289	0.5053172931357772	2.458897329002746
7.097746688992375	2.1384729505718525	2.137303151605839
6.334580487264404	2.199498048959523	3.2699003710502925
5.56826734248242	3.3370141744159962	2.965412672213981
4.9110160570396	3.747268942417766	3.282925334500998
2.902605761675203	4.370182149903771	3.865989773042442
1.7045642986788119	4.912638121149638	3.2776042658684577
0.4379749783613469	4.635193178908004	2.503174628803714
-1.4593962296801848	4.749690889768397	2.265787637331739
-2.676921261107324	4.069021380497229	1.3426747537678918
-4.486599985399291	3.4036254791897007	0.9883644364920761
-3.898453507781059	1.9088792606270686	-0.9801958307841557
-3.0662443618931743	0.8524401936962689	-1.3180500264245456
-1.2172571751431622	0.0128193854791889	-2.5125119881571245
0.27498908843188	-0.27208567159908864	-2.24150231368346
1.5908599500288125	0.3610667941108897	-2.440480395699429
3.069145310977518	-0.6739674502192985	-2.0111739865177554
4.257424799370824	-0.3273068230737124	-2.6669272916023368
4.871060154509913	-0.11823479033998352	-2.053995179077565
6.492531418461509	-1.6874365342693625	-1.825924879415123
6.931341307661025	-2.4813311679365904	-1.703706385158291
6.7139537866587755	-3.665603261611882	-1.0183622199711129
5.857407181675284	-4.1626356139677	-2.028322484469562
5.596867315624078	-6.431429956056999	-1.2739964087314268
4.0441889444988135	-6.275120521304248	-1.4314652067581026
2.372407632802146	-7.146338016050737	-2.0297000619846477
1.2073837210236649	-7.524909240502258	-1.2030992150606463
0.07483793022392404	-6.983783578258199	-1.5921924016752513
-1.655839871921386	-7.438728495537335	-0.11647354944351895
-2.391398458111409	-5.9007086715897925	-0.5661273895839157
-0.26940349305465006	-5.725233264236344	-0.5051906641710348
-2.508177325944279	-4.907347479850662	0.6268966455281144
-2.4114847558750685	-3.389763346307441	0.9757878623124391
-2.0133219562775926	-2.5936440818537836	1.104472203425691
-1.9508619654347914	-0.8035926256201935	0.9087911235386379
-2.6340813995493444	0.29525569224912274	1.7830033669464345
-2.903602029997792	1.6064186803668128	2.4930524219907992
-1.5088908377056445	2.426626354009096	2.087834394350799
0.001807922330597178	3.1407077343403857	1.9507732564595568
0.7879612536212433	4.079295278607509	1.0423114483569536
1.6392392609553705	5.225992503340183	-0.36433327289105977
2.1013981131959505	4.974810432918841	-0.9370153262416105
3.403900685302898	5.8536861665191395	-0.9140615999293754
4.599406486983242	7.410060590544105	-0.24314396631846263
5.354898727376292	7.965997137758032	-0.13686501164868003
