4.790011084918045	-9.423081912228776	0.2166213749930682
4.213108227267272	-9.081717703447406	1.5962544351720434
4.558824401710666	-9.166305754574616	0.5982734440311399
4.316830679854797	-8.521651595295092	0.9045964601128564
3.540348021892262	-8.650752928646574	1.400528420514767
3.0615368510163266	-8.566126241282259	1.1175224677114075
2.863185968810068	-8.133075558300128	1.5776252070096424
3.5717312727047514	-7.705527806283413	0.9516378443792578
2.9542694043543647	-7.793961614642105	1.5517322128514652
2.409696818582912	-7.290422719586882	0.4646945051881386
3.133124979384216	-7.112057846665482	1.1431450749167942
3.00814803992219	-6.4199861888600775	0.23849483551780368
2.2970955416584746	-5.532019626373319	0.7654185794891323
1.98257235087701	-4.946709284989585	0.6817558254802681
2.0772560434932794	-4.5441201139309	0.08631156882972862
2.114581928803903	-4.434650276393513	0.2724257759564359
2.0304038470501733	-4.696566095105711	0.7020783179817567
2.8534000137008677	-3.5539814529230878	0.34459383522081083
3.222954380336117	-3.3072073838168055	0.25487714310290366
2.598047787855796	-2.8911180083703227	0.5054838862758126
2.3490902734590446	-2.8982925768374224	0.7641236993477611
2.0526136596268456	-2.0371567860326323	1.3633262547447633
2.9177298852110143	-1.9299559719186985	1.0979812252286771
2.3245248627171797	-1.1644770269189664	1.1209225507547702
2.140108860667204	-1.2572559869178404	1.4052973059034282
1.8657442412022214	-1.077850235387623	2.004086382906104
0.635337892683304	-0.22786464902025028	2.1492763161029207
1.533087264723102	-0.6161806308334236	1.2660606468794042
0.5365499025185912	-0.09690614376092233	1.1043900288216464
-0.19030280011386297	1.33399792102849	1.0764196471822545
-0.3329723805738366	1.1949343079314427	0.759593966348612
0.4499243404656288	1.42844783858294	0.17236493480503154
-0.664559860033764	1.7166059588382079	0.2761138801489422
0.23954023656239953	1.8191032545817385	0.023160234425554038
-0.8552696308610412	2.714425175154099	0.03555895383805585
-0.5923311795169326	2.5853400652594383	0.3347730226691825
-0.16254419562656208	3.2978389753168913	-1.0994139899893027
-0.6347198997282963	3.598596762205729	-0.3555645677781921
-0.28678826929167145	4.546230456568808	-0.6792754257954343
0.0019935521545864088	4.835770142452858	-0.8863056018194457
-0.41726549883980724	5.5024559648823805	-0.40483663514866697
-0.5794629354088828	6.053536245476961	-0.5064340120279642
-0.6718263819562291	5.642851332499683	-1.1722272884809215
-0.2087818526610375	6.956009203094171	-0.6423904849596771
0.6396483897255523	6.294792666245463	-0.41910870005708006
0.15650763538677845	6.892185953828603	0.2935188581541823
1.0693021111597583	6.820050303014674	0.6479716270933209
0.7919814427393945	8.00166701679327	-0.037414645183854345
1.5088013670563427	7.857454344110683	0.280444023399988
2.207564773239962	7.060185667428621	-0.0020240942176810717
3.1280352879500937	6.7500337905511465	0.4804437681020454
3.1980344843074207	7.106957962528252	1.1259292617427965
2.8774805380496535	6.345244272268568	0.6664117716947849
3.8429588171680695	6.499561946728211	1.3542642734118835
3.835779832684387	5.906064383254404	0.3612256164879663
3.540447866240847	5.6410364411340375	0.26271494127365225
4.202660202822937	5.495902191623548	0.8603239445671078
5.137975352555578	4.946765851997562	0.10704040703050957
5.181151094375674	4.507790035057071	0.5653335357737891
5.015480025866248	4.262259505578777	0.3742417452545526
4.184083648666587	4.202579836167666	0.03255004762866709
4.069027513792639	3.3732713032753026	0.09684698719633289
3.809765712952898	2.7283974813096314	0.6787598728704816
3.931275818006197	2.622746238772201	0.7952353598422326
3.9919808244449433	1.8659982552421202	-0.18663498929611605
3.347208230481756	2.4940215179781524	-0.42789475877437855
4.075368001835047	1.1012100185085478	-0.23603569307102024
3.5884988521835433	0.613123348907155	-0.3505565062348471
2.5140130995140626	0.04290699194292373	0.016334225212635056
1.8716607606763116	0.3338507756291063	0.2708180783574553
1.6604729833629355	-0.11059448448942033	0.23049202742862018
2.3796723531902684	-0.7303578499637156	-0.7298909990904404
1.8261081883600814	-0.994019956841341	-0.7173156268388036
1.5832353800888084	-1.1070791182006565	-0.6751861853548146
1.5576038267353265	-1.9423860454227038	-0.10807219277312052
0.06640125996447521	-2.3332718539981854	-0.1614581664321238
1.2187305383099198	-2.5074826894438473	-0.30272951468924114
0.881573664069192	-2.9842224928540815	0.2629813618757491
-0.2680804650893017	-2.5448443060636707	1.1207595121486817
0.2369763991862695	-3.3838666592123148	0.8494496375549843
0.7469496012404985	-3.6109340460385235	1.220601015609803
0.441324583459617	-3.570780751718651	2.040037125937684
1.8341710285357387	-4.362729679888533	2.352788446081761
1.4791204437142795	-4.4084112550760945	2.591728833968981
1.283927047722951	-4.442357786077076	3.1843086104142513
2.0118757252977377	-3.813918300375323	3.0793978100710895
2.7353564891591597	-3.765946919871083	2.487631402153715
3.3383630716912336	-4.250449554644659	2.821354502700011
4.231983147695089	-4.2147924970803015	2.292031191278631
4.3651929463671	-4.151070774595389	3.1659033352741957
4.404783310134309	-4.793905907717169	3.4527144797003557
5.792942840735244	-4.19914318579535	2.254608179749203
5.885110325256682	-4.085751781622018	2.5946209403243756
5.247262597525977	-3.9532446270840027	2.3339625147847416
6.045321480210646	-3.3925979542568045	2.0897793295381977
7.148818243072745	-3.6402611685173976	1.999928850017229
6.762840899549827	-3.4706665289551673	2.627348832089763
7.275757666525659	-2.891478519567195	1.731317508672805
7.334088989519016	-1.7236340504064445	2.059910467803201
7.645888187495163	-2.0014992528081685	2.19521912194209
7.978439982738169	-1.4840219464064393	1.64309428151177
7.7752083390772	-0.9759816927584479	2.2760523516935627
7.927056951789544	-0.4235527751005479	1.521764187165372
8.611743526993672	-0.6265455387531806	1.471566595027838
8.32667863721061	-0.20315032195297816	1.6600527319443932
8.104290476111569	0.45987602677514927	1.6376063791254019
7.500516855776169	1.079354764545959	1.4377383095047203
7.384008020470128	1.8455314640910778	1.935945131193706
8.135470368398664	1.5791076937865678	1.8168956725957877
7.415820692570505	1.3690601519768797	1.8226375718596273
6.974456124489662	1.7636154755622735	2.7582215901538345
6.731903568103687	2.8512302756530556	2.1644256329733573
6.736808903064299	2.286309875572975	2.9497040038644853
5.2796451953006525	3.8996486628699905	2.260597216645909
5.3169361552758385	2.9473288048019217	2.901970998200308
4.886003509422279	4.184318268836556	3.0637056941135885
4.419394364883287	3.5367687555370715	2.606313487050395
4.149275970550475	4.066605222509491	3.503320394419865
4.103460814620454	4.643766004655011	3.029945850083846
3.1912488899222713	4.450832222267552	3.6563459107696863
2.7909413374825274	4.044579826213044	3.2388622564497664
2.438802781769947	4.7912114775534995	3.181900200756961
2.09085439197562	5.143815181174065	2.7902838363273528
1.102862037147478	5.058386647914482	3.509597547572497
0.6183559904276867	4.983763286856399	3.40710996295628
1.2676415631894384	4.579963296172489	2.5805135178524985
-0.2331873139503357	5.436635678119084	3.3219065238744956
-0.16488293826276657	5.087404858258042	2.6922427330837744
-1.2663068497602128	5.187354208693777	2.884808513401199
-1.2626495479506978	4.6859119100428055	2.2689145186127977
-1.5750320547985242	4.9148646021468	1.6850286510387082
-1.7636095780138015	4.692355998353971	1.6485091184005196
-2.7608363947921766	4.896364337355951	1.1659252327597889
-2.0999183333783953	4.479061744053198	0.8246626792292095
-3.174325111843256	4.562565090935073	0.49177350955744725
-3.0679924622698946	3.988669733249145	0.5743072815610639
-3.61793393292614	2.9471057098009963	0.39051467995045586
-2.8339537879134458	3.396892687317647	-0.33967480191027954
-3.142372804496158	3.109372703580176	-0.4762031473788355
-2.0704938857026716	2.4555822240285012	-1.3520138805144273
-2.399465331513075	2.549534285856547	-1.8221283832323982
-1.7801269378352427	1.8084609149312518	-2.048316517091635
-2.3591643642334694	1.7434131332388305	-2.4204863558393326
-0.9960788869442099	1.3736695956013254	-2.5638320080226675
-1.3553397876719726	2.217627966010938	-2.9567697519723617
-1.1691912097330086	1.5067248998816385	-2.830532318226132
-0.8104075204281042	0.7830973925509963	-2.051515336515087
0.7659716704835066	1.0854902354136955	-3.3174902886873583
0.47634908845976576	0.7063836331114198	-2.1139978857050528
0.707178756510094	1.133385990376701	-3.2698698982844583
1.596553714440811	1.6921319878547165	-3.248305282999706
2.3108948176305932	0.861797526568433	-3.2285152786318583
2.2409084558636674	1.4050609918256813	-2.588611035545483
2.570559441544056	1.712594019857101	-3.0816449221902715
2.908207998008356	0.6533145887438391	-3.2308337992830793
3.7836826846122342	0.5113038357495968	-2.0750542844357396
4.662413451826818	-0.06657881625500198	-2.3071228652368116
5.065504539014379	0.35889040195266325	-2.873235613802043
4.708760435940299	0.07168516074313369	-1.7740391384704832
5.0629555029544475	-0.5673100457514113	-1.7125497751552818
5.684119927267693	-0.619781091141781	-2.268545564921853
5.276025641670491	-0.579846037476567	-1.682949123240266
6.707148256396999	-1.574153617626195	-1.5296321283888459
6.44536503870077	-2.052924781794889	-1.0119341902195187
6.25064255278067	-1.9170509644522267	-1.2504446344529803
6.562958220348776	-2.604083678538911	-1.0665641925723945
6.310732684415111	-2.6964510160477473	-1.1980896882032928
7.355841546079606	-3.5833574258860206	-1.9977948002420862
6.573007346102151	-3.21543032236116	-1.7860055666636003
7.019857359912724	-4.595902102034009	-1.1833573299910372
6.523020693538592	-4.990316382372752	-0.7995328715852332
6.776086167428576	-4.841415347594196	-1.634694206666892
5.636421799221131	-5.424997498161132	-1.9255113096101804
5.3654857840670145	-5.6547393988034305	-1.0084179244315503
4.846410054370271	-5.768088316018339	-1.1593092633883435
5.037084464734084	-6.408149450440088	-2.0635079751916905
5.138135162668762	-6.807805312586468	-2.299763961425335
4.445531779415333	-6.170299050477743	-1.9782791111618916
3.9309332555679406	-7.227150243772346	-2.024364239518938
2.976018671570757	-7.1780196798829525	-1.516168051979488
2.332079428209724	-7.25202033137639	-2.0479670336027995
2.1274540142364415	-7.406434136757513	-2.178074019245451
1.3458991294766498	-7.126318687705959	-2.316756113166583
1.4147134825046548	-6.901177393125819	-1.4197422707819245
0.9292167723522176	-7.3303865707331495	-0.9629597873112212
0.6180132691059845	-7.752675813004707	-1.4383980410464705
0.3046624024559971	-7.802656460869368	-0.9457246630694296
-0.6943267316297099	-7.244731608947146	-0.9685996616064159
-0.9917278567812939	-7.047407207021688	-0.682447723200539
-1.7340403382228409	-7.151206805233091	-1.1927626151727808
-0.9178900264437189	-7.4366992159920144	-1.1125278364445386
-2.3121708506487066	-6.051840785613997	-0.30314631823520544
-1.9745238879074432	-6.413006946386134	-0.6407088289436327
-2.1456712405214526	-6.776315317707134	-0.5242735964475739
-2.8467850049327588	-5.4194772761400625	-0.27993340653490806
-3.4774633637750125	-5.174173474330063	0.14283766726650005
-3.8625180527696408	-5.77525414900987	0.880216072131819
-3.1975477804189887	-4.56727638916953	-0.0837344596491838
-3.271726098037961	-5.052355569791309	-0.025302519816238433
-4.161649892615699	-3.784611462713979	0.20959381288125714
-4.357394240091285	-3.4824199588307883	0.6804330374355781
-4.525357504588202	-3.5287646372818946	0.04384403668499529
-3.7889170083591663	-2.7613519007419662	0.5401983657422968
-4.20257028529799	-2.0742930417524446	0.6487898709358808
-3.8639069054837343	-2.079317722690259	0.45919844769581963
-3.9732753688986815	-1.2017610276406165	1.0304971247400736
-4.225514592295087	-1.0829540110748384	1.293399696900782
-4.067761060413939	-1.397718970123624	1.5849590990569924
-2.9201914256155037	-0.23149073716410273	1.3609414950307488
-2.929707392319001	-0.22875445767587804	1.9178599361318058
-3.63794934008392	0.9329378013811012	1.6831361760240173
-2.412748241171124	0.766152313410566	2.3816569507026086
-3.0501241931568996	0.6370848690065574	3.112277295997541
-2.2303782680812887	1.0422509531810453	3.0287328792162036
-1.1804666104330082	1.1460164597941787	2.12408127725243
-0.9405789175452424	1.8456784713383114	2.6131332032487458
-0.8491606111729239	2.861576568134837	1.9129091210919646
-0.2202922092456454	2.5581042464262684	2.4172655053557164
0.09273771029831834	2.4185490131250056	1.4836118429893306
-0.2462211290171939	2.684992207680238	2.0736970677813447
0.4435512089810103	3.8546050591380254	1.4285637814363603
0.9964604697852434	3.739063739513015	1.2786815657011292
0.7429203550796313	4.116789719220243	0.41861973792982443
0.8600670187399054	4.115711773350956	0.10582160351418994
1.1557169815565993	4.5980856844528075	0.06189965720935442
2.15003096719977	4.272361645009999	-0.7649706439321811
1.6462704092938312	4.584049426540308	-0.05236378995922353
3.0462024800004164	4.974662890770114	-1.2040498102911315
2.6198477950998864	5.094402260665307	-0.9793613861487445
2.5798256847549395	5.759331882226254	-0.43106232575538406
3.375825482609634	6.174453996827494	-1.0876860502675931
3.9018131975140613	6.085016056398557	-0.8540269637887816
3.825354117353188	6.157504943791035	0.4315926204568584
4.620876045437997	6.795533067608296	-0.3320463203415389
3.636608433899711	7.029248583417952	0.5865901040808552
4.3266853701196375	7.9455653768102525	0.6446650543151028
5.348676143940608	8.139465647315243	-0.17422924497023506
5.496804346783398	8.635992614295692	0.03505302736819238
