4.829353086641013	-9.367086832326168	0.791283829440095
4.782847010624694	-9.718127571829724	1.315398780365233
4.205280171132645	-8.473110774160276	0.7927466484663713
4.093046456050583	-9.067720734639058	0.9014960616872006
3.5524218390354756	-8.476486830170442	1.63570698989319
3.6385940722573427	-8.818344365435086	1.9527217551354203
3.080908460283435	-8.357760738931914	1.170045500000262
3.340806677245082	-7.274627634034024	1.119892631136737
3.392076636598639	-7.307569478546004	1.2514811768677045
2.6557074960375866	-6.214946905748868	0.665378662708934
2.4356771567048976	-6.09588458468299	0.7608956583499968
2.064589999305251	-6.1422485783313	0.44468934066171095
2.615060182128705	-5.514400367140784	0.4951928094776578
2.9047044294379183	-5.450486361660509	0.3491382112733027
2.6052679673949175	-5.375130734765092	-0.042395968684700636
3.32967970368464	-5.123357857624292	0.0649571813375528
3.236454128576762	-4.629599525309933	-0.20343688005478677
2.1393319297829283	-3.7309990594734086	-0.03628118319355744
2.625606676576219	-3.602369930288388	0.6362465232337092
2.330505093229981	-3.2324952551316457	0.6872353734306568
2.394959083422686	-2.965680299664148	0.776433234133297
3.140519871190049	-1.7943940336682642	0.6779123358245613
1.9169963767354272	-1.9077887360992603	1.2798667292554993
2.3295922115651715	-1.7469678170063985	1.217546249041892
1.91010211723194	-0.4276582782039584	1.230931531514525
0.9457337358580427	-0.7844883148208155	1.8820178632089342
1.3245475388125494	0.19957006733108518	1.4749526349154398
1.2204034968783386	-0.5882844186151769	1.2892850506191014
1.2158386917080037	0.444731404523842	1.11728445878812
0.6615348727243096	0.6823164707094472	1.0360985443151534
-0.3340939380256633	0.5479317441903686	0.22917639879762583
0.4827707096706484	1.2067586233681769	0.10189379363805542
-0.698233364796494	1.65134784973184	0.20542381899634687
-0.8498862469790498	2.284932478622384	0.12357278820247442
-0.12596332086169382	2.7168376828963927	-0.09505402935949991
-0.9268052417239229	3.033813026334634	-0.38278614659300203
-0.9872493693507854	4.170694114806761	-1.0433979766359478
-0.4218954799591381	3.502571747242028	-0.6707081315705519
-0.6020374588318556	5.174483817209143	-1.364166206852346
-0.47968496624708146	4.787171009930178	-0.9973663781835572
-0.4492242528717869	4.87322236840066	-0.6504910613649486
-0.006304498179955376	5.914205242943823	-0.6328222777515321
0.4503787893098672	5.797074854797656	-1.1242325892700673
-0.04826735020918682	6.6470946241572575	-0.2765687506171387
0.5705970589895628	6.578599027123859	-0.056631778655897524
0.4987003123520888	7.117135129043037	-0.021169218586802208
0.8483651606988092	7.444744802757939	0.09729498322022323
0.9393711353735794	7.0623126474908995	0.9216631747332625
1.7879168253771902	6.98409164723621	0.7816010153783953
2.4226851005711305	6.98710663857137	0.4256429352892299
2.548661668363669	6.882724871784136	0.14278948878388364
2.4935285927684205	6.927945419072302	0.48168721897151645
3.3511613618117044	6.295197998821056	0.7931646244244017
4.122541511237773	6.759838067660036	0.4199886410719375
3.698362430975351	6.399654879805384	1.4244083903475113
3.9300534698904457	6.259711667989996	0.5511419502846475
4.586171548418085	5.229171713286833	0.5720224189954252
4.643817824533502	5.682461872483316	0.5333497348158298
4.968266203102619	4.186503936762198	0.8714068941426923
4.153882168938807	3.6828516108238722	1.0669281198079839
4.314525984019095	3.714752135077976	0.13615161631478234
4.340962424671048	3.447975432802731	0.09909224891435436
3.7466679629983406	3.1172982655027544	-0.2284768043548554
3.8603399381708923	2.1283349525531188	0.5063977629043395
3.49668247385334	1.9808086620812329	-0.094987203008569
3.517911623431541	2.043498427419646	0.4202295652075257
2.9795479782463117	1.192593659977419	-0.2113223271822537
2.522591274732366	0.7404383720662611	0.10387561349362584
2.5506982203391058	0.4330219181868972	0.28155140459718686
2.5756033478040234	-0.2715711231135578	0.03442627748329652
2.1189628453312346	-0.40794325336803317	-0.886823309663479
2.11975112174102	-0.060290262343685175	-0.7556989683605013
0.971158327518689	-0.7438658864998785	-0.252341168251897
1.925264257013248	-1.807215744030139	-0.7733544796809431
1.5987007322332734	-1.9265575584480061	-0.75056150037201
0.4658293131882552	-2.1314808875608264	-0.4677717341479865
0.9564623058142541	-2.241743330727042	0.16167348470371767
0.9954927685579906	-3.015390669250653	0.37873987286501487
0.2646531005632175	-2.8722628674924313	0.786616804976993
1.0347943094487122	-3.2872232958550827	1.0527022469134528
1.017731601178687	-3.415191840171051	1.9670107093868345
0.44829311821303397	-3.4823507421841864	1.7108059196044396
1.5171028410221221	-4.032901701546254	2.108589909767365
0.9583314551083663	-3.7320600075330024	3.171348066326594
2.179037254566894	-4.011406175441786	2.4807002849964723
1.796475347742607	-4.628184839904142	2.854381783903925
2.6014580486775394	-3.7137916978372756	2.5157650634321445
3.7001427179870037	-4.0273437327420645	2.496529288252223
3.245739392587411	-4.08812333611963	2.7738462341690537
4.5939423628328715	-4.756933512644943	2.3216477009374294
4.3731782489774025	-4.774737477533909	2.816980790704415
5.297499681900801	-3.732215110086927	2.055281078480845
4.8046334605782	-3.3024148527541444	2.222884996962499
5.468839980514416	-4.082823957026838	2.854298084245242
5.8271115767181385	-3.4427590233706695	1.9199178948255162
6.591628254030297	-3.2265073501702317	2.896383464281802
7.4604711184915695	-3.41842956954666	2.4046653337991257
6.796118218084767	-2.52885018707793	2.607778876487413
6.828869556867501	-2.1630217954932247	2.862704870184926
7.046499749183	-1.398404875627528	1.9965157215819234
7.278740741269768	-1.0353712581927088	1.576859990674973
7.62595678647111	-1.1504537742340073	1.7572762702746003
8.4910588386366	-0.47329018153364	1.4653201390475457
7.436835898228582	-0.7291942587781892	1.7730029240277088
7.735905580991613	0.48782691555799085	2.3018891125585617
8.356704598830657	0.40032130195522186	2.123177300511256
7.866465458091231	0.8959659499641099	1.4382732019078786
7.1694231162786055	0.6915224198501043	2.927500244453503
7.678786801403656	1.3969111503530656	2.5161036380037007
7.613566050299041	1.9640458234324671	2.1818369419434624
6.405393813931805	2.327365779955646	2.0509105789141087
6.250022475135594	2.055047165279868	2.439210895965174
6.235955744585486	3.0629740995139496	2.54512828890897
6.005016529009779	2.831763107744646	3.323026631121933
5.067912512325654	2.9082013980290817	3.5716454640879842
5.320751464707941	3.2493583308601313	3.075984057334578
5.026511608638716	3.186163135766472	2.7929725096593554
3.8290948833800793	3.3547779131153326	3.6057773319279587
3.205951785038915	4.26369527042325	2.8182100944413
3.496668914316251	3.917023735243473	3.3598085357097998
3.207902144679827	4.380806400646771	3.824532229678633
2.254086179865359	5.313080152221754	3.179962775126667
1.8514301899378776	4.671595222932995	3.9187834080049537
1.730663254964675	4.412635599742872	3.1622543137697425
0.6899175053593685	5.807065793802696	2.6577276191988104
0.5597860439899196	5.354013620375845	3.1264171748867335
-0.5023352921665636	5.089929790622627	3.002293494872578
-0.6130201451672282	5.125221658693347	2.1779649498103386
-1.281348067199624	5.5015445230660465	2.3826334486608
-1.1469041401188145	5.325252123528978	1.8085100208957827
-1.4956394025666662	4.357352230054334	2.3822034880392033
-1.7368084644658635	4.122356114846481	2.077934810504179
-2.388918386070684	4.349883388149328	1.807441383498098
-2.794383224537584	4.740159417207251	1.3350418058447264
-2.570167161358828	3.885455632140497	0.7808751663513519
-3.2982741949999945	3.161070802122443	-0.21105756840741552
-2.9358747309054873	3.630365966933154	0.2636399941474886
-3.611247519148789	3.2469337191343235	-0.35572779754707007
-3.3758008647680824	3.367470249142559	-1.1358450552511061
-2.562908829909886	2.4051468942464997	-0.86700623967675
-2.316860854969576	1.9237932708010803	-1.1453437315395978
-1.6684543085069277	1.9097986519067223	-2.0815530230476753
-2.5482109353432976	2.225833534574856	-2.1019676024693226
-0.8607561578594258	1.404865300645455	-2.5476699401235
-1.2554958736550696	2.001827681072456	-2.639484514320443
-1.2404016213574	1.64041192652198	-2.3689201624340264
-0.23714666572338827	1.0097112385536575	-2.141092606918719
0.033817485183116225	0.9183586174277151	-2.0350202714881895
0.5004311930781057	1.525179869700597	-2.724475904779436
1.0976902718372752	0.6085962676844896	-2.1693351550978623
0.9661520537973516	0.8585479676289763	-2.4532596005642673
1.5858000101797614	0.6252106336180956	-2.024013955593614
2.3646959826649376	0.9454688241521152	-3.12780608978265
3.0463099468951453	1.4149203535100054	-2.893983281071318
3.968506635849641	0.7357378918191584	-2.6586163392246838
3.453393391938079	0.5383243528087525	-2.2412576625771337
3.680790730182089	0.555218823385577	-2.429186163914112
4.124494486456875	-0.3205446599532558	-1.7927897834141644
4.5165753185645965	-0.5085037652971016	-2.624058333266311
4.882857303172234	0.15713917402525734	-1.6163594330074398
5.873638651513202	-0.41214644508326037	-2.389447354622094
5.604792389800481	-0.8495502268713271	-1.9444677100751602
6.758893724205539	-1.7963201695663984	-1.8118073278367326
6.976402350798648	-1.6370857433674484	-1.7786515349041478
7.05166733229346	-2.550115102095289	-1.5151979992398799
6.088479373291235	-2.607346009860175	-1.395097737919469
6.376763673988962	-3.1054679234841753	-0.630516365456613
6.97369288459787	-3.3609038845701127	-1.8443620041319753
7.0088137648919275	-3.5506822878167337	-1.6143699072290754
6.379885630723336	-4.696717296611091	-0.767236494429258
6.314260018448034	-4.733924906403034	-1.589437582346183
5.815383477756569	-4.7989254683030955	-1.8059638848033972
6.755009887415946	-5.568336728491248	-1.6872389888143295
5.3295558521356075	-5.520959536938909	-1.2315268283863259
4.828500680810637	-5.700954668949116	-2.060738301175801
4.709824345692456	-6.308963994497406	-1.2034809457223625
4.427846207919842	-6.3282939731315375	-1.1236433898815446
4.409790178996289	-6.867578286101526	-1.7719526478067085
3.5867463008301903	-6.658445014656907	-1.3181217473428872
2.7098871381599787	-6.145810214815201	-2.127475268733887
2.8667594690308196	-7.360409240455695	-1.764011467226473
1.9903185087458632	-7.614650034769866	-2.0444566861862796
1.9252786232802284	-7.388532369572339	-1.5835193645375374
1.4771489465187728	-7.736553875969261	-1.7810799595279114
0.9235978567276226	-7.122741673173589	-1.7909255711298966
0.1798142920705021	-7.431859427368913	-1.1265930782329052
-0.2526765960528662	-6.940439729188208	-0.8233044322268824
-0.27773921380921884	-7.847556927968064	-0.7434755449963419
-0.7982813204430499	-7.089939542152342	-0.9216812161118009
-1.5017242940940225	-7.569676174241637	-1.0954608952391796
-1.2982117860894522	-6.901656059405747	-1.0695669119411215
-1.2968944333785672	-6.982879531297099	-1.0057154268598139
-1.8069535781659884	-6.2569544252519345	-0.4394071185595145
-2.259398147512087	-6.538016590867702	-0.1967431312886201
-3.3648109014570835	-5.595737379190476	-0.3683098168856785
-3.636048793790535	-5.34579356711271	-0.2915017738399078
-3.9226007999402888	-5.238873646475898	0.6509805194563624
-3.717864794754445	-4.459057414673523	0.17512250777691812
-4.423420075182371	-5.037219439597672	0.8934488352628935
-3.6260935555734566	-4.559294968041869	0.6935298446524067
-4.143312678533988	-3.394568726872479	0.23560526868351558
-4.1941265468648945	-3.2130319689848066	1.0074222256806404
-3.7033671242127872	-2.569538994305611	0.661348027106651
-4.712261999639303	-2.01313885849338	1.1959137923093404
-4.235642662456819	-2.361785128952859	1.8433725362297477
-3.9559732699473127	-2.0324230469743787	1.8416285446936747
-4.1860730766267285	-0.9143251233343654	1.1429545550141058
-3.514069942137612	-1.1487497855517352	1.24704517689924
-4.04222941843267	-0.7004805503110287	2.5575400712937792
-2.528944316551599	-0.0759344940476484	1.385003870643061
-3.002306063722554	-0.20893740203972222	2.3634249379705254
-2.5701037149935453	0.6099209503012994	2.221866153470345
-2.6412200843577294	0.9254148265284448	2.976280136904935
-1.9703350405819275	1.2412914889917692	2.228554807484718
-1.404193652380324	1.5527895845248378	2.6214334324390043
-1.7339380469298151	1.5136549599909923	2.839648774192111
-0.9462522415035206	2.17826470649611	2.4252630318001582
-0.6374731304547887	1.9184901430932637	2.2224374072074675
0.5612214250457893	2.2262841726383042	1.592917249905971
0.6927523904747981	2.7036212484830044	1.264031135660321
0.7035148067840731	2.961317057869392	1.4707971575435752
1.1004797677280558	3.9921481865434356	0.7489455094663364
0.5709840338486617	4.388602626826528	0.936828551842889
1.1934427951927746	3.830059237445274	0.0016311450889708728
1.9177645264561218	4.634439190524631	0.09063311367902804
1.2930569278471147	4.91089494800344	-0.11552300381762448
2.2902028333784603	5.063846091017908	-0.45027237965938127
2.505261390320078	5.185201459179462	-1.4268279888174196
2.483355712084617	4.675466618881745	-1.5429989012227034
2.531849015687251	5.383518671886096	-0.2922009138355093
3.269703262366588	6.2608611912612	-0.7489666373972046
3.3383029793229335	6.104570753908919	0.17622027194068735
3.8443262348170903	6.079054792293824	-0.664852004921824
3.8371948813056895	6.674327796502751	0.4420104231610854
4.565837717289206	7.274961597114681	0.05744397018929126
4.8773568866321835	7.702408796120912	0.45031324455821176
4.558401725453457	7.9087809245311895	0.015201306515962465
5.412525196766615	8.251832794438144	0.6716625892531682
