5.928947719879236	-8.57553110540849	1.1199035274770117
5.6716249154559035	-8.734309133641606	1.5924209400965852
5.142162782672714	-7.785443227642139	1.0028419628010732
4.868381991414819	-8.242698384815824	2.334108382025133
5.282343020902452	-7.267559323081669	2.155855550799165
4.485401944398163	-6.476467888974623	2.464663260233638
4.492910600333518	-6.140368147602308	1.8627497583465809
3.956954857851038	-5.801803690092807	2.982209844952127
3.5248068412460363	-5.424051780658651	2.3374499092416565
4.762437625953011	-4.944087571170149	2.3281505789434833
3.689749377393789	-4.3295504903746975	2.325953502136269
3.5913859405771795	-2.7396469372169836	1.9444746542430063
4.233176570897751	-3.1307235057856944	2.4009787409716212
3.567109057424988	-1.5917949932542659	2.3374203977807975
4.097031261751028	-0.9743582335902947	2.438689919005459
3.7641516127996737	-0.23073061352857183	2.5186724536547755
3.4900059034489983	-0.022112995416531778	2.2072960531303387
3.862385469022462	0.2068372734975969	2.049293422499648
3.341120593450417	1.9147643714969518	1.6330411859268383
3.546346706689559	2.7135448616331477	1.87969338293893
3.823637968562772	2.274558879261122	1.2279071423057093
3.852510393695269	3.3909245385101183	1.294012214234729
4.306507150350487	4.115001410733873	0.9671502179904305
3.3425023755895764	5.259035194759231	0.7162277554804458
3.4404824824854927	4.802610895654471	0.9619827365954254
2.9497484952503994	6.554340224937054	0.6852152618210754
2.6895694653073354	5.835583716564163	1.4313318120767773
2.3504537962932135	6.880502307237905	0.5539263668825096
1.5712439595051881	6.577708975265369	0.15400398194754877
0.7673152424074029	6.699055730321081	0.6345741613819202
0.5714518557406171	6.516694012415458	-0.08159320658087366
-0.0651171055597689	6.090654020330773	0.23466468250498718
-0.23885867230958213	5.92484724414844	0.1641330117843529
-0.05883038742557045	4.797990384307601	-0.007584381399434292
-0.8641410931417877	4.584602151153399	-0.28043359887860975
-1.0416747423341557	3.730550195835662	-0.21138841373427864
-1.1464176402010882	3.0826456628811116	-0.5835735124158179
-0.265330621763495	1.8818566708278177	-0.46587352848747215
-1.1316831029130219	2.0498510925103446	0.16956922275481223
0.002432483704274846	0.7254814622933697	-0.1273225956858387
-0.34406272165007273	0.11147200103753957	0.5381390511894473
-0.5502067868332986	0.22218689475555053	-0.15791902243773914
1.0183395755105558	-1.0026419231940817	-0.9518378989785662
0.9813593882442866	-1.5190404361962642	-0.1692674320675147
0.5235111337078645	-0.6366633108726125	-0.9559822693327924
2.044552862112434	-1.973445677874007	-1.0550970925312406
1.7081344235606626	-1.6140432924241443	-1.2036614435889357
2.168732812110367	-2.8531627365025116	-0.985219742290822
3.1988396106681933	-2.9348093572051535	-1.1935848416567392
3.1551151705465625	-2.5614127483146074	-1.4815455916672187
3.8780699315176466	-3.172204046650804	-1.9534685356689336
4.480127508943217	-3.269569723932187	-1.8946475776117444
5.80565375322178	-2.7642416401424916	-2.2163673471136516
6.312435639476984	-2.6863705146770664	-2.464196364182059
6.577989979927786	-2.9964163280579217	-1.685950641710694
6.905291317259857	-3.1240368562414313	-1.529454062703171
8.003284017122501	-3.2492149654268374	-1.88861213534297
8.036487261846675	-2.8596165917602225	-1.5612247053120594
9.060678334652186	-1.9881703331223244	-1.8736759892346133
9.760438984115996	-2.4789355981512324	-1.3839902321688267
9.145967872952903	-1.2192964972535232	-1.011941648832034
9.99321538974267	-1.640603122795119	-0.26964311986235134
8.947095922741422	-0.29680858377475805	-0.12913359600380556
8.643321159756182	0.08195292775583685	0.7058344599483015
8.832980567507722	-0.23966878931207858	1.5445153977227664
8.491743967979822	0.010500041065167748	0.9539198887657825
7.562123291441506	0.6726139281968272	1.1090782358153102
7.731265820472039	0.8209558892818725	0.38614262782942216
6.156351128821845	1.244285406368089	0.2144298859098671
6.243254258475605	1.1904716401711746	0.2930952357727439
4.599943398406525	1.1906060456390848	-0.08306494290861854
4.071947743096327	1.707059265329106	-1.3084740325864301
3.509750797319721	1.2089939732892463	-0.69877576690488
3.0451163303444595	1.574260637913646	-1.4337147646444257
2.727929888831136	1.4662110384633689	-1.917512627687838
2.040757810764126	2.0826206835912977	-1.7334476176676912
0.9695285281729177	2.5907904220842015	-2.777276252076757
1.1058201029564927	2.396887151195538	-2.9581698055261567
-0.1276606214534594	1.9859589758883793	-2.1760631554472076
-0.7922093041639691	2.6767759106081908	-2.612904210680649
-1.6626918134122177	3.5310373187092825	-2.0864491430413787
-2.0414369215176458	2.8138823219503926	-1.3852914529457871
-2.43310833995715	3.0886397133210983	-1.1391333276696671
-2.914810051652415	4.266033051823317	-1.402832193119127
-3.107881413337357	4.521709433346536	-0.6087653304567227
-2.29574787654359	4.712066669833782	-0.1938463265469037
-2.911428303761146	4.397257182589888	1.2270178734124721
-1.4158641579420264	5.087171459961293	1.4875976092995473
-2.162722566386436	5.224054726727866	2.5960893748260023
-1.5953445042194305	6.200544473713003	1.8549576507499206
0.07759002167000895	5.186589835321752	2.2996439428464304
-0.17330482372504885	6.36553636514364	2.7205908424559264
1.020818074352944	5.93791886122656	2.7686674267342077
2.3283158109655493	5.446947092965098	3.03934524856069
2.914845837144415	5.284985095751652	2.8163800434026616
2.4608174730646115	5.548725176815375	3.3691940074845674
3.8516053157195143	6.011539902259872	2.7746521976149454
3.873261864810628	5.7170231233602	3.1456228537124677
5.006639111513188	6.286398174835069	2.3475814983275307
5.444705148134323	5.157572419281899	2.2873248095848973
6.313619427769396	4.815983125770577	1.8749245247912896
6.174794693687329	4.34460921289251	1.306370960230763
6.576818953311928	5.0360602286708565	0.9639808262164526
7.593184014683898	3.918732525786579	0.6806921803773207
7.326304818987223	3.328739973896598	0.5014793816887311
7.806443076599543	2.98227056759653	0.7655826314015084
8.624588125452386	3.01667521386732	-0.9399735252741139
8.367330374497401	2.029946693656589	-1.2959702781782283
7.97655599001566	2.2410178123819073	-1.4729400627631073
8.44859883716312	0.4238822063431151	-1.4711692697913592
7.581120266279825	0.9114692004364011	-1.5222266065886623
7.449262042305209	-0.6679317749899107	0.15606195426850666
7.5763474714323085	-0.31969754076770696	-0.8092314488988352
7.479684626129865	-1.096177090744895	-0.053704124273456055
6.923914163878659	-2.2101069702714264	0.9742442423118827
6.920185651902029	-2.501771316788168	0.6090283125402466
8.025690777889348	-3.5295092140610054	0.4243531550045097
7.434218432240117	-4.372261786967212	0.24433790044358525
7.298867350780965	-4.860298270683795	0.3631428554317297
6.535099857463219	-5.298016311150011	0.9777527244421322
5.995514321409558	-5.125638722309443	0.4643691506591589
5.336306538650798	-5.6741290881917585	-0.47786063123412476
4.943896849574919	-5.921737289926347	-0.7610029635379125
5.364062812103268	-6.752630806677323	-0.9563201442401252
4.052544182829694	-6.639848764782174	-0.8453754731368599
3.733892506881601	-6.211652226616987	-0.5361371993197848
2.5912566986696124	-6.475633154551738	-0.25232876396784265
2.732244639690549	-6.874711796821089	-0.40222291944016764
1.666229704166636	-6.131587521930458	-0.8587754777459826
1.551097390364228	-6.236911430342027	-0.6798288870360397
0.2546401309670822	-6.1568858522843275	-0.5579350458080332
-0.7775844617695393	-5.798541504213799	0.17139353947625824
-0.8511813740595526	-5.814369885889312	0.611082912619796
-1.3356437643469732	-6.007129997762203	0.30181735544850175
-1.7840621486330237	-4.949973207905904	0.07940914189054557
-2.5015590858357033	-4.847901125771148	0.40640789013868506
-2.9094366839926957	-3.7669654169428797	0.23304897591137647
-2.783276780900168	-3.9151235602943117	0.7867148369516135
-3.180972527573588	-2.3561336556602415	1.1647638093819186
-3.397520199018083	-2.3518760074106795	1.271292006675449
-3.014635666408876	-1.637697823019802	1.2918864160995558
-2.5692672159223306	-0.9987103958462205	1.7889877435795358
-2.3939417604036177	-0.20603193193495029	1.26373844550634
-2.016954907112507	-0.2584397675137776	1.436718628294954
-1.9532084708291255	0.8285292635374383	2.4978485562492914
-2.144736944760765	0.7493521825466831	2.329204842728663
-1.1433946890937534	1.9998811493204225	1.9044038717924439
-0.47214588770757326	2.040271954798378	2.520048664698174
-0.6563294013322835	2.201493206225794	2.5400106088355585
0.4421120156600733	3.179614383538042	1.8139516509553015
0.8218831117234253	3.407601725424445	1.3524286235885863
0.7691273431154153	3.3657882871973266	1.1706697171473637
1.928641092565766	3.22909205723795	0.09259588945747357
1.9399944219568246	3.8372370790596584	-0.11769182668632905
1.7304895725556355	3.928849541217614	-0.9253940523130391
2.3740267292098562	4.82640561674065	-1.74765890846972
2.904522697738305	4.773726926799925	-1.5515351133541484
2.414212616844037	6.4983470438453255	-2.496628093269731
2.4781326858404413	6.225659332371711	-2.917070280363485
