1.87125306507975	-8.829602347251663	1.9615477626531352
2.311218633148019	-7.736882078572256	2.2265248540729945
2.075130622785033	-6.097292845008817	2.408818751043262
2.052092972578144	-4.650948077498564	1.8797022618393489
1.7321652019482903	-3.779115237304209	2.5339899866754707
2.5944354795204876	-2.8813477852561196	2.8464347861087074
2.3364942499157033	-0.9222510834087531	2.300699869290175
3.2079237465399593	-0.1703684284351808	1.6523300689003246
3.1244948169593028	1.7002722224096376	2.0953513168289515
3.7717179429806547	2.7875863601604762	1.0433554504798626
3.919886102370053	4.243362553575322	1.3220032906918444
2.6241140200557296	5.828846205204517	0.5869933071711493
2.0116637645539286	5.908823001377026	0.9256841776165367
1.2739768755336272	6.852244083264331	0.4826126337275084
0.748037489993889	6.049082426228376	-1.0278827512570807
0.18389970091103192	4.45892383563475	-0.6826180069718549
-0.34722141839548937	3.970611069833434	-1.2001835308467115
-0.6853091753701335	2.0253194963045043	0.2551592537349483
-0.33042719407733234	0.9246377789462208	-0.40220365812168063
0.28370482695307814	0.2665050746627007	-0.33488201832663733
0.7748980871406099	-1.940863665992699	-1.1936170805160629
2.1758802699463993	-2.40782527388558	-0.8950915780313033
3.201364798075852	-3.412291550332761	-1.2667044125892986
5.088699552869725	-3.1666292568370134	-2.0227413160660173
5.691688148946033	-3.309849464016124	-2.0073625452039487
7.946254745853185	-3.6531655666717713	-0.9791092861121474
7.838565527899338	-3.214216381954112	-0.6792275447033634
8.35851340462158	-2.115713358902891	1.2466040097128888
7.817961179971391	-1.3662071266116331	0.949934066511038
6.866057411045654	-0.30397731595593275	1.7322408119588424
6.140029247162909	0.6209889550383998	0.19169722828330774
5.491026626155545	0.6255906693206905	-0.7991630281327595
3.4284158131856763	0.7755348475983652	-1.724671176617412
2.358171349213753	1.4724577025229035	-2.667067488886268
0.5071478334701247	1.3251330237483474	-2.5212584270514578
-1.0316516277480852	0.5683349827889613	-1.797483177393556
-2.3957736470124047	0.9985625123638564	-2.0678769331858904
-3.536585118704963	1.0801551222587091	-1.670068295076916
-4.252362082733443	1.7784202788985128	0.24900674478128848
-4.79274495067275	2.561593032483748	0.5085601360586508
-4.536712817129565	3.3460635582233924	0.834224515454149
-4.025236769702472	4.584185249326104	1.8476670989812232
-3.709791625293204	5.471215507250323	2.626888347690006
-2.067173296909895	5.424862383065576	2.836317970422875
-0.9942485149447209	6.711717124639252	2.6261901015738536
0.06664907168821171	5.515741583136974	2.9941729758256055
2.3805388885264342	5.577826807607178	3.0173729620596994
2.880216451547789	5.616707571317193	3.1775970632256203
4.329922286629522	5.093672864600057	2.9728689736223375
5.485156816600571	4.999611147084784	3.419422387525037
6.275611651563283	5.015195316988796	2.208198592936532
7.47858451011919	4.195827887140046	1.7523173834942
8.527807316203965	3.5952651974194243	0.4636661145851936
9.092536548070042	2.5468256187407476	-0.15852536045046856
8.85447366865669	1.3530536980377117	-0.33317134963460493
8.107877618213172	-0.003860574741924694	-0.9376577151361357
7.316544963653769	-0.7056606484909673	-1.2492400530763839
5.91022404346327	-2.1019886241880905	0.8752059358981119
6.255299178688521	-3.3047988232574763	1.0949578123245924
5.726395597004808	-4.0977752341571625	1.422694378852304
6.270990569265547	-5.379393413009105	0.6843930246932424
4.921525066410154	-5.8016930939974936	0.826770437369351
4.538132122921828	-6.7380047321495855	-0.6008773339888618
3.0084229668773097	-6.69665589603301	-1.1140249687346808
0.974396074730364	-6.466492756120267	-0.7882919325815281
-0.0994530645780064	-6.290411058505787	-0.7444529134955558
-1.3542085225451586	-6.007315125873424	-0.47230794965328227
-2.2405767158471175	-4.595490594746724	0.15759367451308853
-1.8246441908399604	-3.9735207655930442	0.5818831218807891
-3.0326475587364046	-3.3197649060420225	0.7222848170011461
-2.8376700452760724	-1.5742486672950753	1.8830604960880915
-2.2976675233541446	0.04004582072147933	1.888288923278229
-1.990880940888624	1.6429157763005706	1.610102105055872
-0.48037894185170993	1.3966033005510408	2.504494514979388
1.126814910684891	2.480453076548324	1.4235939796256227
1.5324397833076076	3.5961300206514593	0.40506498079225706
1.6352760172499121	4.20762736823088	-0.6586122563152761
2.83045954302814	5.117444237473025	-1.8213490546640108
3.634409133744939	6.175074467234828	-1.628810350552502
4.508866888392708	7.315076186658564	-2.090979778505367
