4.866753373825916	-9.345521481838551	1.4811913951388356
5.372735300075219	-9.003304577871393	0.45737565362627813
4.430451953983034	-8.779567501532005	0.9951581575330124
3.8157306722680815	-8.754595164076843	1.0280320004095764
3.0294746746259245	-7.255449906403714	0.6934448613654982
2.9362499267111795	-7.80590183307885	0.7599099085364762
2.37282684150866	-7.182857431994942	1.5618071994272777
2.3979848819198417	-6.6098618608853394	1.0457619748065927
1.916599481980573	-5.916688733191797	0.007870129572449105
2.320091172760826	-5.676688979976867	0.219035118764075
2.6619945843467736	-4.4223206240411805	-0.032348323285855574
2.505929189000409	-4.297202578471597	0.6033881267366461
3.022570906850949	-2.9411180105839763	-0.07041166080920189
2.891922776788862	-2.4055475924666903	0.6536632576635383
2.4667862070869093	-2.091219120000651	1.5173255733566178
2.8767365821555653	-1.842627763838937	1.1175163542326478
1.8199441024141307	-1.2040774242490577	1.6758131858248437
0.9134100881823397	-0.5227764824898213	2.338637112774366
0.7007970228482623	0.7526933823079887	1.4206904653477128
0.21646955804733153	0.22159191204209738	0.6185038703596534
0.01956729877159452	0.9138278655964976	1.1143387154227355
-0.1927004778159307	1.4791935886097927	-0.10838899883660891
-2.06952393574482	1.1243547433823862	0.6934256953133895
-1.7342106895373781	2.5016618934035924	-0.5453218584014872
-2.047817138100587	3.111486430336516	-1.0955594054059217
-1.8910578478959619	3.149683910779617	-1.210804946124735
-2.2567971186931723	3.8600912177250706	0.01633843509668509
-1.9788166002039123	5.117614927993754	-0.3164354384692005
-1.5269346071036618	6.7673054300724305	-0.8301438394330067
-0.7501779838668021	6.725697255224062	-0.4829188191808639
-0.796306991025149	7.230625432267928	-0.15484623114639307
-0.10008202398890376	7.149309378404314	-0.325230849686387
0.7883695625028838	7.286660512616588	0.5493296301725479
1.651375509644073	7.673969209063203	0.5147365770406472
3.426259110609868	7.845890366098893	0.6389046132736809
3.4601707778279103	6.715601375381807	0.7529076729388118
4.4970542927211525	6.066762786355764	0.738337859297723
5.576181999660835	5.646894954821614	0.2000092429123947
5.667257436958118	5.359527964566789	0.8482614082333232
4.812335570812067	4.550800554964515	0.48386195934583104
5.1543134688524574	3.8306598775355747	0.4699369096619398
4.706156857247076	3.3348031562490688	-0.2314930318899091
5.167271090945983	1.8477413770522317	0.17626463514174584
3.5472203033391003	2.1978512390669263	-0.22103630334420726
3.315831626724157	0.8174055375269726	0.3269937876318622
2.4972589055992147	0.45143001536397487	0.7113829327614309
2.3205908486721594	-0.38767288552668444	0.2559296966518906
1.4476125684112222	-0.8323773385380506	-0.8709255046823507
1.2025917403357353	-0.8695399925236809	-0.41561717859573843
0.9880227447773279	-0.7808317487536747	-0.3879385270729264
0.32055429407882363	-2.5314667650761717	-0.36644323684971836
0.07507328499162633	-2.3217934683811965	0.8127011263685731
0.5870207730816921	-2.6614719802295252	1.0878557277633627
0.6667174719900634	-3.76130561276253	0.9406496062158398
0.8220299301622104	-3.29816345152532	2.2897615140215057
1.1613091632300012	-3.976666228448815	2.3116382901928954
1.423302361145244	-4.467753668794588	2.2738408731395148
2.7797681311964113	-4.749424478201233	2.9294381659843127
3.402375115848722	-3.660171625497673	2.372773527053829
3.868094567851025	-4.272186288858897	2.4644622657860245
5.1296973178488345	-3.954242276667067	2.486470045238336
5.3293596330997595	-3.8744287188741993	2.6158427252499186
5.971082245795679	-4.3948274057877805	2.1006038374876015
6.124824102690453	-3.491808838769476	2.6274243662907972
6.772520198176652	-3.058385147151715	2.2249046616620682
7.17836436399139	-2.9493012543364703	2.0206822402645743
7.273427461358612	-2.1875569813428424	2.69397971643256
8.63864890141222	-1.879181903761369	1.5777633787538903
7.862937065186966	-0.7615173725593052	2.3919036467570036
7.601434690641635	-0.5848500432864472	1.8706183140585937
7.601342045844804	0.5365680920308123	2.6731641977078553
7.382434726018627	0.61437785962727	1.9611052756158194
7.673530430281167	1.1719275993137022	1.6540270911346693
7.360709783968969	2.1570164244924177	2.711017822351333
7.18881335721479	2.621300664629396	2.184544271304946
5.8128737944072855	3.2599582634372632	2.59801082070227
5.126426761181614	3.896323498155761	2.443419357778836
4.2740709409076025	3.7091349093643857	3.709138631178193
4.73554128703909	3.975761784592808	3.4099206211469157
3.821222001693826	4.762639224537075	3.0192159150413587
3.198756904746446	4.455171801501342	3.8335256161332825
1.973988676417005	5.163887324740751	3.4287987652645135
2.2288808418711676	4.441837792866181	2.9864634619589387
0.13296185228372703	4.690416153369087	2.573294008192469
0.35141862319752504	5.008868404249024	2.750696913684122
-0.6479794168273194	4.839695272381696	2.0831879577651673
-2.6207479199599133	4.89904607712609	1.7812745480073837
-2.4205777406681	4.2962623106734	1.7119775030782156
-3.35770431597721	4.575364387813892	1.5470734616454958
-3.9562909782784845	4.835550133610864	0.3718172175943962
-3.6373365369440815	2.9680467347584774	0.5807563451307526
-3.9160434243016726	1.946543092035678	0.3598884047142027
-4.210671218737661	1.2862274114368533	-0.822819804897932
-4.24797313980533	2.0008668631853963	-1.2733643116617124
-3.8004032189552963	1.5136304848059345	-1.411341008957846
-1.7880252232541634	0.2028656056852846	-1.784802439510316
-1.3915329714135987	-0.07491304193577883	-1.7403823556419458
-1.0390123559699014	0.7386599608762693	-2.9553449716273774
0.01857197868521898	0.7677044742201554	-2.915954566127499
1.4199407286779335	-0.14982240331035152	-3.2882458901985516
2.1896029967382713	-0.04487349878566704	-2.446274122131727
2.1492019130997915	-0.11879161666544624	-2.6779943769900534
2.8668239109337055	-0.4595340686064151	-2.4281120072254057
3.2984555314434	-1.0933184182593678	-3.0012162192755367
4.277303654068519	-0.8597220695029609	-2.0046452358752065
4.90719601827392	-0.8425823030898845	-1.5388208219541262
5.197456152311741	-0.006057661273135895	-2.329187830433718
6.463171600389895	-1.3782021041964814	-2.07333813571646
6.628586172904783	-1.2915561942041491	-1.5624752370497879
6.113619643234993	-2.386948096497424	-0.6943705055325147
6.814041772301377	-2.7516139384912264	-1.894335944602478
7.120552134867035	-3.3501115055360775	-1.1086667276184603
6.447609262867414	-4.075035569073702	-0.7181956873908333
6.234834208780591	-4.529836365766193	-1.5366055249271167
6.302216694726491	-4.194317446263961	-1.8181175897536868
5.255332909154374	-5.22748678809376	-1.8785807707537705
4.874559250209036	-5.492556746535351	-1.105062475141424
4.7971737509900185	-6.373502225177555	-1.871313269891274
3.871876732606824	-6.624316960678342	-1.6536970128422677
3.840920983397324	-7.424602086478758	-2.3402124896970067
2.6296723619248374	-7.576910181317597	-1.232756288285931
1.9602150007546157	-7.500840330124932	-2.126933304525511
1.5193948470363017	-7.813303866144407	-1.0180164086306767
0.21600808777464814	-7.85193074726797	-1.969525224123681
-0.4557434713778031	-7.607370397810238	-0.9389859297356316
-1.0289093214865523	-7.188338332938567	-0.7447774730271446
-0.7211292680212351	-7.255134859893569	-1.059596488928881
-1.4358661738700196	-6.7304209513290685	-0.4916019495619308
-2.9042574617301	-6.70121589498224	-0.22388894314648644
-1.4584367864529995	-6.495466732581324	0.005661472921774768
-0.8366706107483431	-5.957699374709575	-0.2291683644267687
-1.89426670224853	-5.418239388183403	0.12130160921861366
-1.9745468614350967	-4.3971308875663935	0.5618938018191275
-2.7293202985351552	-4.191374584125415	0.3473523590795262
-2.9040615643565513	-3.5938389627095715	1.1779740966460996
-1.3189144872171281	-2.9268815359166185	0.45278716048766515
-1.7346811814433964	-2.370557553644851	0.5496706692855426
-1.6265753386621782	-1.2260729338587708	0.8399757364418706
-2.312389778765257	-1.3915915143953852	0.9352587323028494
-2.647335478835953	-0.26547156205408307	1.9817107535833842
-2.6648242675108604	-0.19691294873640763	1.7647381895220582
-2.0996173747403457	0.34098503371518707	2.0484321413611633
-2.9250082060435547	0.6090117888886797	3.046467274996923
-2.0968763085234197	1.6189844399348103	2.89279400359133
-1.278699038701403	1.96773066617119	2.410814985487715
0.08802481943472396	2.1460735060340563	1.7740585695666022
-0.1362535316150647	2.6694054560702734	1.4810407017441771
0.855794166077555	3.350550780728417	1.4616467076222854
1.2718293558965819	3.448036761151359	1.010649632077498
1.1074128442664908	4.635497299970774	-0.056984669258512366
1.3151819568994243	4.17978639005803	0.05613450364435568
2.4234805953866294	4.892461028240755	-1.1031683026867065
2.125524417234665	5.029424001838935	-0.9375622283989098
3.5815166127278673	5.431205882352406	-0.6573065701284255
3.1440480724474376	6.9449940187853505	-0.44156021037485305
3.5808488481240457	6.484765619911049	0.6900618246166934
4.157715874318697	7.325018076854805	-0.30645385803015207
4.60334922380025	7.390890903351734	-0.09346193528159358
5.246708622596629	8.043166381069636	0.24765670689598263
