6.609316500826347	-8.954839326084876	1.1473421628921312
5.186046765593296	-8.676873954447704	1.174219765485013
4.979212980001203	-8.10688716561652	1.7908619677147033
4.0634302182329165	-5.978588587440688	2.428946519707604
4.0989097047366805	-5.009366653348838	2.4397381072141133
3.36767087145528	-3.9604279290680404	2.238008682159293
4.6062980962790805	-3.0719332742330705	1.9523499227925336
3.759486310184046	-1.693951680174845	1.9359336959201496
4.287703241201923	-0.39002834602005465	1.6482888721611055
3.6226932302530033	1.3847966607007156	2.1418471296425095
3.3066468887315112	2.726368857925574	1.5664993837212569
3.661687406101922	3.474774121480114	0.8262390509336119
4.225261605511776	5.135998675906373	0.6681009469363566
2.611364100796767	5.975403203599734	1.1789732851746375
2.0582000911780414	6.326879169756613	0.22963711767772632
0.24630003543371926	6.43439960983023	0.28069541956610033
0.05105768935946253	5.7034306913759645	-0.33210555673772135
-0.253784511830358	4.5382633947470215	-0.5941221100551717
-0.477955181414212	3.467415311987219	-0.11968317746325863
-0.715580470337853	1.2596832476625424	0.08131212551605604
-0.6338678198014329	0.0754592991192562	-0.12781286251439106
-0.22297595794537228	-0.021748507590076738	-0.5290878229631178
0.73995886977872	-1.6436237048828795	-0.09063197471258788
1.6177717834949668	-1.7731534748492186	-0.9461382017050954
2.569707878401848	-2.636588301173055	-1.2938643561958596
4.322139573068596	-2.4137126748109514	-2.1918395130324826
5.31353109413079	-2.663337502387523	-2.3310463842689253
6.631245086284451	-3.0639617834902153	-1.9652141118968252
7.9036719931960855	-3.1099486227118827	-1.3371597022775372
8.644930949924866	-2.481132890516582	-0.792528812809443
10.317886239306986	-2.188139893927394	-0.40794921831103403
8.945297148064917	-0.8347431876521358	0.22555883576825433
8.864669749721571	-0.11571714352922391	1.5436955277680513
6.996102310317563	0.5213957761679465	0.5571324335465726
6.1432928208717374	1.0497825287226425	0.8660782740030238
4.719010842518914	2.121944743948002	-1.0366606918304533
3.5691828039716107	2.2896282634438405	-1.6584784767095684
3.3294013851128987	1.7364775341400582	-2.3160831909824777
1.9996529630271196	2.3273455386900577	-2.674308577961397
0.43647495544609116	2.6645831278270915	-3.071276576173092
-1.5533084092524483	2.7260802955773387	-2.6759542938116274
-1.876272506655245	3.8006611761063223	-1.4621759607713916
-3.223111532042691	4.172008980838313	0.2076259598003063
-2.592393424603615	4.731055405206471	0.8503172175720148
-0.9986038295385891	4.934031796826871	1.9407174856591896
-0.8244743815368956	5.536951220234536	2.9201029942616836
1.023485363408839	5.6307530740758835	2.885975936221975
2.372333634625878	6.241837272005308	2.8663433678731574
3.211632163535978	6.066081530920454	3.3439466989887823
4.539981623620718	5.409650826982881	3.051496641105595
6.464441125394416	4.891973252767515	1.9845803309698125
6.574189554332471	4.379145409003661	1.1471871374650466
7.220527076451297	4.1491656481292605	0.5165708832033503
7.614284067731776	3.178677600638253	-0.5969375560689635
8.704374465166996	1.2765005823415652	-1.397672107430169
7.4673181638282955	0.3526856027035468	-0.7609966358607377
7.306136345063685	-1.2413630228423644	-0.5510345828465677
7.277340645972024	-2.4443773512532267	0.2644778017441205
7.161574559381654	-3.255021308745243	0.5232008260006216
7.16144183041777	-4.520990221112681	0.856210480752342
6.563368180695454	-5.802508683467453	-0.30680521723912035
4.822201338144046	-6.0428211026071015	-0.8422945592570402
4.594782640319117	-6.835563273955988	-0.6711918199108983
3.2644809981713347	-6.613920370981789	-0.8162200040715646
1.7079388949059253	-6.204999100042924	-1.035194024194904
0.10627155028759122	-5.652673453088214	-0.6648555850308053
-1.053334062844971	-6.08742420813771	0.04202000385814475
-1.5048649741269617	-5.402263314439335	0.6918427675519981
-2.9808581143219572	-4.164106894885152	0.764543611331712
-3.4120884181794606	-3.2538538360680427	1.804477151997543
-2.919990515670203	-2.1294547342890957	1.5845291643618604
-3.256738181298294	0.09139998241338643	1.2666845633827233
-1.7016202786811245	0.8244850779335712	1.643141573928505
-0.46179330534898355	1.2651496058429728	1.911160125614007
-0.7473417260547239	1.947731392643427	1.5714662888987192
0.4891613924064482	3.125487242036657	1.870371072834493
1.4645669855605097	4.2049903480341895	0.7156544338774427
2.67302313656627	4.119162000112787	-1.1675836685589742
2.0730662283035137	5.0085005775898015	-2.189037869610721
2.491360045152696	6.471762641785821	-2.6545784151973906
