4.951514167229262	-9.73257658932961	0.9347740635956073
4.159639763835155	-9.102859932776756	1.3579791885930925
2.8888053977905095	-8.493987518083038	1.1751446489499666
2.100960291328202	-7.33751612053436	1.481130511289481
1.9027522403513573	-5.203127729960936	0.7187006863302602
2.3633705982673607	-4.674051933821585	0.4089521215997918
2.3979796534979383	-3.748548567767073	1.1218966405254025
2.2504776923244325	-2.680235961708055	1.7030286827007848
1.8922820550267945	-1.4327844564828704	2.157335762892591
0.30620337819886967	0.64940818162523	1.4285469072892885
-0.3834754701658411	0.8197413518785114	1.1137660224308454
-0.29965840271531663	1.7569765206774615	0.5784543147264178
-0.5288672404362198	4.138493969901075	-1.0862787659390383
-0.8455945087154524	4.835816337698977	-0.4615649725240525
0.18001231516106797	5.628589531794319	-0.964765236154753
0.5980904619048317	6.882488529883469	-0.3686889147016731
1.3459074998233822	8.166200191646336	-0.13503992725852623
2.4175585748901587	7.292374771584365	0.40601439319326493
3.904448065089681	5.757408175887285	1.2622500079698336
4.050904291899196	5.006599102440187	0.5871306469712156
4.714224000033686	3.71034310356305	-0.31217928435627784
3.54614318020754	2.353649119767727	0.2884734494963905
2.899613598300496	1.8137794568493786	0.015098771088024876
2.2380435405457866	0.414051650075882	-0.6885123521520014
1.2254642440502725	-0.7124148902815545	-0.6092632469840797
0.23022830908669023	-1.1712843498240402	-0.4647775223157764
-0.24247171296968684	-2.022034167361082	0.5274207550361559
1.2721629181203833	-3.400136115498797	1.5039916893394387
1.3904388246008457	-4.3081462159216795	3.3118776046569347
3.3171199551145003	-3.848202203373859	2.928433241808345
4.666530755776803	-4.787255040494047	3.157823593810115
5.783009378201983	-3.9265636236639407	2.8808498406371736
6.302886952704128	-3.4798862512586934	2.6885450712421295
7.635121150843007	-2.084406466537213	2.6235368077323242
8.130977648329402	-1.336194947426017	2.1977619433231252
7.588370057586892	0.01425677692867472	1.7808412199040986
7.611193127552375	2.23181430995238	1.5846396053787526
6.650017151042128	2.367315175253894	2.6720145101715973
5.133440384926665	3.251357381860409	2.393330292903531
4.613087415542847	3.49850545799748	3.076850005546366
2.771696512087802	4.0080422187199565	3.4187655905376584
1.3967634596310372	5.5742811904764356	2.8991665975860696
-0.09699526874616904	4.946263439182515	2.7573482788379167
-1.1550299644280508	4.612997583641924	2.209732620631397
-1.9089963912001437	4.0491475105649215	1.7838590762872264
-2.974598685590676	3.149546188151675	0.4932618235029775
-3.239309603662698	3.3104870566413434	-1.0652789894339183
-1.6853088219957693	1.5413901172148268	-1.9408318161828988
-1.0666422689403101	1.378208280404886	-2.9143366857950888
0.3959292744460182	0.9170787482063779	-2.727399790753716
1.7461565551653693	1.0246188259230649	-2.704696834177855
2.4758163191534774	1.2815023148395173	-2.9339944546015024
4.067888012668524	0.19614485517465133	-2.4024958378718444
5.876990092071802	-0.4973972428410688	-1.9589517309178142
5.783781713269917	-1.0022574863700657	-1.7842042792451782
6.9068595989680475	-2.6183627221055117	-1.502562534045782
6.885787614746275	-4.052484154115164	-1.0608322840699502
6.1946419196025415	-4.9898029733795255	-1.105122057125094
5.065982150959803	-5.885602760541358	-1.9899111203747633
4.4413715176193715	-5.999131766347888	-2.3959620315225845
3.7117043048510876	-7.39582981476266	-2.4285159469567947
1.3710564275375474	-7.42625218568025	-1.0103521937879902
0.05634345222435966	-7.0009060379547625	-1.3804700110163157
-1.1034140233617753	-7.596623095713056	-0.08788455431568565
-2.7385952069228896	-6.968524989211959	-0.7141171135129782
-3.444108355966009	-5.646355230538852	-0.30837099278465274
-4.422542634816844	-4.006738424323093	0.2255015106380559
-3.8486222682294864	-3.370680162105739	0.6771635052067678
-3.9492990186388917	-1.4199706416973972	0.6298531617424756
-3.5072566964093577	-1.3270805982893976	1.3394943795766312
-3.0460838630013214	0.16510882509207103	1.9207130371970216
-2.7535855257697075	2.0758131746616195	1.957449734225835
-1.4167071734173105	2.55923422032463	2.822900355363987
0.6312120832948913	2.740126566696309	1.8755634122188631
0.686831546202171	3.8065381387958546	1.4737589265438762
1.316633854845955	4.785076128340493	-0.7130170621281002
2.9168641558009263	5.425307519837687	-1.3010219163434287
2.977588426214093	5.875612905291473	-0.758660098278221
4.17117242766264	7.747205149083326	0.40444700886364926
4.755769237685021	8.810138193895048	-0.0953168473446061
