7.132587971171307	-10.556407215000943	1.294218600720367
6.404294810842302	-9.438088134246732	0.721207107230619
6.185878203064816	-9.584161082214301	1.318978210652734
5.598596085599651	-9.242899197892832	1.091934358614155
5.831478490679678	-9.070734457848285	1.565070712577287
4.168948379168126	-8.031739735853735	1.6583387074961913
3.6663295572638797	-7.594362513931433	1.9482729168692832
4.38124852389434	-7.63524142333984	1.9996625916217163
3.712219310990852	-6.408030703440004	2.169968105872428
3.889841289200721	-6.059360708604909	2.455181651751416
3.7378444321137283	-5.181656739987562	2.346407869487276
3.562056967948158	-4.889990591322198	1.112868745370076
4.279544489614633	-4.2657989497674205	1.398228943129264
4.046873722617232	-3.9163186241787113	0.859221929968034
3.7980119681012825	-2.4787929140655	0.16774605090546446
4.257131472998793	-2.9087798500696644	0.00027582601262232664
3.716193201523653	-2.5815500927879675	-0.9207257906798
2.5921267261146146	-2.1533548943334826	-0.2880063792506178
1.5683080145085704	-1.3474659004782976	-0.9703434902866614
1.8174448999759079	-0.6624218982317127	-0.810849812370492
1.1207789092863991	-0.2939152822354316	-0.6380423498941228
1.3208890954947323	-0.5268086634142386	-0.7132225356650805
0.6402407069314702	0.37265778607216016	0.3177387581593849
0.1598720586662994	1.700530843123492	-0.3680141369898559
-0.34142133262636043	2.6810633391928045	-0.20122010943319774
-0.7999561239302019	2.6001107536244463	0.3243477199349609
-1.6489542002375368	2.985448709896815	0.34735379875630024
-1.8229288603688953	4.101478061563821	0.30815134273396405
-1.3600320669531971	5.252789777126128	-0.4088732606138296
-1.85951335380698	6.556737381901485	-0.7830117542507797
-0.3319609305413398	7.13261145133164	-0.8948294559036518
-0.42521261455073633	8.280216334850756	-0.046261301368053176
0.8845951317998743	8.335650159113504	0.5530009816335508
1.900271146764803	8.014020298512515	0.2189367300601025
3.048995281234765	8.155067129135555	0.7370193627231886
3.5912625964559335	8.161823944310777	0.8597653210131687
3.939441195333722	8.273550364465942	1.2671215117345889
5.805083398920265	7.572787410473369	0.6122193741093828
5.285360256428528	7.433480778768107	0.8061297866095849
6.784066506616337	6.749961129275184	-0.14436478982267414
7.013536262009824	6.3208767140481585	0.13156609528634733
6.594880723514264	5.633060553736879	-0.8096466250299659
7.885517125544887	3.62597776461409	-0.48264662468298036
7.47290812393198	2.9958269857424575	-0.20143269767547067
7.475690370980235	2.62323604540733	-0.19311079119377228
6.289355849489834	1.5807908843960599	0.12277274686911077
5.386357124746608	1.9388047328544138	1.162159526945013
4.5230151802104865	0.592683644602392	1.599791661969241
3.8538476918191362	1.0124317916972565	1.5679939200505193
3.4317634877298557	-0.4549792169193571	2.1218428137428935
3.131623774551543	-0.7411436275800063	2.51650249247872
3.6403073125365553	-1.8351214373434896	1.7267113438598898
2.6276651982059565	-2.730623385231883	2.18863181850939
2.106975038336321	-3.338032694852714	0.982942713914777
2.7737412312315364	-3.4404962016869844	0.19013574562931695
2.3912620943774208	-3.6153735423559192	0.32653112279429947
2.626410893261701	-4.849796471193931	0.24193832650636016
4.292678606544828	-4.836241112267813	-0.7806840330727036
3.8398203434234888	-5.0843028469079705	-1.1262333139896614
5.238514190813591	-4.897505344185316	-0.8010211813105237
5.9746496368211375	-6.026438022741278	0.18017008772957271
6.685913997856401	-5.482708400930975	0.556242470760439
6.61585192464071	-5.760729196598655	0.7529461290604972
8.142382023049663	-5.182460713871957	1.2075813196035088
7.5753036914652645	-5.422912397720235	2.087949919955304
9.178976593692724	-4.449358610877309	2.1635494924103473
9.354921213134235	-4.3328521957776465	1.7990634688112137
9.688480774879	-3.5949428667780516	2.192736995538349
10.496655916886201	-2.896768218273493	1.441893557764808
9.891639008709252	-2.7078758689428817	1.7678562290421784
10.046789901760357	-2.045057210401472	1.054179412930834
10.40231662340477	-0.6867543326393353	0.06311256569503187
10.19066538555897	-1.1822291885940108	-0.5776159934961537
8.839920184560611	0.49545863924396727	-0.7307468793964467
8.225374841019901	-0.326906923542963	-0.2665686050495224
8.260600405821876	-0.29563624924703746	-1.2228943048649579
6.822389587176879	0.43693068481842523	-1.6469839199011473
6.899238252896429	0.3646101184958227	-1.7868704892437361
5.446943814700556	0.5540596922922404	-0.9363148541753223
4.0331622088325165	0.6057964056560415	-1.9238953300891994
3.1504483352516286	0.8589960469812645	-0.9425104490874701
2.4206245942562	0.6447574552456317	-1.6574698000489834
1.3723137067158606	0.327911894678537	-1.1673072724646296
0.5431730908893677	0.8180660704933749	-1.1589178490211538
0.48601289811199644	0.5767917514726448	-1.8532906811686027
-0.6161542826339474	0.8766361113681089	-1.3992810679014953
-2.00316691565804	0.8672655336258085	-2.0162661496025938
-1.7462005851679787	1.4326028087605303	-0.800145330782404
-2.9652504421249715	2.0692176466666967	-0.8151942900189021
-3.6119875511509596	2.180515617747084	0.02956370439648215
-3.323204823084367	4.121391830533298	-0.026076064387627773
-3.6506760589256335	3.4978185557291	0.5712002479598908
-3.3702509062883323	5.0977234193178385	1.1566421449136022
-3.248805160030028	5.731689233809314	2.2600743339562426
-2.8800439563083353	5.919178409126981	2.8831568310380806
-1.7597717744571004	6.931261135835253	2.0960646804583796
-0.9673892920625158	6.231186239869617	1.8398826586750983
0.8376852806718713	6.733838440062771	2.2793924317683594
1.5497232059118577	6.390400136267788	2.050996629852213
1.61146732493284	6.639405422686176	2.9328486867551535
2.4582760368066423	6.112405350362397	2.6395542647988313
3.368093918752535	6.578549597373087	2.37556907452004
3.6271843457616506	5.238132287242749	2.4524513497129825
5.1751221852706415	4.946034893141105	2.113407033883855
5.190995975022752	5.307186259153173	2.643064900250117
5.75005453870933	4.930273974279264	1.9002371917868763
6.858029320476131	4.860866761388363	2.1219629191736225
8.690609507878357	5.375638849178632	1.5720100565977178
8.496616231572967	5.136555202562715	1.4979517021698872
8.567829587770264	3.596519526928766	1.4850467537356853
8.793903028858582	2.633435646514474	1.3809796292460428
8.475865109087831	1.8981216496421764	1.523574180278983
8.1323904091589	1.9465402868038142	1.6495743975756203
8.439855115579778	0.7162196510902525	2.4201375816051125
8.5255009919739	-0.606486041993341	1.3485073110165582
7.753426893200821	-0.7345993924732779	1.2552784498230982
7.097429539654952	-0.5378274514341526	1.2601904320135071
7.890507798826468	-1.6276917998703613	1.0417653043473911
7.249808076919412	-2.0133183045826795	0.018150426506462092
8.185324593848748	-3.373532024536752	0.47671675766968247
8.84315283291702	-3.429323441600515	-0.7558201953517282
8.803138339602908	-4.477574886213038	-0.6157316533075003
9.10802328020929	-5.343018406567874	-1.254569064834753
7.861735832849087	-6.086357392656111	-0.5241040804644863
8.146000195681172	-6.717592522219943	-0.49140444950029005
7.904996113748663	-6.956652973304331	-1.4923677088688871
6.9790362597308855	-7.597704410760328	-1.2596989830153509
5.552754949819384	-7.950476185124564	-0.5422330217294784
5.197738528521487	-7.993095939212221	-0.7491467753920493
4.615783990648814	-8.820440773282739	-1.6199415557681567
3.2001115267220706	-8.413866739732855	-1.488639924661563
2.9811267618588166	-8.445297329389664	-0.2669967485086375
1.717995808090556	-7.783745596429143	-0.20545532809604206
1.1495033846685003	-7.29358827272658	0.007727830396634827
0.7068891898355443	-6.63713448587837	-0.8075637863249849
0.38728385323347003	-7.184170782168895	-0.5567011860879159
-0.07525238593158123	-7.22016635911372	-0.42297435784887677
-0.43151809982948364	-6.318613085943041	0.78485668189555
-0.7322952731664778	-4.990461749441669	0.059253236452089575
-1.8796642365177827	-4.67637188892165	0.09428848918663248
-1.8993683520945295	-4.7324057889796505	0.7630798532387439
-1.5555996447258813	-3.7209754703824243	0.22671098703464865
-1.7090466823063926	-1.883958469333808	1.1781624171232483
-2.2718982791579094	-1.9854307513827818	0.8305786378540347
-1.8389975123553788	-2.2477113601246805	1.2017508960085233
-1.9255784562596432	-0.9287516534124287	1.3238939565223449
-0.9858771458943381	-0.1647636663630433	1.7645760203277208
-0.17759779853033808	0.7682420518017918	1.4047050893378419
-0.3722154096371125	2.222565745384383	2.4127618886800266
0.2574456684479638	2.86639628995536	1.2904117424836685
1.3509381693958968	3.2108914947667335	1.0483424781754829
0.7948153857911227	4.120458550298656	1.5109737935475547
2.316976386304421	4.102721740034629	0.06838522660316726
2.2150639099699867	5.2330343847011225	-0.5801756753088335
3.2196207903868386	5.992761775198162	-0.6147739844255142
2.854649584407406	6.094467771104533	-1.2963406527450432
3.260212803820712	6.933170353544972	-1.3175078102481659
4.687755854429377	8.192753597803105	-2.0710276595445736
5.266255752618218	9.648403084619957	-1.8065313782469974
