2.2378177120375993	-8.986919591567913	1.0820453188888695
1.498536918855231	-7.737275833627706	1.886472501036247
1.7905702649383333	-5.754084631888754	2.162693473452793
2.0238929245525754	-4.843104630389281	1.939109667961767
2.1094599230894255	-3.340508460167698	2.1526664677626606
2.9876218015442806	-2.111576365980363	1.6472228695906097
3.3304797310481122	-1.0276174416130681	1.9690360798860116
3.0774636524250316	0.5593201890701608	1.6299979506720375
3.4202828160745846	2.015540188063076	2.049701827594988
3.483184364697335	3.6657029661842837	1.1843752647958472
3.3084614269378756	4.631686639510708	1.5899759198646575
3.432065310875295	5.364341028549966	0.7276910106550415
1.6922827056234448	6.899308204109701	0.07515009275545365
0.8484568665392778	6.7596999816719165	-0.20596757090718992
0.5754857704117774	5.7412234862209095	-0.32431911534025226
-0.04679908931013044	4.402472883270926	-0.9510379931574886
-0.9955646763022308	3.2590328112300946	-0.9088338007895347
0.24375780210037612	1.7538687188401003	-0.39535299978674565
0.016275879687542738	0.7852735029205079	-0.6434504898221598
0.9645943953937979	-0.6099192759545663	-0.38488362852273106
1.0366094298783401	-1.1470323997680842	-0.8855192150528503
2.446416904816747	-2.0773935714874905	-1.3938364750539751
3.0129593333030256	-2.406233936673858	-1.147147847522425
4.176495641627243	-3.665819231178501	-1.140866977995528
5.784748092995112	-3.2841222684012807	-2.0670377315628095
6.900322323410558	-3.435545727100399	-0.9508782415722881
8.774430121896835	-2.8603688950440684	-0.6182189885989062
8.605440115349827	-1.8128581331556204	1.0119016810540704
8.033628262388477	-1.2055550286031966	1.8848389556023102
7.2025615247321815	-0.33167181685497193	1.0398701175418752
5.610724000231942	0.345267568134934	0.13047984474735927
4.712890757381087	1.1907797856992057	-1.02629479594589
3.335114277114872	1.4898518164110988	-2.04100516352756
2.324342821815542	0.6090632483581888	-1.8827828281876469
0.6726727792874985	1.8913720936255154	-3.0576649286742827
-0.36756706994317423	1.0158281651972256	-2.940971039610533
-1.7403485016670506	0.851655594459672	-1.5148964316389537
-2.9483109936977527	1.0151599937202829	-1.3493743321828278
-3.9458791186462854	2.412199006462414	-0.5488766818129382
-4.356892905710765	3.3436191065790712	-0.11482609904867724
-4.802049824718283	3.780017872311132	1.523651233989886
-4.517188797009696	4.811387567436613	1.9544090965531415
-3.5342490946390184	5.59456959627027	2.04753308640229
-1.7395941827538157	6.124479955440785	2.360174482672689
-0.8536130345629696	6.429736605347508	2.5553330921474497
0.14738700513466363	5.917315357337961	3.840884707606575
1.2262327739614884	5.171774269529675	4.0844709416780685
2.780186643925663	5.362018436073539	4.404659068186942
4.239063340220442	5.259658239586955	2.965657343089261
5.365461778676072	5.754895001533074	2.3983837122380196
6.9943732006321655	4.9020516267385155	1.9057490451149177
7.004507103771039	4.447620771279734	2.184397983166409
8.472482773067473	3.702991750080494	0.9222943777218101
8.280652119764751	2.424599840081391	0.23745888195160314
8.147234562960632	1.1026372298809664	-0.4181765864110317
7.608373283850469	0.38243441756493324	-1.488255761170393
7.219480836762781	-0.8908249218861146	-0.47224667563116973
6.098806066207941	-2.2312580754175055	0.43025594346093254
6.059319454176413	-3.3459308336129556	1.4402136199813622
5.813454791381603	-4.032162923765639	1.6818699501406413
5.2748139313492555	-5.423519472903132	1.7600062051213663
4.861713800122756	-6.085408362222957	0.4804224059582244
4.260211936580221	-6.4755941834493544	0.1092626263665335
2.9302690582473385	-6.8281096256874765	-1.2492663204972791
1.5522485627299838	-6.739258576533502	-0.8356517434802724
-0.3335965747089306	-6.303671226734872	0.04812379030414138
-1.3755943375273976	-5.152451242796526	-0.32695788748720883
-2.0160842887198323	-4.765475429342417	0.1250449001826373
-1.7835405891758254	-4.665437422219372	0.8030392525994721
-2.918175932030428	-2.456200905542727	1.0054360214894593
-2.814925513737733	-1.4746770302447298	1.1310610257838773
-1.6123120146911198	-0.2620192054481305	1.633235107239339
-1.5472814129901127	0.7894419015041336	2.2741881366121155
-0.6904975552575207	1.9650643941755974	1.3756563037726415
0.31249413095774853	3.478264048849629	1.2783223600822635
1.3847246090413667	3.2101027386132235	0.913129067990774
2.3388474750534933	4.58735270165132	-0.7534945445822127
3.2998770260775414	5.063235606452047	-1.1680916766294913
3.3688622434123214	6.366026243441007	-1.5047576059822148
4.449530383110134	8.068147453681878	-1.7488545031421094
