7.642211814561171	-9.826068731196624	0.6664502423577187
7.239827691502777	-10.327859156138718	1.1830262586284948
7.143278975342365	-10.008071308969084	1.0628238068740579
6.542545938988488	-9.091356900187687	0.8734543011533271
5.611088576960932	-8.69224014929457	1.2566164951508854
5.701911353421339	-9.122873649551243	1.1708492678010591
4.95086172494813	-9.531153224601798	1.7198085684171105
4.929701416423601	-8.159349784539275	1.2623212777910005
5.1568848403662795	-8.891846612045349	1.450417053475078
4.264658955413038	-8.14806389091273	1.3721641668721107
4.405711792938261	-8.07708586933963	1.875620947737027
3.8709078647793453	-7.229205044434841	1.6130758358929496
3.422564891820395	-7.186462109543407	1.477669942257583
4.294747325165332	-5.95826027488149	1.7494077427203543
3.9295403986093933	-6.0227410714528276	1.972659431474871
3.9823353504150836	-5.69915900452935	1.4004674304782918
3.872288480440158	-5.07806940476162	1.241671418670281
3.658423364086612	-4.759668133395903	1.053195852458896
4.990090916522554	-4.28615891190883	0.9245104650870057
4.342131555132182	-3.182436513635601	0.5950771600057401
3.79232441391374	-3.0520924891615495	0.4553259192468233
5.06113026301443	-3.178524703511327	0.06589366079229875
3.543318462238863	-2.0551140988640006	-0.2664563515010771
3.5970885744694905	-1.5462694739703036	-0.7915032709329928
3.467696730487094	-1.6930445011870046	-1.2116776361951604
3.328937502329454	-2.306759790538933	-0.397139894347325
2.971618215266757	-1.833237196662574	-0.5978836825331679
1.5263800813375568	-2.004192918475547	-1.1276617504101265
1.172926703150816	-1.2987982267798015	-0.5332547109677783
0.8038450875963621	-0.4885305059258409	-0.4667385115626097
0.28990628336562724	-1.0253529026351575	0.10833432304436774
0.8389754513436967	-0.8276369719138448	0.3404208741603405
0.35865606163675506	0.23793499611429259	0.08876801702828829
-0.015480621140389061	0.5527220264165953	0.058363850102163495
-0.41011173431470693	1.1374658778227786	-0.06205973075802462
-0.6267463778393949	1.9905863342327992	-0.025823497033791054
-0.12600712311588824	2.3328024328255346	-0.5117140113372955
-0.8189227713178668	3.165600471902512	-0.4379216457212145
-0.8889092669248362	2.8140857431423103	-0.1385230439134526
-1.3352949751038325	3.933476372445872	-0.15506438705308634
-1.0904481358892968	4.0748649255035385	-0.4670683723356337
-0.8998196191187151	3.879824407190295	-0.5785656084316049
-2.2901596691067914	5.516623239456594	0.05066324471628647
-0.8984452536994096	5.68209091220346	-0.3333776793542431
-0.8067677481120826	6.450700175296734	-0.3501411718110121
-0.6831774276528425	6.123234749612392	-0.7128625310795585
0.16638598706222862	7.490798249895926	-0.18455200923725834
0.021385116849011898	7.35157219138884	-0.005335226973178786
1.2180116095256586	8.410949016655762	0.18954427038517796
0.8732187585349477	8.606838720607927	-0.12320012879006825
1.2770726032644757	9.007126859077031	0.0981620175565899
3.05278798524021	8.000298692145792	0.6347777714050028
2.614087170167773	7.9886712851685875	0.11243945604382272
3.43265525378159	8.623649473251309	0.1645722706418653
4.861728338503114	8.219548084000314	0.400938933943928
4.375146577719956	7.67293896435942	1.4049800344649115
4.926560147146985	7.846687001470385	0.5563087647350756
6.003212705238875	7.5938761788512865	0.1444586367115292
5.801952718802417	8.084139210233038	-0.4489557326591459
6.611063478985995	6.968096306475039	0.10577767662912885
6.1624500471686865	6.451146092728273	0.34577169376839034
6.426705756819349	5.711034224434907	0.02255209808709946
6.407314177759041	5.321134222752441	-0.6211038497930732
6.639839197836172	4.285231057899082	-0.07851772297792314
7.13599135181665	3.7301785485337393	0.13780195717535293
6.554745379902707	2.984201567332058	-0.14944716911141054
6.749036460198194	2.8178458071096175	-0.3999262065040556
6.35576638788147	1.6303599447131762	0.8184558526326339
5.943017964810902	1.4960123556437415	0.23016850789588617
5.134090565101273	1.2448363230317163	1.2732135958990975
5.573605592152387	1.2470792094193266	1.2016703604463315
4.819481152117922	0.2582251608303878	0.9433575460850205
3.7984965362069114	1.1282256729781501	1.4932147063318724
4.141296141672274	0.33014457505224104	1.163655611526664
3.159144870814953	-0.7153876198593809	2.64065135716061
2.828626486435078	-0.9609622674231104	2.430456514160012
2.9437926465940882	-1.2531376836430148	2.1898157725172203
2.330337002229454	-2.210725623355919	1.2972003757672537
2.1645739495338634	-2.7290719091166546	2.067865835334235
1.8749997680281596	-3.191002000417684	2.0012082230386827
2.382221414185859	-3.6264093608591064	0.8068069981505392
1.6274462933538922	-4.092494106021398	0.36946128946634493
1.9895213427268206	-3.5097863901396833	0.1719820902357789
2.9318202559036224	-4.170397641898415	-0.059101027963901376
2.8123870283109706	-5.010944526972629	-0.9034309887613274
3.5923775793279127	-4.603410396012338	-0.6167040196802749
4.131323831447455	-5.125703672462626	-0.7464192508422431
3.927250351227079	-5.332824709975709	-0.9125745729888035
4.187046674462939	-5.384357623790004	-0.7476679136686071
4.732246756578626	-5.992538415878515	0.30511584614529963
5.790580182235908	-4.914162840523866	-0.13778329091402075
6.116497004428061	-5.844804682140937	0.4221912641688846
5.922308303335996	-4.742522862005959	0.9767047395004269
7.3626884776173736	-5.092643013554046	0.708030257610737
6.8899296910302885	-5.729621160200698	1.2218269999196665
7.08764075753697	-4.562715473837802	1.7623752585622687
7.5558592076003395	-5.267871629947782	1.881568667340487
8.5975659463852	-4.522547435811911	1.90413456723458
8.656359024632769	-4.782591684819736	1.4888052569831083
8.9831363346696	-4.0009340453902835	1.9039478340913119
10.377026026455901	-4.030979719957596	1.5330262244631987
9.333445618577139	-2.9802844646012794	1.840374499231903
10.328176118800755	-3.199062601344607	1.7932821383535564
10.654508472054415	-2.198278834029617	1.1611262406103933
9.835110257000123	-1.4785441533290773	0.870666576148052
10.013768703438018	-2.0381074270664326	1.5876275671931819
10.923118431774805	-1.8422514993559005	0.31116237329479024
10.06985491156941	-1.3842080202982445	-0.09249825410870782
9.623059091672712	-0.9254027125974223	-0.29877700761879267
9.173889346654708	-0.9644393381736802	-0.8771728389346904
8.34639479452495	-0.27472263431694344	-0.07396635047632594
8.86844417184188	0.027951430000173416	-0.6056066725217738
7.857369968385999	0.575531024312822	-1.3320432246367946
7.136047114980155	0.698464726084006	-1.4233086853377506
6.645781227805406	-0.06569444305833447	-1.3933458554188762
6.429936281789399	1.1833591160728865	-1.333979642599844
5.680066156485936	0.8817441423427437	-1.6935018846681709
5.054039461151677	1.1557700586609394	-2.0731898696301885
4.3692773921180885	1.1859637284863505	-1.2406969281328333
4.122874679244145	0.7926545880705942	-1.2060020530804891
3.0862842625603006	0.9444553765353643	-1.2740229417494118
2.857799408937007	0.18179876618522967	-1.531852083594624
2.2356247869227435	0.2498472601417815	-1.677918681808504
1.7541588838597733	0.38718966712165204	-1.6956629519188686
0.7470613737431058	0.042569050961364596	-1.1923279018558302
0.08621183304941053	1.3937159776436454	-1.9562031073155532
0.28767671600659983	0.6961215847052599	-1.8616040639299989
-0.573176363350379	1.0164774869614859	-1.117425581638086
-0.48317252781382325	1.5222200832401	-1.6764063128672333
-2.0554140257845317	2.1410615085151177	-1.8131111963500404
-1.56130037047174	1.640565281224819	-1.5165079862541493
-2.9067298737046734	1.6212112093238282	-0.8454583257221191
-3.3686087254545356	1.1430081267235612	0.4848079795913056
-3.3022861848923912	2.189633973083164	-0.5299694091865224
-3.1485776961131178	2.394960275719392	-0.13404943300878558
-2.774107115334672	3.192924261287388	0.4859153952912327
-3.915049087973422	3.9855016509994114	1.4932711103132923
-3.309190741988629	4.282632783401393	1.6993011243351863
-3.5479913299555643	3.957605267198171	0.8784789097679445
-3.051694955649596	5.049096687925152	2.270478697118751
-2.901648721588699	5.789323270327243	1.6149951744879565
-2.7278364934353583	6.229796938237267	1.7679040353512567
-1.591745317489392	6.3315955226164755	2.3907207125727803
-1.274697102361898	7.261122973656781	2.285629227604965
-1.0355560708242209	7.603321094058284	1.9821105662042098
-0.08314451642902232	7.162547121370031	1.8537981926847502
0.6159026668046713	6.535475337788567	2.5811370731704457
0.46921465675848006	6.6728852707232225	2.3825626025895916
1.0593863798815486	6.0333117241916385	3.080964566948158
1.9293115921745212	7.107045109444382	2.059677513703871
3.2782716843498654	6.216285808665225	1.9510601003163524
2.7584739368837883	6.382854703050763	2.2492826824018164
3.7607347689890043	5.284084664232567	3.2552966193641772
4.379463727385501	5.56424444673318	2.516539298712134
3.9801972956655014	5.262807191967784	3.235486824451967
4.888443483187604	5.200978594047143	2.4433321690207905
4.745379924168258	4.821056033563129	3.137816266641008
6.518799565541471	5.208357583000527	2.0515988363982256
7.036393842394939	5.4590180833275745	1.8067393209771259
7.5266014282809675	4.876512114519059	2.1391937727142407
8.200715563425236	4.869395127922474	1.8710231454625859
7.948364707849738	4.557708737891664	1.3077815718556698
8.810793560442455	5.3304054634409	1.7194914190694988
9.484453195757759	3.53826200302068	1.9079233176913557
8.282409803096982	4.152211302560451	1.1596735815439994
8.746126371689469	2.3131155051976346	1.9831218566866171
8.322951716043708	2.142110590250267	2.333060163825629
9.020009179428554	1.9474719904543503	1.4590359688788048
7.968915338414815	1.5221859213115327	2.216987592669325
7.781402427396322	0.5965633089530403	2.625858996629732
8.558405130410879	0.9137931969299045	1.4122340367027155
7.826368220686638	-0.2208375852747177	1.893288046380173
8.216434519448383	-0.08497154450823974	1.7018494517217913
7.888402073929905	-1.359598765816132	1.0248577284698335
7.953550627719735	-1.4860830961835585	1.5623356629729575
8.5386192723332	-2.0682958372227738	0.5361982233085626
7.2947788626588395	-2.5610930637195857	0.9716915411300506
7.450222498137247	-2.0755502824523147	0.38329247095809965
7.897150892869051	-2.607775579750875	0.5629251706526748
8.650181231725137	-3.687794803578715	-0.7079068355159344
8.136135423563003	-3.1174544528362316	-0.6879090029546386
8.86323957924539	-4.337241074750721	-0.5440347452655379
8.674534637935723	-4.545297391653451	-0.7142544478486494
8.256122206825733	-4.583651306198875	-0.8401196630271794
8.810547134519195	-5.041711219406272	-1.1277311744169036
7.979167621823835	-6.182737144244225	-0.6573467368151389
7.6148754202300255	-6.031626880818203	-1.4960384584890285
7.991382981740781	-6.527343771899983	-1.2796264331746499
7.870866751531555	-7.15455460317406	-1.258838377824467
6.286844744220062	-8.009256970391956	-0.6741536559755352
5.917079603675335	-7.5698789831934095	-1.5023537957151225
6.05436807482984	-8.081415688958797	-1.5681717284758872
5.721552232645116	-8.087674849783912	-1.155546475559491
5.606744817561335	-8.826574632839048	-1.520281855050717
3.8914933365356896	-8.53874270602629	-0.4001985569459059
3.014121701052102	-8.767757796306954	-0.9997710403063688
2.5187615006775834	-8.030016079066002	-0.6471081746233714
2.5936653778686853	-7.975614206567916	-1.1199397758258347
2.3968541759089987	-7.89489398301089	-0.5694229426475095
2.0992991872471327	-7.218327340867542	-0.9264943185750854
1.518412606203725	-7.0827209374585784	-0.49046889363875823
1.6068202458377687	-7.453667763527646	-0.7890876605467397
0.5845234031952469	-7.238834388642442	-0.21244614589659272
0.8196203903313883	-7.430330820250723	-0.026920329451177505
-0.26726429681841224	-6.655751695752825	0.29868040389542905
-0.3888572247997757	-6.087838243004755	0.5076361209336411
-0.29612909578165225	-6.2632816355318335	-0.16632672158295586
-0.6859763238463621	-5.854290011668009	0.4611392419427131
-1.541950891175255	-4.812726700191866	0.6980775018336853
-1.3073726684999647	-4.971980998341106	0.6805323280149647
-1.6639913237091744	-4.490686883694963	0.7677856678749525
-1.7073439356328297	-3.914484815243795	0.6842046917631536
-1.7596225101721765	-2.616342928832179	1.0835161594978735
-1.651052458863997	-2.6452588687920775	0.46416902626212253
-2.2132618727278706	-2.551600170530339	0.7668912499625306
-1.4506259602858804	-2.2328664687553346	1.0150447854107525
-2.0917454076751145	-1.1301900969646401	1.278125296711734
-1.2562778745435759	-0.8841885435261791	1.8466832656073864
-1.4575342574476096	-0.6588883938309145	1.8865846425639905
-0.6784720520963035	-0.03941265852744125	1.4254266365769959
-0.5859198365332035	0.10187606145707584	2.4473056264190687
-1.3176803547895035	2.3035694254127446	1.9359500075986324
-0.7989652562485356	2.881003593484844	1.6820714188885315
-0.5335844175519368	2.7787908786631386	2.024578070170131
0.17209335166015943	3.6404589683512434	1.7296462873576217
0.2507928528830801	3.663684602048474	1.288684249518008
1.5280567551935758	3.5062232681265404	1.0543615067816463
1.2067865924549852	3.981186680875968	0.5081021141253896
2.0700502993571255	5.152139824236025	0.1846959702729108
2.3765828177224613	5.471759273014215	-0.452457325885591
2.394052831679612	5.053437038512882	-0.780420895374879
3.4922554907693346	5.5322445635515205	-0.5422783534542335
3.5471915175899746	6.09502776256744	-0.5045469912354709
3.112793888902322	6.9625060537484025	-0.6001129192437487
4.342801947193803	6.83475639488878	-1.474905086618992
3.8025821838356517	7.7747514261966035	-1.127662411703376
3.938712150094688	8.249089734489123	-1.4911125953332287
4.521132858730329	9.611858529300303	-2.317569856493152
