6.162521764527549	-8.50083104384544	0.795846449404467
6.287734879630868	-9.322739428616572	0.8372896272071176
5.911793178133408	-8.80559444162233	0.9816864651801624
5.3226805872942	-8.671445113827822	1.737526597551825
5.4451162848004815	-8.29953359064104	2.2439056492131897
4.733024375429492	-7.451533989282764	1.7258884358356648
5.11461268228468	-7.72562973212496	1.6217511168124956
4.722512941868736	-7.331041849106635	2.0620348759150287
4.5445363992144125	-6.31481721253396	2.1524528144701978
4.893729825774981	-6.879036946594186	1.9902758654729313
4.157630313463829	-5.588773300567702	2.0072313163196314
4.261719099876916	-6.042444860069876	3.1042764323194705
4.1960561941283405	-5.636407465386831	2.150357334968631
4.323108460622027	-5.210807912668168	2.0716103119160607
3.501524049307511	-4.023014377986562	2.919824320259043
4.1915169608994685	-3.924123369803431	2.2990064766034397
3.984600476021148	-3.4831614239309454	2.17017670920921
4.401443818983409	-3.5730938383559017	2.530279512403532
4.1524843058234175	-2.8948640969368764	1.8339781899925223
3.867053222858159	-1.885605374578684	1.9185049170416564
3.8036711341290106	-1.9901802379771647	2.050883964590849
3.7911041711483997	-1.658494134073143	2.4446915505888116
3.363330288829284	-0.410798287889671	1.9028791043781694
3.8539880491439478	0.21386380955084194	1.6526203831966364
3.830087123504765	0.3694832443441417	2.2296760452703284
3.513239301950842	1.0552027659615837	2.059599333144554
3.4287285738054485	1.3107615875438157	2.1427045111486445
3.3639410980661095	1.7921425329129437	1.7385484404588103
3.286270338852475	1.3722639159144718	1.2850098140619826
3.7979995574948626	2.7704756124347063	1.3195097214200273
3.669387592637492	3.0132989907678436	1.4183121705704282
4.34160559880159	2.6509876329919866	1.7854811882281991
3.5086880120830375	3.741697272003831	1.1479028829072984
3.2800522852725886	4.852644342598061	0.6607714116799213
3.530343647620299	5.071784679049164	0.9548207480807432
3.14561885734217	4.850475126018349	1.388473109096097
3.8856247954453433	4.857757428164925	0.9450780769762981
3.4093009372853285	5.973341235443746	0.8765770695887649
2.9281417436027093	5.648542120179217	1.3430640756658254
2.3334246546525224	7.137466744044934	0.3319269080013382
2.100985333327766	6.233469982020974	0.5341616130038721
1.8134096115259761	6.690812152635397	1.0851150906327298
1.4815418771125632	6.980402215992381	0.3599711676542433
1.3695516622237327	7.042269795719069	-0.3318924341733514
1.1655787823181585	6.487247789956601	0.20296515244890134
0.1406202451820336	6.29991142767329	-0.5519900806678637
0.147242181922638	6.07581472295381	-0.5823254427589326
0.5288419079132163	6.356713738537033	-0.7739112876349951
-0.426553930426998	5.302264071667993	0.143504608583799
-0.5166010071140801	6.092858184431034	-0.9608438168982926
-0.22678433669227482	4.850445577687945	-0.8912884985853446
-0.08847953957856192	4.874254364270084	-0.8295878876179409
-1.038828157013215	4.306396162454801	0.136718509110904
-0.2886236227917922	3.20351753288512	-0.47766967169030755
-0.14099512903014677	2.7437343391539475	-0.1638788875545074
-0.33659173293778455	2.7611164835941175	-0.713688105753445
-0.8983864774175208	2.5273876258184824	0.12369608070725135
-0.20027520614193284	2.209369175283258	-0.37761636215087796
-0.1363990927548666	0.9938236417342012	-0.6124721617957962
-0.07679810299223233	0.6856629753898693	-0.7513119204281583
-0.2182306533122398	0.20824332139310192	-0.1732693730767867
-0.46713058569810645	-0.058020315342996565	0.15668394557227905
-0.08806653385775082	-0.05311423586683739	-0.11588229286482088
-0.21389272436168727	-0.5052354495096358	-0.1385428041112442
0.5740131559389713	-0.6927467934843972	-0.37422799601081724
1.3115405908210187	-1.684638930809673	-0.7310674516894768
1.223961645319958	-1.5204497268106423	-1.0705442201565456
0.9595637287309682	-1.7881814915500003	-0.18259878300128984
2.094098701088999	-1.6389595632169065	-1.051595888233189
1.3372501974208673	-1.861863825944826	-0.32485981270841213
2.454560269599173	-2.4182871208458887	-0.974230652388015
2.9771260639772854	-2.027716960611337	-1.2836993375587493
3.61209583972457	-3.0401903776506334	-1.3380835954053951
3.332315311704293	-3.105378301885385	-1.9596378657678424
3.4007626042314874	-1.9838844149037271	-1.5673422847386829
3.798629481348362	-3.1323727512958044	-1.6697106701949007
4.7117702672573	-2.602575094540371	-1.5860610200230973
4.498053936066476	-2.369582266716507	-2.279076245431863
5.3369553041077324	-2.6052939669230586	-1.6167936024629457
5.65939977832878	-3.4598469041054365	-1.3048568245438361
6.377854571228977	-3.328155070573397	-1.3612406787786575
6.046925149595821	-2.7405619227059006	-1.5240722056004212
6.840421447961909	-2.7729542634098636	-1.3461879642153973
7.6637336928100375	-2.720858931401534	-1.656038298232084
7.439215864302677	-2.5459806214327645	-2.4466963385692777
7.944075772146657	-2.765527763431603	-1.3769486416067065
8.528527558594275	-2.3878686178274116	-1.8387771804997732
8.546505998687671	-2.390188629117207	-0.741012403444109
8.884689642556229	-2.5792452871846114	-1.4397169361664082
9.347219061837626	-1.5800402010686436	-1.145794629585199
9.128735562859775	-1.47206644376651	-0.6446625383838783
9.943181296668877	-1.2257754069294866	0.08390161734957025
10.143072948035192	-1.114641813519949	0.15352891161148197
9.928473287136892	-1.0364645111798878	0.2693922183126488
8.925621437231142	0.4181239041624647	0.13169768338845003
8.886214341822328	-0.3832577170718682	1.4996842361649743
9.188762556043319	0.4004532407960053	1.0831185527215677
8.690674173755282	-0.12402818153059436	1.2191923808046043
8.27668663205582	0.10316246677121256	1.511052977101403
7.400066842456768	0.4852784075152201	0.5001946224643646
7.37634306678663	0.657201700706104	1.3853558975476372
6.548746287091021	0.5927243596078726	0.8900963785390107
6.346378582731686	0.688764081947098	0.14408511530152823
5.638286655592607	0.8561808660648633	0.2504516366332617
5.797228030682916	1.3972120555674432	-0.2637974754660569
5.645421866396523	1.7927884871749762	-0.7647127177782793
4.671176596136203	1.1326793542686056	-0.6174456101893706
4.315689755725504	1.521690326897367	-0.6561972213027502
3.45186792907207	1.8098067130201234	-0.7313809316153941
4.236780388702009	1.4876682521734788	-1.4200835948203967
2.9975242409909595	1.9391803151060618	-1.6002014041931187
3.1920022389262734	2.262371882728292	-2.428250404725923
2.8333757560753536	2.052609648771388	-2.53806291312146
1.6357426754828883	2.317328447037637	-2.1342522555252295
1.0521538407445696	1.695876942315504	-1.694958494272674
0.5399203062636768	2.4691008815084983	-2.8471202945079335
-0.09485504124853905	2.550363930959699	-2.5900105308811376
0.30102521313446373	2.2446367461760355	-2.441615883300456
0.07693645769116064	2.2556452444081367	-2.496905669019261
-1.1627705355104658	3.1619218379331713	-1.9917156621036711
-1.247150534452671	2.5208136611191336	-2.4473103629471478
-2.0258616936984244	2.9703039826459987	-1.2297980912555857
-2.329298671976299	4.05351771802809	-2.1449285943815117
-2.5756816663860533	3.119878061094869	-1.127066736342384
-2.8215318491537724	3.2645146890959014	-1.2915036988189925
-2.99264529510274	4.307769466744778	-0.6601084721580066
-2.5838937250680427	4.438201390483882	-0.8731649080505568
-2.495796863683705	4.542430557811279	-0.432102346484811
-2.8738169673885072	4.620077221035153	0.5216581217951457
-2.2842501193058657	5.165355599443428	0.6262139679221848
-2.2485436067827758	5.029954041553472	1.8508798225166267
-2.131760293608334	5.404018728236082	1.7860684995426857
-1.1454750973583383	5.087567703049451	2.172316729326328
-0.9505643367646832	5.583907116710556	1.9642916830770645
-0.5391835510021048	5.579876133345296	2.2944430032686918
-0.06623662874313752	5.71356347342939	2.2487051728990153
0.3428504688048293	5.939700675404597	2.906678289746149
0.3137944920935286	5.407032728416736	3.525230507876819
0.7923041781300136	6.176117539414317	2.7606116037554305
1.2506489708702442	5.595257779527073	3.1432847496101903
1.617588773427918	5.5897275121885395	3.5480105158449886
2.1132919411331477	5.7912119920856515	3.41554051610248
2.807275929463939	6.166541297750639	3.6493773917957615
3.393280662445746	5.55508228359453	3.9032103464415404
3.5958394577369996	6.4511624089423005	2.9565218354386387
4.522311026646496	5.554181718052898	2.7213128489460416
4.3424021980463845	5.958886512734389	3.076164711934676
4.716882826222912	5.498847735755541	2.8844217722421934
4.842114232770103	5.639541176087942	2.7704730905308357
6.2232769677989985	5.066248265647096	2.5993040738332764
5.762800260081269	5.15324994144124	1.816239389466979
6.769961727310551	4.435552129090949	1.3773245091308577
6.391072422780439	4.367843749676522	1.5677258002287697
6.728940085071709	4.002521270171373	2.0463447026245216
7.740432395466926	4.0045186889727065	1.352183042252011
7.843678823392962	4.004507615158486	0.27681139736962496
7.6284420769664925	4.169544477608703	0.27586266102053736
8.274729597265228	3.51354264744519	0.30817004467943865
7.92152263955345	2.8219153742193646	-0.09191617972869037
8.05252835155904	3.064884215862086	-0.08040544049532927
8.277343123245652	2.2401928100335526	-0.8266613139214294
7.764608296213411	2.7713337904389617	-1.3880082019077689
7.78030104141202	1.111581695075296	-0.7466630516512845
8.322108352532862	1.245684714419075	-1.1742299083034078
7.4045176415565495	1.007037193246754	-0.45505696701981146
7.439183508195793	-0.18068829135854392	-1.0237820628885383
7.565996009738002	0.010248503384849172	-0.7913998910366851
7.455028237335474	-0.9941390872619141	-0.849411345021861
7.421545045325887	-1.312587922733743	-0.44080979138168963
6.977229755173148	-1.0624193120369785	-0.2077223905563882
7.140408504126838	-1.6332961745803962	-0.3485935074526096
7.17097631527104	-2.5605104411080424	0.7190166865136896
7.709465793843302	-2.5253023551893907	0.25181576512076126
7.469120024595693	-2.4348119455329114	0.2425568811966147
7.579107591780068	-3.697932561189432	1.3665551764388988
7.042746063553699	-3.7943589169153977	0.9538290757328153
7.58789262620137	-4.277262620294881	0.7662864549672547
7.706779777630024	-4.902456732514093	0.6905313971415333
6.238740471113629	-4.225612949195327	0.5546857855390456
6.328757216801227	-5.156615312627169	0.5729778675958175
6.596852931695952	-5.780942552942991	0.06120931854117123
5.577229620876147	-4.891728027172534	-0.26188482743701624
5.767788022000934	-5.814796371026796	-0.36898167962948153
5.27728663127476	-5.410488834491942	-0.466524892132578
5.618914234377767	-6.155968938319653	-0.5359269964202424
5.139644344824512	-6.512683793655522	-1.1386348352514446
3.997371680952519	-6.333557201697982	-0.14347418044300375
3.806844179033292	-5.762844719705429	-1.0463002972949003
3.636140609324602	-6.901633427324647	-0.22665771477770535
2.5264231087405307	-6.925493583306717	-1.1481306820059012
2.2926385257748834	-6.408490574235073	-1.1324783767793345
1.9560329415127002	-6.246573361419129	-0.5868740142941749
2.1167683815611285	-6.906108861778999	-0.13209491899178305
1.6940992952423302	-6.126661998925665	-0.7517468169432189
0.5365249633244242	-6.050805056174809	-0.8646482328442122
0.5917656305530907	-6.561489906863281	-0.5505311034578166
-0.13945422671935642	-6.210178872810453	0.4167638920725386
-0.48772259470458007	-5.8578426111388335	-0.5652710634858424
-0.30114440129909226	-6.1832254950181635	-0.2227150697551532
-1.5360835907216888	-5.604787617282457	0.466055895761356
-1.1896281240491942	-5.017930524807287	0.2949685646941646
-2.071752195668504	-4.730619787388732	-0.028950553455896172
-2.358857897948635	-4.420973739563105	0.6267442669851724
-2.260345472038752	-4.671115534300867	0.018214204236554628
-3.0539370086276714	-4.134724191111095	0.4676080492236063
-2.59634711721951	-3.659099816354872	0.3406647518735191
-2.3591373269214233	-3.1206243656443364	0.9949276275650295
-2.3110191835810907	-3.5309585650235924	1.260704967093436
-3.429278458795396	-3.0512025670697516	0.7773660787269683
-3.332863200913299	-1.8270638766492049	1.3384849287529423
-3.0598766721398833	-1.3105053778343847	1.4943778280680295
-2.4153876259732865	-0.9302601278667588	1.1265224715687505
-2.8933601595592315	-1.0504481138993063	2.2160436643981285
-3.100555591215526	-0.023872937187136234	1.293903787259922
-2.157805366409927	0.26418146216958016	1.4589906786768956
-1.7909157216738247	-0.16417909774027223	2.404665754719586
-1.9612195952627856	0.142077557722887	2.0448749297542737
-1.844755958535118	0.7041522980205901	1.9034076440508614
-1.1941470131723477	1.05638108769951	2.0372670423819312
-1.2009080500806704	1.7640728255803726	2.625509582435535
-1.3989672485476743	1.5294708668434003	1.799645571449425
-0.453767174214723	1.507648365656691	2.494911556013639
-0.25238728921049935	2.6142044329912726	1.917971129293129
0.23174973932905002	2.343309494003241	2.4096624212567916
0.5459690058431615	2.620451220737021	1.1879782984847536
0.35731445534326056	2.8416444588099044	2.2059106167982705
0.5663967503517995	2.8446228423544215	1.6187803511354064
1.266235573192274	4.010477947260673	0.9256251180708831
1.9430178194312204	3.8884290867888427	0.3975164342695092
1.6156410971730912	4.668930759983322	-0.09272876501710414
1.315679241727232	4.595737168686619	-0.5338026823770013
1.4933428388986576	4.024059398911203	-0.23860979451243924
2.8833624962201263	4.365216167803281	-1.2632568915590565
2.8018246467467836	5.495378965786467	-1.8847934154803205
2.7463814972833003	4.81034909772	-1.7132596026353781
2.7102684016577445	6.120541079850952	-2.257455663972638
3.1214422825159054	6.253566439041906	-2.354379812430615
3.245562202297818	5.985260602428417	-2.317067076238807
