4.8826791845899695	-8.896833352723581	0.3916704390455202
4.77199174981067	-9.04849760432452	0.5334480432491433
4.008236502071633	-8.897862232200463	0.7800809786654597
3.6056265710931465	-8.30891573664611	0.8352336501461466
2.9911091932772407	-7.192916634684997	0.8788750558867057
2.76171309168522	-6.704889831499353	0.979717962235827
2.318727085068918	-7.28267019000627	1.2653159506532918
2.5792883045971084	-5.652591140347228	0.24741461786657307
1.95032492418955	-6.055318860026562	0.36538444708692003
1.9367112771225077	-4.358394958811177	0.15159186810435676
2.226357468481186	-4.994666944357412	-0.3671213950649266
3.06447538961297	-4.20328794641263	-0.35785468077296817
2.6347349411112053	-3.596594390846442	1.0078899557169723
3.4071362618734966	-3.0623249597456645	0.46708397181182426
2.9209842135638246	-2.707474024530171	0.7071122827810509
2.4602095280984853	-1.8591589417836776	1.021528129833261
2.1380216698299197	-1.1497489532046652	1.3806644463815556
1.2508376734433564	-0.7778209309556048	2.042415802255997
0.84715325716927	0.4988554780642902	1.7201596920155562
0.757238902399414	-0.045547643701365825	1.3938606546320658
0.6026406354364455	0.10864121262439835	0.644176808440051
-1.0530416091968855	0.9849439247572436	-0.09748132908817725
-1.8105524830865605	0.9542586853575706	-0.05930418819305694
-1.9049052945791716	1.6731691647555673	0.5059801306775173
-1.2393585591536496	2.607264376477856	-0.2797756098033124
-2.2130002137112608	4.143808146933914	-1.2113852729869778
-2.0344666670479845	4.782314888222504	-0.9896554658338106
-2.5139224315333575	5.686717617751845	-0.9749944884500432
-1.8192562318182002	6.206826734266558	-0.5125466306034263
-1.49150588859864	6.931224267085117	-0.30480792170904325
-0.8176210458744296	6.989554346263247	-0.03565117910396021
-0.005739662844722937	7.969558422492019	-0.1527100199553117
0.7754618599518313	7.538707091533151	1.1236834043102735
2.0259222411155737	8.355259744808182	0.7864947434064774
2.721525507912392	7.408662519628411	0.4296325644779964
3.7904775374276576	6.68696526786267	1.4678875047946391
4.249783385251296	7.3630464340623245	0.6785934538670564
5.1530043324472	5.838603483366176	0.7469809068066087
5.061219554576028	5.131660583517437	1.251550910334613
5.255142550718602	4.904640636831641	-0.0023076768349820642
4.758084984560496	4.078162006781483	-0.05525076163611503
4.2566935678303555	3.2566928309619283	0.27972041092490846
4.009902831236802	2.1402660898704613	0.7684840239998396
4.211806904533128	1.342054476817469	-0.09609536528221052
3.5678694538865834	1.139864886158405	-0.0026554921966099876
2.57572192271913	1.1265517051427967	0.251464579574022
2.1672281800983857	0.35705732718989086	-0.281959724755397
1.5205702849776987	-0.781341012542027	0.4063353293200498
1.8602265131680094	-0.9953467668953886	-0.8310301848973158
0.4800493163719344	-1.9503894649812055	-0.4500072348351078
0.9741977095238175	-2.3571597750682103	0.3409968834836181
-0.06469237426850186	-1.9848219624038765	0.9024192276689361
-0.04727476544801695	-2.940629346213062	1.5402133891502703
0.8705012307757795	-3.5128875711519054	1.4718119956512505
0.9413602243546756	-3.8720757914191113	2.2521980543259845
1.0763650845503638	-4.306718684622203	2.716067030663353
1.330455397642459	-3.2181954783776683	2.508376906424039
2.1477575352515874	-4.153825988903764	3.4813225126534952
2.6955490191855356	-4.596927690842228	3.0832004658440217
4.063234680636626	-4.233095110577002	2.7453801064855825
4.073577482422913	-4.554580529044984	3.1250464421477195
5.236850872718642	-4.205599853369956	2.945218841980013
5.424033583269614	-4.1763709500588835	3.0995570577432714
6.417947930018023	-3.012063555026317	2.4069114490587737
6.880450920984719	-2.3210318006151773	1.8920582413389195
6.872957770762538	-2.2618697998248907	2.618213208630037
7.556722202066172	-2.385028131884202	2.055160535064733
8.301698540809534	-2.012928097097336	2.455741575980662
7.794018251305455	-0.9725503128129798	2.786245023819059
8.33419664666827	0.06987891096513743	2.1465851142660055
7.791397035915969	0.6793880551929014	1.3817456717114527
8.190172382928974	1.0158414796885342	2.0601745733462944
7.032492315938484	1.416655104481431	2.932395134183057
7.440594774603406	2.1117282743939336	1.7619087754295415
6.694770187270684	2.495241968250137	2.2854167615390595
5.89582094179948	2.6663520809889043	3.2027703673814716
5.391464726251823	3.072405720455028	3.64382281900678
4.404778265392713	4.27620418548628	2.7797529224131874
4.329636060447797	4.414588634601774	3.1926471489281565
4.150732129758541	3.6139550956311504	3.4473276219213567
2.770827344468704	4.751643834230084	3.8822207661075305
2.0535488755017184	4.332832175389361	3.1266239201842
1.667104624347803	5.1602380007305575	2.7591126018910885
0.18695989903729915	5.346855362392412	3.341867579921971
-0.33327338391043326	4.827688653853103	2.7425828414428857
-1.3765268244353357	4.6742996881975225	3.063527829897949
-1.7334838456613	4.821252768752331	2.7680020727324544
-3.1374171417007592	4.431942454279015	1.3878873381569932
-2.7284330153917056	4.16731904304267	1.3756648535601936
-3.411111903176913	3.5958113897474977	0.4158666074412072
-3.948182169584762	3.296462483603261	0.7994210016368735
-3.524734942381474	1.975873072709986	-0.6241232781406691
-3.887583379975903	1.6780998602540311	-0.5267541786302739
-3.5146243976613416	1.9617539561247561	-1.682277204806102
-3.154555499754539	1.2225946255504931	-1.8222468936473963
-2.59738150325716	0.3442322264288398	-1.8474314748434197
-1.8188086963443706	0.6134113882334175	-1.8063154887651665
-0.7125151219355532	-0.23047727959196668	-2.7133811317774614
0.32825926935215605	0.21305391145766506	-2.3491953651489226
0.7555004665657173	-0.2917924171274268	-2.129887306028722
1.409055221494647	0.6792946221598489	-2.98032375102086
3.0607321796457296	-0.585689483884422	-2.9941048241739265
2.6586113082190947	-0.6745681532194749	-1.9203213684091087
4.21950391628873	-0.6408166994034573	-2.435394515442165
4.710230254523761	-1.3577316188975361	-2.152477276118903
4.532650596973102	-0.5090063392515645	-1.6124684783578573
4.902188933586858	-0.9152864461116008	-1.3641280980031365
5.7829065420175025	-0.7854608212256259	-2.275801876189747
5.5629111855105045	-1.7492659947392721	-1.1540461208949977
6.388003783084735	-2.3462231966011995	-1.6803539555180553
7.074694372394669	-2.266765679049269	-1.9989395302181991
6.391433960218691	-2.9276528913622535	-0.944120655589725
6.491775485110057	-4.3173782077161285	-1.722893061863282
6.489275639774522	-4.401852004792116	-1.974984896106939
6.4299246032584465	-5.251239499099035	-1.1365720896324616
5.466325784936677	-5.545745716374556	-0.7395615665635678
4.829973288583611	-5.765492830406837	-1.5562730860453826
4.179819324481562	-6.7264865857468426	-0.8914582699311766
4.070658861901579	-6.276351463372163	-1.374328204085497
3.5597986598415208	-6.629605356701584	-2.1406938982403365
3.311429282232196	-7.344459392834606	-1.8532725057314858
2.920670398108956	-7.540090292620023	-1.8437920538074362
1.92143488870878	-7.482255844470827	-1.763942767587206
0.4160079032042025	-7.042471534536601	-1.071760138556268
-0.18197137177224554	-7.804949973498179	-0.9592305072967982
0.17419374660979492	-7.631229115987264	-0.9777605385886547
-1.538154759696674	-7.214676088766325	-0.3102775536471871
-1.244551156685105	-6.528058386840255	-0.8689339549884416
-2.028126389939694	-6.782169268645335	-0.3778265511981357
-1.7203546308359658	-6.242393375886608	0.3680290084320157
-0.6844171202298095	-5.623318300099013	-0.5760897922982608
-1.714205978969524	-4.428928286530708	-0.4706344251093833
-1.8722042202989253	-4.131683015257524	-0.029717670570584387
-2.604337200943116	-4.050194012632848	1.001813117739509
-2.8333477197073176	-3.0955549267243923	0.22060304067122988
-2.4622239394952503	-2.8459277143539072	0.16929232152649154
-1.650830200027181	-2.760366197141553	1.1635518093919086
-2.6105213939381713	-2.140874626926454	1.6928900966116787
-3.010081900676673	-0.5355058646638111	0.9853820758913447
-2.8986524865647048	0.010601716575514342	1.6047983714548917
-1.820568541341887	-0.4488638709927978	2.2192977776599614
-2.8597928555142964	0.09183101373841823	2.9881792734814603
-3.294733075195319	0.7260656563906206	2.813376955217508
-2.246011424228784	1.7144165221923076	2.207246442675056
-0.4370401013435756	1.8766170915108276	2.479102169969241
0.3389631633805119	2.0437840996744896	1.6548928474665325
0.36702701240547697	2.544280274642527	2.052342411881166
0.07431879529454125	3.203391970275237	1.856521084150854
0.7955693153037513	3.5894840954177254	0.9583850305331872
1.569247610050067	3.783405002530476	0.9738392013163064
1.4586368489114065	3.897370065873824	-0.053136208288074194
1.7592220299854742	4.966444490758967	-0.4804978267187783
2.0252545715718915	4.716610016242241	-1.7561191714949027
2.5334385277431792	5.455224909222583	-0.42330261230409805
3.0445684955241132	6.330983744501449	-0.5370967399533615
3.6641079862973127	6.787232587129792	0.17067506768580953
3.6515879180222988	7.497532199925813	0.7439038247209692
4.654868460111238	7.235106833731983	-0.325552155747002
5.232275587923979	8.189462876502159	0.14436819879818352
